,drug_row,drug_col,cell_line_name,synergy_bliss
232218,1877.0,131.0,58.0,11.2693386591828
206183,48.0,20.0,177.0,-11.4014064295302
195682,27.0,1431.0,176.0,2.81150100836714
95545,1560.0,1901.0,44.0,1.27329187263272
346161,1913.0,1922.0,104.0,-1.77212967165379
423283,1559.0,1898.0,115.0,-0.110587877823821
333401,13.0,1224.0,102.0,4.0827392998585
320401,1921.0,1928.0,99.0,4.23270677497876
265683,1926.0,1560.0,73.0,-5.38974600139818
165206,1925.0,48.0,168.0,12.5579357285139
96119,1560.0,15.0,44.0,-0.636826010365389
14747,1884.0,1927.0,3.0,-7.42549336773898
185241,1915.0,101.0,174.0,5.10089303742796
399995,1924.0,1909.0,112.0,5.01542152947224
284936,1905.0,1923.0,77.0,-2.03745069301115
101757,1885.0,1888.0,173.0,-5.67955415279615
96494,1886.0,1888.0,44.0,-14.3176103792011
388848,147.0,1224.0,111.0,-14.2236710597972
340551,655.0,136.0,103.0,-6.90723296210573
9345,1891.0,1671.0,2.0,1.81091816690365
247459,1895.0,195.0,70.0,-4.74313847507276
243308,163.0,1906.0,69.0,1.29545127821785
70891,1880.0,1888.0,13.0,-2.58823145382445
28901,1430.0,1921.0,4.0,-11.2043102906765
434239,1342.0,1899.0,116.0,3.03241010815399
183948,85.0,1331.0,174.0,-5.22448048417804
172644,1886.0,13.0,52.0,-1.6128246160778
214177,1879.0,1881.0,55.0,-1.85847606377569
85967,1881.0,11.0,172.0,4.22089805877487
5286,1559.0,1882.0,1.0,0.227222972421563
397729,1671.0,15.0,112.0,-6.04111132981837
101202,147.0,13.0,173.0,2.25477392647796
359500,1337.0,1923.0,108.0,-7.05719958927837
59968,85.0,1882.0,10.0,0.724309493710878
202169,1430.0,47.0,54.0,-5.55061037901407
209651,1183.0,1898.0,178.0,-8.15420497962239
46085,229.0,1883.0,6.0,4.64807044091474
216017,544.0,1885.0,55.0,-0.0920447325380392
374495,1897.0,677.0,109.0,3.68598706425315
280725,229.0,1905.0,75.0,4.18172752375477
99753,1337.0,1912.0,44.0,-8.54325581706283
74955,1925.0,1927.0,13.0,-7.61818569252756
360661,655.0,27.0,108.0,-4.82348936689455
161102,1886.0,164.0,168.0,-9.4338872397558
346095,544.0,677.0,104.0,3.49901852656224
87397,948.0,160.0,172.0,2.14975928514258
209103,120.0,1887.0,178.0,-0.650815432029685
334675,1332.0,1893.0,102.0,-3.25641772361869
237771,229.0,1895.0,60.0,-2.00823726434287
268340,1895.0,72.0,74.0,1.99633898557646
224839,1913.0,1347.0,57.0,-6.94376154633676
318667,1332.0,1880.0,99.0,-0.797364999955369
315426,1917.0,1923.0,99.0,-0.893611141046083
12359,1926.0,11.0,2.0,-0.0029812420844333
396803,1900.0,1923.0,112.0,3.18458020685729
55579,1894.0,1431.0,9.0,2.17151825323388
275924,1920.0,1559.0,179.0,3.43973973391044
311135,120.0,1887.0,186.0,8.08699856479862
227899,1926.0,948.0,57.0,7.99225791377372
427864,229.0,1925.0,115.0,2.8383444283433
284202,1883.0,1908.0,77.0,-0.740321426443953
61891,47.0,1347.0,10.0,-0.400617243232228
10160,748.0,1348.0,2.0,-2.36908825195845
47376,1925.0,1917.0,6.0,-2.98638577071402
284236,1891.0,1922.0,77.0,5.09815715992914
174800,27.0,1885.0,52.0,0.171770347158073
266800,1881.0,1916.0,74.0,-1.48428856421262
277961,1911.0,1890.0,75.0,0.933130835575441
197200,15.0,1902.0,176.0,-0.0309835474829957
115110,48.0,948.0,167.0,22.2009087485132
286969,83.0,1921.0,77.0,-14.1538888115892
438109,1926.0,14.0,116.0,-2.80717486383058
317090,146.0,1910.0,99.0,0.172344528616022
267834,1560.0,1892.0,74.0,0.0924713320345857
178925,1909.0,1918.0,53.0,7.21051136428682
57122,1332.0,1894.0,9.0,-12.3411331583778
209828,1875.0,1431.0,178.0,-1.73489181990062
71002,1431.0,1923.0,13.0,0.38651484548118
5038,1895.0,1889.0,1.0,0.81764986487455
177735,1875.0,11.0,53.0,-6.19077221425789
250790,1906.0,1908.0,70.0,0.249003186268379
197294,1903.0,164.0,54.0,8.21160027949198
252438,1893.0,1901.0,71.0,0.968236941652485
181147,229.0,1560.0,53.0,-3.40585469962816
51465,655.0,195.0,7.0,-2.23355421201811
95863,136.0,1923.0,44.0,2.1949903707457
88346,1926.0,1923.0,172.0,0.613524994956548
62222,1347.0,1917.0,10.0,-2.56646196878495
415648,48.0,1919.0,114.0,3.26609204551068
5574,948.0,1906.0,1.0,9.4865185295299
342245,1879.0,15.0,104.0,-3.02728673331676
370283,27.0,195.0,180.0,4.72144022082211
33158,229.0,1877.0,166.0,1.16711525499525
31088,1903.0,1881.0,166.0,8.06610386403768
244100,1925.0,1913.0,69.0,5.51654312817995
427710,82.0,1913.0,115.0,9.46106115656856
180458,655.0,1918.0,53.0,-0.402486722783375
192209,1882.0,1914.0,176.0,-4.95483123408514
171011,1906.0,1890.0,51.0,-0.369037349711939
244538,160.0,13.0,69.0,-5.12558963845072
15165,164.0,788.0,3.0,0.031192446913613
375650,1926.0,1913.0,109.0,3.55924398701222
96419,1912.0,1889.0,44.0,-5.75542300786752
10538,1891.0,788.0,2.0,-3.16717467985985
259158,604.0,1909.0,72.0,-1.00961299585105
222735,604.0,1900.0,56.0,4.62521307277656
184322,1903.0,18.0,174.0,-3.44709032135151
372854,1671.0,677.0,109.0,-1.94275121006805
397435,1899.0,47.0,112.0,1.77610931716665
336680,1560.0,1916.0,103.0,2.91406507585923
282425,1911.0,1921.0,77.0,-5.61578177818995
400969,82.0,1918.0,112.0,5.79141440697849
185870,1919.0,13.0,174.0,1.39492771441696
183686,748.0,1911.0,174.0,2.97264660371539
27016,1915.0,1901.0,4.0,3.49130563024105
277042,1878.0,164.0,75.0,0.320805906085862
311079,72.0,1897.0,186.0,-0.771749504744461
175642,1906.0,136.0,52.0,2.24701391919787
12170,1919.0,1914.0,2.0,-3.38969858480912
13560,1920.0,15.0,2.0,-6.10999359881021
215329,1875.0,18.0,55.0,7.75161284021305
26848,604.0,1883.0,4.0,-4.73746082749706
326225,1886.0,1912.0,101.0,-0.387151658637663
343167,1896.0,1911.0,104.0,5.71236417781623
194888,1920.0,1183.0,176.0,5.18571071825906
373923,1898.0,1347.0,109.0,-0.687647228595117
10629,136.0,1903.0,2.0,-8.85566587521592
209190,1891.0,677.0,178.0,9.12513688651989
13441,160.0,1903.0,2.0,-3.74645823858892
222931,48.0,1906.0,56.0,18.4426855185133
192938,1878.0,1224.0,176.0,-1.25693642771905
111374,17.0,1927.0,167.0,2.41906249116261
5311,1331.0,1895.0,1.0,-1.16694349880508
203390,120.0,1882.0,177.0,1.62046657156147
65284,136.0,1901.0,12.0,-4.65970831256249
15563,1898.0,1916.0,3.0,1.00549651131581
100644,1879.0,1331.0,173.0,-3.35630163367817
264194,1876.0,1883.0,73.0,8.09440387814401
302619,1926.0,47.0,98.0,5.14432151975535
56358,1888.0,1916.0,9.0,0.228160974663887
202512,1885.0,1895.0,177.0,-0.840789194379705
114933,1913.0,748.0,167.0,1.38218356428104
109384,544.0,1915.0,45.0,0.674632117473247
60419,1913.0,1910.0,10.0,4.33590013005353
161052,1912.0,1889.0,168.0,5.27319417589998
368096,164.0,1560.0,180.0,-0.118669526043133
160969,748.0,1331.0,168.0,2.93372795735914
75119,1926.0,1342.0,13.0,4.44456137456801
335604,1342.0,1878.0,102.0,-7.9047207453193
390443,1905.0,1224.0,111.0,-1.93541780251527
437705,1430.0,748.0,116.0,-6.65002421378442
167682,1879.0,1904.0,51.0,-0.728947413983661
14526,1877.0,1911.0,3.0,-2.24284622168404
86174,47.0,1908.0,172.0,5.45658631952093
98957,1913.0,11.0,44.0,-1.28628627131238
99383,1920.0,1877.0,44.0,2.59407471803127
311819,1883.0,1890.0,186.0,-0.46530648763354
328429,163.0,85.0,101.0,6.38478273644359
187973,1884.0,195.0,175.0,1.0307904717092
65911,1887.0,1909.0,12.0,-0.311274085730538
199276,948.0,1880.0,54.0,0.565432428319904
271860,1888.0,1892.0,179.0,-0.731221588313067
437018,82.0,1893.0,116.0,13.9732427510339
438201,14.0,1928.0,116.0,-2.94768198125597
264390,1342.0,1916.0,73.0,5.5925450558202
427631,1332.0,85.0,115.0,-4.60419696881647
325840,748.0,1882.0,101.0,-2.2333196578776
202306,1906.0,1902.0,54.0,3.61482652670754
314501,3.0,1927.0,186.0,0.187613877581136
246910,1904.0,1890.0,70.0,-1.39528854067745
113606,544.0,229.0,167.0,-6.0465342856268
424153,1885.0,11.0,115.0,-0.335093462072453
72308,83.0,1332.0,13.0,-3.00315890251454
50449,120.0,1347.0,7.0,1.42056502202404
417462,1877.0,15.0,114.0,-2.42110349022786
242433,1897.0,1430.0,69.0,3.50872485352526
173699,1884.0,1881.0,52.0,3.95328506282792
33821,3.0,1921.0,166.0,-4.5817866081547
399693,1342.0,1923.0,112.0,5.93677299659563
436737,1430.0,17.0,116.0,-1.22838864546029
72415,1894.0,47.0,13.0,-4.81796373319773
266540,1912.0,1908.0,74.0,0.932118907013192
222977,1925.0,3.0,56.0,7.85367371622296
105000,604.0,1332.0,173.0,1.68342854218736
99679,1876.0,120.0,44.0,6.84671941795785
285696,27.0,1431.0,77.0,6.04138874908784
345310,604.0,1879.0,104.0,14.5163231806055
338385,101.0,1921.0,103.0,27.1468396862172
272712,1895.0,1909.0,179.0,-1.47851874445821
232665,1913.0,1905.0,58.0,4.61417367841975
27563,1877.0,1892.0,4.0,-1.59141138738748
284912,1920.0,1183.0,77.0,-5.34053072108285
29717,1337.0,1910.0,166.0,-1.65689709947336
67247,748.0,120.0,12.0,2.19382564599842
4619,1347.0,1224.0,1.0,2.68931325023737
74921,604.0,147.0,13.0,10.7130513891377
241366,1878.0,1881.0,69.0,-1.28189625561205
199689,1907.0,1911.0,54.0,-3.23117629917385
221023,1915.0,1183.0,56.0,-1.63430512757323
175743,229.0,1927.0,52.0,-1.56030120140167
269083,1331.0,11.0,74.0,-2.93345531100347
370509,14.0,131.0,180.0,0.411574250660518
237810,1924.0,20.0,60.0,-5.7076210046421
98165,655.0,85.0,44.0,5.36439631828798
371476,1926.0,1888.0,180.0,-0.0858234558076699
163500,1899.0,1878.0,168.0,-5.91707356843453
624466,1348.0,1902.0,52.0,-10.52949998124495
332227,1880.0,1891.0,102.0,1.54322085442745
227242,655.0,13.0,57.0,-2.2296127921364
210744,1342.0,229.0,178.0,-3.64300179948481
284747,1884.0,131.0,77.0,5.47414882053901
276058,1926.0,1920.0,179.0,3.05849022303519
280937,604.0,1889.0,75.0,14.1758820646048
270662,1430.0,136.0,74.0,-0.902393191145757
171255,136.0,1928.0,51.0,4.00553385335253
100600,1878.0,1904.0,173.0,-9.38444568542455
326991,136.0,1881.0,101.0,-0.675980847682607
372834,1904.0,788.0,109.0,-1.18255271562149
164826,1337.0,1889.0,168.0,-10.2569072972366
332600,1897.0,1911.0,102.0,-0.983016866991723
248243,1899.0,1880.0,70.0,-2.90602558725093
236062,150.0,1907.0,60.0,4.82562219380268
63126,1925.0,1909.0,10.0,12.6953292883458
44905,11.0,1901.0,6.0,-21.0535973203645
198163,1912.0,147.0,54.0,2.33541356806097
61327,1431.0,11.0,10.0,-1.44930852755726
320562,101.0,1909.0,100.0,5.242735985786
263603,1907.0,1923.0,73.0,-0.268846761002257
172582,1895.0,11.0,52.0,-4.66485007897573
242562,1884.0,5.0,69.0,3.66839198242314
227328,1906.0,5.0,57.0,9.05325924415695
14984,1337.0,1910.0,3.0,1.85006699922885
197167,948.0,1902.0,176.0,4.17612649019097
175747,604.0,1927.0,52.0,2.32790385746828
33721,82.0,83.0,166.0,0.77158032693328
10125,1897.0,1893.0,2.0,0.701180827456809
110659,195.0,1910.0,167.0,2.57922422866218
255356,1906.0,1882.0,71.0,0.909232248070523
250103,1924.0,1912.0,70.0,6.62508212288537
331410,677.0,1910.0,102.0,1.30598432668649
230575,195.0,1910.0,58.0,-0.887338934730242
357374,1893.0,1881.0,108.0,8.53090531748828
398217,1880.0,11.0,112.0,-7.73534074773366
270658,14.0,20.0,74.0,-5.40355811233856
234963,11.0,1927.0,60.0,1.80838714511077
374246,1894.0,1881.0,109.0,1.27035956924457
44604,15.0,1927.0,6.0,-3.26918122585009
242388,1897.0,18.0,69.0,-0.0483936874500645
86396,1888.0,164.0,172.0,5.70496891643227
175453,1876.0,1905.0,52.0,4.45929727490625
371426,160.0,1927.0,180.0,2.22669431254748
360058,1876.0,1885.0,108.0,-12.694377216028
340361,14.0,136.0,103.0,-10.7012183489345
312221,1908.0,1910.0,186.0,1.52417688127727
285677,655.0,1347.0,77.0,-3.22390109589492
244191,1877.0,1892.0,69.0,-2.79602083079983
88571,1915.0,195.0,172.0,3.92261909317656
10248,85.0,15.0,2.0,1.05547487354443
114303,160.0,1884.0,167.0,3.68233467598094
184211,1903.0,195.0,174.0,-3.44386799476089
369739,1875.0,1918.0,180.0,3.28621370827605
242131,1886.0,1888.0,69.0,-1.67625914440393
254629,1430.0,1879.0,71.0,7.34273500160111
255609,3.0,677.0,71.0,1.96845506318139
244847,1877.0,1559.0,69.0,-0.470666732952254
259500,1430.0,11.0,72.0,2.4017362336643
34271,1560.0,1928.0,166.0,0.463831406937458
7074,229.0,1431.0,1.0,9.02995366382955
17710,544.0,1896.0,3.0,0.925847094505079
401108,160.0,1920.0,112.0,6.7769659638075
60236,1886.0,1923.0,10.0,-1.05032908621562
356992,1884.0,1900.0,108.0,-1.42643435394539
5280,1559.0,5.0,1.0,-0.911069580505871
236823,27.0,14.0,60.0,-1.44872814070549
359809,655.0,1887.0,108.0,10.8839318776994
32456,229.0,1916.0,166.0,-7.16967606916086
9417,120.0,195.0,2.0,-2.49215323848826
426436,1906.0,1914.0,115.0,-4.21193741136728
301057,131.0,1923.0,98.0,3.65230844019274
9453,1671.0,15.0,2.0,0.0222286913857211
104414,655.0,13.0,173.0,-1.07603476522091
262717,1888.0,1908.0,73.0,-0.828340596166465
43930,748.0,1560.0,6.0,0.0503225683489941
311254,1879.0,1888.0,186.0,14.6867637709432
7003,14.0,1885.0,1.0,9.80336869317983
211248,604.0,655.0,178.0,-0.298766033657904
324156,1906.0,1884.0,100.0,-1.46173419782943
302842,1337.0,1906.0,98.0,3.64855656223415
436504,1342.0,1909.0,116.0,5.52445128388469
6467,1430.0,1875.0,1.0,-4.8703620400939
203901,948.0,1888.0,177.0,8.34565000017701
336364,1909.0,1893.0,103.0,14.676185872522
243732,1924.0,72.0,69.0,1.91705569565735
224946,101.0,1880.0,57.0,8.21490553862242
214326,1884.0,1224.0,55.0,3.22182444720291
65517,1904.0,1671.0,12.0,-5.45038146430151
250012,655.0,1348.0,70.0,2.93978333850414
226219,1905.0,72.0,57.0,4.87208548122221
342586,1331.0,5.0,104.0,-4.10411048110788
398159,85.0,1887.0,112.0,1.83415475346063
241432,1886.0,1910.0,69.0,7.14139836300259
336399,136.0,1914.0,103.0,-2.85197184776254
60005,164.0,15.0,10.0,-2.92458227039386
425224,1896.0,1348.0,115.0,0.84076413140274
400825,229.0,1348.0,112.0,-4.07409912061938
311767,1893.0,1923.0,186.0,5.67587642009998
338201,150.0,1560.0,103.0,4.20967709653403
17050,1913.0,229.0,3.0,-3.23088047167342
242209,1906.0,1887.0,69.0,4.39090266984577
436987,1876.0,1893.0,116.0,5.64077895170772
314429,1915.0,1224.0,186.0,-1.70712333890473
416532,544.0,1918.0,114.0,-3.75517468512211
170730,27.0,1878.0,51.0,-0.84262626076803
197419,1884.0,164.0,54.0,-0.765438701615085
13259,48.0,1671.0,2.0,0.202789455153666
399581,1905.0,1923.0,112.0,6.35432003564144
206173,48.0,1895.0,177.0,15.6739653147385
401057,160.0,147.0,112.0,5.16248181883819
400063,1877.0,1881.0,112.0,7.0125283498013
5944,101.0,1671.0,1.0,4.73264098991627
244085,1337.0,1904.0,69.0,3.05881561139135
221211,1915.0,1881.0,56.0,2.79631806794908
243404,1919.0,788.0,69.0,10.8231418213055
360784,48.0,1224.0,108.0,-3.30111686944255
55907,146.0,1909.0,9.0,5.8779736342342
399221,146.0,677.0,112.0,-1.64919181544308
204264,1881.0,1895.0,177.0,-0.0198969559020901
272493,136.0,1904.0,179.0,-1.62572578957712
168369,1891.0,1883.0,51.0,2.74099295021541
272575,1909.0,748.0,179.0,2.37661336782084
164110,1905.0,1331.0,168.0,-32.9396653141451
163526,1914.0,1892.0,168.0,0.282708743228246
208347,1879.0,1892.0,178.0,-10.5578573420304
367111,1883.0,677.0,180.0,-3.8544954137186
264152,655.0,788.0,73.0,3.46366287485872
10118,1914.0,1923.0,2.0,1.39295757211039
50546,1894.0,1347.0,7.0,1.32119698675006
371176,160.0,1348.0,180.0,0.726918964376757
372065,13.0,1902.0,180.0,-2.95102290688934
49085,147.0,1889.0,7.0,-3.20870893123472
17047,655.0,1916.0,3.0,4.39653102216429
244921,83.0,1917.0,69.0,-3.97994224052199
73617,1920.0,1894.0,13.0,-4.92304484172123
185331,1337.0,1884.0,174.0,-4.44387116304257
162179,1884.0,164.0,168.0,-0.0149988471654144
217695,1905.0,47.0,55.0,-5.36008495945577
16239,1559.0,1347.0,3.0,17.1246329915176
60750,1894.0,1912.0,10.0,-6.94867131476805
184766,1876.0,1907.0,174.0,-2.20400668392927
50993,1904.0,1911.0,7.0,-4.91643681032559
232001,82.0,17.0,58.0,-16.3694971123134
218690,1887.0,1892.0,56.0,-4.03432137752948
33987,229.0,1906.0,166.0,3.89861013625433
97207,1897.0,1898.0,44.0,-3.86586372218889
256849,1183.0,1923.0,72.0,-1.53660873299157
361166,1919.0,1882.0,108.0,-7.36937400670853
399554,163.0,1183.0,112.0,1.24800883138854
225444,1881.0,1901.0,57.0,4.69711330326948
18410,1332.0,15.0,3.0,-18.3986318957403
190847,229.0,1896.0,175.0,1.25627387272649
101293,150.0,788.0,173.0,-2.74838481795589
329118,655.0,604.0,101.0,3.19057032412485
194594,1183.0,1331.0,176.0,2.72970004760094
252447,1880.0,1224.0,71.0,-7.68891397383313
179079,1879.0,1881.0,53.0,-2.12537910606593
336355,1894.0,788.0,103.0,0.11612768367698
272476,1899.0,17.0,179.0,2.12068256186442
225018,1880.0,1895.0,57.0,9.74635131052333
367937,1913.0,1910.0,180.0,1.15559942036278
72037,1896.0,11.0,13.0,-1.59510047058722
374228,948.0,1927.0,109.0,5.89368715226481
24742,1879.0,1900.0,4.0,-4.45131948012668
53458,72.0,1928.0,7.0,-10.8341084162084
212474,83.0,1430.0,178.0,-1.94487874783202
374243,27.0,1910.0,109.0,-7.93316379437555
215107,1910.0,1901.0,55.0,-0.157510440249973
397530,1886.0,677.0,112.0,-1.6304405023177
376413,27.0,20.0,109.0,2.00504676462983
246233,1889.0,17.0,70.0,-3.06902543891244
97512,1883.0,1431.0,44.0,3.9523939409373
300135,1348.0,17.0,98.0,0.889266082786476
100713,1887.0,5.0,173.0,5.70527468584531
97107,1906.0,1898.0,44.0,4.40683260425843
302981,604.0,1880.0,98.0,-0.370530113141396
27101,1925.0,72.0,4.0,2.08897515300481
32481,48.0,1901.0,166.0,-5.63453956431112
263460,1891.0,1916.0,73.0,-1.96747717460471
345240,83.0,1906.0,104.0,1.80287511809768
235361,1891.0,1921.0,60.0,-0.151146852188007
244869,163.0,147.0,69.0,0.553264674224326
56356,1881.0,1890.0,9.0,-5.91406271631227
342360,136.0,1917.0,104.0,1.93795541697554
313421,655.0,1926.0,186.0,2.94489304619336
9636,948.0,195.0,2.0,-2.06735903912615
66394,1347.0,1916.0,12.0,-6.74060322161186
277815,195.0,1912.0,75.0,-0.481911483312494
270607,544.0,1224.0,74.0,5.2829857502854
275236,1876.0,17.0,179.0,-1.81775260928455
241203,1559.0,1224.0,69.0,-0.987328888077504
337413,748.0,1348.0,103.0,4.3226417771359
257278,147.0,1886.0,72.0,9.00614994340878
101028,1671.0,1892.0,173.0,3.03903545852511
29019,1916.0,1928.0,4.0,-0.732044391198541
227270,1925.0,13.0,57.0,-1.13119618678801
300863,47.0,1431.0,98.0,6.45585818486761
218108,1559.0,1907.0,56.0,1.27894286578285
161897,163.0,1347.0,168.0,-6.69829525435862
302810,160.0,788.0,98.0,-1.09704771790209
237049,655.0,229.0,60.0,6.36025677703124
242917,1902.0,1919.0,69.0,7.82902622883689
327823,1888.0,120.0,101.0,1.01892021747127
371386,1332.0,120.0,180.0,-1.42616500081618
213135,27.0,150.0,55.0,-4.02596237204529
315364,164.0,1893.0,99.0,0.55552795677547
192600,1885.0,1892.0,176.0,-2.5383889584624
71284,1560.0,677.0,13.0,-7.32052717592614
232361,229.0,101.0,58.0,16.408381538303
313207,1925.0,18.0,186.0,4.47694194316394
341660,3.0,1332.0,104.0,1.46776142514034
267612,1895.0,18.0,74.0,5.21191709524306
373026,1895.0,195.0,109.0,2.31898326622006
282377,1902.0,1911.0,77.0,-0.502954900149113
9848,1912.0,1887.0,2.0,-4.34341979676514
62389,1431.0,788.0,10.0,-5.09079178222112
73575,604.0,195.0,13.0,2.98735123533952
201375,604.0,1912.0,54.0,2.88145106120679
215183,1887.0,17.0,55.0,6.44935727659518
220235,1909.0,1914.0,56.0,-0.401880135416073
310511,1897.0,1882.0,186.0,-2.36571260527479
302408,1887.0,1903.0,98.0,-4.97583667890794
88269,1924.0,1883.0,172.0,-2.83808321913771
279068,948.0,1876.0,75.0,7.53741322004441
258845,20.0,72.0,72.0,-11.5695390630542
109667,1915.0,136.0,45.0,3.06012290250133
174592,1919.0,195.0,52.0,-5.44563656298522
47010,1913.0,1906.0,6.0,11.7507019881862
4415,1883.0,1916.0,1.0,-1.15178134325356
246583,1878.0,1902.0,70.0,-1.42154828024478
165030,1906.0,147.0,168.0,-8.31925452707629
165587,229.0,1671.0,168.0,3.20393649050956
300641,1884.0,72.0,98.0,1.60342286569998
248398,948.0,5.0,70.0,-0.828408182603841
102844,1891.0,1893.0,173.0,14.4549921209931
243276,1880.0,17.0,69.0,-0.0627204444999308
206268,1920.0,544.0,177.0,2.26480863784722
208010,1224.0,5.0,178.0,11.9499163564094
388259,1883.0,1907.0,111.0,-1.64905736828943
325112,3.0,748.0,100.0,-0.791500482199079
107024,101.0,1923.0,45.0,0.587645454369034
371068,163.0,1877.0,180.0,2.57909653124252
343905,17.0,677.0,104.0,-6.54647288278079
344832,1337.0,1904.0,104.0,5.4014838943187
70104,3.0,1906.0,12.0,13.510403716933
70982,136.0,1884.0,13.0,1.17793955815762
358197,1917.0,677.0,108.0,0.463223399390283
269014,163.0,1898.0,74.0,2.42502579796747
53077,1924.0,748.0,7.0,6.31021125587229
58934,83.0,15.0,9.0,2.72024408486136
231263,1909.0,11.0,58.0,-17.3171202117674
342903,1880.0,1901.0,104.0,-6.19845515153898
322522,1905.0,1887.0,100.0,6.84127010805926
320541,1909.0,1907.0,100.0,-1.72826578312705
15795,72.0,1916.0,3.0,-4.64075057700201
257995,17.0,788.0,72.0,10.4931619499494
46547,1925.0,1331.0,6.0,-16.7733027626189
328806,1430.0,1901.0,101.0,-2.48450363948535
202674,677.0,1922.0,177.0,4.25807994176877
188382,1909.0,1893.0,175.0,8.77513730745522
269729,229.0,1901.0,74.0,-2.68941966117697
256774,1909.0,1908.0,72.0,-2.82739242258014
231897,1924.0,1914.0,58.0,1.42069703997057
302362,1884.0,1889.0,98.0,0.180315678252867
58471,1919.0,136.0,9.0,2.69898854952076
339485,1919.0,1880.0,103.0,-1.59840091740727
390367,1924.0,1912.0,111.0,4.15120678815889
342437,146.0,1895.0,104.0,-0.886168400977578
331107,1909.0,1347.0,102.0,-2.94733353484727
437142,1342.0,13.0,116.0,-2.89576242412703
345962,229.0,1671.0,104.0,3.07468849076626
114383,1919.0,18.0,167.0,2.06542950707177
168998,655.0,47.0,51.0,11.6638209014584
433701,1183.0,13.0,116.0,-2.86016101150073
63909,1924.0,1877.0,10.0,6.31772080709107
219710,1907.0,18.0,56.0,-3.76326456361857
214916,1887.0,1896.0,55.0,-4.40208621502644
189963,14.0,1901.0,175.0,-2.59476305952487
58038,160.0,1884.0,9.0,2.67679779825025
109984,82.0,748.0,45.0,0.374599582667666
239091,788.0,1902.0,60.0,-9.56383162116318
259030,1919.0,1881.0,72.0,-3.13163066283953
275607,1920.0,544.0,179.0,3.74638981605136
251621,72.0,164.0,71.0,-1.24476002757544
399222,136.0,131.0,112.0,-1.85482175987875
397317,1183.0,1899.0,112.0,-0.804072798544779
52904,83.0,1671.0,7.0,-6.71673959822935
398496,1880.0,1898.0,112.0,-1.23045871620523
251191,146.0,788.0,71.0,11.9721932020817
237007,1925.0,18.0,60.0,3.77005617334503
186274,1925.0,948.0,174.0,0.672105598428599
226091,1430.0,788.0,57.0,-1.07597232046342
267525,101.0,120.0,74.0,0.599204603544645
412750,1909.0,748.0,114.0,2.28256347144157
319720,604.0,1886.0,99.0,-4.69576591381567
232897,1877.0,1927.0,58.0,3.46611415551485
10912,1889.0,18.0,2.0,1.42813640346446
415437,1906.0,788.0,114.0,5.24954279032475
9842,1879.0,195.0,2.0,-0.519872430570538
166030,3.0,1902.0,168.0,-0.509543582827505
280008,82.0,1901.0,75.0,-12.0561388555723
397173,1431.0,1908.0,112.0,-1.9408867135504
224768,1908.0,677.0,57.0,-7.06497830545112
47982,1913.0,1908.0,6.0,-0.68180991712224
254356,14.0,17.0,71.0,-5.50017440958047
219128,1900.0,1224.0,56.0,5.66590664629862
249891,3.0,1904.0,70.0,-2.37846694129709
189625,1877.0,1183.0,175.0,2.02188656917061
210768,82.0,1907.0,178.0,-0.750124217801993
360958,1337.0,1886.0,108.0,-3.80691520662905
9715,1891.0,1910.0,2.0,-1.54461043784122
267526,1896.0,1888.0,74.0,-6.78585598595854
33965,229.0,1903.0,166.0,5.92130441431629
68871,20.0,1891.0,12.0,-7.61215732099191
201309,83.0,13.0,54.0,-0.465171239802126
174794,1876.0,1916.0,52.0,-2.63816590938618
376892,544.0,948.0,109.0,9.4408675722848
225819,101.0,18.0,57.0,6.74432894699295
170250,160.0,1348.0,51.0,-1.88490042717154
5034,748.0,1903.0,1.0,0.881563165406282
44321,748.0,15.0,6.0,-0.445188877029479
235907,1899.0,1910.0,60.0,3.88484829224584
172300,1347.0,1894.0,52.0,-5.3352776590543
33537,1919.0,1912.0,166.0,0.781103220956107
197822,948.0,1922.0,54.0,-1.06967525922844
179658,48.0,1898.0,53.0,-5.98358932401883
57792,83.0,17.0,9.0,-7.36174264574052
361097,229.0,83.0,108.0,-1.47034952813074
375505,1332.0,229.0,109.0,2.16098565063532
241224,1891.0,1908.0,69.0,-0.587405854291254
10728,72.0,1560.0,2.0,1.82430635085882
168317,1907.0,1917.0,51.0,-1.53848178716881
45200,1909.0,1916.0,6.0,3.51505383384819
10948,1897.0,1347.0,2.0,-9.58511956428909
304858,1902.0,1902.0,98.0,2.69723600123615
255623,14.0,1560.0,71.0,0.040092396056213
111540,1905.0,1910.0,167.0,-2.78840305156281
416627,229.0,1896.0,114.0,9.14910057425137
237635,82.0,11.0,60.0,4.1362654234909
280171,48.0,1331.0,75.0,-20.2800659773643
286550,20.0,748.0,77.0,6.95587265662625
244270,655.0,1893.0,69.0,10.7875329661144
343595,1671.0,677.0,104.0,-1.38723210662013
11370,1924.0,85.0,2.0,-3.84222336861931
359558,1926.0,1907.0,108.0,-8.52808382026059
246704,1878.0,1885.0,70.0,6.97342597494888
224934,1911.0,1917.0,57.0,-5.05790225713926
283481,1899.0,1896.0,77.0,0.916031792209465
225147,1903.0,11.0,57.0,2.20130933762364
89309,1906.0,1348.0,172.0,-1.25363943509838
414824,1892.0,1901.0,114.0,-3.77212804539686
162943,146.0,47.0,168.0,12.814097949296
11650,1877.0,229.0,2.0,2.807035874584
252173,1892.0,1923.0,71.0,-4.61704460647489
107510,544.0,13.0,45.0,8.80183889968135
341012,1925.0,14.0,103.0,0.752583165555678
251159,1880.0,1918.0,71.0,-5.10685713617608
161241,1879.0,1903.0,168.0,4.55909111387182
230359,150.0,1347.0,58.0,0.655478794430806
285980,544.0,1918.0,77.0,11.1716520242522
260250,14.0,1886.0,72.0,-2.87462274115508
642630,1559.0,1902.0,114.0,-1.3946789376379032
233340,1905.0,85.0,58.0,-0.199002713422472
397913,1560.0,1888.0,112.0,1.42463871193247
197970,47.0,1897.0,54.0,-1.3039467329517
6339,604.0,160.0,1.0,2.60662514902933
264019,1915.0,72.0,73.0,-1.35993107115006
258223,101.0,146.0,72.0,3.84982435413795
49193,1916.0,788.0,7.0,1.6508005927457
331363,948.0,13.0,102.0,-3.61808398182569
62420,72.0,1910.0,10.0,2.15575233415049
202529,47.0,15.0,177.0,-4.19387163798751
103542,1337.0,1883.0,173.0,-5.3564628665382
29842,948.0,1879.0,166.0,-3.10406436567281
323782,655.0,1881.0,100.0,4.34553655139147
99370,544.0,1904.0,44.0,14.371721238404
51972,1332.0,1892.0,7.0,-6.23657703725209
7546,1332.0,1348.0,1.0,-5.74188774114442
280898,1920.0,1348.0,75.0,-8.94360866274936
205613,655.0,1926.0,177.0,15.5114044325462
26990,82.0,72.0,4.0,-1.77688170278291
390430,163.0,1559.0,111.0,-8.35705687857894
277887,1889.0,1914.0,75.0,6.3150939331953
191895,136.0,1928.0,175.0,-7.94068965724051
28625,604.0,1921.0,4.0,-5.3825384125103
168338,1875.0,1431.0,51.0,2.2515773434414
315864,5.0,1914.0,99.0,0.926624295625554
400226,48.0,146.0,112.0,0.0360205464633769
396843,1878.0,1918.0,112.0,3.55169982019237
182353,164.0,677.0,174.0,2.30852146189862
282371,136.0,47.0,77.0,-1.58106577952039
29580,948.0,1903.0,166.0,2.27217330892595
334116,1876.0,195.0,102.0,-1.50661850047018
422839,748.0,11.0,115.0,-2.33455261674886
73247,1909.0,1224.0,13.0,4.40100441570288
345250,229.0,1915.0,104.0,0.475562438555417
212322,1913.0,1560.0,178.0,0.0537858715575257
48976,101.0,1917.0,7.0,-0.238680803255882
12356,48.0,1891.0,2.0,13.166277042075
34174,15.0,1902.0,166.0,-5.5686106763734
437956,3.0,1878.0,116.0,-1.67821062258385
267738,1888.0,17.0,74.0,-2.60570207813313
166147,1879.0,1893.0,51.0,-1.78113968344158
326215,1885.0,1431.0,101.0,2.03760625344277
240965,1885.0,1890.0,69.0,3.46400431198103
24420,1891.0,1431.0,4.0,0.468262149172681
390890,1920.0,1890.0,111.0,0.148912356180879
169137,3.0,1919.0,51.0,0.579839329442663
234724,1886.0,1897.0,60.0,-4.90874015426728
88693,1925.0,1901.0,172.0,-4.99686340560155
108529,604.0,1894.0,45.0,-0.231313500132622
198178,147.0,1882.0,54.0,-3.38063463897937
339476,229.0,1913.0,103.0,1.86729524913858
317546,1904.0,1897.0,99.0,-2.53666207777228
13437,655.0,1903.0,2.0,0.467888626538854
330248,1920.0,1876.0,101.0,0.462138171735861
193740,1899.0,146.0,176.0,-1.07200668699196
304425,1905.0,15.0,98.0,1.54853732418268
192835,1904.0,1914.0,176.0,2.74863419819999
50462,1903.0,1560.0,7.0,-5.16026512613524
272119,1897.0,1430.0,179.0,2.23027041868751
211990,3.0,120.0,178.0,9.5984892646183
373574,1880.0,15.0,109.0,-2.84443454458764
68660,27.0,1885.0,12.0,-0.0959786615606362
184895,3.0,1880.0,174.0,-0.523664544155527
275767,20.0,147.0,179.0,0.917965120367967
104143,160.0,1892.0,173.0,-1.49864609864172
235266,1904.0,1927.0,60.0,-0.194421962535373
71237,1899.0,1884.0,13.0,-5.19917704838763
203406,1904.0,17.0,177.0,-2.58166825366932
73282,1224.0,1923.0,13.0,1.60204875842498
205910,27.0,101.0,177.0,9.04175480015546
423450,1430.0,1887.0,115.0,3.10346370036417
74134,82.0,1909.0,13.0,-11.6443875563502
272141,1897.0,1912.0,179.0,3.61003597500071
87137,748.0,13.0,172.0,2.81222933844984
191340,655.0,83.0,175.0,1.29329816375022
323472,1342.0,1919.0,100.0,-0.393682357116485
11501,20.0,1894.0,2.0,-13.1800381080797
399963,544.0,1880.0,112.0,-5.70325496901228
200821,1915.0,1904.0,54.0,-1.94290216773716
334690,83.0,1893.0,102.0,0.480033408159151
435382,677.0,1914.0,116.0,-0.781832826178727
397015,1183.0,47.0,112.0,11.1185816843862
49569,47.0,788.0,7.0,0.992331232055162
208859,150.0,1348.0,178.0,-1.30348856697573
285842,1920.0,101.0,77.0,20.3438562353333
263082,1899.0,1224.0,73.0,-0.29259158281757
426863,1925.0,1904.0,115.0,-1.4479558654476
357709,1893.0,677.0,108.0,-3.29940446944108
184881,1913.0,1915.0,174.0,2.66512425706243
257756,1224.0,1921.0,72.0,5.39094153559656
230409,677.0,1901.0,58.0,1.0919567420964
46586,1905.0,1916.0,6.0,-9.54787473422421
58587,655.0,1927.0,9.0,0.183906498241061
57001,1342.0,1922.0,9.0,2.77106045455978
165444,1430.0,748.0,168.0,-3.34225852236182
54593,1888.0,131.0,9.0,-2.44093185723981
260962,1560.0,1928.0,72.0,14.9798540974393
60654,131.0,1892.0,10.0,-12.8297650728312
265086,604.0,13.0,73.0,-4.28525146532373
172669,1911.0,1923.0,52.0,0.34657108806102
5659,146.0,11.0,1.0,-0.764744982555981
174883,604.0,1431.0,52.0,7.18541355282062
200719,1913.0,1885.0,54.0,-5.10106397585475
323430,20.0,1875.0,100.0,-8.08458619605062
183108,1891.0,1910.0,174.0,1.0393464508473
417719,1875.0,1928.0,114.0,1.61223262081741
33811,1430.0,15.0,166.0,3.39819748023317
88415,1332.0,1907.0,172.0,-3.43766979550118
426869,1924.0,1904.0,115.0,3.84392615783825
263801,101.0,146.0,73.0,13.5234029628564
231450,1342.0,47.0,58.0,-22.93914635047
330317,1926.0,1671.0,101.0,4.7573344978394
3748,1898.0,1914.0,1.0,0.187556848595315
417590,20.0,47.0,114.0,-7.35847717637955
215220,1887.0,1671.0,55.0,-3.03480570273455
66840,1912.0,1883.0,12.0,-2.77634887255045
73194,1899.0,1896.0,13.0,11.0399716711705
10127,1895.0,1907.0,2.0,2.79234104333535
274691,1926.0,1923.0,179.0,-1.91649383526713
162312,1878.0,1880.0,168.0,7.33871879653353
374724,1897.0,14.0,109.0,1.40738360692494
194817,1920.0,85.0,176.0,3.29299872744586
437031,1906.0,1896.0,116.0,-3.52064890144168
260890,163.0,1337.0,72.0,-3.83604000129453
373126,1890.0,1923.0,109.0,-5.43092551025266
87514,1883.0,1901.0,172.0,2.56336755339225
241821,1888.0,1901.0,69.0,-4.89486004487359
51497,229.0,1894.0,7.0,12.5574464648285
318734,83.0,1916.0,99.0,9.6504495031887
200051,1920.0,47.0,54.0,-8.1643872545517
73672,1906.0,164.0,13.0,2.88581398887524
332011,1893.0,1896.0,102.0,0.485010867601687
171943,1883.0,1347.0,52.0,-8.27273320105558
357015,1897.0,1876.0,108.0,-1.383300591479
107329,1886.0,1907.0,45.0,-4.83019047024881
170220,1915.0,20.0,51.0,-8.49137402005085
221447,1913.0,131.0,56.0,0.77599997713181
254589,82.0,1884.0,71.0,1.40347223661222
24288,146.0,1886.0,4.0,-3.7587803752634
326120,948.0,1926.0,101.0,8.03373463907782
377115,3.0,1882.0,109.0,3.33728998843438
260516,1342.0,748.0,72.0,-3.46876878385586
104430,3.0,1879.0,173.0,-6.15050777082971
62233,1898.0,18.0,10.0,-5.12623707829288
275019,1905.0,146.0,179.0,-1.12489597471662
344121,655.0,1908.0,104.0,1.93660643994079
228638,1560.0,1907.0,58.0,10.5369809812542
400288,1919.0,1914.0,112.0,6.57098574632905
171840,85.0,1912.0,52.0,2.54857743036042
27407,1925.0,604.0,4.0,1.23839985024454
284636,1879.0,1331.0,77.0,-2.49090743163129
414168,1899.0,164.0,114.0,1.05909808903709
87632,1560.0,748.0,172.0,3.87009698822353
218397,20.0,150.0,56.0,-0.783563967483962
416844,1926.0,1917.0,114.0,-9.30977018226772
6715,1913.0,1331.0,1.0,-16.3196826167934
438127,229.0,677.0,116.0,-1.8653562157283
195807,1915.0,1879.0,176.0,-4.02143345592397
427992,1922.0,1902.0,115.0,-0.305570623747637
183542,72.0,120.0,174.0,2.89823655937315
171468,147.0,1916.0,52.0,1.063716829337
168716,1900.0,1889.0,51.0,-4.94107302395626
313202,1905.0,1907.0,186.0,-5.84362179090642
24936,1875.0,1895.0,4.0,2.54818559885566
263238,948.0,1907.0,73.0,2.55519219954506
85525,1332.0,150.0,172.0,5.13175608234893
346169,1913.0,1900.0,104.0,-4.06483568817202
51913,1905.0,131.0,7.0,1.46672769363335
231258,146.0,1890.0,58.0,11.3560367905014
46857,1430.0,1884.0,6.0,-0.632827360844403
27105,1920.0,72.0,4.0,-3.2832639528153
168790,1889.0,1908.0,51.0,1.89554141101622
269410,1925.0,82.0,74.0,6.57060714102055
318944,229.0,1892.0,99.0,0.0835417588041154
74907,1924.0,147.0,13.0,6.67422326380635
399242,748.0,1671.0,112.0,1.02909301547147
209859,1875.0,1883.0,178.0,3.42990410416324
51933,20.0,1885.0,7.0,-1.59264626873957
304852,1915.0,1902.0,98.0,-14.4120419671262
635292,1893.0,1902.0,73.0,3.16712388615849
205673,1905.0,1904.0,177.0,1.5452957626555
415530,655.0,1883.0,114.0,-7.17491530859466
376654,1920.0,1927.0,109.0,-26.0355059014137
270651,3.0,1559.0,74.0,2.12267374380631
199413,1889.0,18.0,54.0,0.569342807882529
304256,1920.0,136.0,98.0,9.47720171379409
241560,1881.0,1922.0,69.0,-7.64524203646484
111106,1895.0,1560.0,167.0,5.26975576084507
329328,1876.0,1879.0,101.0,1.55293638270331
180430,1905.0,1889.0,53.0,-9.63566100231277
13203,160.0,1560.0,2.0,-0.5051099392298
375104,229.0,1908.0,109.0,-2.68571381211529
312226,1889.0,1901.0,186.0,-3.18935507751489
47473,1342.0,147.0,6.0,5.3151561547955
104202,1926.0,11.0,173.0,-3.24923081166929
95490,1879.0,72.0,44.0,1.05313897287295
215322,1881.0,1896.0,55.0,-4.36488524528616
313723,1913.0,101.0,186.0,-1.49899380016497
179358,160.0,1908.0,53.0,-1.78203720437624
108570,14.0,1907.0,45.0,0.763473747227235
218894,195.0,1560.0,56.0,-2.52148055349589
202308,1430.0,1902.0,54.0,1.31333279397135
338715,1884.0,1910.0,103.0,-7.09680736079875
423660,13.0,1916.0,115.0,-0.496361659266994
301880,1183.0,1888.0,98.0,0.481072722630446
328932,544.0,1881.0,101.0,3.06925034126626
43496,15.0,1901.0,6.0,-20.5981271093054
88022,1887.0,1910.0,172.0,-0.298732027986134
61482,1886.0,1904.0,10.0,-4.29934884507884
356780,150.0,131.0,108.0,8.83743678286687
196921,1919.0,1560.0,176.0,-6.12101222199945
361369,1915.0,85.0,108.0,-0.0252325022577207
169684,1877.0,146.0,51.0,6.0766751111024
25258,136.0,195.0,4.0,-2.13325771288943
215438,1895.0,1904.0,55.0,-8.04925432464396
61638,101.0,1912.0,10.0,-3.66230189641107
286535,1877.0,120.0,77.0,10.5844995769258
9017,948.0,150.0,2.0,-0.0817977952776614
204146,948.0,1909.0,177.0,-2.65450846298525
325119,48.0,1671.0,100.0,-8.70865819595247
98210,1876.0,788.0,44.0,2.06932163069086
214156,1891.0,1911.0,55.0,0.64855062045681
323080,131.0,1892.0,100.0,-13.6855392274184
258332,1560.0,1921.0,72.0,4.76605753649289
105139,14.0,1903.0,173.0,-10.2478970157812
87743,1916.0,131.0,172.0,-3.70106748456436
221008,544.0,1907.0,56.0,-3.38003235725059
163395,1902.0,82.0,168.0,4.44329670009562
16464,948.0,1560.0,3.0,0.457147470118874
416546,604.0,1905.0,114.0,4.60117967391348
372941,1875.0,131.0,109.0,-0.404519924846677
69287,48.0,1875.0,12.0,2.69156258876639
28538,655.0,1876.0,4.0,22.0773532893664
334539,20.0,1431.0,102.0,-2.48128914250499
215997,655.0,1926.0,55.0,2.76497472773918
55817,1902.0,1918.0,9.0,2.16936475178696
316070,1883.0,1331.0,99.0,-0.605444051091877
13852,83.0,1911.0,3.0,2.09899321494675
99646,14.0,136.0,44.0,-2.68619793830463
100077,3.0,1900.0,44.0,-4.47792442165308
161561,1916.0,1911.0,168.0,-3.37443910397248
248630,1889.0,1908.0,70.0,7.68019210815564
108894,1906.0,1909.0,45.0,-4.67122508284953
10812,1559.0,72.0,2.0,-2.06969559703493
361321,1877.0,1921.0,108.0,-7.83101723608319
216245,1924.0,1431.0,55.0,11.3458167936531
256008,1224.0,1927.0,72.0,-2.87427358299398
238924,1332.0,47.0,60.0,-3.89953044311578
46335,1919.0,1875.0,6.0,-2.02651711150354
359147,150.0,1224.0,108.0,-9.04172150603472
274148,147.0,1927.0,179.0,-0.438888647453217
227668,1876.0,1912.0,57.0,1.60842150399222
361181,1919.0,1878.0,108.0,-6.40730734424315
427039,1332.0,1918.0,115.0,2.08535803534794
401600,1919.0,1890.0,112.0,-0.175035628397937
95988,1904.0,1897.0,44.0,-0.620736449735235
259722,655.0,1895.0,72.0,-0.808475957880532
100240,48.0,1906.0,44.0,-5.70553723244891
257106,72.0,13.0,72.0,5.71354309488412
24562,1881.0,1896.0,4.0,-3.36352104047926
319231,3.0,1896.0,99.0,-3.29385485284261
170768,48.0,948.0,51.0,10.3901791283522
328103,1912.0,1896.0,101.0,-1.64275341988406
436325,1430.0,1881.0,116.0,-3.8783128257843
8143,82.0,15.0,1.0,12.7801725273477
114026,1342.0,1431.0,167.0,-7.56086571386684
209354,1884.0,5.0,178.0,4.13769151098304
52393,1876.0,1889.0,7.0,-2.16768984990061
170617,229.0,1886.0,51.0,1.31743430191042
373506,1918.0,1927.0,109.0,2.08778828823603
106964,120.0,1912.0,45.0,3.75252739349735
58683,160.0,136.0,9.0,3.54765285343738
104516,1919.0,1905.0,173.0,-11.7470645956
398498,1559.0,1894.0,112.0,3.09309019175994
45515,1888.0,1912.0,6.0,-0.292152832021049
167924,1875.0,1881.0,51.0,4.49675857286107
312386,147.0,1888.0,186.0,3.51048895232405
10973,1347.0,1894.0,2.0,2.5519442669177
360141,1913.0,1896.0,108.0,-3.49360403620216
190986,544.0,1889.0,175.0,1.64834503336268
51565,1877.0,1923.0,7.0,0.361283190195421
186953,1883.0,1348.0,175.0,-5.87831565348133
6398,1342.0,1183.0,1.0,1.16130077498192
111377,147.0,1886.0,167.0,4.21634445813882
207046,163.0,1921.0,177.0,-9.66589546660195
182441,1183.0,1671.0,174.0,-4.28640264517916
57615,1877.0,1331.0,9.0,-9.44625772053477
233926,1560.0,72.0,60.0,-0.305141183384192
226237,82.0,164.0,57.0,17.892197900863
181148,655.0,1560.0,53.0,-6.6920835068214
61489,1886.0,1908.0,10.0,-0.296028876456098
13012,229.0,1920.0,2.0,-4.5163119307996
115378,14.0,1908.0,167.0,4.14738230613889
426271,83.0,27.0,115.0,8.45282898039621
228660,1888.0,1914.0,58.0,-6.92101284714156
360246,27.0,1431.0,108.0,1.30574441694772
25511,85.0,1895.0,4.0,-2.76697842709101
197094,1916.0,1928.0,176.0,-6.21127879547263
65737,195.0,1922.0,12.0,7.10975960991368
642541,1889.0,1902.0,111.0,1.6046677798892617
235873,1879.0,1907.0,60.0,0.975620314794346
47651,48.0,83.0,6.0,0.947428839476686
33256,82.0,1905.0,166.0,-0.330195085193819
15339,1883.0,1671.0,3.0,-3.27917524587143
234544,1671.0,1892.0,60.0,0.219670706612873
16825,1430.0,164.0,3.0,0.978107932388444
51710,1925.0,1880.0,7.0,1.09203743939897
360971,3.0,1927.0,108.0,4.60587226187431
58150,604.0,1905.0,9.0,2.60711192779433
259044,1913.0,1901.0,72.0,-6.0256513258462
249900,229.0,1879.0,70.0,0.221086304491565
89763,655.0,120.0,172.0,-3.26882570805334
315372,1904.0,1224.0,99.0,5.0100849734673
191669,1905.0,1560.0,175.0,3.66619105470233
225560,164.0,1916.0,57.0,-0.543503329474077
334137,1906.0,195.0,102.0,-2.20584333922488
103938,1915.0,1892.0,173.0,-0.581264756044583
162253,1900.0,1224.0,168.0,-1.33276555993036
284248,146.0,1431.0,77.0,0.696807131829964
227105,604.0,1895.0,57.0,-2.09846939202633
181706,1883.0,164.0,174.0,-2.79238545398657
368226,136.0,1916.0,180.0,3.66348601459966
371971,1877.0,1903.0,180.0,9.03407263128792
281804,229.0,1902.0,75.0,-6.56962298337018
202380,11.0,1927.0,177.0,4.73413444702535
17038,544.0,1885.0,3.0,0.220998355014915
285219,1876.0,1881.0,77.0,0.4854726112544
100309,229.0,677.0,44.0,3.34749765103164
48573,1878.0,1901.0,7.0,-7.91335013738342
332276,1891.0,15.0,102.0,-0.409161648764894
331290,1886.0,1224.0,102.0,-3.25175281975023
187363,1879.0,1897.0,175.0,-3.53990152893898
266945,1907.0,15.0,74.0,-7.4222022489612
259031,1920.0,229.0,72.0,-6.02551832685386
345363,1906.0,5.0,104.0,-5.51394279398734
74451,1430.0,18.0,13.0,2.86316344189053
98359,3.0,1894.0,44.0,-8.04527441802671
96326,948.0,1915.0,44.0,13.5617342638519
322492,1895.0,1921.0,100.0,-4.32211506177307
49586,1898.0,1890.0,7.0,0.641331149797667
107866,948.0,15.0,45.0,6.41729544636505
357182,1895.0,748.0,108.0,-1.0142609729001
234095,13.0,15.0,60.0,-2.22884218286949
204291,1878.0,164.0,177.0,-1.84551061750396
186898,1347.0,677.0,175.0,-0.810243377993344
224546,17.0,1910.0,57.0,0.220166332634045
437309,1342.0,1889.0,116.0,2.01547496288639
232326,655.0,1891.0,58.0,1.09461688648583
236519,1909.0,131.0,60.0,-12.7171205589996
31331,1902.0,1917.0,166.0,-5.55802663097016
33196,655.0,1875.0,166.0,-2.27280345794365
277033,1878.0,18.0,75.0,-2.38814457514596
182421,1903.0,1881.0,174.0,8.43355535862062
271944,17.0,1914.0,179.0,0.620178425305886
425983,1924.0,1898.0,115.0,0.335449536160731
426207,160.0,1916.0,115.0,14.7883641018947
376589,48.0,1430.0,109.0,1.74915925445882
187537,1560.0,1890.0,175.0,-3.30054725624583
188390,120.0,1882.0,175.0,-4.26298308258307
241294,948.0,1560.0,69.0,4.2201503756285
270894,1337.0,1559.0,74.0,-12.4452556790315
106325,1894.0,1671.0,45.0,-8.02637712673313
50914,1332.0,1898.0,7.0,-4.91604834357564
223191,1884.0,1928.0,56.0,-6.45944626812917
26450,1331.0,1895.0,4.0,0.124027926550774
232940,655.0,1927.0,58.0,-4.39706374583151
302817,1906.0,1883.0,98.0,6.85092497773413
277912,1891.0,1894.0,75.0,4.28850725347832
218512,146.0,131.0,56.0,17.151667564631
68451,1919.0,229.0,12.0,1.6465251193095
47722,1919.0,1882.0,6.0,0.465065917108572
321077,5.0,1901.0,100.0,-8.3986477627229
336120,1431.0,17.0,103.0,7.30675665192587
399119,136.0,147.0,112.0,-1.03893863893143
97258,1331.0,1889.0,44.0,2.85849969783932
316887,85.0,1894.0,99.0,-3.01803551287989
33041,1876.0,18.0,166.0,2.01655009018018
12331,1920.0,11.0,2.0,-3.86387639983585
68337,1919.0,1907.0,12.0,-12.7448084969482
341959,1183.0,1898.0,104.0,0.461469821588157
8824,1560.0,748.0,2.0,0.397797726944108
359337,1331.0,1892.0,108.0,-5.18466132111429
282131,146.0,1914.0,77.0,-5.56161829223367
340917,48.0,1903.0,103.0,-1.27760374868306
631695,1885.0,1902.0,58.0,-2.14822930800554
204894,1347.0,1875.0,177.0,-9.65447204520264
369140,1913.0,150.0,180.0,2.23891083850741
46075,1920.0,1883.0,6.0,8.67079248337653
217006,20.0,1917.0,55.0,-13.1180410325412
220066,1671.0,1911.0,56.0,4.76494151665833
359442,1430.0,788.0,108.0,-3.03655214405169
7646,1906.0,1895.0,1.0,-1.4930614226927
326425,1885.0,11.0,101.0,0.792816213788502
401371,655.0,1900.0,112.0,6.36248290121635
267727,1901.0,1927.0,74.0,-2.89208909039889
321200,1893.0,18.0,100.0,-3.08923313058127
311936,1880.0,85.0,186.0,8.2281861162558
246695,195.0,1914.0,70.0,9.7877481789656
235057,1183.0,1879.0,60.0,-1.67314802664049
368637,85.0,1331.0,180.0,-2.46858824413099
18132,48.0,1920.0,3.0,-9.66115043323625
105348,1920.0,14.0,173.0,-0.776131878255733
373998,1887.0,131.0,109.0,6.12617083611953
13101,82.0,1882.0,2.0,10.1469815863666
166820,1878.0,1903.0,51.0,4.47629463191978
261036,1919.0,1928.0,72.0,0.272386066773533
29954,1888.0,18.0,166.0,-2.50157885856541
187756,101.0,1889.0,175.0,2.01831462703184
249671,1924.0,11.0,70.0,5.71907217889535
233393,1926.0,1903.0,58.0,-0.141025356192311
356911,1875.0,1911.0,108.0,-2.25040955281081
4515,1886.0,1881.0,1.0,-2.97924041324109
30854,1917.0,1921.0,166.0,0.965004364647389
272067,1882.0,1923.0,179.0,-1.08333817535995
357726,147.0,15.0,108.0,0.296224412580344
97775,1889.0,17.0,44.0,-0.0300616810953303
198712,164.0,11.0,54.0,3.09393472849627
270258,1877.0,1905.0,74.0,-4.42850090798462
111755,1348.0,13.0,167.0,1.68475428852221
236047,1883.0,1908.0,60.0,3.74855371656623
193896,1879.0,1898.0,176.0,-2.54143373704987
427673,604.0,1906.0,115.0,-1.79157745960707
108883,20.0,1880.0,45.0,-9.05486506328258
280003,1906.0,1331.0,75.0,1.37372020694309
283413,1885.0,72.0,77.0,5.17468311786924
199776,1895.0,1910.0,54.0,-0.267178223452044
89193,604.0,20.0,172.0,-11.9077655995416
334284,14.0,1880.0,102.0,-0.647268941064604
273070,1878.0,1901.0,179.0,-3.49169151816753
425921,1924.0,1923.0,115.0,9.12001560917813
243194,1902.0,1908.0,69.0,0.0227098961985723
286530,14.0,1906.0,77.0,-0.597626300091895
300789,27.0,1887.0,98.0,6.01779668289722
164447,14.0,1892.0,168.0,-7.38993728115935
321197,1878.0,13.0,100.0,-7.34537615370002
271657,1902.0,1890.0,179.0,-0.248414485881289
248777,1924.0,47.0,70.0,7.60800380321697
254541,1920.0,17.0,71.0,0.443087975542292
413133,1224.0,1901.0,114.0,-1.26526638915642
399999,163.0,1916.0,112.0,13.0556071156484
249470,1332.0,101.0,70.0,11.0407574964456
221075,3.0,82.0,56.0,-4.11194313435052
250980,101.0,120.0,71.0,7.14178461730674
247874,1896.0,1331.0,70.0,1.25065601873136
180226,14.0,1884.0,53.0,-4.16667000316238
373167,20.0,164.0,109.0,0.331988889121155
401853,1560.0,1902.0,112.0,3.94390209724098
284824,72.0,1918.0,77.0,4.21879456332372
327136,1911.0,13.0,101.0,4.0057937152779
226434,82.0,229.0,57.0,6.11593626026661
246705,1912.0,131.0,70.0,2.22755030654224
414896,1875.0,1895.0,114.0,0.587586558404724
268003,147.0,1895.0,74.0,-0.650680931726804
47566,1926.0,1888.0,6.0,4.52618057510418
243201,146.0,1904.0,69.0,-0.23421635437399
245714,1877.0,1902.0,69.0,-2.57874780022159
113023,1878.0,1882.0,167.0,-5.100140336604
343517,1903.0,1348.0,104.0,-0.23594195447432
184799,14.0,1881.0,174.0,-7.64038950031374
86591,1431.0,18.0,172.0,2.44224622072189
197719,1880.0,15.0,54.0,-3.09508067852383
168573,1224.0,131.0,51.0,-0.874093360153444
251842,1900.0,1927.0,71.0,-1.923123936867
57713,1906.0,1892.0,9.0,-8.4800207155144
301198,1892.0,18.0,98.0,-0.306913142503401
189934,1915.0,1907.0,175.0,-3.20199942081375
252869,120.0,131.0,71.0,0.345653956906381
164512,1342.0,131.0,168.0,-4.45285094365502
104854,1925.0,1888.0,173.0,0.50636855759674
194485,948.0,150.0,176.0,0.590140966473318
367227,146.0,120.0,180.0,-2.40688811814806
238455,27.0,748.0,60.0,-5.0936470703156
28635,1925.0,1900.0,4.0,-0.0832757204841415
9286,1916.0,1927.0,2.0,-1.95266808613715
232023,20.0,1904.0,58.0,-10.0221278600454
344796,1924.0,146.0,104.0,13.1599161940442
212499,1915.0,1921.0,178.0,2.44322303862994
190629,1877.0,11.0,175.0,3.14584755981419
71264,1879.0,1878.0,13.0,-6.41110450951272
388074,1224.0,1914.0,111.0,6.37042348685683
109688,1925.0,48.0,45.0,9.6270742100966
436174,544.0,1894.0,116.0,-0.162944016868899
169590,1906.0,1885.0,51.0,-1.93715568736999
223285,1892.0,1910.0,57.0,2.63403156118943
244035,604.0,163.0,69.0,4.57386701082353
285320,1337.0,229.0,77.0,-9.29904013742897
324844,3.0,1927.0,100.0,3.50407999878398
358831,1903.0,1923.0,108.0,3.08521016387229
416335,1342.0,11.0,114.0,0.677235289663736
254689,3.0,1895.0,71.0,4.81695189432035
268136,1909.0,164.0,74.0,23.4025771433455
67970,150.0,1431.0,12.0,3.50583214008344
372544,72.0,1917.0,109.0,1.64626699030734
329121,1430.0,1885.0,101.0,-0.621720808773051
172069,85.0,1883.0,52.0,1.43991771939966
322308,1899.0,85.0,100.0,0.861062846974367
190761,655.0,1905.0,175.0,10.1481305722187
7019,1913.0,27.0,1.0,8.76964936538457
314404,1877.0,147.0,186.0,12.894008491099
423171,1885.0,1884.0,115.0,-1.02655645184409
168459,1898.0,1331.0,51.0,2.54428342550804
316820,1875.0,146.0,99.0,-1.06281336993891
193794,20.0,1898.0,176.0,0.832155293586369
66175,1888.0,1882.0,12.0,-0.52972151001897
400294,83.0,17.0,112.0,-1.4520552903035
199125,101.0,1879.0,54.0,-2.15180010581811
325839,1881.0,11.0,101.0,-12.5273655033601
251564,136.0,1890.0,71.0,5.77067358952351
311012,1560.0,1895.0,186.0,4.08609288196574
412606,5.0,1922.0,114.0,-1.1815708414616
330377,1915.0,1337.0,101.0,1.41406198767102
100482,1331.0,1902.0,44.0,-7.09229829815261
25617,1878.0,85.0,4.0,3.23068685479166
321009,1559.0,11.0,100.0,0.516527574119425
368128,72.0,1903.0,180.0,8.16387909592745
360153,1342.0,1431.0,108.0,-2.20944869964071
248434,1331.0,1922.0,70.0,2.07906252690062
250921,1904.0,1907.0,71.0,-6.49584202472352
301277,1878.0,13.0,98.0,-2.98069026037152
74468,163.0,20.0,13.0,-1.35925165770857
326330,1183.0,1921.0,101.0,-4.52432241070381
243618,1919.0,164.0,69.0,2.25788314598539
6861,1925.0,1916.0,1.0,4.27264128360036
259857,655.0,13.0,72.0,-1.64863547987482
340334,160.0,1559.0,103.0,3.75075794114273
211476,163.0,1905.0,178.0,0.0293608111803731
315428,1899.0,1893.0,99.0,-1.58196739126885
174999,1915.0,1431.0,52.0,2.09405777180818
303690,48.0,1905.0,98.0,-5.74634718032791
270638,160.0,1559.0,74.0,3.3423381865856
24646,1347.0,1891.0,4.0,-2.34418645677133
361022,1924.0,1920.0,108.0,-4.99062678960904
322978,1902.0,1901.0,100.0,-0.130475360673186
331943,1883.0,72.0,102.0,-2.87090753160594
30321,748.0,195.0,166.0,-0.206899224078136
69896,160.0,1900.0,12.0,6.51696897075957
181566,163.0,1902.0,53.0,6.33651224714505
325149,1906.0,15.0,100.0,-4.16454495775315
271734,47.0,1888.0,179.0,-7.01560808732097
62315,1878.0,1922.0,10.0,-7.93461742110277
201491,1919.0,1224.0,54.0,1.28028298459723
326430,147.0,1907.0,101.0,0.41452231446708
633658,1885.0,1902.0,9.0,-0.7978641008341749
248089,1878.0,1894.0,70.0,-0.0036667788209201
369293,1912.0,15.0,180.0,-5.31883625509855
52906,1342.0,83.0,7.0,7.26689813583432
111743,1885.0,1894.0,167.0,7.57743949127279
229041,1893.0,1927.0,58.0,-0.457249492520969
195068,83.0,164.0,176.0,-2.51935442665794
320353,1891.0,1928.0,99.0,-2.07388954666605
370300,3.0,1880.0,180.0,-3.22217409128967
331561,1342.0,1899.0,102.0,-0.371324638773334
73222,1909.0,164.0,13.0,15.2582900542766
343441,1887.0,1922.0,104.0,0.425992379829353
268059,1898.0,1916.0,74.0,-9.20451670218449
180860,163.0,147.0,53.0,-2.94121226089178
200057,14.0,1923.0,54.0,2.7600363827138
280332,3.0,1431.0,75.0,2.6115388024232
47009,1332.0,544.0,6.0,-1.13405878289231
396959,948.0,1183.0,112.0,4.21072695653702
4348,1884.0,1900.0,1.0,4.18544687938301
28823,48.0,677.0,4.0,-8.05248885686385
281833,1927.0,1902.0,75.0,-1.4600085288901
311714,195.0,1431.0,186.0,6.40017686475417
73799,604.0,1880.0,13.0,1.00655868339868
191567,1920.0,1878.0,175.0,-2.32905672284177
268874,146.0,788.0,74.0,0.321658938893615
44612,1878.0,18.0,6.0,-4.1543174560215
375177,1919.0,14.0,109.0,7.28038293166838
97639,136.0,1348.0,44.0,-2.58745318104033
105067,163.0,1900.0,173.0,10.0596093498554
194479,101.0,748.0,176.0,-0.922970242294658
225589,1891.0,15.0,57.0,-4.40388247868242
283714,1884.0,1900.0,77.0,1.46007295171131
255242,1925.0,136.0,71.0,-3.06824918426564
198543,13.0,788.0,54.0,-0.764069682723082
346201,604.0,15.0,104.0,-0.139939247796145
223763,1560.0,1916.0,57.0,1.55136455577744
435249,1905.0,1910.0,116.0,1.84015066388696
187327,1909.0,677.0,175.0,-3.60558738690159
328591,48.0,18.0,101.0,1.84067755002918
246463,195.0,17.0,70.0,3.75209725613853
357309,1886.0,1923.0,108.0,3.09516956919435
44384,1916.0,1927.0,6.0,-1.76977017763688
223501,748.0,18.0,57.0,0.38727611704717
358975,195.0,1916.0,108.0,-7.09700562867646
340912,1915.0,1900.0,103.0,4.97067176575242
342333,1348.0,1347.0,104.0,-2.02027556207231
86814,1922.0,788.0,172.0,-0.287465085653559
255540,82.0,1560.0,71.0,-2.35990066038864
287125,160.0,1902.0,77.0,-7.77901349897802
220469,1348.0,1347.0,56.0,10.312137225275
273106,1912.0,1923.0,179.0,-2.54434026530191
189508,1183.0,164.0,175.0,-1.8165102138642
109449,1919.0,1348.0,45.0,-0.39354794448365
250737,1919.0,1900.0,70.0,0.0998489622350737
63691,1342.0,1884.0,10.0,-11.448733843185
47848,1876.0,1337.0,6.0,-5.67483877132828
272278,1893.0,18.0,179.0,1.55730456346778
265834,1926.0,1890.0,73.0,0.126337502416046
252135,1891.0,1882.0,71.0,-5.66479717254172
64567,1924.0,1900.0,10.0,1.83635397193696
286075,1926.0,1896.0,77.0,5.36093628775613
254786,1920.0,1915.0,71.0,1.29951132548496
7269,1926.0,1893.0,1.0,-5.41409892898075
206279,544.0,1915.0,177.0,4.23510093469971
372164,788.0,1928.0,180.0,-3.68617575883003
400880,20.0,1918.0,112.0,-1.5332486397757
189969,1906.0,1881.0,175.0,-6.04533467538812
28879,1926.0,1910.0,4.0,-4.13057946528973
171350,1892.0,788.0,52.0,0.554440936245362
317133,136.0,1922.0,99.0,8.53903450276919
169846,48.0,1893.0,51.0,7.59887611847155
162912,136.0,1892.0,168.0,-2.17580792886368
215437,1897.0,1882.0,55.0,-9.97062155815212
268718,150.0,1916.0,74.0,0.174845921884894
50997,1559.0,72.0,7.0,2.83136185561376
300498,1896.0,1927.0,98.0,3.41242327821078
246470,1559.0,85.0,70.0,1.45354368882665
277535,1347.0,1889.0,75.0,-3.73275308148831
206074,1926.0,1891.0,177.0,-2.41369395755282
343083,1884.0,1918.0,104.0,4.57404366982308
434273,101.0,1883.0,116.0,-10.5199284406514
414836,1903.0,1348.0,114.0,-0.0456036868674943
161143,17.0,677.0,168.0,-1.67487334674957
359999,655.0,1913.0,108.0,0.456741362334911
69732,1926.0,83.0,12.0,4.97629700156243
17595,1877.0,1905.0,3.0,-4.99083571956575
57280,20.0,1883.0,9.0,2.75973331136409
218787,1881.0,1671.0,56.0,5.27345042873698
427466,1926.0,1560.0,115.0,2.62566060780121
639603,1885.0,1902.0,99.0,0.93831569101651
14513,1887.0,1910.0,3.0,2.9984578817635
47553,1919.0,1912.0,6.0,-1.0652009244179
400426,1342.0,1892.0,112.0,0.427251008983784
199352,13.0,18.0,54.0,0.945975117035977
45646,1893.0,1911.0,6.0,0.635046010361271
85437,1875.0,1898.0,172.0,-0.646768677256848
3542,1887.0,1916.0,1.0,5.31573912113883
66010,85.0,1900.0,12.0,-1.31140780910287
28196,1920.0,1559.0,4.0,-0.170622876603956
266806,1342.0,1911.0,74.0,2.25187293100282
219322,1909.0,1431.0,56.0,2.87336163724507
399304,13.0,131.0,112.0,2.7408247914499
30299,1919.0,1911.0,166.0,-2.79133798407253
53314,1876.0,1890.0,7.0,-1.80031702831844
234561,15.0,1914.0,60.0,-2.9734175522778
277935,1331.0,13.0,75.0,2.42583619637215
199615,1897.0,20.0,54.0,-2.49591726293431
243329,229.0,1899.0,69.0,2.88820080482117
356965,1347.0,1927.0,108.0,-0.141174172138792
177574,1559.0,1875.0,53.0,5.86071698108163
313029,1337.0,1894.0,186.0,-12.0408274226756
339941,14.0,544.0,103.0,5.84509591410963
4124,1886.0,5.0,1.0,-2.57645474466128
108839,82.0,18.0,45.0,-20.3611106031683
206684,1332.0,1886.0,177.0,-0.984729744509551
167480,85.0,1887.0,51.0,0.0929331719996131
367158,1878.0,1910.0,180.0,-4.62579773888476
242208,83.0,1887.0,69.0,3.86443577359117
270898,48.0,83.0,74.0,-8.77265064107924
322670,1898.0,18.0,100.0,-4.71131234432824
165314,163.0,1927.0,168.0,-3.66352046283145
205749,82.0,17.0,177.0,-16.4116136191854
46879,1342.0,17.0,6.0,2.94535025534905
317852,146.0,5.0,99.0,-2.11864332441517
425333,85.0,1898.0,115.0,0.969715336971338
169395,1905.0,195.0,51.0,-2.29171443137451
286791,1332.0,85.0,77.0,-2.0857714777516
388027,47.0,1927.0,111.0,-0.686197782337007
46854,20.0,677.0,6.0,1.48604094273876
335161,1925.0,48.0,102.0,11.4115238063713
265731,1924.0,748.0,73.0,4.67883343556735
24966,1884.0,1560.0,4.0,1.86757263521421
161946,1875.0,1892.0,168.0,2.06421653281605
208348,1916.0,788.0,178.0,0.256048545438799
344429,83.0,1907.0,104.0,-2.07279078906552
263771,1559.0,1889.0,73.0,1.58119887239753
244663,1332.0,147.0,69.0,-0.0375128006128139
168996,1926.0,47.0,51.0,7.71931320322122
235116,1888.0,1900.0,60.0,-2.92116209378952
277679,1896.0,1887.0,75.0,-0.366909230367913
275995,1905.0,120.0,179.0,-4.68063404288779
212189,3.0,748.0,178.0,-9.74335563343773
236867,82.0,1896.0,60.0,1.14012223149927
28084,163.0,1912.0,4.0,-5.52752605204281
345097,14.0,1893.0,104.0,1.59442605889425
313726,3.0,131.0,186.0,6.67048214291722
182931,85.0,146.0,174.0,-2.52200860335821
360890,1913.0,136.0,108.0,-7.49740625905702
275255,27.0,101.0,179.0,-4.20705103419953
369270,120.0,1560.0,180.0,6.125066574409
197507,146.0,1890.0,54.0,2.26644388545713
328224,1895.0,1671.0,101.0,0.379507310121374
257164,1896.0,1927.0,72.0,-0.631313610583425
185891,82.0,1875.0,174.0,-1.94333261485671
397542,1879.0,1888.0,112.0,0.786220196948661
334555,1925.0,1892.0,102.0,3.64701925526152
208720,1342.0,1347.0,178.0,-6.511879505686
188323,146.0,1887.0,175.0,-2.20087252319684
247283,1431.0,147.0,70.0,1.28429046233195
257359,195.0,17.0,72.0,4.54445419775534
168043,1893.0,1890.0,51.0,0.34268837175382
9263,948.0,1922.0,2.0,-4.7295881102903
301223,1912.0,1895.0,98.0,-0.979497467957942
345378,163.0,1430.0,104.0,1.06420539573843
218689,1183.0,1911.0,56.0,-6.13339925490867
12972,160.0,1927.0,2.0,-4.53889071542777
182262,1879.0,1882.0,174.0,-0.14290007263958
211649,82.0,1348.0,178.0,6.84887557611761
204151,948.0,1919.0,177.0,19.5177047678639
25978,1922.0,1923.0,4.0,-1.22576236591277
283964,1897.0,13.0,77.0,-4.25656810828527
194579,1880.0,164.0,176.0,-4.05256564207529
330917,1875.0,1894.0,102.0,2.9154164553128
325588,1917.0,1902.0,100.0,1.21423255100298
281918,1923.0,1928.0,75.0,-0.778211085771268
31604,1895.0,72.0,166.0,7.64894677798757
103900,14.0,1909.0,173.0,-11.634307918791
232821,1877.0,1912.0,58.0,-2.82856957656191
256804,1916.0,1923.0,72.0,-0.657973058027868
376454,1926.0,1224.0,109.0,7.55720225364813
183913,948.0,1921.0,174.0,0.605921529246477
437706,20.0,748.0,116.0,-9.1239415823778
371093,1876.0,1348.0,180.0,-3.2916943448469
252303,1904.0,1560.0,71.0,2.61602381454179
358653,101.0,1916.0,108.0,6.21431949063011
256882,1908.0,131.0,72.0,-2.67759641392606
320049,1915.0,1922.0,99.0,-0.547632306114247
6633,1925.0,18.0,1.0,5.00887401481178
177848,1880.0,748.0,53.0,0.787568234803372
398971,1909.0,1347.0,112.0,7.21014247787196
186757,1347.0,1902.0,174.0,-6.69126938559483
26578,1880.0,1903.0,4.0,-0.274287434032164
328722,48.0,788.0,101.0,-0.603361589434155
238275,1913.0,1912.0,60.0,-5.09616574774589
64580,27.0,1903.0,10.0,-0.749149838882836
208079,1900.0,1224.0,178.0,-4.98421210683922
390362,544.0,1912.0,111.0,8.77449861202267
236060,85.0,164.0,60.0,-1.13336246409868
269034,1331.0,1911.0,74.0,1.16874458583941
17867,604.0,1889.0,3.0,1.73394989175565
72436,72.0,1927.0,13.0,-2.95691884100975
66728,1890.0,1921.0,12.0,6.50986240595522
200576,163.0,5.0,54.0,-1.54227679382974
399813,27.0,1883.0,112.0,0.467563953278426
107606,1894.0,788.0,45.0,-5.81311882546635
98982,1905.0,11.0,44.0,10.7559764041196
192947,1920.0,150.0,176.0,-0.964315448738397
313255,160.0,229.0,186.0,-0.402612067313869
108973,3.0,5.0,45.0,-0.977144003485932
370269,1920.0,164.0,180.0,4.61516233695606
261774,164.0,1892.0,73.0,3.5550050231196
321593,147.0,131.0,100.0,3.58787858942032
323511,229.0,1919.0,100.0,3.35685165798204
106360,83.0,1879.0,45.0,-1.41639907080027
328442,655.0,1899.0,101.0,12.5012736920287
268205,948.0,1885.0,74.0,-1.41012079923234
222113,1877.0,1904.0,56.0,-1.46965249036188
625396,120.0,1902.0,177.0,-1.1197641936538152
282354,1560.0,1910.0,77.0,-2.77417218421614
263740,1880.0,788.0,73.0,-6.60729512993801
190867,1342.0,1879.0,175.0,0.611459345873542
325193,1906.0,1903.0,100.0,-0.542451985578922
47579,1913.0,1559.0,6.0,3.00462887871291
29569,1183.0,85.0,166.0,-10.4911573603686
8626,47.0,1928.0,1.0,-3.10719110653418
327508,1559.0,748.0,101.0,0.581275055968166
375308,1926.0,1894.0,109.0,0.30140708029844
171924,1331.0,1910.0,52.0,-3.67179045009967
188480,748.0,1893.0,175.0,-0.153090129949645
191154,1915.0,120.0,175.0,5.4951796504178
103541,1905.0,1907.0,173.0,-13.3054854599513
228790,47.0,1348.0,58.0,-4.40342407599459
180577,83.0,5.0,53.0,15.3909387939272
287070,1919.0,1928.0,77.0,1.41961241666345
181170,1877.0,1671.0,53.0,-14.7696613994905
166414,1331.0,131.0,51.0,2.21167807452256
316681,1879.0,147.0,99.0,3.11699800690481
436890,27.0,1896.0,116.0,-4.54208934365912
274512,1342.0,1183.0,179.0,-6.03514962435231
300537,1559.0,1348.0,98.0,0.31400284059777
303700,1920.0,1904.0,98.0,-1.88023261671997
255550,1926.0,1890.0,71.0,5.65994330998276
277796,1914.0,1923.0,75.0,2.90154225701658
311138,1875.0,11.0,186.0,3.5068693240511
100935,72.0,1671.0,173.0,-0.842176487859874
199100,5.0,788.0,54.0,-4.58267872820145
303247,1913.0,1909.0,98.0,-5.04666462396402
53485,1898.0,1928.0,7.0,-12.2433393036731
170876,544.0,1890.0,51.0,8.1836045024486
98253,1337.0,1923.0,44.0,-17.1607958925619
374115,1183.0,1431.0,109.0,-1.42465575181031
338903,48.0,1908.0,103.0,-4.09694620022606
62831,1913.0,1183.0,10.0,2.70910787648349
210125,1559.0,101.0,178.0,8.60291921872825
425483,1883.0,1910.0,115.0,3.37121658705278
262997,748.0,1911.0,73.0,1.52842778498876
232330,1926.0,11.0,58.0,14.1158605928989
236296,1431.0,5.0,60.0,-1.51961062371819
6140,1902.0,14.0,1.0,2.06017843017823
214313,1896.0,17.0,55.0,5.01295540924381
400370,604.0,5.0,112.0,3.9029540548153
240822,1904.0,1347.0,69.0,0.327435214057121
275754,1337.0,1895.0,179.0,9.49714267106776
105471,1892.0,1928.0,173.0,-21.6722288838124
337581,1887.0,150.0,103.0,1.24053623639739
69748,27.0,1927.0,12.0,-15.7805703161674
415082,1905.0,1899.0,114.0,6.29237387065701
328032,1899.0,85.0,101.0,-3.54889017705703
321923,1878.0,1897.0,100.0,-5.52627991009645
184433,229.0,1899.0,174.0,6.4153167841736
170502,48.0,1927.0,51.0,-8.31213207024814
263648,101.0,1916.0,73.0,3.60652423550692
235955,17.0,1890.0,60.0,-2.14087803297167
44555,1671.0,1908.0,6.0,13.0941174339876
52445,1925.0,1896.0,7.0,5.21169320308509
244177,20.0,11.0,69.0,1.21114355561949
47885,544.0,1890.0,6.0,9.52879710592159
168310,147.0,1431.0,51.0,-1.03480175790786
64299,1925.0,1920.0,10.0,-8.10170085215591
234216,677.0,1914.0,60.0,1.55799114714288
271461,3.0,1928.0,74.0,-2.9567537530929
112596,1893.0,1907.0,167.0,3.15296505367137
30001,11.0,788.0,166.0,-4.62444348269711
286673,1925.0,748.0,77.0,9.79043923261614
280765,48.0,1904.0,75.0,-5.40603529040299
26659,1905.0,1898.0,4.0,10.0519714006804
243388,1915.0,788.0,69.0,2.89891054042093
313066,1924.0,1883.0,186.0,-7.61543202520715
189789,1337.0,72.0,175.0,-5.77278768959664
174897,1913.0,1896.0,52.0,-3.78248842141603
210796,1430.0,1331.0,178.0,-11.6380141282911
65821,1891.0,1895.0,12.0,0.248518786087296
398512,1882.0,677.0,112.0,6.39321523355398
33036,1920.0,1905.0,166.0,-1.5110807351901
3649,1899.0,5.0,1.0,-0.463988145513344
7661,1906.0,147.0,1.0,-0.877513770793347
70716,1879.0,47.0,13.0,-3.05847412594319
413942,15.0,1890.0,114.0,-2.34266975336904
210831,48.0,1880.0,178.0,4.20552383694403
174469,1906.0,164.0,52.0,1.87954408097317
397131,1903.0,1882.0,112.0,-0.749342578632371
162290,948.0,1906.0,168.0,-3.63748283334589
302095,1881.0,1908.0,98.0,3.78508511206427
390140,604.0,1904.0,111.0,2.85991719360147
325562,14.0,1928.0,100.0,-9.39442837988306
304146,1337.0,1912.0,98.0,8.12000407119253
330878,1909.0,1910.0,102.0,-3.63873597338726
425246,1895.0,788.0,115.0,4.3042433265425
192488,1912.0,13.0,176.0,2.00371069229776
3585,1883.0,1911.0,1.0,1.17611254703204
270563,1337.0,13.0,74.0,-12.2668151395361
398311,1880.0,1224.0,112.0,-1.67833296350501
399932,1342.0,164.0,112.0,9.08076705107915
237957,83.0,5.0,60.0,0.908446425141052
359732,48.0,1898.0,108.0,-6.83173226380039
262969,748.0,1927.0,73.0,2.08716757862012
207013,1924.0,1671.0,177.0,6.98193704839673
111689,1890.0,1901.0,167.0,2.88999234473719
212826,101.0,47.0,55.0,5.78956553501934
327621,146.0,1916.0,101.0,0.93857626119811
52348,14.0,1889.0,7.0,-1.29005688950141
85533,72.0,1431.0,172.0,-0.354248929367737
311203,1431.0,1916.0,186.0,0.867976558399663
303158,14.0,1880.0,98.0,-1.86318776349462
190128,48.0,1926.0,175.0,-6.62049328963431
342431,1909.0,677.0,104.0,-2.72818307050538
346055,1924.0,1911.0,104.0,3.40158931397944
397847,1896.0,1888.0,112.0,-0.355258372453561
336855,147.0,1224.0,103.0,0.221893432454172
377170,604.0,3.0,109.0,1.75892275633774
401246,160.0,1342.0,112.0,8.64455189912811
286882,1915.0,1560.0,77.0,-6.01100858749346
62022,748.0,11.0,10.0,2.47764903942542
231511,1876.0,72.0,58.0,-9.98202131620704
186541,229.0,3.0,174.0,-5.24367262376681
50439,195.0,1890.0,7.0,0.0673153653574792
85873,1183.0,1893.0,172.0,8.91368032819966
225551,1431.0,788.0,57.0,-4.73881092406584
264174,1925.0,18.0,73.0,1.06362144773459
346139,604.0,1903.0,104.0,2.71969942254719
192699,1909.0,1224.0,176.0,1.21627149584507
413648,1331.0,15.0,114.0,2.7584783830388
62998,1906.0,1881.0,10.0,-3.93058050756463
345910,82.0,1927.0,104.0,-17.8678962252042
357550,1912.0,1560.0,108.0,-4.06241366651249
86947,1896.0,1882.0,172.0,-0.947962457990272
88392,160.0,788.0,172.0,4.37018109453096
56202,85.0,1881.0,9.0,1.55539651124667
249089,655.0,1887.0,70.0,1.7542316729379
71435,1906.0,150.0,13.0,1.9971328375257
301716,1887.0,1882.0,98.0,2.8468298508987
181338,544.0,677.0,53.0,-7.37094853150859
203993,1891.0,1912.0,177.0,5.36822181617312
232939,229.0,1927.0,58.0,-10.7926454356111
424000,101.0,1923.0,115.0,3.0999667371653
318114,1342.0,47.0,99.0,-9.29410358926863
220029,1347.0,1927.0,56.0,-6.98477454012743
397391,1889.0,1912.0,112.0,0.699307229551521
63998,1915.0,1918.0,10.0,9.98336445345602
87561,1880.0,131.0,172.0,-2.04489304915197
234557,1224.0,5.0,60.0,-1.80026219036604
415304,1894.0,1904.0,114.0,0.0679507516257601
110454,1884.0,1928.0,45.0,-0.510518064952672
161785,1897.0,1913.0,168.0,1.38388618230978
300964,1899.0,1882.0,98.0,1.12804973601156
217803,1920.0,1928.0,55.0,1.4911279546223
204236,677.0,1914.0,177.0,-1.50244451779545
252078,1348.0,1910.0,71.0,-1.81113200437916
321260,13.0,1914.0,100.0,-0.682400169688688
255711,1915.0,1890.0,71.0,0.917414296722656
28664,1924.0,1890.0,4.0,4.13072368250828
96749,1348.0,131.0,44.0,-6.25236217519027
181634,1671.0,1928.0,53.0,6.5988439771046
63690,544.0,1884.0,10.0,3.60681682426545
425149,1918.0,1927.0,115.0,1.94967087630796
373399,1898.0,677.0,109.0,-1.85965444133021
339841,48.0,1891.0,103.0,20.6379968553757
279314,1901.0,1927.0,75.0,-8.35097105549967
244713,1925.0,1889.0,69.0,-4.67290410471535
331019,1881.0,13.0,102.0,1.46279644554971
396692,1560.0,677.0,112.0,-0.427023114127209
266109,163.0,1928.0,73.0,1.98149380482154
300779,1903.0,1892.0,98.0,-4.23377147543208
205214,1915.0,1894.0,177.0,-0.827853195479053
171572,1895.0,1916.0,52.0,2.95467356180097
339182,27.0,1883.0,103.0,3.76906279500034
66464,131.0,1922.0,12.0,-0.176513668573922
256120,1348.0,1921.0,72.0,0.397803892686982
113289,655.0,85.0,167.0,2.56951147036525
271528,1898.0,1902.0,74.0,-14.967517369242
256360,1906.0,1887.0,72.0,3.53113813449982
105158,1924.0,1890.0,173.0,1.82453985230785
18807,20.0,1928.0,3.0,-5.49805981181644
184475,655.0,1908.0,174.0,-1.38778141710952
261666,1883.0,17.0,73.0,-1.16957281996276
203805,1879.0,1878.0,177.0,-7.93248325014027
321336,1897.0,1921.0,100.0,-1.30555809888388
304094,20.0,120.0,98.0,-0.852185903804934
337595,147.0,1898.0,103.0,-3.01588045081966
59381,1878.0,1928.0,9.0,6.38894080121677
310772,1917.0,1927.0,186.0,-0.775810120918366
269841,1430.0,1906.0,74.0,6.25703045404178
199793,1887.0,1901.0,54.0,-0.862216653028833
216708,1342.0,1877.0,55.0,0.65430515237053
412793,1889.0,1431.0,114.0,-5.39438321391949
335248,14.0,1886.0,102.0,1.82865338740646
176288,1925.0,3.0,52.0,-8.52026032858248
280795,1342.0,1877.0,75.0,-1.62167401347784
319791,544.0,1342.0,99.0,-17.3253647474801
110283,160.0,3.0,45.0,4.51675093951997
51291,229.0,1908.0,7.0,-1.21193283244563
340082,1924.0,13.0,103.0,-3.05889348585375
48811,1880.0,150.0,7.0,-4.0531069921554
196386,1919.0,1430.0,176.0,10.9802435715557
44366,85.0,72.0,6.0,-1.25964992580086
32221,1337.0,164.0,166.0,-9.79499361834802
240859,1347.0,1923.0,69.0,-9.58514142874155
370664,83.0,101.0,180.0,-0.587042418795963
212786,1897.0,1921.0,55.0,-2.44886408009583
49053,101.0,1918.0,7.0,-5.79856375106433
220462,1886.0,1897.0,56.0,-1.19941502755494
233484,655.0,14.0,58.0,-10.9876770513355
388728,1888.0,1671.0,111.0,-5.08532699200856
283795,1342.0,1911.0,77.0,-8.61608409866766
18792,47.0,1928.0,3.0,-1.36528179845754
200295,544.0,1898.0,54.0,7.08592070502545
44346,948.0,18.0,6.0,7.29532262849862
287051,1337.0,1928.0,77.0,2.40890941305157
423121,1887.0,1224.0,115.0,0.168853564176995
371494,1924.0,120.0,180.0,0.563358477913106
233935,11.0,1918.0,60.0,2.16254070108507
319181,1876.0,1889.0,99.0,-4.43854270581763
636001,120.0,1902.0,77.0,2.04424655414623
32129,1926.0,195.0,166.0,-1.8317114386663
90114,1913.0,1876.0,172.0,3.11095857599001
216207,1925.0,163.0,55.0,4.37691145259057
438013,82.0,1903.0,116.0,4.32576245964862
317117,147.0,1560.0,99.0,1.08711054320823
435580,1878.0,1922.0,116.0,-1.97693266103
202954,83.0,1347.0,177.0,-1.10955378012027
259497,27.0,1891.0,72.0,9.46982124519815
326900,1912.0,1909.0,101.0,-7.34376134672361
190117,655.0,1909.0,175.0,18.8443608067898
281564,604.0,1911.0,75.0,1.29489311692501
87039,120.0,1347.0,172.0,7.42683584174905
335325,655.0,120.0,102.0,2.46936763401256
214301,136.0,1875.0,55.0,0.244567704905461
50349,1887.0,1881.0,7.0,-3.25499992602302
261196,1895.0,1907.0,73.0,2.60821454223057
107084,948.0,1879.0,45.0,3.43294324501941
236096,85.0,1898.0,60.0,-1.07517851509579
25901,147.0,18.0,4.0,-1.19208700899677
54885,1883.0,131.0,9.0,-1.46882139242634
254101,1920.0,1916.0,71.0,0.820293217276686
67623,1891.0,1907.0,12.0,-0.181245006475238
267471,136.0,1922.0,74.0,-2.4636132968736
243185,1560.0,1927.0,69.0,1.33335957796918
15039,1886.0,1883.0,3.0,3.72472255736779
344674,604.0,1331.0,104.0,-9.80490850140643
47167,1926.0,1879.0,6.0,-5.29159850333438
245994,1889.0,1918.0,70.0,0.25884421637427
415486,655.0,47.0,114.0,11.4679921748493
346348,1910.0,1902.0,104.0,1.24309911015673
232660,1915.0,20.0,58.0,1.71915220984393
85762,1559.0,1922.0,172.0,5.84424464581935
112224,17.0,1890.0,167.0,-3.49148407544635
252971,1904.0,17.0,71.0,-9.3891428236988
275199,1905.0,17.0,179.0,1.16323148344045
74108,1925.0,1431.0,13.0,6.22423485512339
397357,1431.0,1927.0,112.0,-4.5698997268517
344252,14.0,72.0,104.0,-1.15749883830872
265356,14.0,136.0,73.0,0.236465706975932
389208,1905.0,1183.0,111.0,-4.49243648744655
437588,163.0,1920.0,116.0,-0.309912095906763
62140,948.0,27.0,10.0,1.72342287569829
412668,101.0,1881.0,114.0,16.0583728698819
330731,1897.0,1928.0,101.0,-1.119042416643
423535,1183.0,1884.0,115.0,0.990397345061216
369399,1347.0,1899.0,180.0,-8.26762589835452
400996,1877.0,1559.0,112.0,2.09076512805388
18472,1925.0,1911.0,3.0,0.110830483529198
114074,1876.0,101.0,167.0,23.2547141383473
322885,1897.0,195.0,100.0,-56.2458490312772
205098,1877.0,1922.0,177.0,6.51720146732823
370370,3.0,1885.0,180.0,-1.9733901026536
25771,1891.0,72.0,4.0,5.59423005937551
282563,1894.0,13.0,77.0,-0.94930286868554
280095,160.0,1926.0,75.0,-0.809516632155388
180960,82.0,120.0,53.0,3.86465835776867
49455,1888.0,11.0,7.0,-4.01512575634048
202290,1905.0,1902.0,54.0,2.91420332178079
260143,3.0,1559.0,72.0,-4.70310704176582
30487,1348.0,1917.0,166.0,-3.36042218188524
390413,229.0,1559.0,111.0,0.891525826712529
185716,20.0,5.0,174.0,2.00898430804915
234189,1887.0,1560.0,60.0,-0.284093641339991
163920,604.0,1923.0,168.0,-2.66839929140436
233943,1880.0,17.0,60.0,-1.9855603263598
358755,1559.0,1897.0,108.0,-3.51705837385599
339231,1430.0,1901.0,103.0,0.447050279772764
260764,1337.0,1908.0,72.0,-8.41559210737959
205228,1332.0,1894.0,177.0,-7.39929033973618
272682,1878.0,1671.0,179.0,1.22229646141161
216153,14.0,1885.0,55.0,0.0320736330311812
312897,1926.0,160.0,186.0,3.47514416789214
241965,1879.0,146.0,69.0,-6.63447575608996
201520,1919.0,1430.0,54.0,-0.67546076596212
211805,83.0,1888.0,178.0,5.79948568232914
105046,544.0,948.0,173.0,3.29553784982287
273640,101.0,1880.0,179.0,4.40223899494004
171871,1891.0,1911.0,52.0,-0.858172215475212
272307,47.0,1907.0,179.0,-3.52617386116247
46880,1926.0,1893.0,6.0,31.9458006744524
17905,1877.0,1348.0,3.0,-5.52943323882969
49181,82.0,150.0,7.0,2.5321285217491
325239,229.0,1911.0,100.0,-2.421625981019
206057,1926.0,17.0,177.0,-10.8445455999338
300490,1891.0,1886.0,98.0,0.560828124716185
229966,1895.0,1889.0,58.0,0.706458978814759
252134,1888.0,1907.0,71.0,0.587166472612364
280176,229.0,1331.0,75.0,-4.65606609089755
325652,85.0,1881.0,101.0,0.860624788726193
261269,195.0,1917.0,73.0,4.22799171057518
28066,229.0,1889.0,4.0,1.53943422421113
193690,1889.0,164.0,176.0,-1.89755573984638
278926,72.0,1431.0,75.0,-1.94209837090285
163783,1905.0,1923.0,168.0,-8.94173213076466
48080,1925.0,15.0,6.0,10.4947559520265
194467,120.0,131.0,176.0,-2.67306088150858
188178,101.0,1900.0,175.0,4.06715414063352
237678,163.0,1893.0,60.0,15.4145994680864
283556,1900.0,1916.0,77.0,0.573377281481678
73417,1876.0,788.0,13.0,2.63482896279237
161685,1347.0,18.0,168.0,-21.0877103589228
235673,147.0,1895.0,60.0,-0.247260591493221
167619,1887.0,1904.0,51.0,2.59343512391476
259876,1925.0,1904.0,72.0,-1.40589052283733
397376,1348.0,1921.0,112.0,0.29981970709914
262122,748.0,150.0,73.0,-2.87568232936643
327038,1904.0,13.0,101.0,-1.44055917766604
231095,1886.0,1917.0,58.0,-0.461720296788263
13131,14.0,1927.0,2.0,-2.60323714343939
27879,1342.0,1918.0,4.0,-2.71527840782396
633554,1904.0,1902.0,108.0,-0.1224599792938849
13021,160.0,1888.0,2.0,-2.50524470835253
219624,1883.0,1224.0,56.0,-0.527814450651121
332627,1892.0,1922.0,102.0,0.148702436488612
51790,1913.0,229.0,7.0,-6.7154666293527
253956,1924.0,18.0,71.0,1.08070809254411
64136,20.0,136.0,10.0,-13.6548773101385
372984,1878.0,1881.0,109.0,0.0184083478832404
181880,85.0,1918.0,174.0,0.359878896862348
368576,1903.0,17.0,180.0,7.6810818191656
338589,101.0,1909.0,103.0,1.93039114237409
422844,1671.0,1224.0,115.0,-2.92349224225695
191059,1332.0,1888.0,175.0,-0.485675104025048
113388,1876.0,1923.0,167.0,-8.16995232171608
177909,164.0,1927.0,53.0,0.634397350243829
436622,20.0,131.0,116.0,-3.24101169581004
10813,136.0,1889.0,2.0,0.350489354362908
215521,82.0,47.0,55.0,-4.46042357377469
85886,1915.0,1347.0,172.0,-2.73963291278579
96578,85.0,1890.0,44.0,0.166224665383167
436769,14.0,101.0,116.0,1.51657532862589
30311,1875.0,1884.0,166.0,8.22909768100982
240734,948.0,1898.0,69.0,0.676770016251969
191651,1913.0,20.0,175.0,2.3898781753035
88051,1885.0,1916.0,172.0,1.0272822352101
343727,948.0,5.0,104.0,5.76633950012561
335588,3.0,1900.0,102.0,-0.617186007105815
181511,1925.0,1337.0,53.0,6.5468309169464
245210,14.0,15.0,69.0,0.118862737076253
181692,1891.0,1928.0,53.0,0.218491894809404
196926,1925.0,1906.0,176.0,2.62214907117355
232038,27.0,131.0,58.0,20.0472215181413
300872,1559.0,5.0,98.0,4.55491310417639
316214,147.0,1671.0,99.0,-0.621725568390272
224133,1887.0,1886.0,57.0,4.19055378985681
25826,1877.0,1898.0,4.0,1.23052886377092
189305,1887.0,1907.0,175.0,-3.38821743032102
86889,1879.0,1331.0,172.0,-0.0297359284958231
201085,1342.0,1905.0,54.0,-10.5237386362222
55213,1431.0,1916.0,9.0,-0.491843313267002
323771,1342.0,1916.0,100.0,4.77986443337261
276699,131.0,1928.0,179.0,-4.08874866561687
64994,1890.0,1902.0,10.0,-5.89453406987933
11917,1342.0,1885.0,2.0,2.31341459523923
187829,1898.0,1560.0,175.0,5.31932272909057
300336,1896.0,1910.0,98.0,0.822408474286319
220297,72.0,1917.0,56.0,2.55274228597143
195663,655.0,1347.0,176.0,-0.185970229268438
277957,1431.0,1348.0,75.0,-2.22690025345869
318768,1926.0,1431.0,99.0,0.428194719017825
302770,604.0,82.0,98.0,5.79477338225845
71051,1903.0,1901.0,13.0,5.930644806033
426061,1925.0,1887.0,115.0,0.605993420717304
313017,27.0,1894.0,186.0,-8.46826471697097
245090,1877.0,83.0,69.0,-5.50446141680238
316551,1348.0,17.0,99.0,2.25262940180846
279299,948.0,1559.0,75.0,4.73371362691418
276314,48.0,1900.0,179.0,9.45161788691572
310236,1904.0,1890.0,186.0,-4.60732916408404
185933,1913.0,120.0,174.0,-2.45814442823029
198302,1894.0,1916.0,54.0,1.6093095122894
73493,48.0,1883.0,13.0,-5.74134822724664
330262,655.0,1560.0,101.0,1.41758122740167
337461,1559.0,1671.0,103.0,1.26713427238751
112146,1909.0,1923.0,167.0,0.124897561386478
61177,1331.0,131.0,10.0,-0.834815946488691
245181,1877.0,1671.0,69.0,-4.84255757015825
304203,3.0,136.0,98.0,13.0378900067033
179203,1899.0,1898.0,53.0,-0.870532859578959
245900,120.0,1898.0,70.0,-0.381958439760417
110268,27.0,1560.0,45.0,1.12820134281848
56420,1224.0,1901.0,9.0,1.55818212769652
318065,27.0,1919.0,99.0,0.873979646476557
109201,1924.0,17.0,45.0,-0.368935604671091
108693,1876.0,1331.0,45.0,-18.3260259424224
375502,1915.0,195.0,109.0,2.45982486885631
326245,948.0,11.0,101.0,-5.03182302006527
178124,1901.0,1922.0,53.0,-7.54344443785137
437371,1332.0,13.0,116.0,-5.23989917470205
179142,1430.0,1332.0,53.0,-3.55570104340732
319710,3.0,1886.0,99.0,0.939817658343352
59893,1331.0,1927.0,10.0,-8.32768189562396
66201,1883.0,1921.0,12.0,5.1375944283222
221482,1430.0,1909.0,56.0,7.60485667800654
95708,1183.0,150.0,44.0,28.8263847350961
427517,1876.0,15.0,115.0,-0.779882031163741
201010,160.0,150.0,54.0,7.40942898827217
286650,82.0,1430.0,77.0,3.58417886107714
62709,1919.0,788.0,10.0,4.41731386269486
10669,83.0,1898.0,2.0,-3.11335648288237
109413,604.0,13.0,45.0,4.6008503547906
251195,1904.0,1900.0,71.0,5.21952937734706
69428,1920.0,1917.0,12.0,-2.80843956542796
31777,1909.0,1898.0,166.0,-2.23867225979269
359961,604.0,1901.0,108.0,-1.63093846994739
229042,146.0,1908.0,58.0,-3.70826758015581
30384,1348.0,1347.0,166.0,8.22661050754991
358993,1893.0,18.0,108.0,-1.76601383082367
279633,82.0,14.0,75.0,2.08155682603539
438327,1928.0,1902.0,116.0,1.64757445595374
317396,1881.0,18.0,99.0,0.0329944627353128
73618,163.0,195.0,13.0,1.64935412981254
255722,1913.0,1921.0,71.0,2.3605661380052
388249,1560.0,1908.0,111.0,14.8341698376031
224188,13.0,1224.0,57.0,-3.30098093685694
203465,5.0,677.0,177.0,1.4083877760455
259519,1332.0,1891.0,72.0,5.9612609552512
323741,1905.0,229.0,100.0,-1.16085155461562
191403,20.0,1878.0,175.0,-5.21424583469298
256000,85.0,195.0,72.0,2.58538819214182
50465,1899.0,1912.0,7.0,3.39033832077846
247530,1889.0,18.0,70.0,-3.66995273188545
46992,1342.0,1884.0,6.0,-1.31282202416757
33179,1877.0,1896.0,166.0,-2.1564697411112
237961,1876.0,1348.0,60.0,-1.37307707891612
435501,1892.0,1910.0,116.0,1.86812982252119
85449,1896.0,17.0,172.0,-0.0583720404907961
189481,1893.0,1916.0,175.0,-0.822612489533688
89548,1919.0,13.0,172.0,5.77465513563546
256258,1895.0,1889.0,72.0,3.49569447108823
216843,1915.0,1918.0,55.0,4.7954090571234
56533,788.0,1923.0,9.0,-1.65373233480986
267765,1881.0,1671.0,74.0,0.193537159018726
267417,146.0,1881.0,74.0,-0.812206881900862
327828,1887.0,1888.0,101.0,4.69143227712321
50650,1888.0,1918.0,7.0,0.680606839721491
263290,1897.0,1898.0,73.0,3.72369890097752
334733,1877.0,5.0,102.0,3.76906856224775
254144,229.0,1916.0,71.0,-0.0500776752432023
186805,948.0,1898.0,175.0,0.129897999647661
165735,1906.0,1900.0,168.0,0.295472928617405
328783,1926.0,1898.0,101.0,-10.3826170957046
167803,47.0,1348.0,51.0,-2.33304930334713
436549,1925.0,1901.0,116.0,-5.49311822784471
188266,195.0,17.0,175.0,5.79692599393227
182243,17.0,1923.0,174.0,-4.31615257053975
243782,1876.0,229.0,69.0,-1.48383587382225
186678,655.0,1928.0,174.0,-5.78813711674097
181404,1924.0,1903.0,53.0,10.724204745851
164365,1337.0,131.0,168.0,-6.38431239623646
174196,1332.0,788.0,52.0,-0.200458779669856
197731,1878.0,1560.0,54.0,2.25481076823049
70364,1892.0,1902.0,12.0,-0.434729329267731
372694,1884.0,1918.0,109.0,2.24040384168424
338541,1904.0,1908.0,103.0,1.01891318963316
29662,1431.0,15.0,166.0,-1.65986222740791
3807,1902.0,1882.0,1.0,0.777902440404943
648628,1559.0,1902.0,54.0,-2.273648314146575
108900,1430.0,131.0,45.0,-12.9840617518751
257766,1883.0,1917.0,72.0,2.76542448003769
103047,101.0,1897.0,173.0,0.0181768121675411
332344,1891.0,1904.0,102.0,5.14576998229862
208242,948.0,1875.0,178.0,0.143765421834967
629451,1909.0,1902.0,56.0,1.4187856739806113
85952,1895.0,18.0,172.0,7.75160136248542
301308,1878.0,5.0,98.0,5.54089854703391
44798,1878.0,1922.0,6.0,-7.57544367860693
112473,1896.0,1890.0,167.0,-0.890928585512928
325710,164.0,15.0,101.0,1.43918499054991
27377,1905.0,1885.0,4.0,-10.2689895434548
54626,1909.0,1347.0,9.0,3.45171857921585
109557,1919.0,1918.0,45.0,3.97979989473382
176904,47.0,1224.0,53.0,-2.92129735886003
8615,1892.0,1902.0,1.0,-2.04762150787e-05
113746,1920.0,1881.0,167.0,-7.00956543631323
371408,48.0,147.0,180.0,8.10214993625158
341889,1887.0,1895.0,104.0,-2.25673702262373
112379,1671.0,1347.0,167.0,3.17473721222256
210994,20.0,1916.0,178.0,-11.8266320123879
73017,1888.0,1348.0,13.0,3.63962261681968
285072,1924.0,1919.0,77.0,8.01765171312179
15147,1884.0,85.0,3.0,3.03248170668301
197790,101.0,11.0,54.0,0.601340212022751
56010,1902.0,1906.0,9.0,-0.115963706063742
369337,1887.0,1917.0,180.0,20.4070646057272
269814,1342.0,5.0,74.0,-0.573928593521344
252417,1895.0,15.0,71.0,6.40482167442587
434507,1905.0,1898.0,116.0,0.822865570017165
244053,1906.0,1892.0,69.0,-1.28583012936326
259325,1876.0,1885.0,72.0,6.92089640959319
250715,1919.0,1922.0,70.0,-3.68916424303288
375175,1919.0,1923.0,109.0,3.29516791081992
96912,748.0,1898.0,44.0,-0.0054913205503269
62603,1183.0,195.0,10.0,4.86268590447155
434642,1183.0,120.0,116.0,-3.70617169797967
375407,1906.0,1881.0,109.0,0.947724537103492
170645,1342.0,1886.0,51.0,0.0570927073331051
216665,1913.0,1889.0,55.0,-7.68588479874269
273100,1430.0,1899.0,179.0,1.26444554888751
283022,1880.0,1890.0,77.0,-6.4922745105889
343849,1880.0,5.0,104.0,-1.30199623745445
368062,146.0,1914.0,180.0,-3.45282592471857
266347,1888.0,1671.0,74.0,6.62698022795603
60247,1348.0,1921.0,10.0,5.8596200993394
260835,163.0,15.0,72.0,4.86179141269236
273215,1897.0,1901.0,179.0,1.55625861812136
174279,1877.0,1907.0,52.0,6.33935617023108
373897,13.0,1224.0,109.0,-5.59499949515797
220284,147.0,164.0,56.0,0.921253264505858
317645,1885.0,1922.0,99.0,7.50620353650704
24296,677.0,1890.0,4.0,1.56882355931777
205069,47.0,1890.0,177.0,-3.28414996769895
277886,1897.0,1913.0,75.0,-3.32026034994026
642175,1888.0,1902.0,174.0,-0.12517164541274
344226,604.0,1883.0,104.0,-1.94231266801904
7772,1337.0,1888.0,1.0,6.68010160991197
56440,1890.0,1914.0,9.0,-0.912660117298293
345042,544.0,1893.0,104.0,6.59217080625073
262946,1431.0,1923.0,73.0,-2.54560057013796
269247,14.0,1923.0,74.0,2.71498936911361
34249,1906.0,1928.0,166.0,-5.79287500573116
338887,1924.0,1908.0,103.0,4.46065168101268
196480,544.0,1920.0,176.0,-1.84117848730019
415321,83.0,1911.0,114.0,5.08625778928087
170336,1925.0,1912.0,51.0,15.4018845114509
60675,1671.0,1918.0,10.0,-2.2101964290307
275666,3.0,13.0,179.0,16.932469721099
360628,1915.0,1348.0,108.0,-16.4637466229736
47999,1926.0,1906.0,6.0,2.98997482368411
311116,1894.0,1921.0,186.0,-2.33671319067758
215097,1878.0,1891.0,55.0,-11.4162685245431
273607,1907.0,1890.0,179.0,-1.78350435468089
425530,1183.0,150.0,115.0,1.74634736175291
375853,1342.0,131.0,109.0,-1.871923501372
230687,1559.0,1923.0,58.0,-2.40065737497913
90228,655.0,14.0,172.0,-7.59482823280787
232372,1876.0,1893.0,58.0,-2.84260967012766
201992,1926.0,1882.0,54.0,-5.89875117913699
226448,544.0,1887.0,57.0,1.26455275762848
166879,1559.0,1909.0,51.0,6.36218127399492
337831,948.0,1917.0,103.0,5.45942525789642
218507,1879.0,11.0,56.0,-1.49909891002932
275483,48.0,150.0,179.0,4.82828516726585
211329,229.0,1891.0,178.0,-2.77738188271107
274912,48.0,1880.0,179.0,3.70918879644842
192431,1887.0,1916.0,176.0,1.67824758197375
332304,1902.0,1332.0,102.0,-1.00432242112961
17690,14.0,1348.0,3.0,-13.7544190677532
304587,604.0,1882.0,98.0,1.94229009394076
250992,1888.0,1900.0,71.0,3.56798044874464
66033,1902.0,1342.0,12.0,-0.615149479726177
53520,1878.0,1928.0,7.0,0.946563184353745
642517,1891.0,1902.0,3.0,0.35119726266297
25807,1893.0,1881.0,4.0,9.36595587549481
637208,1886.0,1902.0,74.0,-4.43767965465386
359979,1876.0,146.0,108.0,2.30255079622729
316241,150.0,1901.0,99.0,1.88060003376633
250196,1337.0,1224.0,70.0,-6.77746102110558
266007,1913.0,1921.0,73.0,1.24344384355085
218963,1560.0,1892.0,56.0,3.59281198452782
323550,1905.0,1907.0,100.0,1.89168185116628
26271,1884.0,147.0,4.0,0.178984306852891
72921,1887.0,15.0,13.0,1.99708862177399
266928,1886.0,748.0,74.0,-0.0290161842691176
16392,195.0,18.0,3.0,-2.08884269867896
225093,1886.0,1917.0,57.0,-3.3037814560867
360732,1919.0,147.0,108.0,-0.536961047935835
61534,1183.0,1892.0,10.0,-2.21856497454822
115486,15.0,1928.0,167.0,-1.44474605777613
342879,1559.0,1910.0,104.0,3.27370186775417
87294,1183.0,1875.0,172.0,3.03360943273912
171704,1896.0,72.0,52.0,3.40340526420891
205179,48.0,1183.0,177.0,20.1780875985558
168689,1891.0,1897.0,51.0,1.96986160684987
326099,1889.0,1908.0,101.0,-3.0586563220541
182432,1908.0,17.0,174.0,-2.20392137040223
106318,1880.0,1890.0,45.0,-7.13848884560265
339960,1913.0,677.0,103.0,-3.08888819179429
320344,5.0,1928.0,99.0,2.78930430633116
236000,1885.0,1883.0,60.0,5.49228275405815
26955,544.0,1923.0,4.0,-0.607159951486728
219817,1891.0,1883.0,56.0,1.01091785947872
302898,1905.0,1881.0,98.0,-4.16608171018862
214930,120.0,1912.0,55.0,7.07405718603799
46743,1332.0,101.0,6.0,10.5805280531853
375690,1342.0,5.0,109.0,-4.91729141752275
223304,1885.0,1889.0,57.0,7.81873477025291
66886,1347.0,1917.0,12.0,0.368421269945549
43390,1916.0,1914.0,6.0,-3.08158832872481
310781,1918.0,788.0,186.0,3.0469131193457
314625,229.0,83.0,186.0,5.27954729860505
207747,101.0,1883.0,178.0,3.98103849868424
400230,83.0,1914.0,112.0,6.81005610145246
194753,1891.0,1888.0,176.0,4.03155565277805
266941,136.0,1927.0,74.0,-2.62477413993898
86272,85.0,1887.0,172.0,-3.65101454423244
57463,20.0,195.0,9.0,-2.43188948409424
11331,5.0,1923.0,2.0,3.74966241185213
313888,48.0,11.0,186.0,4.51517075902182
271854,47.0,1910.0,179.0,4.55442296086714
186600,82.0,1919.0,174.0,5.5595328522106
190696,1915.0,677.0,175.0,-1.72688684234832
358083,146.0,1917.0,108.0,-1.94194803590637
324252,1430.0,1893.0,100.0,3.96172612297339
199921,17.0,1923.0,54.0,-0.882922163054396
371836,83.0,1560.0,180.0,-1.8212602497947
178013,1887.0,1908.0,53.0,3.80710097284284
220749,1224.0,1918.0,56.0,-2.12307432251523
89040,1877.0,17.0,172.0,-3.53560287631026
9148,1880.0,1560.0,2.0,2.60408212955512
229052,1875.0,1894.0,58.0,-1.53727057584022
43883,3.0,120.0,6.0,2.88445493854847
273530,1899.0,1904.0,179.0,6.56779265362656
103065,1875.0,1916.0,173.0,-2.01305673307409
168750,150.0,1916.0,51.0,0.659693740310873
322658,1888.0,1331.0,100.0,-1.09029338702327
98513,1430.0,1901.0,44.0,1.09876001192824
102462,1671.0,1347.0,173.0,3.70429842210425
182904,1894.0,1671.0,174.0,-2.83849643828869
372346,13.0,1917.0,109.0,2.45367722863258
114615,48.0,1889.0,167.0,4.69474890961473
360270,1906.0,1431.0,108.0,1.73783030203185
372614,1909.0,1224.0,109.0,-2.59070730105975
234551,1183.0,150.0,60.0,3.43995201618698
229252,101.0,1914.0,58.0,-8.61129458629453
315399,1880.0,1916.0,99.0,0.272594116940043
237504,1332.0,101.0,60.0,10.4414395857921
252515,677.0,1923.0,71.0,13.8633962041918
271709,1560.0,1921.0,179.0,-0.944538731256415
105006,655.0,1332.0,173.0,-1.25639517973313
88657,160.0,1916.0,172.0,-7.85489556924877
286973,1913.0,1890.0,77.0,-2.93892240806928
314885,544.0,1878.0,186.0,-1.1262037509584
260456,1924.0,1332.0,72.0,1.85127405769421
331149,1883.0,1912.0,102.0,3.14970809838896
4780,150.0,1908.0,1.0,1.89886416872372
67118,1889.0,677.0,12.0,3.93600583042517
262648,1880.0,11.0,73.0,-5.23738750666647
331918,1902.0,1890.0,102.0,1.05625567366738
196207,3.0,1430.0,176.0,7.95328735844482
335324,82.0,1886.0,102.0,-1.62499073588324
278611,72.0,1671.0,75.0,5.42221095380787
178198,146.0,788.0,53.0,5.1680106865047
328985,1913.0,229.0,101.0,2.90151301621218
311416,1559.0,1895.0,186.0,1.12144588485365
168350,1898.0,17.0,51.0,-2.18160198501785
283563,748.0,1917.0,77.0,-1.54311759283313
238817,48.0,3.0,60.0,-15.0193848559483
238937,1915.0,1902.0,60.0,-10.7806740529485
189343,1886.0,1881.0,175.0,4.79184437510649
236940,3.0,1919.0,60.0,-6.57658936944034
58887,604.0,1900.0,9.0,7.36118106908324
32018,1915.0,14.0,166.0,-8.0656252517053
424621,13.0,1224.0,115.0,-2.5668567728123
327898,1908.0,1921.0,101.0,-3.47299474373883
250081,160.0,1224.0,70.0,-2.53221964902417
168806,101.0,1671.0,51.0,2.82433960665071
390716,1430.0,1882.0,111.0,6.38527483400903
413162,1559.0,1907.0,114.0,-4.20460643038873
218883,147.0,1887.0,56.0,-2.12458962469027
33301,163.0,1224.0,166.0,1.26831305722888
203221,85.0,1897.0,177.0,0.10028843623719
166249,1560.0,17.0,51.0,0.661425919572454
324558,1337.0,1895.0,100.0,-1.4760479349792
217618,160.0,677.0,55.0,-4.63986432136399
329710,1877.0,1896.0,101.0,1.60973199308843
185155,1926.0,146.0,174.0,-5.44636295255473
50042,1430.0,1899.0,7.0,10.4623876836986
98787,1332.0,1880.0,44.0,-5.84311019251265
18252,14.0,1927.0,3.0,1.04029035274839
370501,1337.0,131.0,180.0,-0.610346623064282
181081,1919.0,748.0,53.0,-4.05868743764209
86568,1879.0,1884.0,172.0,-0.476942209367951
630798,1904.0,1902.0,57.0,-0.97568672098463
75324,1924.0,1911.0,13.0,-0.119414998798082
187589,1916.0,1882.0,175.0,4.09750623112666
268422,1183.0,1911.0,74.0,-2.58585321326537
254288,1913.0,1916.0,71.0,-1.91110127463955
30249,147.0,1898.0,166.0,-4.06393362734026
114193,1342.0,1892.0,167.0,-2.23853735222282
286789,82.0,1890.0,77.0,-5.87142790237461
328559,1877.0,1883.0,101.0,0.315207142310757
163625,85.0,5.0,168.0,7.6856095276065
413680,1897.0,17.0,114.0,2.39470735694464
178319,948.0,1888.0,53.0,-1.86021847197108
48505,1903.0,1896.0,7.0,14.4048761624764
398236,163.0,1910.0,112.0,-2.84375091896644
27475,1430.0,17.0,4.0,-0.159236506410349
211775,1337.0,1888.0,178.0,-13.4858790640192
247287,1881.0,17.0,70.0,-0.74388044826172
645980,1903.0,1902.0,13.0,0.7883014017295951
29925,150.0,677.0,166.0,1.62906810074443
104517,27.0,1905.0,173.0,-6.34762824000122
204738,146.0,1892.0,177.0,-0.218494695869021
190338,229.0,146.0,175.0,3.93374601315837
327930,1916.0,677.0,101.0,7.14837635288175
318862,1905.0,11.0,99.0,1.10886536410002
200427,1876.0,195.0,54.0,-16.0499700573414
63679,27.0,677.0,10.0,-5.32184439426896
397165,150.0,1671.0,112.0,1.57564146969809
178448,1560.0,1895.0,53.0,-0.354070613962444
635298,195.0,1902.0,73.0,-2.0849267293476297
245947,1897.0,1908.0,70.0,-2.75473693274014
216015,163.0,1914.0,55.0,-3.91362107250947
212887,1907.0,18.0,55.0,4.38172423976343
258541,1888.0,1918.0,72.0,-6.19902299674975
234519,1183.0,120.0,60.0,-4.38432350575937
302484,1671.0,1911.0,98.0,2.49473197849088
213729,47.0,1897.0,55.0,-7.05634084531805
167259,1891.0,1907.0,51.0,-0.77067282095397
174075,1904.0,1912.0,52.0,-2.46076701687588
48538,1431.0,1907.0,7.0,1.70247762501211
274071,1903.0,1893.0,179.0,-1.98672883875513
389317,1430.0,1883.0,111.0,-4.17909567136737
344610,544.0,1916.0,104.0,9.62224571509684
247216,1893.0,1890.0,70.0,0.294974995924224
226994,1877.0,20.0,57.0,-13.0187566330868
25336,1904.0,1912.0,4.0,1.60661769603455
102157,1892.0,18.0,173.0,-1.99136956983462
26837,1926.0,18.0,4.0,-2.48414704037791
107523,1904.0,1898.0,45.0,5.27003105671998
209329,131.0,1923.0,178.0,6.34685420436415
221887,82.0,1893.0,56.0,4.20335953304498
60204,195.0,17.0,10.0,-1.22043833674374
244603,1877.0,1896.0,69.0,-1.7725548378853
182776,136.0,1892.0,174.0,-1.56025864754583
162854,85.0,195.0,168.0,6.90455309077456
95983,1912.0,1896.0,44.0,-12.2918988930677
7517,1925.0,1915.0,1.0,-1.74868994200923
45874,1224.0,1914.0,6.0,-1.0509698912932
165978,1889.0,788.0,168.0,-2.57125250784368
324460,160.0,1879.0,100.0,6.07224738806607
437396,1342.0,1917.0,116.0,-4.62214191276406
359571,1924.0,1907.0,108.0,-6.1378642079616
69327,1337.0,147.0,12.0,-2.13647575013108
176928,72.0,1918.0,53.0,6.5779829601488
230961,1431.0,1671.0,58.0,-1.57503617656252
283116,1881.0,1890.0,77.0,-9.42754993839587
202476,1430.0,1347.0,177.0,7.59041012524941
204461,1894.0,11.0,177.0,-3.18898491000526
16741,163.0,788.0,3.0,-1.10974941986968
336592,1559.0,788.0,103.0,-3.79278674573329
331549,147.0,1903.0,102.0,1.80335495059174
201541,1913.0,1917.0,54.0,0.551012429549335
205415,1919.0,1883.0,177.0,-0.701895202043106
249012,544.0,229.0,70.0,0.0407420990786949
30127,1912.0,1927.0,166.0,2.85897313099262
335103,1430.0,1888.0,102.0,-0.86288777021438
172756,1910.0,1921.0,52.0,0.621298652159907
222495,1924.0,120.0,56.0,3.09735833009099
230624,1897.0,1331.0,58.0,-2.02142425303184
8404,1925.0,1882.0,1.0,5.04796226113249
182866,1183.0,1896.0,174.0,-1.18192433867916
87082,150.0,1431.0,172.0,-6.39918984207765
282949,1887.0,677.0,77.0,0.124114927823439
314657,1430.0,1927.0,186.0,2.72783146143788
316594,1890.0,1923.0,99.0,-1.97423124191819
9505,1894.0,47.0,2.0,6.82184566908111
337411,748.0,788.0,103.0,-0.985282557528504
178511,1911.0,1923.0,53.0,1.03162810343978
13425,229.0,1882.0,2.0,-2.38452327131524
372456,1332.0,164.0,109.0,5.46314033265934
315285,1879.0,1921.0,99.0,-4.01081517086024
210529,1920.0,1907.0,178.0,-10.4451590470021
215162,146.0,1883.0,55.0,3.38684045391077
96276,1886.0,1903.0,44.0,-2.84121019217884
69521,83.0,120.0,12.0,4.14626767462925
253135,1916.0,1922.0,71.0,-4.19821227001278
105273,163.0,1903.0,173.0,4.72910091927436
164958,604.0,1877.0,168.0,4.77659531982994
247903,1917.0,1923.0,70.0,3.44138016765481
208301,146.0,1348.0,178.0,8.25104898410494
112958,27.0,1911.0,167.0,5.45073061257237
74940,83.0,1917.0,13.0,-1.59388638034891
16664,1913.0,1904.0,3.0,-2.96373868617117
373655,1908.0,1892.0,109.0,2.32663662563459
171729,1183.0,677.0,52.0,-1.49603409532734
274747,1430.0,1883.0,179.0,6.46952500003502
186985,1671.0,1921.0,175.0,-11.9010168151496
274924,1332.0,195.0,179.0,3.66665980310448
173726,163.0,1887.0,52.0,2.79161722576179
166685,1878.0,1917.0,51.0,-1.461054104414
215844,1877.0,1906.0,55.0,-3.86096745498468
4014,1899.0,1921.0,1.0,8.77306365929287
166083,27.0,1928.0,168.0,-1.49449971363893
75267,1915.0,1903.0,13.0,2.633465204493
286271,1430.0,1888.0,77.0,-2.29154169620136
226950,1926.0,5.0,57.0,4.70728785639409
317473,1332.0,1887.0,99.0,-1.95927267407902
66185,1905.0,1898.0,12.0,6.7047853542972
183682,1899.0,11.0,174.0,-0.513214691335519
194398,1348.0,1914.0,176.0,1.93224115175517
265422,1337.0,120.0,73.0,8.55447967092989
337099,1895.0,1892.0,103.0,-4.86497181567505
45588,1902.0,1331.0,6.0,-1.02325342394922
259270,82.0,1892.0,72.0,-3.196046097399
211167,83.0,11.0,178.0,5.48041342645899
246843,1919.0,1332.0,70.0,-1.3556324488717
111992,1883.0,1892.0,167.0,1.16882909668627
67901,1883.0,1890.0,12.0,-1.91154177799319
108276,1332.0,1898.0,45.0,5.1088749422516
195293,1925.0,1880.0,176.0,-3.75463510863659
338788,101.0,1894.0,103.0,-8.33549140582435
112289,1559.0,1878.0,167.0,1.26655094254404
346404,11.0,1928.0,104.0,-2.437930606643
260550,655.0,1924.0,72.0,6.89691704418576
324792,160.0,1430.0,100.0,0.391062394604831
33591,83.0,1671.0,166.0,-8.9540435903977
244078,1925.0,5.0,69.0,0.40123650352727
185369,544.0,150.0,174.0,2.23568223581293
235462,83.0,1898.0,60.0,2.31669265525021
201362,20.0,13.0,54.0,-2.97938781567268
205778,655.0,604.0,177.0,5.58449493798941
358550,1431.0,1887.0,108.0,-6.89480796885186
261955,1894.0,1901.0,73.0,-2.10908121284927
194474,1894.0,1921.0,176.0,-1.43969969469526
284662,47.0,788.0,77.0,-7.93850440342464
259083,1906.0,1331.0,72.0,-18.7766297195907
198810,150.0,1347.0,54.0,-0.71498921124973
205483,82.0,1883.0,177.0,-1.1197432501263
191352,1332.0,748.0,175.0,-5.41927082497575
15840,47.0,1909.0,3.0,2.26194673927399
215423,5.0,1927.0,55.0,3.10013622289548
261944,677.0,1910.0,73.0,-2.80679097193472
246780,1902.0,11.0,70.0,0.617347380809862
217315,3.0,1560.0,55.0,-2.40403025451827
72657,72.0,1348.0,13.0,7.01286215619551
25478,1430.0,1332.0,4.0,-1.38441839100211
417744,85.0,1928.0,114.0,-1.49515170670772
109710,1332.0,1917.0,45.0,3.43575346051642
214372,1347.0,1910.0,55.0,12.0345186253212
376336,1913.0,1895.0,109.0,0.557611811642283
358595,82.0,1332.0,108.0,-8.08533646054235
250389,3.0,83.0,70.0,-3.4422229035723
371484,3.0,1888.0,180.0,-1.51046213914544
424622,1885.0,147.0,115.0,-2.42799433977507
269640,1337.0,229.0,74.0,-9.78888400922422
343894,146.0,1916.0,104.0,0.876168875859033
219882,131.0,788.0,56.0,-8.30837184511423
275485,160.0,1884.0,179.0,1.8430697569863
372219,1888.0,1928.0,180.0,-4.71650205786756
280858,1926.0,1875.0,75.0,-6.4117050804609
188454,1878.0,1918.0,175.0,6.78594693803227
329503,1430.0,1896.0,101.0,-1.37042058997118
357963,1671.0,1560.0,108.0,6.27392546925982
361436,1926.0,1906.0,108.0,0.447120344159817
373908,1348.0,1917.0,109.0,-0.964105731739647
339354,1925.0,1909.0,103.0,14.5916076498989
177176,1885.0,1892.0,53.0,-0.0088623739582363
415866,1906.0,195.0,114.0,3.60074525299296
268914,1897.0,1901.0,74.0,-3.65372267423066
24709,1559.0,1881.0,4.0,2.16788832741791
54355,1880.0,1560.0,9.0,2.91911529285821
30365,1431.0,677.0,166.0,-8.89245435901091
210266,1183.0,1888.0,178.0,6.99334808294379
284473,1880.0,47.0,77.0,-2.3959645303696
17980,1876.0,136.0,3.0,-5.26557811765318
415542,48.0,18.0,114.0,7.66845885076447
54318,1671.0,131.0,9.0,-1.63413416151249
325967,1902.0,1906.0,101.0,-0.644841699769483
375026,1559.0,15.0,109.0,-1.5544193052708
221892,1919.0,677.0,56.0,0.22974255342667
14687,1875.0,1903.0,3.0,-0.0726098839775759
46407,1877.0,1885.0,6.0,15.3845198157288
208292,1896.0,1901.0,178.0,6.75560531654411
323001,1886.0,1912.0,100.0,-2.03093733770347
45051,1902.0,1908.0,6.0,-4.19196538734817
181893,27.0,1899.0,174.0,1.44552233134104
417720,15.0,1928.0,114.0,2.78193701443441
55590,1889.0,1916.0,9.0,2.14990468791078
161123,748.0,1431.0,168.0,0.0894476926693973
112811,164.0,1893.0,167.0,-3.41881488090664
314614,544.0,83.0,186.0,3.69111927456527
14379,1883.0,1888.0,3.0,-7.07133525470129
253927,544.0,1898.0,71.0,-29.6121571243059
245616,1879.0,1928.0,69.0,-7.78828047925192
334718,1332.0,1896.0,102.0,-4.67385952098109
371669,229.0,1876.0,180.0,12.0828303981939
220706,101.0,1901.0,56.0,-1.73410070719481
248949,229.0,788.0,70.0,-2.6280463516576
28947,72.0,1928.0,4.0,0.641983895964195
242366,1878.0,1884.0,69.0,0.524165342429551
222927,1913.0,1900.0,56.0,1.09403913864131
86558,1902.0,1332.0,172.0,1.5197833338857
65249,1899.0,1898.0,12.0,-0.1805226098392
101654,101.0,1224.0,173.0,-2.92948701851326
337915,164.0,1921.0,103.0,0.508312178696742
426166,1926.0,1909.0,115.0,6.3576145170007
278576,1891.0,72.0,75.0,2.5636726721159
246770,1900.0,1331.0,70.0,-2.21941369913907
369207,1889.0,1901.0,180.0,-3.28675472616654
322903,1893.0,5.0,100.0,2.77585182125395
361435,83.0,1900.0,108.0,-8.38268429050986
256450,1896.0,1892.0,72.0,0.711385894973125
285255,160.0,164.0,77.0,-6.37555903551059
283994,11.0,1918.0,77.0,-2.6109285775901
344274,1913.0,1183.0,104.0,2.07522156919426
263662,1560.0,1331.0,73.0,-0.256808182737563
166525,1887.0,1917.0,51.0,-2.34365307273149
183681,1879.0,1922.0,174.0,-1.0973745226201
274082,1881.0,1900.0,179.0,5.8243737717822
5135,1881.0,11.0,1.0,0.691291766204517
96060,72.0,13.0,44.0,1.28562496331828
423101,72.0,5.0,115.0,0.981806845599122
282165,1878.0,72.0,77.0,0.402981625259735
341305,136.0,1909.0,104.0,0.907942746174464
269453,82.0,72.0,74.0,-1.22514808125782
332930,82.0,1911.0,102.0,2.22614279346163
175013,1919.0,11.0,52.0,-11.7179252291714
627526,1897.0,1902.0,103.0,-4.043501291136875
61175,948.0,1915.0,10.0,0.445639904181982
96332,1886.0,1560.0,44.0,8.26434051695576
423343,1887.0,1889.0,115.0,0.579374568974743
283676,1908.0,131.0,77.0,-4.28292073858996
51610,1430.0,1901.0,7.0,0.211892524965251
88055,136.0,5.0,172.0,2.71911855337819
266932,1894.0,748.0,74.0,-0.36090688986499
336289,1880.0,150.0,103.0,6.48097807756059
67631,1880.0,1914.0,12.0,-0.221971662622428
283395,677.0,1923.0,77.0,3.44984192436506
360869,1924.0,48.0,108.0,4.30286970514673
318253,229.0,195.0,99.0,-3.80362552628501
401040,1915.0,1917.0,112.0,-3.29606975769045
67803,1884.0,1909.0,12.0,-1.27708408250438
62021,1919.0,1898.0,10.0,-2.59973621157197
301420,1903.0,1912.0,98.0,-2.97063027359112
241832,150.0,1923.0,69.0,2.28265010477213
644610,948.0,544.0,60.0,0.4271796259484849
342294,1878.0,1910.0,104.0,-0.165334560031642
318099,3.0,1183.0,99.0,-2.16758803736824
399131,948.0,1883.0,112.0,5.11842205837093
57032,14.0,788.0,9.0,-1.38728464403884
211726,1876.0,20.0,178.0,-16.916472215019
210355,1347.0,788.0,178.0,4.57864406701608
329529,1905.0,18.0,101.0,-0.0481912424527356
625359,120.0,1902.0,172.0,-2.5112994575668
55193,1560.0,1918.0,9.0,-1.28354960422532
44367,1888.0,1431.0,6.0,2.23058506654464
358702,83.0,1898.0,108.0,-1.89505993009053
333926,1920.0,1894.0,102.0,-2.07855568999757
313432,1926.0,1881.0,186.0,-1.63223192700998
266974,1879.0,1884.0,74.0,7.72116865565628
374784,150.0,5.0,109.0,3.0305283496943
368935,748.0,150.0,180.0,-3.06606772136835
214703,1348.0,1907.0,55.0,-9.83642025110809
229196,1331.0,1918.0,58.0,1.22776670694464
166224,1895.0,1909.0,51.0,1.37312461323586
16059,1878.0,164.0,3.0,-4.3960449905333
70327,1917.0,1902.0,12.0,4.0216869567371
167548,1887.0,195.0,51.0,0.189641312320712
338282,1904.0,1918.0,103.0,0.927588723067603
368443,1916.0,15.0,180.0,-11.7432530910069
329009,163.0,1331.0,101.0,-15.0009295269738
341616,1559.0,1908.0,104.0,-2.63048322546336
182552,1886.0,1897.0,174.0,-1.71970201864499
369539,1904.0,1348.0,180.0,-4.72385702101412
320974,47.0,1883.0,100.0,-3.59929406885737
113836,163.0,1331.0,167.0,-21.6568282046557
95875,1891.0,1887.0,44.0,1.03859692808216
241972,27.0,1347.0,69.0,-3.8527151977995
33874,3.0,1890.0,166.0,-3.50776504800083
51295,1430.0,788.0,7.0,2.38605959481662
100926,1879.0,1901.0,173.0,4.87927116355565
161896,72.0,1898.0,168.0,-4.10954330438343
227726,14.0,1430.0,57.0,62.1763731411058
314661,48.0,1342.0,186.0,-14.7430894788394
241240,120.0,1887.0,69.0,-2.84291616190151
198986,948.0,20.0,54.0,-3.89069055680162
202754,1881.0,1560.0,177.0,-4.3258466357554
375421,1920.0,229.0,109.0,5.77914687793482
3896,1885.0,1918.0,1.0,0.991310026041089
251299,1908.0,1927.0,71.0,-5.8156948171835
252587,195.0,18.0,71.0,16.9646539942734
322875,1875.0,1914.0,100.0,0.82925292478801
233255,82.0,1878.0,58.0,-10.2514955931548
109189,163.0,1893.0,45.0,25.8484597581211
235538,1893.0,1907.0,60.0,0.408565102371813
235309,1899.0,1898.0,60.0,-0.834143217321843
398486,1880.0,1883.0,112.0,-3.44066157527113
115394,1925.0,14.0,167.0,-8.01925760574647
330735,136.0,1928.0,101.0,0.193863167767927
242183,146.0,195.0,69.0,-3.04791680566857
437143,163.0,544.0,116.0,1.18462809379464
206793,14.0,1559.0,177.0,-4.53306710860349
423749,1897.0,1430.0,115.0,0.262735765211684
254092,1924.0,1881.0,71.0,3.25978383361359
416519,160.0,1918.0,114.0,1.86805236319061
112871,1896.0,17.0,167.0,1.723996315487
54533,748.0,788.0,9.0,-0.441930544696688
390030,604.0,1895.0,111.0,12.4826749578676
400631,544.0,1918.0,112.0,-0.617360123881847
371324,82.0,13.0,180.0,-2.18468148855653
397653,1883.0,1671.0,112.0,-0.271465602626162
324079,655.0,1347.0,100.0,6.26344612780922
330901,1348.0,1922.0,102.0,1.71789700013719
260342,83.0,1671.0,72.0,-10.3834415043117
34168,1892.0,1902.0,166.0,-1.31790225903312
261419,72.0,11.0,73.0,2.38858302164133
326629,1916.0,1917.0,101.0,5.14510061659628
97696,748.0,1907.0,44.0,-5.65042969577594
277502,1903.0,1914.0,75.0,0.89414443730771
257431,1883.0,195.0,72.0,0.240839527410975
260943,1342.0,1902.0,72.0,15.1391564076102
251554,17.0,677.0,71.0,-3.09535001276256
248340,1331.0,1224.0,70.0,2.941069740981
107063,147.0,150.0,45.0,-0.785346838330879
56231,150.0,164.0,9.0,2.21821482756394
221609,1906.0,1914.0,56.0,-1.9217880161035
317855,120.0,1431.0,99.0,3.47532685650074
29887,1899.0,1901.0,166.0,-1.33525136911837
192886,1559.0,1885.0,176.0,1.58105448531977
190893,1906.0,5.0,175.0,17.3475365456489
346125,48.0,1882.0,104.0,11.2439035404517
369448,1889.0,164.0,180.0,-1.23145700134684
271735,544.0,1895.0,179.0,0.79813451568195
43982,1875.0,1887.0,6.0,1.27661343889428
175338,1905.0,1348.0,52.0,-5.48020981489374
110250,1915.0,1560.0,45.0,5.94032462049755
374216,1875.0,1921.0,109.0,0.35837918127162
249996,1915.0,1895.0,70.0,7.54903554363736
284190,1183.0,1927.0,77.0,4.01248224461577
264343,1924.0,1880.0,73.0,4.88331916206667
17073,163.0,1331.0,3.0,-19.2115927480989
213354,1902.0,1901.0,55.0,3.93131922334701
12603,1924.0,1904.0,2.0,0.234318726703595
195176,48.0,229.0,176.0,0.317587482091207
27608,14.0,1884.0,4.0,-2.87940177304421
216471,1925.0,17.0,55.0,-5.08123627010994
10785,1879.0,1348.0,2.0,-2.20890720517564
178959,1183.0,1899.0,53.0,0.203657197555546
96559,1880.0,1887.0,44.0,-8.47096041938927
332727,1888.0,1900.0,102.0,0.715439424916164
49096,1909.0,1898.0,7.0,3.33030057061261
232672,1430.0,147.0,58.0,-2.48198405894954
47418,1913.0,1888.0,6.0,5.01155443208368
52844,163.0,1888.0,7.0,0.495805457981744
27238,1925.0,1885.0,4.0,4.34402297722387
310921,1911.0,1918.0,186.0,6.57679248414443
284684,1347.0,788.0,77.0,-5.96174091207583
313142,1926.0,1923.0,186.0,-0.292203907984345
223365,748.0,1903.0,57.0,-3.47941958502823
311677,101.0,1896.0,186.0,9.33613387108984
277236,1919.0,150.0,75.0,1.20430596989446
7247,604.0,1892.0,1.0,2.07795558642225
336313,1885.0,1886.0,103.0,-5.13186138817269
229698,147.0,5.0,58.0,-3.52704389643524
25568,1877.0,1911.0,4.0,-4.07361857079705
208955,677.0,788.0,178.0,6.91192470479967
274366,1888.0,1896.0,179.0,0.328377059343864
16707,163.0,1919.0,3.0,8.75390856973863
220351,948.0,1877.0,56.0,3.2770761495796
322117,1912.0,1348.0,100.0,4.45424564371547
316824,1878.0,1912.0,99.0,0.871266196732985
302129,1888.0,1900.0,98.0,-1.98166455534677
168811,1884.0,1910.0,51.0,1.71284219253369
255304,1926.0,83.0,71.0,3.146414227692
375235,1905.0,72.0,109.0,-4.77904623475295
424387,1347.0,146.0,115.0,-1.06817299102215
167832,101.0,1875.0,51.0,-2.51527056117716
266831,164.0,11.0,74.0,-2.81362267649037
28308,1337.0,20.0,4.0,0.254549252003781
99389,1926.0,1896.0,44.0,5.53480784247978
229702,1331.0,1224.0,58.0,0.615536351744643
164482,82.0,131.0,168.0,0.248940580446317
101931,195.0,1348.0,173.0,1.23873400917031
217152,229.0,120.0,55.0,-0.466401433118506
269989,48.0,131.0,74.0,-10.4718609270025
282956,1671.0,1923.0,77.0,-0.928482869604905
104147,1332.0,677.0,173.0,0.66414707752119
279364,1878.0,5.0,75.0,4.9836631820508
359179,1909.0,5.0,108.0,-5.7459568453375
371485,1430.0,1671.0,180.0,-4.24243756769125
368860,1887.0,1890.0,180.0,-0.632616076670051
201301,1876.0,147.0,54.0,-3.08734990280124
267052,17.0,1927.0,74.0,-4.66053103537824
216940,1926.0,1917.0,55.0,-8.47435421310324
86566,1878.0,1331.0,172.0,0.381695446969556
263191,1905.0,1898.0,73.0,0.324083622677216
416417,1877.0,1884.0,114.0,8.05836204684048
187130,1888.0,1892.0,175.0,-0.364421409015662
89334,1337.0,1348.0,172.0,-18.5969015413822
330754,14.0,1928.0,101.0,-6.56104579447822
74126,83.0,1875.0,13.0,-1.77590067238504
165264,1919.0,1886.0,168.0,-1.78399116970851
202432,788.0,1927.0,177.0,0.593601670127691
8573,1878.0,1928.0,1.0,3.41615068247772
375477,82.0,1901.0,109.0,1.49288728497142
317764,1875.0,1918.0,99.0,1.74074798396816
67784,1909.0,1893.0,12.0,4.70666294860423
212575,1910.0,1928.0,178.0,-2.13396474113038
88637,1925.0,1916.0,172.0,-5.98431381282245
5393,948.0,1875.0,1.0,0.274814092136228
101848,1904.0,1892.0,173.0,1.01681405403294
189396,1907.0,1914.0,175.0,-1.5068715393339
276321,655.0,748.0,179.0,-3.60080581398765
58696,229.0,1886.0,9.0,-2.74938837223185
278989,1897.0,1560.0,75.0,3.48853011684383
187397,136.0,1908.0,175.0,-2.26376037285009
171942,1876.0,1910.0,52.0,2.19068798553435
56011,1671.0,120.0,9.0,2.00330002209308
220603,1909.0,1908.0,56.0,-0.850779640896561
162868,101.0,1927.0,168.0,-1.50238783094843
110886,1348.0,1907.0,167.0,3.68498651843822
198478,1880.0,677.0,54.0,-3.56520660297442
206276,163.0,544.0,177.0,8.45073047127884
183786,1900.0,1560.0,174.0,-0.760930403541196
324783,1876.0,1917.0,100.0,-3.93390963354571
182787,1912.0,1918.0,174.0,-0.781090215892819
343531,1891.0,1348.0,104.0,1.07046090708675
376710,544.0,120.0,109.0,-2.08729643595301
222748,1332.0,15.0,56.0,-1.2610975398772
100796,20.0,1911.0,173.0,4.34183861143995
249300,1906.0,1904.0,70.0,-1.40387716050113
65549,1559.0,1878.0,12.0,-2.66443198795952
75004,1924.0,1888.0,13.0,-0.878918929216269
14904,101.0,15.0,3.0,-0.69579284447231
101367,1878.0,1886.0,173.0,5.12821279060982
339913,1337.0,1879.0,103.0,-8.76203702598216
314925,82.0,1904.0,186.0,4.25221536840295
63517,1906.0,1431.0,10.0,-2.33592886154266
281322,1876.0,748.0,75.0,3.21123477207808
177346,1560.0,147.0,53.0,7.74422724396792
216608,27.0,18.0,55.0,5.91440468465169
201086,27.0,18.0,54.0,-2.42086349551571
338787,1887.0,72.0,103.0,9.40348883126694
241246,164.0,1911.0,69.0,6.24475020345973
218910,1895.0,1671.0,56.0,0.673393554102045
107241,1889.0,1888.0,45.0,4.64806104089548
48743,1885.0,150.0,7.0,10.8193901871092
71782,1919.0,1899.0,13.0,0.494792091332598
11072,1880.0,1888.0,2.0,-2.72790260227953
343651,1431.0,677.0,104.0,3.84627343978568
342692,147.0,1560.0,104.0,-3.55851642030353
29779,1331.0,1889.0,166.0,-2.65729321974699
64816,48.0,1910.0,10.0,-8.15475207724937
265596,163.0,1886.0,73.0,8.80604824598055
266880,85.0,1897.0,74.0,4.78840152894938
322527,164.0,11.0,100.0,-3.17460951898228
214625,1888.0,1921.0,55.0,-14.9455162982821
314281,1920.0,1912.0,186.0,-4.34432717585698
102594,13.0,18.0,173.0,7.41677192115426
415278,1908.0,1921.0,114.0,-6.27309766149838
323361,1337.0,1923.0,100.0,-2.02260724929719
99334,14.0,1348.0,44.0,-35.7710101001725
321010,146.0,17.0,100.0,1.66042723215417
227795,83.0,1878.0,57.0,-0.346669043143107
216826,83.0,1918.0,55.0,2.22824633239301
90319,160.0,1928.0,172.0,2.57180263765363
90337,1925.0,1928.0,172.0,-1.35060722122813
175057,20.0,677.0,52.0,-3.79525186514368
47840,1337.0,15.0,6.0,-4.85780661454222
67880,1224.0,788.0,12.0,2.09937158498066
262854,146.0,748.0,73.0,0.288468397988156
400523,83.0,1893.0,112.0,4.35880495500077
327471,1908.0,11.0,101.0,2.78061735151171
175130,229.0,11.0,52.0,1.99394159628132
336344,1908.0,17.0,103.0,-0.260455278349313
110843,85.0,1901.0,167.0,1.09681403736133
64207,1905.0,120.0,10.0,0.725108844918742
226665,1876.0,1880.0,57.0,-6.04293744963446
63091,229.0,1880.0,10.0,-1.36386761680169
212392,3.0,1903.0,178.0,-0.695357704955629
196452,160.0,1920.0,176.0,-2.65899674039732
163025,1885.0,1883.0,168.0,1.02654477170397
415307,748.0,1348.0,114.0,2.05219109503054
179780,1915.0,229.0,53.0,-6.70984347895425
339053,82.0,544.0,103.0,5.18339506570952
202761,195.0,1901.0,177.0,-10.9360685667422
205341,1920.0,788.0,177.0,-4.36567455128193
61777,1883.0,1904.0,10.0,-2.07337747075048
52513,1877.0,1904.0,7.0,4.64902070520589
26396,1899.0,146.0,4.0,0.0072425551909859
14215,1902.0,1916.0,3.0,-2.69400159373949
89022,1430.0,1884.0,172.0,3.76500962999172
178522,85.0,1671.0,53.0,-6.16687128151213
285399,544.0,1914.0,77.0,-3.21581453303185
277773,1875.0,195.0,75.0,-1.1322109957018
199748,1912.0,677.0,54.0,-3.37643748721965
68040,82.0,1921.0,12.0,-6.89893884141604
266935,1880.0,146.0,74.0,1.69120344890674
7624,1332.0,5.0,1.0,-1.00957715193679
202279,677.0,1902.0,54.0,-3.46270571663086
250854,1926.0,1910.0,70.0,-4.13952056817006
75542,1925.0,1910.0,13.0,-2.7092008227301
276898,17.0,788.0,75.0,1.17613518544669
32380,1924.0,1880.0,166.0,-3.33409649963618
234674,131.0,11.0,60.0,5.14729341385417
52644,1430.0,13.0,7.0,8.46345409438258
211626,655.0,1875.0,178.0,-0.758922718725881
310307,1891.0,1892.0,186.0,6.82893924805681
285216,1876.0,1875.0,77.0,2.06924447061791
113363,83.0,1894.0,167.0,-4.81390603298826
338796,1885.0,5.0,103.0,4.51890476958693
371313,1919.0,136.0,180.0,-5.55643333411221
251398,1347.0,1927.0,71.0,-2.93899879987231
642608,1875.0,1902.0,114.0,-1.6643423362087053
321858,85.0,1896.0,100.0,1.4498226521052
434431,1878.0,1887.0,116.0,3.39948521978677
26931,1926.0,82.0,4.0,14.2758693016016
32390,1906.0,195.0,166.0,-4.71427167694705
333127,1889.0,1917.0,102.0,3.4193926207744
250552,48.0,1671.0,70.0,-4.98864903024906
192491,1897.0,195.0,176.0,-54.4810336896432
67129,1348.0,1890.0,12.0,-0.775831926006075
247254,1893.0,1896.0,70.0,-2.54078332094572
165325,82.0,1559.0,168.0,2.78302475436205
368245,1878.0,1348.0,180.0,-12.6436813879834
4517,120.0,195.0,1.0,-2.7205281548946
100191,1926.0,1882.0,44.0,15.4461927073094
65401,1913.0,1910.0,12.0,-1.63198339728401
48186,1926.0,1928.0,6.0,-3.74280141590516
414638,948.0,195.0,114.0,0.579307134540898
103742,1926.0,1909.0,173.0,20.170498037751
359742,48.0,229.0,108.0,4.66063034670475
4042,1875.0,1889.0,1.0,-1.7036780386072
9366,1875.0,1927.0,2.0,-1.73089948830726
243446,1919.0,1923.0,69.0,2.47333297196807
200806,48.0,1347.0,54.0,-5.894153460208
59864,1914.0,1892.0,10.0,12.8406842561607
8561,1924.0,1925.0,1.0,11.3646249920951
163645,1899.0,146.0,168.0,-2.1399267845286
373253,17.0,1922.0,109.0,-1.69488646042948
359579,1906.0,72.0,108.0,-0.510933327370943
89096,544.0,17.0,172.0,2.93754014939861
179799,1920.0,1881.0,53.0,-2.46426002479964
211657,1337.0,1895.0,178.0,-14.6631621643305
115228,655.0,1890.0,167.0,1.33535535365464
108300,655.0,160.0,45.0,1.85956062111804
367210,1671.0,1892.0,180.0,-0.430373462679512
318645,27.0,1880.0,99.0,0.600154487155597
312283,1884.0,1892.0,186.0,7.07744242082537
260256,1926.0,1927.0,72.0,-10.805801125844
237148,82.0,146.0,60.0,13.5108493535744
357271,1898.0,5.0,108.0,0.588003039131001
215552,1877.0,1908.0,55.0,1.40363222800087
334836,1342.0,13.0,102.0,-1.12096951240244
322770,1883.0,18.0,100.0,2.32189540080727
176230,1913.0,1922.0,52.0,-2.59161658314661
332139,1559.0,1888.0,102.0,9.37966834741931
267546,1224.0,788.0,74.0,1.57698350528855
372552,1887.0,47.0,109.0,-11.1056264297001
104614,20.0,13.0,173.0,2.73704953977958
340822,1877.0,1921.0,103.0,1.88229702822798
399637,229.0,18.0,112.0,1.28421781102399
345373,14.0,5.0,104.0,-3.12750928932766
329878,1925.0,1917.0,101.0,0.431416589329298
64582,1920.0,677.0,10.0,-2.31915558874519
185953,1913.0,1886.0,174.0,-1.24437928407465
264094,229.0,195.0,73.0,-4.80775624113636
322374,1896.0,1927.0,100.0,7.67995694730161
52562,1332.0,147.0,7.0,0.0172621611026341
264889,1430.0,1893.0,73.0,1.68834130011459
43507,1560.0,1882.0,6.0,-4.07887816407219
89153,160.0,150.0,172.0,-2.48014645804718
301384,1880.0,120.0,98.0,0.842014210662454
113692,3.0,164.0,167.0,-1.73521535781115
238160,229.0,1917.0,60.0,-4.49612593301961
372787,1224.0,5.0,109.0,5.51893813180973
51502,655.0,1919.0,7.0,7.12634714441037
109704,1906.0,1224.0,45.0,11.6832443981702
331755,195.0,1901.0,102.0,5.33185087764424
210524,229.0,18.0,178.0,-8.59627701355581
56998,1926.0,1899.0,9.0,3.89186200781998
96853,1904.0,1908.0,44.0,-4.30451724788922
332650,1880.0,195.0,102.0,-2.91040832380112
326321,1875.0,150.0,101.0,-0.845088952270166
11400,160.0,1922.0,2.0,-0.66207854612256
7958,1876.0,1912.0,1.0,-2.6703297945938
31902,1925.0,85.0,166.0,-5.39411288101669
330944,1909.0,1890.0,102.0,-10.3610065125089
178169,1877.0,150.0,53.0,-0.670633529980266
202823,1671.0,1927.0,177.0,-1.32128411410046
106150,101.0,1892.0,45.0,4.1599230130856
335158,1905.0,136.0,102.0,-7.6261926740055
70866,1347.0,1885.0,13.0,11.3834643741875
198033,1875.0,11.0,54.0,0.0707242173572895
423793,101.0,1883.0,115.0,0.550234910399139
247104,1888.0,1882.0,70.0,-1.85936339540088
112710,1183.0,1348.0,167.0,-0.309809040372869
264865,544.0,17.0,73.0,-1.30559755624883
247513,1880.0,1887.0,70.0,-2.63208359657916
98045,1883.0,72.0,44.0,1.62163657184978
219272,1559.0,1891.0,56.0,-1.06403076706085
373714,1886.0,11.0,109.0,3.52685979841089
315843,1888.0,1923.0,99.0,-0.190351072800542
8478,655.0,14.0,1.0,-2.66258208274916
230041,85.0,164.0,58.0,6.17512465487947
52094,1915.0,1431.0,7.0,10.3792453302504
177477,1889.0,1921.0,53.0,2.90364516573143
107554,544.0,1875.0,45.0,7.07892451473473
26590,101.0,1911.0,4.0,-2.61624084756411
218944,1879.0,1911.0,56.0,-5.10856524597634
110019,1919.0,150.0,45.0,3.88226566905125
166598,1879.0,13.0,51.0,-0.284860011583055
273319,1921.0,1927.0,179.0,-0.795262826533133
311448,1884.0,1897.0,186.0,12.161263503933
437369,20.0,13.0,116.0,-13.7043877697466
227530,82.0,1918.0,57.0,12.1848246307257
322401,1917.0,677.0,100.0,2.67987611610996
275339,1906.0,677.0,179.0,8.03098958306424
416936,1925.0,147.0,114.0,-0.783760753633556
103814,160.0,1914.0,173.0,0.130736663257698
265944,1924.0,677.0,73.0,0.459409736642978
90237,544.0,14.0,172.0,-10.7279465273539
189316,1348.0,1914.0,175.0,-1.49637099775114
30716,1430.0,1910.0,166.0,-3.42114507518398
376756,1430.0,1559.0,109.0,3.37620795297935
435130,1887.0,1888.0,116.0,-0.876963847204293
274216,1896.0,11.0,179.0,3.93822563134868
374903,47.0,1910.0,109.0,-1.85467917838363
9212,1887.0,1881.0,2.0,-4.56738934149453
279765,1877.0,1919.0,75.0,4.81024974626256
194306,1430.0,1347.0,176.0,3.93508024097921
417625,1907.0,1902.0,114.0,-0.174179275307292
225561,1875.0,1884.0,57.0,-0.335370044524157
322322,1885.0,1896.0,100.0,3.00903997912826
261402,1896.0,1921.0,73.0,-2.76302114122635
322828,1224.0,1916.0,100.0,13.1309236760736
321562,1902.0,948.0,100.0,3.67378134135323
315271,14.0,1347.0,99.0,-9.11894404444335
33437,1906.0,1917.0,166.0,3.77451429231798
256963,1894.0,1904.0,72.0,-1.51214279234281
302958,3.0,164.0,98.0,-5.42885054898181
279761,27.0,1183.0,75.0,11.7687512769919
105741,1888.0,1892.0,45.0,-2.3644613633163
43598,1882.0,677.0,6.0,-5.34168355815508
61253,1880.0,1671.0,10.0,-0.685467566715953
359494,1342.0,27.0,108.0,-5.15341298880055
243335,604.0,1899.0,69.0,-2.75359013818557
201208,229.0,1877.0,54.0,0.562124276106863
16885,1913.0,1331.0,3.0,-21.2054862125086
256342,1912.0,677.0,72.0,5.4843230420949
207485,1903.0,1928.0,177.0,1.83115294981099
330834,1913.0,1898.0,102.0,-0.450228031744714
16778,1877.0,229.0,3.0,-0.279759339330941
225507,47.0,1881.0,57.0,-0.443291775105036
329562,1342.0,1905.0,101.0,-5.15023379690833
53026,1877.0,1430.0,7.0,5.53144780658146
330273,1926.0,1876.0,101.0,9.3747328946064
169499,604.0,1331.0,51.0,-1.50580155645146
260581,544.0,1671.0,72.0,3.66707361906727
256358,5.0,1882.0,72.0,-4.70102864060435
25603,1875.0,1917.0,4.0,-1.43481293176857
239084,1885.0,1928.0,60.0,-2.10428772010321
28684,48.0,1890.0,4.0,-2.37052895343874
343614,146.0,1671.0,104.0,2.50205712102671
31055,1881.0,1921.0,166.0,-1.89892837307213
249659,160.0,11.0,70.0,0.525276402789954
334839,1913.0,1889.0,102.0,-6.64385069337764
8375,1913.0,20.0,1.0,6.25260322601348
55556,1908.0,1910.0,9.0,-2.43512717481988
14299,1907.0,131.0,3.0,1.1137119331002
170207,14.0,1905.0,51.0,3.12040380025944
284735,948.0,655.0,77.0,-11.097474971235
173422,1912.0,1921.0,52.0,0.113092552337326
425767,1915.0,14.0,115.0,5.7815657278687
109701,20.0,1224.0,45.0,6.89462916934347
361257,160.0,1900.0,108.0,7.01192812511497
336976,101.0,1899.0,103.0,-10.8900156245432
232614,163.0,1879.0,58.0,-34.6825253867361
322877,1875.0,131.0,100.0,-0.555434541533644
236788,82.0,1183.0,60.0,1.89365992647813
181387,1876.0,1900.0,53.0,-2.1785431538794
70782,1881.0,17.0,13.0,5.45967644526337
370089,1926.0,1919.0,180.0,-4.16114718640896
269840,1905.0,1885.0,74.0,-2.42180028175029
96669,1896.0,5.0,44.0,3.02529657010952
236435,101.0,5.0,60.0,-1.44742699304131
333434,72.0,15.0,102.0,2.18816356202736
193685,1912.0,1894.0,176.0,-1.68848057485928
57473,1920.0,1881.0,9.0,-2.11754385911087
28998,1924.0,1902.0,4.0,-1.01428121933852
319086,20.0,1896.0,99.0,-5.06928133676213
49049,1915.0,1898.0,7.0,2.09802820676476
215295,101.0,1331.0,55.0,-6.13032293815148
200774,83.0,1896.0,54.0,-1.8005100699855
331069,163.0,1887.0,102.0,3.65591095761507
286433,82.0,1559.0,77.0,-2.22840687041333
178486,1912.0,1921.0,53.0,-1.33784557772813
57248,1926.0,1894.0,9.0,8.05074895953477
179426,1337.0,1923.0,53.0,3.24016853792507
415689,1905.0,164.0,114.0,8.51593057436389
197918,72.0,18.0,54.0,-0.472630565175567
223782,1886.0,1903.0,57.0,2.75789057638869
18320,1877.0,1430.0,3.0,3.50745762675538
255949,1916.0,1928.0,71.0,-10.1204739542464
201964,1905.0,1900.0,54.0,-5.08373220141259
235949,1879.0,1889.0,60.0,1.24471938613181
413990,136.0,195.0,114.0,4.93039927096699
235594,1903.0,13.0,60.0,3.18061608384735
173839,131.0,1922.0,52.0,3.54831571018878
228643,1900.0,1895.0,58.0,4.20206700417208
205878,1877.0,146.0,177.0,10.7988676967834
223692,1897.0,1919.0,57.0,-4.12481987015662
7241,20.0,1884.0,1.0,-2.37254156228568
168023,1559.0,1348.0,51.0,4.45018450103171
178232,1879.0,1671.0,53.0,-5.00587521170879
49604,1559.0,164.0,7.0,3.69582872129608
72701,1892.0,1901.0,13.0,1.12551175234179
345341,1925.0,1875.0,104.0,-4.54052149098607
357106,1914.0,1918.0,108.0,-10.9357073883787
435604,677.0,1910.0,116.0,4.66711766839964
390782,544.0,948.0,111.0,9.58236715134774
185178,1905.0,1892.0,174.0,-8.24170489094803
257069,1909.0,1671.0,72.0,-1.29890294840625
325520,1888.0,1928.0,100.0,-1.45329487834307
413383,1890.0,1927.0,114.0,2.16701269566444
180833,1913.0,120.0,53.0,-0.249027940617805
321145,1885.0,1912.0,100.0,3.31590546116071
259597,160.0,1893.0,72.0,-4.87772061834136
302193,1891.0,1909.0,98.0,11.8166852020906
367903,1891.0,1431.0,180.0,0.176446201200756
414275,1885.0,150.0,114.0,-4.01235152645393
270305,1924.0,1905.0,74.0,-2.39437284428461
285638,20.0,101.0,77.0,16.3069638242136
265128,160.0,1877.0,73.0,4.01983253302945
236385,136.0,1910.0,60.0,5.38583447221111
230365,1890.0,1918.0,58.0,-3.38561414378277
100235,1337.0,1890.0,44.0,-11.1835580655944
252150,1882.0,1927.0,71.0,-10.5032030664765
186554,229.0,15.0,174.0,10.0672258697941
207796,1896.0,677.0,178.0,4.24584028276931
112890,72.0,15.0,167.0,1.05683586477816
176691,1903.0,1896.0,53.0,-9.71909373293366
209280,1893.0,1892.0,178.0,-0.496972607846872
401510,604.0,1906.0,112.0,0.751214473126331
276583,1920.0,14.0,179.0,3.33078699015034
161267,1904.0,195.0,168.0,-0.616883584147658
321828,1878.0,1880.0,100.0,3.20554739924338
231008,120.0,1882.0,58.0,1.96163150553436
246516,195.0,1881.0,70.0,-3.67001754032948
433729,1885.0,85.0,116.0,1.31956522770628
277284,1914.0,18.0,75.0,-1.62564111623334
192111,1888.0,195.0,176.0,3.46832558777798
400850,604.0,1889.0,112.0,5.18654214988626
188490,1889.0,195.0,175.0,-5.60689446028687
197230,1886.0,1896.0,54.0,1.89562118410002
16448,1881.0,17.0,3.0,8.59226271241238
99257,1925.0,20.0,44.0,3.47288365604132
6223,1887.0,1901.0,1.0,-1.06699370793227
326168,1891.0,1887.0,101.0,4.53174853924179
204336,1875.0,1882.0,177.0,3.36020785253123
193940,1891.0,164.0,176.0,-0.973163399025965
30293,948.0,1900.0,166.0,2.0460679805397
329963,1332.0,1917.0,101.0,-1.77987579810416
360323,1342.0,1892.0,108.0,-6.68096300878471
201473,1332.0,1224.0,54.0,-2.45567760113204
281743,1342.0,14.0,75.0,0.975099266425773
164690,544.0,17.0,168.0,1.82589059988229
342656,1559.0,1331.0,104.0,0.893234732678611
245345,1915.0,85.0,69.0,6.20422793951004
255829,20.0,1902.0,71.0,-1.64686651203895
225810,948.0,1882.0,57.0,2.70808461194695
58959,604.0,1878.0,9.0,4.54831418873018
391239,5.0,1902.0,111.0,1.1008954099896
275203,3.0,1431.0,179.0,10.62954057503
110422,1911.0,1928.0,45.0,-5.80838278273021
33961,14.0,1560.0,166.0,-2.65752393173659
279295,1342.0,1347.0,75.0,-9.52355505621576
181968,1559.0,1908.0,174.0,-0.0197740922340417
423182,1879.0,1883.0,115.0,-0.595786856299753
327586,1886.0,1883.0,101.0,-1.59725376427375
248423,1559.0,1895.0,70.0,-2.73821158677331
224521,1671.0,1897.0,57.0,0.605729239488553
425347,47.0,748.0,115.0,-3.95247343471092
7276,1920.0,17.0,1.0,-0.104961556047784
206063,160.0,17.0,177.0,-8.5537024487984
53470,229.0,1928.0,7.0,7.76699876813714
276048,82.0,1559.0,179.0,-1.16852252838211
57892,1919.0,1904.0,9.0,-1.07337504956048
372313,5.0,1918.0,109.0,6.4496871237085
57516,48.0,1881.0,9.0,14.823762862838
320076,1913.0,1908.0,99.0,4.65383644879584
167594,85.0,195.0,51.0,-0.101790737423606
109263,1920.0,1884.0,45.0,-1.5376911462256
253384,1875.0,120.0,71.0,3.60646589410758
167948,1880.0,146.0,51.0,-3.60193341154222
278922,146.0,1348.0,75.0,0.356994476733227
334100,1919.0,1331.0,102.0,-21.0302573162946
100438,604.0,1928.0,44.0,-3.52434022426996
438350,48.0,1902.0,116.0,-4.59410489085198
64539,48.0,1900.0,10.0,3.14771545161168
257923,1902.0,1915.0,72.0,4.41369986529811
105915,72.0,1923.0,45.0,-2.11929411651951
249766,1925.0,1895.0,70.0,1.3792341654109
24905,163.0,1899.0,4.0,7.85047117119446
52867,544.0,1888.0,7.0,9.86904917293418
210830,160.0,1880.0,178.0,-10.9657718503305
190848,655.0,1896.0,175.0,1.10647896989228
167229,1907.0,11.0,51.0,1.81047704264592
232677,1919.0,1895.0,58.0,-0.519622712673537
188933,146.0,13.0,175.0,-2.28962138625007
60448,1900.0,1921.0,10.0,-7.26434183676885
164716,1906.0,1893.0,168.0,-0.594459173107022
180557,1913.0,5.0,53.0,12.7371772197874
268641,1331.0,1910.0,74.0,-3.72580871025709
206210,14.0,1889.0,177.0,-10.5057261449218
7337,1924.0,101.0,1.0,17.7808985602294
345268,1905.0,1348.0,104.0,-8.91763245060915
336031,1912.0,1902.0,102.0,-5.63202091181614
397042,1878.0,1431.0,112.0,-0.414429849529222
243912,1342.0,1331.0,69.0,-3.75402180307805
425926,1905.0,1883.0,115.0,1.53223388987289
101652,1885.0,1348.0,173.0,2.74701724753666
172404,17.0,1927.0,52.0,-2.16744113669601
342275,1889.0,1881.0,104.0,-0.776627586446046
199773,1902.0,1908.0,54.0,-0.732126524635815
329043,3.0,1331.0,101.0,-19.2383582262316
202847,948.0,18.0,177.0,-3.45109329918808
182653,1888.0,1560.0,174.0,3.97213835820715
275002,1920.0,1909.0,179.0,3.85196185031797
389875,3.0,1892.0,111.0,-1.86740782554721
177351,147.0,1912.0,53.0,-2.01477480116818
237958,160.0,1877.0,60.0,8.59831488764152
320612,1899.0,1897.0,100.0,-2.05497311568273
232936,160.0,1927.0,58.0,-10.961464448223
273567,1889.0,1671.0,179.0,4.57486614553
227636,48.0,1927.0,57.0,-6.24732902726337
74633,48.0,1875.0,13.0,-4.15995531752654
218117,164.0,677.0,56.0,-8.3516627902236
259716,1919.0,677.0,72.0,-0.907006778589881
62156,1875.0,1671.0,10.0,-0.433379402924913
44928,150.0,677.0,6.0,-3.70589505247301
172872,147.0,1904.0,52.0,-0.452478551744181
277934,1885.0,11.0,75.0,-1.34479080391036
268332,1879.0,1895.0,74.0,-2.76510458610965
7257,1332.0,677.0,1.0,3.39552431842433
249559,1924.0,655.0,70.0,7.02435681897573
331759,1886.0,1897.0,102.0,2.12358349848855
334495,1926.0,1347.0,102.0,-2.50717591261167
433710,14.0,1911.0,116.0,-11.1193127594003
341713,1904.0,1331.0,104.0,1.83407408513068
272961,1898.0,1914.0,179.0,1.42451961909606
189158,101.0,1910.0,175.0,6.187878491555
357924,85.0,13.0,108.0,4.50895557912189
29771,1342.0,1332.0,166.0,-5.78205788122693
389728,82.0,1889.0,111.0,-5.61080520620912
274920,544.0,1880.0,179.0,0.656968767884608
390102,1924.0,1918.0,111.0,13.7253137605719
400307,1342.0,131.0,112.0,-0.0980872000052449
230446,748.0,1903.0,58.0,-7.46229327244905
336739,150.0,1912.0,103.0,-1.13137016260191
336198,150.0,1331.0,103.0,16.9365546926543
329677,48.0,1896.0,101.0,5.66438748773227
203073,1891.0,195.0,177.0,6.31068067493199
102846,85.0,1881.0,173.0,8.66123683324101
234662,1183.0,147.0,60.0,-2.14874648313795
630158,1887.0,1902.0,7.0,-2.147328960552916
301643,1878.0,1224.0,98.0,-0.846676506140347
99333,82.0,27.0,44.0,-4.55538240153417
281934,160.0,1928.0,75.0,-1.1225989789682
277285,1431.0,147.0,75.0,-0.0335436623034374
327824,147.0,1916.0,101.0,-0.150860685983005
248157,85.0,1922.0,70.0,7.34446488154314
48685,1905.0,1347.0,7.0,5.37868572954035
424204,1920.0,1332.0,115.0,0.578950322622201
269964,83.0,17.0,74.0,1.31593664037392
246913,1884.0,1921.0,70.0,-5.03918222777758
61455,1897.0,1893.0,10.0,2.05426551776652
304793,3.0,1902.0,98.0,-2.1034491193654
178701,1880.0,85.0,53.0,0.0200442710702417
372999,948.0,1900.0,109.0,2.19659943983388
177071,948.0,1879.0,53.0,0.129494144803442
315530,164.0,1881.0,99.0,1.21891440984204
173595,1891.0,1923.0,52.0,-0.205816537357895
324781,1342.0,147.0,100.0,1.81317539986353
428015,1878.0,1928.0,115.0,3.10098961878274
370060,604.0,195.0,180.0,-5.70417448227309
174971,229.0,131.0,52.0,4.03773412655329
202439,1880.0,5.0,177.0,-2.73092061315859
169312,48.0,164.0,51.0,-2.47687513324439
187241,1887.0,1896.0,175.0,-1.44840600320445
245397,1913.0,1908.0,69.0,-5.04283120467558
26772,655.0,1183.0,4.0,2.4993074604925
400143,14.0,1916.0,112.0,7.97506763901921
240948,1347.0,85.0,69.0,4.29793163747846
32335,1337.0,1331.0,166.0,-11.975926040192
232401,1342.0,1884.0,58.0,1.43028133310606
390688,27.0,748.0,111.0,-7.09128979011102
25601,1894.0,1909.0,4.0,-2.59694410972609
301110,1890.0,788.0,98.0,0.0674658105713671
196866,27.0,1922.0,176.0,0.749589533841994
64470,1913.0,1882.0,10.0,2.23377802067675
199304,1902.0,1896.0,54.0,3.31136542204131
70634,11.0,1892.0,13.0,-9.60788982808923
359593,83.0,1183.0,108.0,-2.18403007493782
371562,1337.0,1559.0,180.0,-1.71764632814039
222352,1430.0,1224.0,56.0,4.0977153519467
261653,120.0,1898.0,73.0,1.73009298058803
247894,1875.0,1899.0,70.0,3.6972482486663
63885,82.0,1895.0,10.0,2.17013335224308
75582,1888.0,1928.0,13.0,6.36144089621921
328153,1559.0,136.0,101.0,5.6313360284678
188258,1900.0,1347.0,175.0,3.68396546577565
30703,1895.0,164.0,166.0,-3.88063729806647
190754,1925.0,1905.0,175.0,6.04678249457414
341394,1875.0,1909.0,104.0,1.91423657735575
262465,1897.0,1910.0,73.0,-2.19663210326144
196561,1876.0,1927.0,176.0,-8.38538963329126
300462,1903.0,1671.0,98.0,-4.09630806554289
10612,1877.0,1910.0,2.0,-4.74544272203969
60120,948.0,1560.0,10.0,-0.592869154280284
200070,229.0,47.0,54.0,6.36520426991716
30717,1888.0,1917.0,166.0,-1.59789928616223
281662,1877.0,15.0,75.0,-8.15797268834453
73214,1559.0,1183.0,13.0,23.4966222931436
60753,1879.0,1918.0,10.0,-3.03341804705588
24840,1348.0,1331.0,4.0,1.65229960601078
230792,164.0,1331.0,58.0,-1.97402364791011
55419,1878.0,1889.0,9.0,3.12627782499912
235507,1916.0,5.0,60.0,4.95184656628221
106043,1903.0,1911.0,45.0,-5.77907158065181
257977,72.0,1892.0,72.0,-0.830269270058248
263457,1224.0,1890.0,73.0,-1.61384066585135
333417,1911.0,1917.0,102.0,-2.06886455355763
249804,160.0,1918.0,70.0,-3.40476517396659
344706,27.0,1909.0,104.0,-7.09422954386168
88357,3.0,82.0,172.0,-7.9092692639662
112272,1909.0,1671.0,167.0,19.7803928350398
437186,48.0,1879.0,116.0,2.35926580533189
339795,1877.0,17.0,103.0,1.5796588475022
111191,1912.0,1909.0,167.0,-4.02250326016022
105745,1883.0,1882.0,45.0,-4.46773138681899
197685,1875.0,1883.0,54.0,1.0668065175508
328342,1331.0,1916.0,101.0,3.13196654763566
214096,1898.0,13.0,55.0,-13.5242413438791
357328,1560.0,1889.0,108.0,4.42016620639893
69713,1913.0,1671.0,12.0,-15.2098487670413
328974,3.0,1885.0,101.0,0.0132547837072653
210926,1430.0,146.0,178.0,-3.86428405787253
260110,1915.0,1888.0,72.0,2.79223453154151
208552,1899.0,1898.0,178.0,-8.06490506287392
273359,1899.0,1881.0,179.0,-0.475525378320836
257290,47.0,5.0,72.0,1.86172278831131
48636,136.0,1911.0,7.0,-2.31155957288405
9924,1896.0,1348.0,2.0,0.901871931009728
397753,1888.0,788.0,112.0,-3.1371701601344
244256,1332.0,677.0,69.0,-0.999352779170383
277083,136.0,1899.0,75.0,-11.916363526724
244571,604.0,27.0,69.0,4.79978216093973
115329,3.0,1903.0,167.0,13.7153467193029
318933,1337.0,1884.0,99.0,-3.62596220852367
180629,1915.0,5.0,53.0,13.662302000902
423498,1903.0,13.0,115.0,-0.899148196349894
286236,1906.0,13.0,77.0,1.41212894596035
227264,48.0,1879.0,57.0,-11.5075719002703
207061,3.0,1890.0,177.0,-1.14124416052354
235552,1183.0,1885.0,60.0,0.0469430755807775
202809,1900.0,11.0,177.0,-3.55487323604722
398099,1888.0,150.0,112.0,5.54107204609428
11125,1183.0,1923.0,2.0,-0.708967110817135
345396,1337.0,1895.0,104.0,3.02496261341583
248978,20.0,1907.0,70.0,-7.51436784928467
229621,1897.0,1907.0,58.0,-5.16316844994446
248664,1925.0,85.0,70.0,-1.7051324574222
222482,1332.0,1671.0,56.0,-1.69946790129626
162488,1885.0,1886.0,168.0,-2.86267014299018
318174,655.0,1883.0,99.0,-2.59049146389425
344302,160.0,82.0,104.0,11.5479573405162
176551,1908.0,1923.0,53.0,-1.60917357038259
357121,164.0,1893.0,108.0,1.75130368162616
14188,1879.0,1907.0,3.0,-6.01448414729258
72228,1337.0,47.0,13.0,-2.08674435920668
72259,120.0,1901.0,13.0,5.01682958038035
333683,544.0,1908.0,102.0,-2.82533925969237
248041,1879.0,13.0,70.0,-3.48395705050316
437634,544.0,136.0,116.0,2.03241441751036
319954,1920.0,677.0,99.0,0.639880612127705
62642,1920.0,1908.0,10.0,1.35992607475349
58336,1342.0,1889.0,9.0,-5.77839460651214
396956,146.0,1898.0,112.0,-4.88440525789367
252654,1912.0,1881.0,71.0,-12.1683492983585
87678,1896.0,1348.0,172.0,6.27766394593132
43609,1916.0,5.0,6.0,10.7298547063053
269396,1925.0,1919.0,74.0,0.0106804936873817
228100,604.0,1903.0,57.0,-4.38848398247614
375360,83.0,1881.0,109.0,-2.58167150266631
415659,14.0,1883.0,114.0,-0.502296077393678
47517,160.0,1927.0,6.0,3.21657839583654
199635,1879.0,147.0,54.0,0.0675994826528638
43676,1899.0,1922.0,6.0,-3.66853622830709
172082,146.0,1914.0,52.0,-0.845053745204652
6896,655.0,1901.0,1.0,3.52037164972048
417723,11.0,1928.0,114.0,-1.46162095867899
231134,1889.0,1890.0,58.0,0.446613054525293
44031,1879.0,13.0,6.0,1.86545129957076
400154,1332.0,1909.0,112.0,-4.67047825310327
207182,82.0,85.0,177.0,5.14884337619783
272580,1879.0,1883.0,179.0,2.10410255515343
111295,1671.0,1918.0,167.0,1.82875052136507
277182,1895.0,1908.0,75.0,-3.66690982368297
244024,27.0,1892.0,69.0,-1.71869453518313
276469,229.0,1903.0,179.0,-7.84142653946525
227812,655.0,1342.0,57.0,2.02742458539471
89424,1342.0,1348.0,172.0,-0.14336396419537
179867,48.0,1916.0,53.0,0.757715120777943
267111,136.0,1918.0,74.0,8.29916163148613
221161,1919.0,1901.0,56.0,-1.35646363505502
319952,27.0,1903.0,99.0,-8.01016147746265
225899,1897.0,1901.0,57.0,-1.26877599176866
167111,164.0,120.0,51.0,-2.45829777876647
15762,1880.0,1918.0,3.0,-7.36351073515737
204004,1899.0,1910.0,177.0,16.7900843107851
435136,1917.0,1923.0,116.0,-3.3218885318661
178166,136.0,1878.0,53.0,0.118988955348623
112169,1431.0,1918.0,167.0,0.205320837087113
166819,136.0,15.0,51.0,-0.783938030867003
181578,1902.0,1902.0,53.0,-3.63912922612174
280738,1920.0,1904.0,75.0,-9.4187547104026
374577,1891.0,1917.0,109.0,0.54885964287335
217779,1883.0,1928.0,55.0,-13.7364027478709
30433,1431.0,1901.0,166.0,2.7847373775483
11358,655.0,160.0,2.0,-0.0529898925477912
330705,1907.0,1902.0,101.0,0.329356933909541
414862,1895.0,1917.0,114.0,1.48751751890716
74875,604.0,1430.0,13.0,7.65834187272883
16953,604.0,1880.0,3.0,-6.28867463219362
88952,1919.0,1891.0,172.0,-2.70963712934185
165622,1915.0,1903.0,168.0,-0.0617764692023115
311663,1909.0,1331.0,186.0,-11.6598762836971
49238,1895.0,195.0,7.0,-0.87780092468826
433621,1885.0,147.0,116.0,2.26920829715793
204489,136.0,1888.0,177.0,-0.326546980751672
388702,1898.0,1923.0,111.0,0.887065288807088
45750,120.0,1916.0,6.0,-1.38659616994068
343244,948.0,1431.0,104.0,3.06131857086901
54768,1183.0,1911.0,9.0,7.21862650078424
369984,20.0,1183.0,180.0,-8.656401482981
255158,1915.0,1886.0,71.0,1.32203136091347
62043,1559.0,11.0,10.0,-1.74084289227039
389526,604.0,1881.0,111.0,6.16057385627708
204482,150.0,195.0,177.0,1.18870393634272
11786,655.0,164.0,2.0,-0.582208399040037
48580,1183.0,1904.0,7.0,-2.05485481565694
329111,20.0,1904.0,101.0,-1.9007485826213
311186,1885.0,1888.0,186.0,-3.58111233248046
313920,604.0,101.0,186.0,26.5719340583955
14509,1908.0,677.0,3.0,-3.31112139910585
191800,544.0,1337.0,175.0,2.79806825711284
49700,1881.0,1883.0,7.0,-6.81414835816668
359308,1183.0,1885.0,108.0,2.2666172813705
202560,1331.0,1890.0,177.0,3.78856358841372
240872,1881.0,1910.0,69.0,-1.13919130814763
236876,1925.0,1883.0,60.0,1.64709834420461
281362,1915.0,1882.0,75.0,6.75459341350087
214371,1897.0,20.0,55.0,-0.219438039327941
265876,1342.0,1882.0,73.0,-2.95382667953036
219531,1912.0,15.0,56.0,7.55418709454701
229387,120.0,1898.0,58.0,-0.657846595207255
335513,1915.0,15.0,102.0,3.57072944269009
113259,163.0,85.0,167.0,5.16563665200148
249678,544.0,101.0,70.0,22.9550158931624
225481,1878.0,1904.0,57.0,3.32446937232713
637245,136.0,1902.0,74.0,2.0256078755526223
336557,1885.0,788.0,103.0,11.9520850699499
114546,160.0,27.0,167.0,7.00072533438026
224895,1347.0,1887.0,57.0,-0.606125669088386
224958,1895.0,1888.0,57.0,2.29820614028921
112560,948.0,788.0,167.0,-3.15232762360816
54503,146.0,17.0,9.0,-2.16897260355547
196706,604.0,1671.0,176.0,6.91075465180432
200783,83.0,544.0,54.0,-4.09523482671533
323510,1926.0,1919.0,100.0,4.91439784380579
190855,1926.0,1877.0,175.0,3.80486867206905
89396,1913.0,1895.0,172.0,-2.08763598945842
182507,1559.0,131.0,174.0,0.240532362036982
6985,1915.0,1885.0,1.0,4.35149348560896
302427,1889.0,1886.0,98.0,-4.96427401332141
114896,1926.0,1888.0,167.0,6.66150050544017
321273,1884.0,1893.0,100.0,0.403439746654691
259214,163.0,1885.0,72.0,-2.17312808168378
169931,27.0,1893.0,51.0,0.927651740281568
341849,136.0,1900.0,104.0,1.55511687567797
327188,1904.0,1881.0,101.0,12.9579507468292
207038,1877.0,748.0,177.0,-0.18178785207218
71502,150.0,1923.0,13.0,-2.39145919457956
161209,150.0,15.0,168.0,0.0678937843606286
164606,1337.0,1884.0,168.0,-1.81307424185127
318161,20.0,1894.0,99.0,-3.24138949340523
357492,1886.0,1896.0,108.0,0.945417278491224
302046,164.0,13.0,98.0,0.544594643225533
194023,1671.0,1923.0,176.0,0.196270555163862
211473,1919.0,18.0,178.0,-0.419855712492396
47333,14.0,13.0,6.0,-2.05895135481774
4934,72.0,1911.0,1.0,-1.46078338122832
214659,1671.0,1347.0,55.0,6.81079240144187
60185,1887.0,1896.0,10.0,-3.63745787323194
216287,1905.0,101.0,55.0,17.0105087881169
367131,1183.0,1882.0,180.0,-10.3415063969435
165315,1906.0,1912.0,168.0,-10.9837175816619
415599,3.0,195.0,114.0,0.0883548521608872
400691,1906.0,1348.0,112.0,-4.80710027233334
9931,1896.0,1911.0,2.0,-3.78860812924521
101068,1880.0,788.0,173.0,2.37222021908066
314979,1924.0,677.0,186.0,2.48857458612052
424739,1912.0,1331.0,115.0,-2.42058322873361
334521,1332.0,1891.0,102.0,5.89796423300372
252026,47.0,18.0,71.0,-10.4638692352788
69853,1342.0,1671.0,12.0,-1.93800539321711
55276,150.0,1912.0,9.0,1.41865751105282
183495,1880.0,1907.0,174.0,0.672420125619564
12312,1925.0,150.0,2.0,0.128077087664711
413979,1885.0,1883.0,114.0,0.80970890042608
190704,1913.0,677.0,175.0,-3.76394714887519
13862,1905.0,1898.0,3.0,1.53671182307459
86662,18.0,1922.0,172.0,-1.53720555489506
229736,136.0,1671.0,58.0,-1.7099870772998
338359,1918.0,1923.0,103.0,1.17798016707642
25734,1899.0,1887.0,4.0,0.832889540070762
301152,1887.0,18.0,98.0,0.439214446443585
281161,83.0,1917.0,75.0,0.155236508735075
339769,1337.0,1884.0,103.0,-3.06943866112233
331867,1347.0,136.0,102.0,-2.67371758735896
55551,1894.0,1892.0,9.0,1.74457891734936
271346,27.0,1921.0,74.0,-11.4977995354671
232385,1337.0,1896.0,58.0,-30.6268447160369
33892,160.0,1890.0,166.0,0.603893471458632
205116,160.0,85.0,177.0,13.8429544655659
415931,229.0,1916.0,114.0,-4.25845904248286
302223,72.0,131.0,98.0,1.17452095548276
70258,164.0,1928.0,12.0,28.7980411470398
165630,163.0,677.0,168.0,1.23846415253914
265931,655.0,1906.0,73.0,-3.19523150499697
176599,1879.0,1899.0,53.0,-5.90363602009431
240913,15.0,1901.0,69.0,-12.6943915434215
211263,229.0,5.0,178.0,11.8843623830398
208427,748.0,1923.0,178.0,1.71716739777555
412914,1894.0,1892.0,114.0,0.442525678137266
251402,1337.0,1911.0,71.0,-2.56462674123118
231205,72.0,5.0,58.0,-2.88123736680077
358647,1892.0,1914.0,108.0,-6.68207259601304
272694,1882.0,131.0,179.0,0.39314767859434
71902,1899.0,1912.0,13.0,1.00758574531341
280101,1926.0,1881.0,75.0,1.30333342463686
267451,1897.0,1890.0,74.0,-1.93028753077884
345592,1332.0,1224.0,104.0,-4.23126956593461
75669,1906.0,1902.0,13.0,2.41079919925911
107819,11.0,788.0,45.0,-5.31084202608887
284022,47.0,1896.0,77.0,0.36092635986674
388127,1911.0,677.0,111.0,-5.97935371279587
89579,27.0,136.0,172.0,-3.99737240169471
251227,677.0,18.0,71.0,-0.503442421652346
389599,82.0,1892.0,111.0,2.87924311998802
263669,1903.0,1671.0,73.0,-1.12641243381361
264833,1337.0,677.0,73.0,7.22922015007922
70308,20.0,1928.0,12.0,0.364053352053166
373133,1888.0,1560.0,109.0,0.377442505192328
435768,748.0,1900.0,116.0,1.49555472981498
32317,544.0,1887.0,166.0,-2.16935397166559
279454,147.0,195.0,75.0,-0.589746511902314
284362,1909.0,1907.0,77.0,-5.89504700543939
229424,1895.0,1897.0,58.0,2.12638438618163
202379,1342.0,1898.0,177.0,-0.87368361845563
325123,1926.0,1671.0,100.0,5.100847663211
191595,1906.0,85.0,175.0,3.37685650578947
72294,1886.0,5.0,13.0,12.3871581206378
256176,1883.0,1560.0,72.0,-0.947303818571806
100740,150.0,1927.0,173.0,-1.63253835522571
29454,1895.0,1886.0,166.0,-7.46957613392714
13603,544.0,1925.0,2.0,3.97631784686846
203582,85.0,1894.0,177.0,1.21296043787331
171456,72.0,1348.0,52.0,-6.43895408651644
284486,1896.0,1888.0,77.0,-3.94277267935463
265871,1905.0,1900.0,73.0,-4.04247967986535
246173,1888.0,11.0,70.0,-3.56662150847775
323165,1884.0,11.0,100.0,-2.82925403139954
434708,1912.0,1892.0,116.0,-7.01525242576542
104770,83.0,1912.0,173.0,3.77571865266254
5732,1914.0,1927.0,1.0,0.285237263641761
323094,1671.0,1910.0,100.0,0.239261698714858
327116,1904.0,788.0,101.0,-0.448697760749465
216671,14.0,1348.0,55.0,-17.6853031463781
239029,1896.0,1902.0,60.0,-1.40454420044858
372745,1347.0,1875.0,109.0,-4.02142415791933
4898,1883.0,1922.0,1.0,3.75085948467259
326645,15.0,18.0,101.0,2.9611519158943
198437,1889.0,748.0,54.0,-1.02769543865589
333565,1331.0,1890.0,102.0,-1.29874009814739
630118,85.0,1902.0,71.0,-8.450225268803585
49780,1897.0,195.0,7.0,-42.3495483953974
44924,136.0,72.0,6.0,0.482758508635755
183590,1880.0,18.0,174.0,4.88699491472211
198727,101.0,1888.0,54.0,-3.00401747994059
246639,1183.0,1893.0,70.0,6.36591195156646
245614,11.0,1928.0,69.0,-0.332722435064036
345764,544.0,1886.0,104.0,1.15350029350716
433254,1875.0,1917.0,116.0,-0.134064656491584
338732,1348.0,1347.0,103.0,6.52535618149251
190263,1332.0,131.0,175.0,-0.340782611670218
188008,1880.0,1918.0,175.0,3.57114524149461
7802,604.0,1559.0,1.0,10.0087991202712
260953,1926.0,1902.0,72.0,-2.23614200369172
318023,604.0,160.0,99.0,1.53473155291843
415730,655.0,229.0,114.0,4.71027792230439
390216,3.0,1875.0,111.0,2.86399783302144
303922,1905.0,1918.0,98.0,4.5956866486429
9468,1883.0,1922.0,2.0,-1.97236812892049
193633,164.0,15.0,176.0,-5.05261630316668
61845,1898.0,1890.0,10.0,-1.30769029793311
375563,82.0,1331.0,109.0,-8.30181047861414
338851,655.0,160.0,103.0,-1.0126671347446
165810,1905.0,1890.0,168.0,0.37303600233893
220331,147.0,1922.0,56.0,7.47420196518248
57319,1924.0,1898.0,9.0,1.18964218598433
266100,1929.0,1928.0,73.0,-1.98534538020067
220607,101.0,85.0,56.0,9.69076513714697
106222,1909.0,1892.0,45.0,-5.67762960205863
191465,1915.0,15.0,175.0,1.73819361749052
87385,1889.0,677.0,172.0,5.64971806956081
284809,1337.0,1899.0,77.0,1.2735113878948
253755,1332.0,1183.0,71.0,5.4179243635068
198942,101.0,1907.0,54.0,0.331364528471564
435810,195.0,17.0,116.0,0.401781528076532
412696,120.0,1890.0,114.0,-2.82286158489782
184857,1906.0,1331.0,174.0,-14.1645643421229
241375,1886.0,1922.0,69.0,-3.48500053333022
207075,655.0,1890.0,177.0,6.65848631618808
4495,1875.0,1908.0,1.0,0.877643587057056
275388,544.0,150.0,179.0,0.142179710924243
397069,1899.0,1885.0,112.0,1.3615006905195
344872,1919.0,1914.0,104.0,-1.19157048755853
341040,229.0,1910.0,103.0,0.0029997944265885
344183,1924.0,47.0,104.0,8.37371207391963
283631,1431.0,677.0,77.0,-1.30353472591958
31817,3.0,1898.0,166.0,-0.627615569483295
202206,1876.0,1928.0,54.0,2.14545713818803
197905,136.0,1889.0,54.0,0.777005619320839
100649,14.0,1887.0,173.0,-4.30041993858755
359220,1926.0,1918.0,108.0,0.379946026506442
168379,1879.0,1923.0,51.0,-7.63696368800131
166173,1894.0,13.0,51.0,1.0873500297532
217183,1905.0,1559.0,55.0,6.72167303902862
172982,150.0,1911.0,52.0,-1.77744568460986
415240,1898.0,1916.0,114.0,-2.40568481844214
371097,163.0,1896.0,180.0,1.45933671483868
180439,1332.0,1889.0,53.0,-7.33109895853524
240713,1671.0,1927.0,69.0,4.17416263453035
324361,1906.0,1889.0,100.0,3.12373409614712
86301,1909.0,1918.0,172.0,-3.03155559144223
63780,1913.0,1348.0,10.0,-2.84881161752098
425096,1894.0,1560.0,115.0,3.78214238018915
172129,1900.0,11.0,52.0,2.05703326831442
268271,1897.0,1560.0,74.0,-1.27997813282747
276884,1910.0,1890.0,75.0,1.44615637784029
175582,1924.0,1917.0,52.0,-1.70608137504344
198063,147.0,1911.0,54.0,3.89670936108463
331650,748.0,1921.0,102.0,-3.46359226716381
204840,1560.0,1883.0,177.0,0.724919338083171
108841,604.0,1331.0,45.0,-37.9339485946038
4919,1909.0,1922.0,1.0,3.08327121561529
215096,1912.0,1887.0,55.0,0.925731054153406
205644,1924.0,1914.0,177.0,-8.34789097303458
304914,164.0,1928.0,98.0,15.6993882161161
375088,229.0,1922.0,109.0,2.86681084492388
87928,1348.0,15.0,172.0,-4.47687041305196
220590,47.0,1904.0,56.0,-2.05360267973384
89628,1919.0,120.0,172.0,0.745143665154278
259018,1332.0,1901.0,72.0,-4.15771191570612
282343,748.0,18.0,77.0,8.92580230591412
425206,146.0,1916.0,115.0,4.20476380051865
72530,1876.0,150.0,13.0,4.7229043943575
171932,150.0,1927.0,52.0,-2.12671518747596
327836,1898.0,1908.0,101.0,0.525358476370062
342308,1912.0,147.0,104.0,1.72784636693841
43942,748.0,1898.0,6.0,-1.14961553883395
170128,160.0,1879.0,51.0,-0.682017191104529
423249,1877.0,1911.0,115.0,0.695592793619543
312528,1885.0,120.0,186.0,3.15599273347653
12555,1920.0,13.0,2.0,0.447155624995109
162336,1183.0,1893.0,168.0,1.54576267252136
180853,1913.0,1886.0,53.0,-2.97024208551405
370566,1332.0,1892.0,180.0,-4.04502808976691
225129,1914.0,1892.0,57.0,27.0345832762569
178747,1903.0,677.0,53.0,3.66477223970006
320923,72.0,1917.0,100.0,7.12028933108007
194210,1876.0,150.0,176.0,2.73580344795414
234893,85.0,788.0,60.0,-10.1735253273184
208233,1431.0,1347.0,178.0,2.53671340033827
284181,1875.0,1431.0,77.0,1.24270094091296
433514,5.0,1901.0,116.0,-41.7865163458332
103885,1906.0,1909.0,173.0,-8.82464824055452
254611,1430.0,1893.0,71.0,0.213465562657896
111969,195.0,1917.0,167.0,-16.2678368328003
323796,14.0,1904.0,100.0,-2.88343953862446
5583,1900.0,11.0,1.0,0.306219838775628
212980,1897.0,1898.0,55.0,-2.29028202144549
68902,1926.0,655.0,12.0,2.81456453216551
301655,1671.0,1922.0,98.0,4.13067383431162
68063,82.0,14.0,12.0,0.536368279829531
304084,544.0,147.0,98.0,1.34780890841224
330104,655.0,120.0,101.0,-2.1840159175213
342833,11.0,677.0,104.0,-3.02069495093472
251891,195.0,17.0,71.0,4.01541389077214
211134,1430.0,17.0,178.0,2.86162395479066
356928,1884.0,1671.0,108.0,1.666544163404
190644,229.0,150.0,175.0,3.47958551896092
204158,1908.0,1907.0,177.0,-1.78627369995765
324815,48.0,147.0,100.0,7.43457378828901
109194,655.0,1891.0,45.0,8.07688973801442
11999,1877.0,1331.0,2.0,-11.1142849946798
179728,160.0,164.0,53.0,-8.03329693161168
341198,1912.0,1928.0,103.0,-3.41912440068963
279647,1877.0,1908.0,75.0,2.69268020007414
110255,544.0,1903.0,45.0,8.53491775171368
265403,1915.0,120.0,73.0,-0.266250275350384
219577,1879.0,1904.0,56.0,3.93035224169026
399007,101.0,146.0,112.0,-1.28907177443614
161257,1347.0,1891.0,168.0,-1.17041813787481
174563,655.0,1887.0,52.0,-0.78420516725781
279682,1924.0,47.0,75.0,9.13038304149779
24713,1893.0,5.0,4.0,1.03042142381592
434892,1877.0,1898.0,116.0,-0.72341271012556
96259,1893.0,1896.0,44.0,-8.70714107384551
56111,1431.0,1922.0,9.0,0.486750039391122
413074,1908.0,1892.0,114.0,-1.799064342434
211567,229.0,1879.0,178.0,-15.3668397389094
211406,82.0,1893.0,178.0,12.3362879706206
413673,136.0,1917.0,114.0,1.25433470069476
218305,1879.0,147.0,56.0,-0.908687937445356
253555,1877.0,1332.0,71.0,-4.50602656647249
55723,1904.0,1917.0,9.0,1.30211218765122
207378,604.0,1902.0,177.0,7.07233483694229
324987,27.0,1927.0,100.0,-11.8502440242647
301218,948.0,1898.0,98.0,1.01353046603495
266477,72.0,1914.0,74.0,-0.0014342912553555
29192,1881.0,1560.0,166.0,0.733573859471609
250638,1877.0,1921.0,70.0,-0.650160648733659
313324,229.0,1887.0,186.0,2.3999514958508
223909,1899.0,1881.0,57.0,3.59581489467903
28859,1924.0,14.0,4.0,-1.17268480819518
180546,1342.0,1877.0,53.0,-10.1628413424741
164422,544.0,146.0,168.0,-5.10345331855466
115204,1905.0,1337.0,167.0,-3.27957556714027
97733,1880.0,13.0,44.0,-1.67355803579668
178888,1348.0,1917.0,53.0,0.955105425532882
272841,150.0,1922.0,179.0,0.932517534558887
195998,163.0,13.0,176.0,5.16770698220946
69972,604.0,1878.0,12.0,-1.6599427422014
163361,1897.0,1332.0,168.0,-0.911192149583358
199514,1347.0,13.0,54.0,0.637127745566575
197693,1909.0,195.0,54.0,-0.0041065563698944
358101,1897.0,1912.0,108.0,-1.78957205378995
253204,1875.0,1898.0,71.0,-4.98674304570146
423212,1889.0,748.0,115.0,0.860671703471632
360387,1925.0,11.0,108.0,-10.9393052604577
338578,101.0,1896.0,103.0,17.9028710298315
46390,1919.0,195.0,6.0,7.79301148242184
89388,160.0,1875.0,172.0,-0.271452316439701
243318,604.0,160.0,69.0,-0.557721858272929
368200,20.0,150.0,180.0,6.45651966542102
241588,1896.0,72.0,69.0,4.20020692909914
373994,1183.0,1889.0,109.0,1.58039812996844
65945,1559.0,1892.0,12.0,-0.0907803465403614
207330,1913.0,1902.0,177.0,-1.9898515923264
44836,1895.0,1918.0,6.0,2.8114827860644
30651,1916.0,1892.0,166.0,-1.40423515314486
210590,1925.0,195.0,178.0,-0.211947711997659
168409,1183.0,5.0,51.0,1.41293246994676
54186,47.0,18.0,9.0,-5.3792123649517
346376,47.0,1928.0,104.0,-7.18770396378338
96168,1875.0,1890.0,44.0,-4.29945492258128
173771,1559.0,1875.0,52.0,-0.403886486191425
176802,1893.0,1907.0,53.0,-1.18733556319663
371789,163.0,1878.0,180.0,3.50285811687383
161090,1897.0,1348.0,168.0,-10.4370233705334
111801,1883.0,1431.0,167.0,1.08363576139893
264747,27.0,1904.0,73.0,8.98319675684241
189364,1881.0,15.0,175.0,-10.3058931819469
250009,1905.0,147.0,70.0,1.54846391656199
99552,20.0,13.0,44.0,-6.28775413897261
170666,1337.0,1927.0,51.0,-8.62916400801221
213747,1885.0,1348.0,55.0,-1.36386679400725
54170,1183.0,136.0,9.0,-0.250432932375088
44706,1875.0,1903.0,6.0,3.06835864298443
73273,47.0,1903.0,13.0,-3.43770370583974
258528,1903.0,1918.0,72.0,9.91148035675999
208576,1559.0,1916.0,178.0,2.60567231183482
208536,1878.0,72.0,178.0,-3.05233536447489
336196,1897.0,788.0,103.0,3.03400284334862
25605,1332.0,1887.0,4.0,-1.730738535138
32689,1332.0,1914.0,166.0,1.15494540161847
242970,1879.0,677.0,69.0,4.65437723617143
62622,163.0,85.0,10.0,-4.53924768891481
32410,3.0,1881.0,166.0,-5.67573294530518
180374,1342.0,1884.0,53.0,-8.19659091125779
316902,1891.0,788.0,99.0,1.4918826225909
279846,163.0,1894.0,75.0,3.25324474594901
70085,544.0,1903.0,12.0,13.5417110735824
300495,1885.0,1890.0,98.0,2.97475931847656
642631,948.0,544.0,114.0,5.7157221097520505
377378,1337.0,1902.0,109.0,0.837861537520516
260645,1906.0,85.0,72.0,-4.03408731017396
113087,1884.0,164.0,167.0,-1.34551515725947
200418,27.0,195.0,54.0,-15.4246171220788
273731,1916.0,1922.0,179.0,0.539062751542592
337796,1875.0,13.0,103.0,6.04915454471523
274217,1347.0,13.0,179.0,-0.373637705712084
170470,1919.0,1886.0,51.0,2.08038996467985
424914,20.0,1889.0,115.0,0.0759910154861663
338502,1878.0,72.0,103.0,2.92864967076599
204961,1911.0,1910.0,177.0,-1.5408621277228
70673,1887.0,1911.0,13.0,1.35315990665554
210511,1342.0,1883.0,178.0,-1.60313630117496
169261,1337.0,1901.0,51.0,-14.7222333112965
110737,1891.0,164.0,167.0,4.04943157018586
186197,1924.0,1342.0,174.0,0.943598568901211
60214,1342.0,1899.0,10.0,1.31505001628369
114156,229.0,655.0,167.0,-1.68966417575836
214061,1887.0,1889.0,55.0,-9.80017595920161
10623,1879.0,748.0,2.0,1.60789390502737
4636,948.0,1903.0,1.0,7.14334224344608
376971,163.0,677.0,109.0,1.23595177219243
96549,1875.0,1908.0,44.0,-4.06097222214446
426672,1430.0,1893.0,115.0,11.8008757098738
176318,48.0,1910.0,52.0,-2.45219694746601
212009,1919.0,1559.0,178.0,-0.3445511802599
112564,1906.0,1911.0,167.0,5.81564086184487
424183,1883.0,120.0,115.0,-1.27750990812851
54196,1891.0,1895.0,9.0,3.01048858725735
25093,27.0,1898.0,4.0,5.45865498737732
234545,146.0,1901.0,60.0,-4.26490864888577
96822,1671.0,1910.0,44.0,17.3881869585212
106650,1671.0,1910.0,45.0,-4.25923015562361
24981,1891.0,13.0,4.0,6.35777473613982
112598,1879.0,147.0,167.0,1.2489945889402
49182,101.0,1875.0,7.0,-6.39244071389453
436710,83.0,1879.0,116.0,-12.1436708486698
275968,14.0,1917.0,179.0,2.24945015170788
162937,1431.0,788.0,168.0,0.926273597899627
220292,85.0,1331.0,56.0,8.75517329108642
107674,14.0,1898.0,45.0,5.18312761830178
339860,1342.0,1891.0,103.0,-1.23510433204956
87272,72.0,1560.0,172.0,10.6126261862784
336377,1899.0,1892.0,103.0,-1.19513048738072
190655,1925.0,1884.0,175.0,0.6008870039283
161959,1893.0,677.0,168.0,-8.75999858164769
200050,48.0,1183.0,54.0,10.1630319574137
412693,146.0,1894.0,114.0,0.315471452928188
66152,146.0,1886.0,12.0,-1.09667850010558
17183,83.0,1880.0,3.0,4.84869635346469
232425,14.0,1879.0,58.0,-41.1186471792495
9761,1911.0,18.0,2.0,6.11907596137554
47060,1915.0,18.0,6.0,6.81220866564087
335693,1337.0,1900.0,102.0,3.29442618881428
197088,1918.0,1928.0,176.0,-6.40391937540846
66573,1904.0,131.0,12.0,-2.94477861410616
249797,27.0,18.0,70.0,0.611883518219296
258098,1886.0,1914.0,72.0,-2.43351384661703
161513,1909.0,1916.0,168.0,-4.60988479445184
105644,1888.0,1897.0,45.0,-3.19842413176248
67565,1877.0,1911.0,12.0,-3.75416289393989
205581,1337.0,195.0,177.0,-9.20899039499582
437250,1906.0,5.0,116.0,15.1647303620838
425890,160.0,1923.0,115.0,-1.4177965709325
15564,1895.0,1901.0,3.0,2.50108180901395
358480,1891.0,1897.0,108.0,-0.208315058796427
223500,1893.0,1914.0,57.0,-2.42691933968021
374672,13.0,5.0,109.0,9.51973137714998
177914,1921.0,1927.0,53.0,-9.52700908298342
108216,1879.0,17.0,45.0,-5.51494324316462
256719,1900.0,1331.0,72.0,-3.60579546909615
43923,101.0,1891.0,6.0,17.1769664282986
334574,229.0,1892.0,102.0,4.14022111464942
201352,544.0,27.0,54.0,3.24135598028326
337366,120.0,1347.0,103.0,-0.150153874143822
56064,1879.0,164.0,9.0,1.6725037755073
44252,1880.0,1895.0,6.0,-3.3939118739777
243600,163.0,195.0,69.0,-2.06834421792065
6383,82.0,1921.0,1.0,-3.72911039699794
327620,1904.0,17.0,101.0,-10.7149365090035
26287,82.0,150.0,4.0,7.83447456157826
24975,101.0,1347.0,4.0,-6.12568734248922
206929,3.0,1560.0,177.0,-1.66940267184731
183634,101.0,1887.0,174.0,-0.556390479383458
229848,1899.0,1224.0,58.0,0.0569864709097282
85792,1891.0,1921.0,172.0,-6.9664709286475
332581,1902.0,1911.0,102.0,-4.73979330266852
302637,1919.0,1894.0,98.0,-7.53651349364421
164128,20.0,1331.0,168.0,-38.0599638466453
209407,748.0,11.0,178.0,-2.81594345672784
226333,1430.0,1883.0,57.0,0.717567323946547
261409,1883.0,5.0,73.0,0.407011154389094
265809,1430.0,1903.0,73.0,1.82147516374604
174629,1337.0,195.0,52.0,1.48236508765882
164240,1342.0,1885.0,168.0,-10.6940046733487
200959,1925.0,11.0,54.0,12.2693239405322
241791,1878.0,1885.0,69.0,1.71295743311131
69320,1332.0,1895.0,12.0,-6.88543195192544
88480,1877.0,72.0,172.0,-2.73829043932676
256648,1919.0,1910.0,72.0,1.48453006295962
437127,83.0,1906.0,116.0,6.86163541278341
331281,1183.0,1894.0,102.0,8.58225126397999
187145,1912.0,1927.0,175.0,0.610576098366418
69292,229.0,1875.0,12.0,1.79554811677849
266942,1909.0,1224.0,74.0,-3.27174221326151
45206,1893.0,1889.0,6.0,-0.0182773059011551
258937,48.0,788.0,72.0,0.354675055866701
108583,1919.0,1883.0,45.0,-5.22630159481551
11878,604.0,1909.0,2.0,7.00295136627609
331409,1887.0,18.0,102.0,1.91835700634254
647823,1904.0,1902.0,116.0,-4.3522112949832605
437517,1877.0,1927.0,116.0,1.03619214783279
101514,1331.0,1886.0,173.0,-1.79107592950713
263991,1919.0,14.0,73.0,-3.30804128966149
260384,604.0,83.0,72.0,-3.3764630013839
300476,13.0,1890.0,98.0,1.3385068866343
86866,47.0,13.0,172.0,-6.87375148232224
24785,136.0,11.0,4.0,-3.71589360032202
315462,1902.0,1917.0,99.0,0.870890098750044
194803,1876.0,47.0,176.0,3.46433716301003
264294,160.0,1887.0,73.0,-1.20589009179699
372283,1881.0,1927.0,109.0,-0.124806156868131
436534,48.0,1901.0,116.0,-3.60545306166603
164081,82.0,1883.0,168.0,2.49838285756494
195542,1924.0,146.0,176.0,11.531877107177
46799,1337.0,1891.0,6.0,-6.30234676591456
424690,1342.0,1898.0,115.0,8.41722205059611
70596,1916.0,1927.0,13.0,-2.49027871376411
69995,655.0,1911.0,12.0,0.131058897025698
109207,82.0,1884.0,45.0,-5.15311306126045
341592,47.0,18.0,104.0,-6.66345219602245
167013,164.0,1882.0,51.0,-1.42594853863366
331727,136.0,1903.0,102.0,-0.954488955433218
250878,160.0,1337.0,70.0,-1.97203685576875
29207,1908.0,1917.0,166.0,6.95309703373415
104304,1905.0,544.0,173.0,4.83062761898623
221131,1905.0,164.0,56.0,2.11466224784825
44076,1902.0,18.0,6.0,-3.2093198905757
6714,1915.0,1881.0,1.0,2.02572493815784
367435,1894.0,131.0,180.0,-2.07902042561126
166263,1919.0,1887.0,51.0,9.11179819784862
267150,1891.0,1914.0,74.0,-0.0958691348137608
248920,1342.0,788.0,70.0,0.997120468260569
218098,1883.0,1431.0,56.0,5.46432941725836
220555,1887.0,1898.0,56.0,-1.39818955312443
415351,147.0,1887.0,114.0,-0.135633044303087
26014,1901.0,788.0,4.0,-1.85587652375408
27468,1332.0,17.0,4.0,-3.3737531438299
334233,1905.0,1904.0,102.0,-2.86564311158305
263913,1926.0,1908.0,73.0,-0.406042006149413
65315,1348.0,13.0,12.0,-4.05560043538764
274985,3.0,1885.0,179.0,4.10886732854379
186711,131.0,1928.0,174.0,-3.42697525379846
99701,27.0,1917.0,44.0,-3.52590430023063
57670,1926.0,604.0,9.0,2.45931613438179
198057,195.0,1914.0,54.0,-3.11402673835694
187224,1902.0,1876.0,175.0,4.18293090355456
256022,1912.0,1894.0,72.0,-1.75623327133008
233676,604.0,1928.0,58.0,-4.42095116175041
68224,1924.0,1894.0,12.0,11.3873782028621
282708,1895.0,150.0,77.0,-2.33831519158688
635318,1887.0,1902.0,179.0,-0.63353999175081
434761,1880.0,1916.0,116.0,-1.63687379362078
174534,160.0,72.0,52.0,-0.476510424089388
213425,11.0,1921.0,55.0,3.03902227562062
331513,1878.0,1893.0,102.0,0.591813512256811
66924,1183.0,1894.0,12.0,13.0361809081078
163572,136.0,1917.0,168.0,0.288340456394763
111088,1880.0,164.0,167.0,-1.16094476341683
401733,1894.0,1928.0,112.0,12.7700108903922
312572,1903.0,18.0,186.0,6.92098087432687
264267,229.0,72.0,73.0,-5.63870110819883
56917,1879.0,748.0,9.0,-2.57321372719714
286782,229.0,1890.0,77.0,4.90997368990239
13850,17.0,1922.0,3.0,1.37328553248164
104292,160.0,1895.0,173.0,4.23178675632395
320617,1894.0,748.0,100.0,-2.73729152348162
167034,1879.0,1431.0,51.0,0.131907096842957
171551,101.0,1914.0,52.0,-5.21268905691238
18773,1923.0,1902.0,3.0,-0.009988377967843
254915,1876.0,1895.0,71.0,5.30022246409001
196258,1924.0,1917.0,176.0,-8.60401536300354
389232,163.0,82.0,111.0,7.97371712954817
50161,1904.0,1922.0,7.0,7.47311043610973
302537,160.0,85.0,98.0,1.20241096603236
437270,1876.0,1905.0,116.0,1.12714081880493
224658,1890.0,1918.0,57.0,-0.172180917945602
247495,1907.0,11.0,70.0,1.19486055451455
359324,1881.0,1900.0,108.0,-4.66005861923295
257059,1888.0,1881.0,72.0,3.35715798543065
433641,1347.0,1918.0,116.0,-1.80587480949603
277867,1893.0,131.0,75.0,1.56288596518804
345835,1877.0,83.0,104.0,-0.109568683194991
213532,1884.0,1910.0,55.0,3.20290346467798
212703,1912.0,1894.0,55.0,4.44150350500144
271708,147.0,1917.0,179.0,8.46149152180973
73486,1906.0,1875.0,13.0,-1.17077813001506
316072,1896.0,788.0,99.0,-1.31894264624316
27658,1924.0,1891.0,4.0,7.84921847126186
18417,1915.0,1903.0,3.0,0.53398089997102
178461,1183.0,1918.0,53.0,4.02683950716824
164281,604.0,1914.0,168.0,-0.237299916372502
161331,15.0,18.0,168.0,6.31767567282581
236639,1671.0,18.0,60.0,1.46243865298033
51904,1906.0,131.0,7.0,2.22937679613319
275171,1430.0,1892.0,179.0,3.77834084063029
232014,1332.0,1904.0,58.0,-7.54226490896888
45504,85.0,195.0,6.0,-0.266775802806058
211209,1924.0,1347.0,178.0,3.56286165489617
311962,1560.0,1911.0,186.0,9.74989251160854
358059,1885.0,85.0,108.0,-4.80559714253313
361368,14.0,1922.0,108.0,-3.33942022422298
233726,1878.0,1928.0,58.0,-8.71735925901114
61935,3.0,1911.0,10.0,7.60644377755492
426459,1430.0,101.0,115.0,7.49947420700518
99999,1342.0,1671.0,44.0,-2.32590533414593
340381,83.0,120.0,103.0,0.173226349226514
358841,1909.0,131.0,108.0,-23.9789155048726
427747,1337.0,1908.0,115.0,-4.90429328262647
106756,1183.0,1918.0,45.0,-0.401240914510482
50653,1880.0,146.0,7.0,1.37570776346756
110195,20.0,1900.0,45.0,-4.12768920324218
95606,1879.0,1908.0,44.0,1.61714781158011
312714,1895.0,150.0,186.0,-4.70844774268404
15271,131.0,1892.0,3.0,-28.838298465446
5431,147.0,15.0,1.0,5.07094796083495
266364,1883.0,18.0,74.0,4.56816671022409
194016,1431.0,1560.0,176.0,3.86828562355764
260393,1915.0,1927.0,72.0,-21.7353559032969
318721,1913.0,1880.0,99.0,-0.879617104478869
71605,1909.0,1910.0,13.0,1.20224799400507
368621,1559.0,1908.0,180.0,0.471957436207073
225732,1888.0,1927.0,57.0,-3.02152682751061
360145,163.0,27.0,108.0,-0.93224065257886
60759,85.0,13.0,10.0,2.4464416571273
174264,1876.0,1923.0,52.0,-0.720194862524266
424412,1875.0,17.0,115.0,-1.02127884077452
233018,604.0,120.0,58.0,2.98222679432243
74286,1925.0,150.0,13.0,2.09206655646487
61793,164.0,1893.0,10.0,-2.36860927426846
88956,1925.0,1347.0,172.0,-9.38666336797789
331428,1895.0,164.0,102.0,0.707507067084614
249381,163.0,146.0,70.0,-1.56259835782624
273678,1891.0,1909.0,179.0,6.97339879041139
185884,1926.0,544.0,174.0,-3.21957039968854
194401,748.0,1347.0,176.0,-2.34253132575433
286255,544.0,544.0,77.0,5.14035644092358
375977,1342.0,17.0,109.0,-0.734784139089139
357590,47.0,1922.0,108.0,-3.50313208708395
110741,677.0,1923.0,167.0,-0.775639772726665
162919,1879.0,1923.0,168.0,-4.10891905309539
226099,82.0,14.0,57.0,-5.13500115959695
634632,1887.0,1902.0,173.0,-3.5044804766957967
285421,229.0,1914.0,77.0,-0.78301735410579
227032,544.0,17.0,57.0,4.90689602914915
266754,1898.0,1890.0,74.0,-0.281974719805849
215653,544.0,1883.0,55.0,-2.75084837045593
181834,1897.0,1890.0,174.0,1.46857703723353
75650,1887.0,1902.0,13.0,-1.04352601368424
192929,748.0,1910.0,176.0,3.53140531013598
178562,1878.0,164.0,53.0,-2.66338492397045
259000,655.0,1898.0,72.0,-9.95122955970056
88284,1332.0,1875.0,172.0,-4.82534016477535
233163,160.0,1560.0,58.0,1.15056645773062
211616,1926.0,27.0,178.0,-5.31844098468372
417249,1920.0,1900.0,114.0,2.59669433756561
197116,5.0,1928.0,176.0,2.35590989113113
312017,1906.0,150.0,186.0,-0.289597561094128
281360,1925.0,1332.0,75.0,2.62801331552333
213584,1878.0,1348.0,55.0,-19.6784260814069
101870,136.0,1907.0,173.0,-12.6137297487563
52971,1877.0,83.0,7.0,6.11812545201456
304049,229.0,48.0,98.0,3.72920855900584
181515,544.0,1910.0,53.0,-3.40269499493158
48484,1902.0,1905.0,7.0,5.14745302077947
358717,1883.0,1918.0,108.0,-0.814641362843057
103455,163.0,1919.0,173.0,1.43986438275975
100588,136.0,1890.0,173.0,5.787362896615
303268,160.0,146.0,98.0,2.81826067225188
342599,1908.0,1918.0,104.0,0.550294258370574
254634,1337.0,1896.0,71.0,-4.93035746978614
322090,1911.0,11.0,100.0,-2.62513554734687
390491,27.0,1917.0,111.0,-7.32336314334685
367872,948.0,1906.0,180.0,3.29464096624011
326256,1891.0,131.0,101.0,-2.75491819967558
11304,1918.0,1923.0,2.0,-2.48008906183046
8438,1337.0,1908.0,1.0,7.21069382190497
311022,120.0,1431.0,186.0,33.3537962881918
325141,604.0,1924.0,100.0,9.91343220058661
17755,1342.0,544.0,3.0,-7.2383382395989
28854,3.0,14.0,4.0,-3.07606703248361
60667,1911.0,17.0,10.0,-7.76609738016119
115182,1925.0,1900.0,167.0,5.7562163161657
323015,1908.0,13.0,100.0,-3.84035727866832
258137,1891.0,147.0,72.0,0.959692514868822
390989,1913.0,1908.0,111.0,7.19839179438482
51456,1925.0,195.0,7.0,-6.26777804538135
181615,1925.0,1928.0,53.0,0.755192856048858
56615,1875.0,1910.0,9.0,0.307854056324484
414883,1671.0,1890.0,114.0,-2.33777910619022
231418,604.0,1908.0,58.0,0.868687090038866
359837,1915.0,1875.0,108.0,5.61443432925426
73352,1925.0,1899.0,13.0,0.061173776205439
263965,83.0,1894.0,73.0,-4.75049097747841
47111,229.0,1915.0,6.0,-1.64209338275665
29214,1348.0,1921.0,166.0,-7.99436145483015
339492,1905.0,1880.0,103.0,-17.876999373431
69240,160.0,1896.0,12.0,0.543242460669076
302092,1895.0,1916.0,98.0,4.31450702240201
164464,20.0,17.0,168.0,-13.7450103977964
283614,1884.0,748.0,77.0,-1.60478208674171
264708,14.0,11.0,73.0,6.96051014834306
341831,1891.0,1900.0,104.0,3.39681029126266
336123,1878.0,1885.0,103.0,7.17158821518909
104802,655.0,1927.0,173.0,-0.837206282203644
101730,120.0,1882.0,173.0,2.85050125188751
100258,1876.0,1890.0,44.0,-1.08901678499202
13559,82.0,1919.0,2.0,8.8138307651356
202956,1875.0,1904.0,177.0,-1.33672806371218
86107,1916.0,1901.0,172.0,-5.73041118209453
169790,544.0,655.0,51.0,-4.00674749879634
188943,1886.0,1348.0,175.0,-0.592441388298777
187014,131.0,1901.0,175.0,-20.559182437379
361444,544.0,1903.0,108.0,-1.94338780707916
24753,1909.0,1347.0,4.0,-5.33009970542256
370252,229.0,1887.0,180.0,3.90754235629288
182632,1875.0,1918.0,174.0,0.090329627010286
269706,1342.0,1885.0,74.0,2.69100805582587
437431,27.0,1888.0,116.0,6.26748728615835
280542,1877.0,101.0,75.0,8.85011850171811
64315,1924.0,136.0,10.0,-2.42177075701874
249563,160.0,655.0,70.0,2.00134968287035
262194,748.0,1903.0,73.0,-0.590117504832117
5303,1888.0,1892.0,1.0,1.4695526285259
331803,1891.0,1912.0,102.0,4.34423948158855
52542,82.0,1348.0,7.0,-7.74511846528506
324980,1906.0,748.0,100.0,3.72540078556048
226169,20.0,1894.0,57.0,-6.95043131044487
11486,1915.0,1894.0,2.0,-6.35479916328078
15767,1331.0,131.0,3.0,10.2005769814504
358859,1884.0,1923.0,108.0,5.55232474065995
9106,1880.0,18.0,2.0,3.40211464578316
323006,195.0,1923.0,100.0,-2.21398418946449
270351,3.0,1915.0,74.0,-7.10417949313246
51332,1913.0,1894.0,7.0,-9.47098108920785
87009,146.0,1431.0,172.0,-0.0326693493817199
85512,150.0,1901.0,172.0,3.0053649312388
277946,1559.0,13.0,75.0,3.39530123710924
103594,48.0,229.0,173.0,-13.6482213502402
333519,101.0,1881.0,102.0,11.1975211445528
230070,1671.0,1898.0,58.0,2.74043804582583
357114,1893.0,1882.0,108.0,-6.90235911567116
242842,1897.0,1331.0,69.0,-1.34802755225384
624465,147.0,1902.0,52.0,1.443083623432425
66732,1904.0,11.0,12.0,-4.80576148117916
374751,1884.0,1894.0,109.0,0.265260148129046
220424,136.0,147.0,56.0,-0.908687937445356
359201,1881.0,13.0,108.0,-1.02540554972476
199808,748.0,1897.0,54.0,2.31945341210113
270087,48.0,1892.0,74.0,-5.75988223568289
6511,1332.0,1875.0,1.0,-0.276545808901212
12431,1337.0,544.0,2.0,-0.412088295732129
8191,160.0,948.0,1.0,16.0161601336529
47540,20.0,1912.0,6.0,-8.24070170591743
337089,136.0,1909.0,103.0,2.34147010010255
208866,1900.0,147.0,178.0,-1.1433903141307
264802,27.0,1896.0,73.0,-1.07714866195091
244764,1342.0,1917.0,69.0,2.80867496742865
233298,163.0,1878.0,58.0,-0.687081305458365
226124,83.0,788.0,57.0,4.712422113862
62880,14.0,1875.0,10.0,2.72172014712767
203787,748.0,195.0,177.0,-3.07524152986868
70728,1889.0,1918.0,13.0,1.73634563608751
178084,101.0,1909.0,53.0,10.9267700047687
230129,1183.0,1891.0,58.0,11.8854508164767
224385,1337.0,1899.0,57.0,1.62595647844223
327470,1909.0,11.0,101.0,13.9808272192421
315950,1875.0,18.0,99.0,-1.09367125682054
54732,1431.0,1910.0,9.0,-3.36899281992826
300696,1332.0,150.0,98.0,-0.0920199960678662
58357,604.0,1889.0,9.0,2.94543672440888
49061,164.0,1893.0,7.0,-1.68624757330032
73132,1907.0,15.0,13.0,-1.05039057611082
97908,1909.0,13.0,44.0,-2.73593288351283
33549,48.0,1888.0,166.0,5.68828588980969
106577,1894.0,1881.0,45.0,-4.99453989936173
234267,1331.0,1923.0,60.0,-11.0750042170988
108679,48.0,1887.0,45.0,0.260126789790784
63616,655.0,1891.0,10.0,1.71172103414113
208643,1884.0,195.0,178.0,-8.02895670915662
217874,655.0,1902.0,55.0,-3.27797892423666
324515,655.0,27.0,100.0,3.39469432508776
101960,1895.0,1904.0,173.0,-11.2766776116125
265985,1926.0,15.0,73.0,9.85909732349512
279450,146.0,1894.0,75.0,2.54621256253619
263166,164.0,15.0,73.0,-0.890668515882929
185642,1924.0,13.0,174.0,-0.44309817771669
15789,1905.0,1911.0,3.0,3.06803375195132
268941,1560.0,1348.0,74.0,7.36117547840034
369834,544.0,1899.0,180.0,7.16169270367552
12647,1342.0,1896.0,2.0,2.11400323547319
201706,14.0,1927.0,54.0,-0.955600780171086
268709,164.0,1927.0,74.0,-0.734711503779254
194354,1900.0,11.0,176.0,0.0559458264960028
170269,1926.0,1889.0,51.0,2.23301663935047
266907,1887.0,15.0,74.0,2.82390546514621
178924,5.0,1901.0,53.0,-22.0492379065449
96184,1559.0,1916.0,44.0,-2.51604933252383
303513,160.0,1891.0,98.0,8.38931418309421
233418,83.0,1900.0,58.0,4.63697616504665
304270,48.0,83.0,98.0,-5.81016749486616
221000,544.0,1883.0,56.0,3.11334123917425
69880,83.0,20.0,12.0,5.69950913555308
266153,1913.0,1928.0,73.0,-4.72879217912627
344232,160.0,18.0,104.0,1.81614917841655
434004,164.0,1882.0,116.0,4.36948859865139
438167,82.0,1876.0,116.0,6.56588350043554
193051,1898.0,1224.0,176.0,-2.24723241474001
180578,160.0,1877.0,53.0,1.92328934521649
284424,72.0,1907.0,77.0,-1.73500988804611
251665,1884.0,1887.0,71.0,-0.654508495195875
18339,160.0,1876.0,3.0,0.441509507694276
343396,1903.0,1898.0,104.0,-2.18790497155279
329159,3.0,146.0,101.0,1.92332659502075
160951,1885.0,1909.0,168.0,4.90035507487822
315033,1924.0,1906.0,186.0,-0.652335035910335
243923,163.0,1901.0,69.0,5.50153941098339
213315,120.0,1347.0,55.0,4.28070827543751
57350,604.0,229.0,9.0,0.0300619456708159
24367,1891.0,1898.0,4.0,0.0227348381533599
325934,1897.0,17.0,101.0,-3.55293426577638
358485,136.0,150.0,108.0,4.66473204078466
205470,14.0,1881.0,177.0,4.61196822247189
300870,163.0,1347.0,98.0,-0.0524040240304424
209656,136.0,1893.0,178.0,1.28007429976312
169025,1430.0,1894.0,51.0,-3.31046116037979
223402,1559.0,677.0,57.0,4.37139597321481
181375,1915.0,1900.0,53.0,2.28300669160246
222746,20.0,15.0,56.0,-2.01490316098406
191627,20.0,1922.0,175.0,-6.7245510436199
247185,1560.0,1224.0,70.0,-3.01740108574583
399139,147.0,1883.0,112.0,2.93745401773549
5728,164.0,1917.0,1.0,-1.66979729621543
100292,160.0,14.0,44.0,-12.6106863806851
12641,163.0,1896.0,2.0,0.436499619011018
223775,1893.0,1882.0,57.0,-2.95405881564668
207927,101.0,1331.0,178.0,1.819011126882
624699,85.0,1902.0,6.0,-2.255075041759495
360852,1915.0,136.0,108.0,-7.38569402168344
301099,1887.0,1904.0,98.0,-5.89487253792329
337458,1879.0,1892.0,103.0,-7.48853910105684
18385,604.0,1671.0,3.0,3.35845489357805
426811,1920.0,1904.0,115.0,2.56873020455117
225330,1347.0,1892.0,57.0,-6.84030383275673
57329,27.0,1901.0,9.0,6.17270039643976
191492,1926.0,1671.0,175.0,1.07283410832849
274951,1920.0,1916.0,179.0,1.4235384517741
425111,948.0,1918.0,115.0,2.38494237340161
261226,1888.0,1881.0,73.0,7.27347188199928
399089,1332.0,150.0,112.0,1.60906231643186
107546,1878.0,1886.0,45.0,-1.41901193199968
113658,82.0,229.0,167.0,-4.8935307491118
435570,1560.0,1927.0,116.0,-1.01069740728047
192220,85.0,1431.0,176.0,-0.40100269712993
52188,1342.0,11.0,7.0,3.22571597955285
436599,1430.0,1916.0,116.0,4.22029004776088
204753,1883.0,1896.0,177.0,3.86826413917782
238302,1924.0,1927.0,60.0,-2.42080878561743
277731,1886.0,1888.0,75.0,-1.22664417598774
106832,72.0,1882.0,45.0,-1.67523847280498
189697,604.0,47.0,175.0,5.37673899292468
204754,1877.0,1910.0,177.0,5.18483908108359
167350,1910.0,1901.0,51.0,-5.18202350086243
25073,1879.0,1917.0,4.0,-2.86791787518366
244208,1915.0,1884.0,69.0,-4.51893771901968
261850,1899.0,677.0,73.0,-5.89780272389027
112949,1909.0,1348.0,167.0,-2.05310543165297
26510,1909.0,1921.0,4.0,-4.90583691995231
207115,1906.0,1922.0,177.0,4.74816871917853
322669,1879.0,131.0,100.0,-0.802387960051525
112723,1921.0,1923.0,167.0,-5.23952356880822
323902,1915.0,1909.0,100.0,-7.16282555379961
346430,655.0,1928.0,104.0,-6.36375988330228
24430,1899.0,1883.0,4.0,-1.74452959658042
59910,147.0,1912.0,10.0,-0.991198798601383
16226,20.0,1332.0,3.0,-6.02255183229593
269077,1891.0,1911.0,74.0,3.74236089845068
58550,1906.0,120.0,9.0,-2.91635751012702
167793,101.0,85.0,51.0,-2.22208467259527
241712,1913.0,150.0,69.0,1.49812007329084
98297,1332.0,1183.0,44.0,-0.600313591783359
281618,604.0,1882.0,75.0,5.61508380364719
184156,1896.0,1895.0,174.0,-2.41870150108825
284182,1895.0,1883.0,77.0,-2.2338330291553
357796,1883.0,15.0,108.0,1.78402690952511
192083,1884.0,1431.0,176.0,1.34260901012931
397612,1560.0,1916.0,112.0,-1.72241754510929
211378,20.0,1879.0,178.0,-20.8429167891555
311528,147.0,1922.0,186.0,0.0602305053943525
374310,1888.0,1348.0,109.0,-0.793226211029657
345752,1924.0,136.0,104.0,0.85804486050286
203006,18.0,1927.0,177.0,1.64382480629275
98867,3.0,146.0,44.0,5.85080672148621
14551,1332.0,1911.0,3.0,-7.62851358697753
75587,677.0,1928.0,13.0,5.98538634723467
311062,1899.0,1898.0,186.0,-4.7876894612911
322807,1875.0,1900.0,100.0,0.622911589353184
401687,1337.0,1921.0,112.0,4.60910406036261
201755,82.0,748.0,54.0,2.59531864748046
168441,1559.0,1922.0,51.0,1.97276795159609
164424,1430.0,1892.0,168.0,-4.78085047337264
320585,1899.0,1893.0,100.0,-1.98305317323901
242066,136.0,1927.0,69.0,-2.15671213407779
24384,136.0,1909.0,4.0,0.256651926156446
99994,1877.0,1671.0,44.0,-1.50752119964042
212633,1892.0,1902.0,178.0,-7.61381665668229
164269,163.0,1331.0,168.0,-24.3118478880065
63097,1915.0,229.0,10.0,-7.22163661053733
374807,1899.0,1890.0,109.0,-0.819163200231408
213008,101.0,1880.0,55.0,-6.56225400524571
276079,1913.0,1559.0,179.0,0.236121389996795
223709,1879.0,1917.0,57.0,-1.35212884078847
314855,1342.0,1890.0,186.0,-2.81860865282718
367441,120.0,13.0,180.0,0.610115769404962
400689,1877.0,1918.0,112.0,4.61933296224285
235631,13.0,1901.0,60.0,-4.30843979703379
322884,1879.0,13.0,100.0,-6.06167687244342
95512,1897.0,1892.0,44.0,12.0051520192827
262357,1880.0,195.0,73.0,-0.685933495284022
304870,1905.0,1902.0,98.0,-8.64864428543494
16611,27.0,1894.0,3.0,-5.82275335407256
168192,1890.0,1901.0,51.0,-3.85832983042593
259673,604.0,101.0,72.0,16.387610595539
377381,14.0,1902.0,109.0,7.90603386001366
327135,1880.0,1881.0,101.0,0.0700694105396157
341705,15.0,1892.0,104.0,-6.70094037150963
187672,1883.0,18.0,175.0,5.81472944070397
274070,948.0,1877.0,179.0,-1.0128110303373
202673,164.0,15.0,177.0,0.955757469354082
52512,1877.0,13.0,7.0,4.65503090594175
438304,11.0,1902.0,116.0,0.407043359195823
260236,229.0,147.0,72.0,0.997501337728984
99636,1337.0,136.0,44.0,-21.2949468378557
285699,1906.0,1891.0,77.0,-1.95305958187046
15673,1884.0,15.0,3.0,-3.84578913817831
204064,1894.0,1903.0,177.0,4.12085517786367
219575,1560.0,1887.0,56.0,-0.905112554245828
103899,1915.0,1916.0,173.0,6.76733586461384
302333,47.0,1892.0,98.0,7.63384574479075
188533,17.0,1910.0,175.0,-4.09870178442441
182980,1559.0,1560.0,174.0,1.38914840530264
278774,1560.0,1917.0,75.0,0.661283850544933
172537,146.0,150.0,52.0,14.6168563184325
436013,1430.0,788.0,116.0,-1.05318073172144
337065,1885.0,85.0,103.0,5.69096012272031
415763,1920.0,229.0,114.0,1.29539276748345
241651,1183.0,72.0,69.0,5.33576249576581
335501,1924.0,1876.0,102.0,12.0543973439895
162060,748.0,1916.0,168.0,-2.87508541953261
187882,1671.0,1927.0,175.0,-4.17226028975716
436625,1919.0,1916.0,116.0,6.33258957956288
325923,1331.0,1922.0,101.0,-1.38173649814615
331756,147.0,1560.0,102.0,-0.714200264336714
201562,3.0,1927.0,54.0,-3.12082192887986
224409,1911.0,1910.0,57.0,0.887242149698934
341773,136.0,1894.0,104.0,3.98387411833174
26554,1908.0,1914.0,4.0,-2.66378174538262
219121,147.0,1908.0,56.0,1.31321770110386
219801,1885.0,1927.0,56.0,1.27786114792091
275774,655.0,1348.0,179.0,1.65540007190819
110994,147.0,1917.0,167.0,-9.04818838970975
231201,20.0,1898.0,58.0,-13.2418736970651
369925,604.0,47.0,180.0,8.39016373834815
99512,229.0,1889.0,44.0,-1.58093262637543
113629,1332.0,1901.0,167.0,1.711359519163
338251,1911.0,15.0,103.0,-1.05082897998511
341595,1894.0,788.0,104.0,3.69513816126145
193894,85.0,1910.0,176.0,3.25533446277654
281853,1224.0,1902.0,75.0,1.61543138245715
265709,1920.0,748.0,73.0,5.13970531476287
184110,1879.0,677.0,174.0,3.40362245407574
436910,1342.0,11.0,116.0,-0.405651963269399
168749,1331.0,17.0,51.0,-1.50667930391914
367425,1884.0,1921.0,180.0,1.86654353872557
183589,1888.0,1881.0,174.0,2.72972579821254
337075,1899.0,47.0,103.0,5.23763409110073
285801,1925.0,1893.0,77.0,8.11948621707708
101089,1880.0,1896.0,173.0,-2.21289062730107
400029,1920.0,1914.0,112.0,6.58039851284202
302310,1347.0,1331.0,98.0,-0.960967016047172
53016,27.0,1882.0,7.0,6.08701116817708
336089,1879.0,5.0,103.0,1.92691991888758
423190,1878.0,1331.0,115.0,1.24129934541212
64005,604.0,1889.0,10.0,0.460651899188267
48116,604.0,1337.0,6.0,2.20109950800142
24284,1671.0,1923.0,4.0,5.39994015715486
90088,1905.0,85.0,172.0,11.5755299651253
434966,150.0,1923.0,116.0,-2.69745792182934
86876,1883.0,131.0,172.0,-0.543270949451557
397994,1884.0,1909.0,112.0,-0.602313540588784
50379,1886.0,1916.0,7.0,-6.96406740313506
314232,1876.0,1895.0,186.0,4.60507539041628
202811,1883.0,195.0,177.0,0.561924169738487
104078,27.0,1879.0,173.0,0.502757445551662
215987,48.0,1909.0,55.0,-4.87313612639852
301164,1888.0,1903.0,98.0,-4.15787142802276
278656,147.0,748.0,75.0,-0.126426338611609
436603,1876.0,1909.0,116.0,2.4190036511566
633608,1895.0,1902.0,109.0,-2.3932547886212454
242395,1331.0,1917.0,69.0,2.78878280502964
111712,1431.0,1923.0,167.0,0.743006407850616
49838,1885.0,15.0,7.0,2.15881487915812
196289,1876.0,1888.0,176.0,0.63509616252946
14956,1889.0,1903.0,3.0,-1.74925051625694
108146,164.0,1914.0,45.0,-0.388550589724907
189478,1893.0,1431.0,175.0,4.80385428889132
252776,1898.0,1331.0,71.0,-12.8382057317996
6046,948.0,1559.0,1.0,-0.218951659627209
73875,1926.0,1881.0,13.0,5.62683473462234
237553,1925.0,1347.0,60.0,5.93560476745425
171323,150.0,1898.0,52.0,-3.97050533805357
67009,1904.0,1921.0,12.0,-6.73495336488887
199114,1907.0,1882.0,54.0,-1.46810825688728
267627,1917.0,1892.0,74.0,-17.8248585135628
321672,1875.0,1880.0,100.0,1.36776763824211
252377,20.0,1347.0,71.0,-5.67350810871395
302454,1905.0,1332.0,98.0,-3.54841610936806
320870,1897.0,18.0,100.0,-0.182398550739974
333594,136.0,748.0,102.0,7.19308816333742
250843,163.0,14.0,70.0,0.936250452362346
75313,3.0,1890.0,13.0,0.0884788292598859
267895,1884.0,13.0,74.0,5.20731001655576
61350,136.0,1331.0,10.0,-0.115058681725772
230284,146.0,5.0,58.0,-1.83152232333517
423963,1894.0,1901.0,115.0,1.5431097240547
399788,27.0,164.0,112.0,6.57977215917308
97653,1880.0,1886.0,44.0,-1.40086756053985
427506,229.0,948.0,115.0,4.75192451861093
303746,1925.0,1896.0,98.0,6.36856723747777
258099,1880.0,1907.0,72.0,-9.45451166634318
234607,136.0,1882.0,60.0,-0.829890904636526
263769,146.0,1916.0,73.0,1.43852764182487
224142,1886.0,1671.0,57.0,2.02739621709341
335070,82.0,147.0,102.0,-2.18938598660224
106710,1331.0,1918.0,45.0,-1.49658077015993
192489,1878.0,150.0,176.0,2.73070775044983
219692,1875.0,677.0,56.0,-6.32243549069557
369316,1892.0,1890.0,180.0,-0.814349279006243
345660,1913.0,1917.0,104.0,-6.80906619609436
219242,1897.0,1915.0,56.0,2.94261752925073
179548,655.0,82.0,53.0,11.2707167987782
107331,1903.0,1917.0,45.0,-1.35183665570052
202646,1907.0,1910.0,177.0,3.14936144829063
300619,120.0,1224.0,98.0,-0.103066099165355
97883,677.0,1922.0,44.0,-3.15960441869954
71555,1875.0,1886.0,13.0,3.72800722895576
68707,160.0,163.0,12.0,16.2923780129636
201523,1926.0,1430.0,54.0,-1.22702691512942
75606,15.0,1928.0,13.0,2.58575198115319
28157,160.0,1917.0,4.0,-4.30099330944823
73229,948.0,1903.0,13.0,2.91565624722112
228128,1342.0,1903.0,57.0,0.521032536053068
250135,655.0,544.0,70.0,-6.12864967174557
68620,82.0,1892.0,12.0,0.0771169551235093
49034,948.0,195.0,7.0,7.06185222369331
247382,1894.0,1911.0,70.0,0.356034423751924
317807,1559.0,1927.0,99.0,0.262823534139759
56892,1881.0,5.0,9.0,-2.10114752967542
27737,1926.0,150.0,4.0,-1.06149385659893
32074,655.0,1907.0,166.0,1.19153437690366
11980,3.0,1331.0,2.0,-5.13293796236245
47262,1430.0,147.0,6.0,1.79817924784088
340508,544.0,1888.0,103.0,2.9528224010616
310559,1916.0,1922.0,186.0,2.8421984140817
335139,544.0,1559.0,102.0,5.12304726287632
179762,83.0,195.0,53.0,-10.0502160395071
324293,82.0,1893.0,100.0,15.1834117880241
28380,1915.0,1559.0,4.0,1.1645656793678
218079,1903.0,1671.0,56.0,-1.75709329177758
61791,1347.0,1884.0,10.0,5.71629522662178
221217,163.0,1913.0,56.0,2.60970480822786
218101,1902.0,5.0,56.0,-1.16336542387058
345553,1877.0,1912.0,104.0,-2.64074649821564
12747,1876.0,1918.0,2.0,2.4291239955824
11279,101.0,1892.0,2.0,-4.81034971804616
212169,1924.0,948.0,178.0,-9.76204222434618
100354,1877.0,14.0,44.0,0.800694769948831
375790,1905.0,1892.0,109.0,1.96919212253654
390048,229.0,20.0,111.0,0.0653993328558649
109988,655.0,1332.0,45.0,6.56803705267481
255458,544.0,1924.0,71.0,12.2110640205773
198059,1559.0,1927.0,54.0,1.4171318092076
57965,604.0,1891.0,9.0,5.46829997508846
8253,1915.0,1903.0,1.0,-2.17230656176342
223563,1879.0,1892.0,57.0,-3.35319203143283
102119,1912.0,1922.0,173.0,3.59045202651367
205932,83.0,1891.0,177.0,-3.54845725611184
179019,147.0,1887.0,53.0,-2.19635581855372
171209,1885.0,1928.0,51.0,1.5116348089024
60197,948.0,136.0,10.0,-1.56038989048454
339295,82.0,1881.0,103.0,-1.58745886028777
247972,101.0,1880.0,70.0,-4.61775499407079
179383,1876.0,788.0,53.0,-0.16834617128807
166029,1925.0,1902.0,168.0,-2.25915692214173
179011,1912.0,1918.0,53.0,0.296628536230067
44605,748.0,1896.0,6.0,0.656499289927296
206688,1337.0,1886.0,177.0,-12.7243619917698
193923,1887.0,195.0,176.0,4.82707603620503
223189,1890.0,1928.0,56.0,-0.0147860793875763
177847,1904.0,1916.0,53.0,4.3089817375457
28718,544.0,677.0,4.0,0.064466227635947
396919,1348.0,1916.0,112.0,-2.65643169138699
115351,1905.0,1890.0,167.0,-18.9367391317877
437497,1919.0,1224.0,116.0,1.26315782047547
173128,1884.0,788.0,52.0,4.43719364867516
237639,83.0,1884.0,60.0,1.25134137253602
52203,3.0,1893.0,7.0,4.55296819453368
369839,48.0,1899.0,180.0,2.39405071852833
165557,1342.0,1900.0,168.0,-15.2603769364525
188672,1559.0,120.0,175.0,0.200169655956275
177757,47.0,1903.0,53.0,4.78433630818285
29468,1889.0,5.0,166.0,-2.15070948106126
416904,1430.0,1224.0,114.0,9.09731700189724
110748,1917.0,1923.0,167.0,0.255411305163316
328523,14.0,1923.0,101.0,1.09808734747907
227632,83.0,1917.0,57.0,-2.51751443693679
221174,1926.0,1898.0,56.0,-2.51754358770882
216034,163.0,1909.0,55.0,16.7795345264983
13765,1921.0,1902.0,2.0,21.8174044966159
225599,1892.0,1890.0,57.0,-1.65949996481454
56201,1886.0,1896.0,9.0,-3.43916158791419
237830,1919.0,18.0,60.0,4.83429884565655
245955,1889.0,1431.0,70.0,0.38648823621109
46679,3.0,5.0,6.0,3.51421050065362
367657,1911.0,18.0,180.0,-2.05105821833239
75499,1913.0,1921.0,13.0,-4.22262410416319
183713,85.0,1900.0,174.0,3.47226983354807
339100,229.0,1923.0,103.0,-5.0871861108974
332181,948.0,160.0,102.0,-0.564182664517002
74159,1919.0,101.0,13.0,1.52845105877036
31482,147.0,1881.0,166.0,0.587353143273162
67011,1891.0,1560.0,12.0,-0.752795255125493
32931,1905.0,1893.0,166.0,-6.89760112253764
221493,1906.0,131.0,56.0,2.26819831859296
106262,11.0,1918.0,45.0,1.17539108068698
67889,27.0,150.0,12.0,9.14075927709582
224876,1912.0,1894.0,57.0,1.40796944531025
108311,229.0,1899.0,45.0,11.0700190052121
437625,1915.0,1671.0,116.0,-20.8580984566678
6955,1876.0,1880.0,1.0,-2.87920951327669
224743,1887.0,131.0,57.0,2.27963556281157
317767,136.0,1880.0,99.0,1.13762538405638
269357,1915.0,1183.0,74.0,-0.574497971194545
201862,1925.0,1921.0,54.0,-19.8048052356403
25618,1893.0,1886.0,4.0,-4.19335272896634
111152,1878.0,1893.0,167.0,-1.99295421254635
324576,604.0,1348.0,100.0,-4.35190051150331
86676,1671.0,1900.0,172.0,-3.60759501069743
47227,229.0,1875.0,6.0,3.48250076321899
629445,1897.0,1902.0,56.0,-4.5071162086795855
281567,229.0,1911.0,75.0,-1.74804836050618
417389,14.0,1922.0,114.0,-1.51460105292091
319501,1915.0,136.0,99.0,1.48809264931062
66607,1875.0,1923.0,12.0,-2.68274197702787
96101,72.0,788.0,44.0,-4.13338565078471
201601,1926.0,1888.0,54.0,-1.66189683626785
265540,1919.0,1559.0,73.0,1.04931715736226
325248,82.0,20.0,100.0,1.49244205502045
302603,1920.0,47.0,98.0,-3.08253557613544
269863,1342.0,146.0,74.0,3.40128496154795
194492,195.0,1911.0,176.0,1.53204486242699
269928,1337.0,1914.0,74.0,-16.2305017470958
43656,1889.0,1560.0,6.0,-3.51992127573545
18072,1913.0,1224.0,3.0,-2.80410249366055
338404,1913.0,1911.0,103.0,1.1777496494548
435821,1885.0,47.0,116.0,11.0040694795419
340283,655.0,1912.0,103.0,15.8969026740871
200833,1877.0,131.0,54.0,0.884216952125344
68924,229.0,1892.0,12.0,7.44292696955472
413587,1879.0,1912.0,114.0,-0.421476242217705
180735,229.0,1224.0,53.0,3.64483729539315
426978,14.0,147.0,115.0,0.559822694300923
167044,1899.0,788.0,51.0,-7.30951453580577
11200,146.0,11.0,2.0,4.9631646335614
112582,120.0,147.0,167.0,7.61847313334768
176994,1183.0,1887.0,53.0,-2.19635581855372
164472,1430.0,17.0,168.0,1.18976437046479
193796,1883.0,1882.0,176.0,2.52682876254783
367845,13.0,5.0,180.0,5.97807904291957
234755,1431.0,1890.0,60.0,4.87816908877265
226536,544.0,1881.0,57.0,4.0886984611281
189412,1671.0,1916.0,175.0,-0.921443288878308
316842,1347.0,1927.0,99.0,-8.38665649745138
85551,147.0,1912.0,172.0,11.2758163411891
31828,1922.0,1923.0,166.0,-7.12175404711086
337143,1881.0,1347.0,103.0,-0.456465894974126
223989,1671.0,1560.0,57.0,-3.21003219652734
629474,1903.0,1902.0,55.0,-3.441874672504845
260984,1671.0,1928.0,72.0,7.24073362196675
105500,120.0,1928.0,173.0,-1.22195684014095
88498,1913.0,1901.0,172.0,0.268367233287776
47022,655.0,20.0,6.0,-1.72960039516085
312222,1882.0,15.0,186.0,-6.25354609934477
301970,136.0,1331.0,98.0,2.05956210694985
207149,1915.0,1900.0,177.0,11.7398519606177
316864,1884.0,1916.0,99.0,-0.640279853236019
64809,83.0,47.0,10.0,-10.3156872736077
26002,47.0,1912.0,4.0,0.136711915920781
212426,1919.0,1890.0,178.0,-2.11204911654326
188315,1879.0,147.0,175.0,4.05418262817798
434758,1878.0,120.0,116.0,0.538795887306127
25421,1878.0,1917.0,4.0,1.57108466486476
197484,1891.0,150.0,54.0,5.55694505913342
236831,604.0,18.0,60.0,2.64405148502478
254328,229.0,146.0,71.0,-4.18697556754109
399077,1912.0,1916.0,112.0,1.02924701248236
263922,20.0,788.0,73.0,0.724591185227222
197407,1559.0,1671.0,54.0,-1.47099059710005
173502,150.0,1893.0,52.0,0.0938546461605421
340741,1925.0,1924.0,103.0,10.4942907659985
254058,1876.0,195.0,71.0,5.68684213809884
45343,948.0,1920.0,6.0,3.36337381309957
66771,85.0,1896.0,12.0,-0.824460124043511
398055,1893.0,1901.0,112.0,0.587428087105574
229589,1913.0,1910.0,58.0,-3.82926115055126
16164,948.0,195.0,3.0,-0.53749331367006
96162,1891.0,1431.0,44.0,8.862990212631
71127,1888.0,1431.0,13.0,-8.34042855241218
250325,1906.0,1671.0,70.0,-7.23356585855171
262571,1183.0,1909.0,73.0,6.03191464345618
358449,1183.0,1895.0,108.0,0.268042737462088
221227,82.0,1907.0,56.0,-1.01136978118036
230197,1886.0,47.0,58.0,0.12436151356296
261481,1331.0,131.0,73.0,-1.27343494442318
13088,655.0,1886.0,2.0,-5.22214771455559
335776,1926.0,3.0,102.0,-2.25453115172694
189391,1886.0,1904.0,175.0,-12.0342713882745
320597,5.0,1890.0,100.0,-2.0287035280486
204788,15.0,11.0,177.0,-2.06604030283669
209965,1916.0,677.0,178.0,-1.24252599844671
245282,83.0,15.0,69.0,-6.04509112136333
267923,1893.0,18.0,74.0,2.62338577418909
48254,13.0,1902.0,6.0,-5.51938004906688
367828,136.0,1900.0,180.0,-3.36333326008276
165575,83.0,1903.0,168.0,-12.9506280172763
69714,1920.0,120.0,12.0,0.924716861446448
215909,3.0,164.0,55.0,0.720013597250405
253081,120.0,1912.0,71.0,13.7127147460222
189831,48.0,82.0,175.0,1.55707311580573
8095,1430.0,1927.0,1.0,3.04706306991744
321880,1559.0,1894.0,100.0,0.850644717132789
316468,13.0,1892.0,99.0,-1.31460567640792
330620,604.0,1910.0,101.0,-1.0870999966807
174260,27.0,1923.0,52.0,-5.19185379686405
187424,1898.0,1922.0,175.0,-6.39977778951804
233695,1893.0,1928.0,58.0,14.5815327170197
6941,82.0,1885.0,1.0,12.5860191211801
367248,1898.0,1331.0,180.0,-6.96238632409877
178016,150.0,1897.0,53.0,-7.06995383580822
213803,1883.0,1888.0,55.0,0.0162038465930674
163032,1885.0,1898.0,168.0,2.44957468698056
257564,1875.0,1918.0,72.0,-4.14951633865662
390279,1877.0,1889.0,111.0,-7.04699750249274
5378,1897.0,1342.0,1.0,-11.2136267849871
322703,146.0,1922.0,100.0,1.45919264634236
300364,72.0,1560.0,98.0,1.8287668957182
182087,136.0,1893.0,174.0,1.41475413134386
336943,13.0,1918.0,103.0,0.505530946662615
287142,18.0,1902.0,77.0,1.20385521361251
317164,1886.0,788.0,99.0,-0.815897126205194
51792,160.0,1916.0,7.0,-2.10579731712193
58806,83.0,1882.0,9.0,-1.81164764865344
220016,1882.0,11.0,56.0,-6.3464144443935
397366,72.0,1224.0,112.0,-3.05552113221557
310764,1880.0,1922.0,186.0,-11.2502238346085
278548,1347.0,1331.0,75.0,13.1302028785884
70239,160.0,1928.0,12.0,10.0378967947762
15729,1879.0,1899.0,3.0,4.58141982457435
172087,1904.0,131.0,52.0,2.49196675084127
74330,160.0,1891.0,13.0,7.44037855377016
259823,1920.0,1904.0,72.0,5.7582641414754
58271,1877.0,1904.0,9.0,1.34262248213178
272252,136.0,1899.0,179.0,2.3177139897813
372000,48.0,1910.0,180.0,-9.90535579004164
269236,655.0,1183.0,74.0,0.0813546906051537
241344,1875.0,1912.0,69.0,0.0344091882493109
313252,655.0,1898.0,186.0,-7.36095008811805
222461,1877.0,136.0,56.0,1.70749785349202
33511,14.0,1912.0,166.0,-1.76406785836236
30983,1331.0,1892.0,166.0,-6.74774011212627
426929,160.0,1875.0,115.0,1.2675798395969
49998,1876.0,150.0,7.0,7.57676152537438
278461,1880.0,1560.0,75.0,-1.37219334745181
275260,83.0,544.0,179.0,10.53381419587
242909,1902.0,131.0,69.0,3.04769919161211
205237,1877.0,47.0,177.0,-0.0383241205264053
30527,1559.0,1885.0,166.0,9.6374254524963
13147,160.0,1342.0,2.0,-5.79961460889433
401277,1342.0,1560.0,112.0,-1.02456353784809
3920,1885.0,72.0,1.0,2.58930321576135
58998,1877.0,1882.0,9.0,-2.64696072368551
301172,195.0,17.0,98.0,1.32954830292084
251470,15.0,1910.0,71.0,5.84160381858887
357922,1919.0,1910.0,108.0,-1.61680260322094
220806,27.0,47.0,56.0,-2.73981081134358
231788,1877.0,1880.0,58.0,-4.31411037810227
186218,20.0,1878.0,174.0,0.294526138325772
344601,1924.0,1916.0,104.0,10.4598265212098
265024,1877.0,1895.0,73.0,3.29225929917658
254736,3.0,1905.0,71.0,-2.82781328389303
318785,1925.0,1431.0,99.0,0.812624228196747
433471,1902.0,1907.0,116.0,3.13836499181303
270701,1920.0,147.0,74.0,-2.60074376276076
252750,164.0,1908.0,71.0,1.99770425124939
438156,1924.0,1337.0,116.0,-8.53113688844272
311030,1887.0,195.0,186.0,6.08871895532168
163561,1898.0,13.0,168.0,-1.98761315496933
56752,131.0,1927.0,9.0,-2.41491187647947
324349,3.0,20.0,100.0,1.6217996637919
333862,83.0,72.0,102.0,0.621457417255414
18200,1920.0,83.0,3.0,2.98413911765653
32362,1876.0,229.0,166.0,-0.785099994983931
225532,948.0,147.0,57.0,6.87494341349559
398408,120.0,1912.0,112.0,-4.33294932137526
435530,13.0,677.0,116.0,-1.27929693225056
63511,1905.0,1431.0,10.0,-0.96263207878204
390780,1342.0,677.0,111.0,-0.969711955399848
54425,72.0,788.0,9.0,0.716295746944125
233253,3.0,1921.0,58.0,-15.2623577811621
372520,120.0,1900.0,109.0,4.36634596977747
50823,1882.0,1910.0,7.0,7.01792749790433
314191,160.0,27.0,186.0,5.12659823717558
368901,1331.0,1889.0,180.0,0.860144388696062
266371,5.0,1901.0,74.0,-25.2189685941345
324329,1905.0,18.0,100.0,0.446517550936692
95466,85.0,1904.0,44.0,-3.50940564707611
401614,1924.0,3.0,112.0,-0.712662303800272
235513,1671.0,1898.0,60.0,-1.57064538930491
88029,1347.0,15.0,172.0,-7.45798745768961
438205,1927.0,1928.0,116.0,-6.14191535997199
110471,3.0,1928.0,45.0,-9.4449370904971
170091,1925.0,1915.0,51.0,2.47373040385285
345201,27.0,18.0,104.0,-1.12038999802063
238920,1342.0,1337.0,60.0,-8.86309691635484
218121,150.0,1917.0,56.0,-4.72938379726827
262892,163.0,1887.0,73.0,1.22889386192206
231849,1925.0,1881.0,58.0,0.122004195259036
168648,1880.0,1882.0,51.0,-6.09512936573789
100409,1898.0,1928.0,44.0,-6.30834728250129
181352,1877.0,1878.0,53.0,-7.66767815179983
222005,1926.0,1915.0,56.0,-0.27712776454232
249363,27.0,1892.0,70.0,-0.622803780655939
184071,1908.0,1918.0,174.0,-2.0975931210422
232434,160.0,20.0,58.0,2.00051743833336
63518,1430.0,677.0,10.0,-0.869072879095824
99667,1906.0,1224.0,44.0,-0.0294035935870341
18016,604.0,48.0,3.0,3.27048383947962
334270,229.0,1913.0,102.0,0.0292197370142669
97363,195.0,1671.0,44.0,-5.58151732385765
190811,1906.0,1348.0,175.0,-4.00845053134099
98519,1876.0,1881.0,44.0,5.58347228653566
278005,136.0,1897.0,75.0,-2.46061809236249
277421,1912.0,1914.0,75.0,4.05330052078816
184372,1886.0,1894.0,174.0,-0.716134547058826
311974,1347.0,1922.0,186.0,-1.42908028091054
344347,1920.0,1894.0,104.0,-6.08211393674022
255372,1924.0,1332.0,71.0,-4.20303166241951
167449,1891.0,17.0,51.0,-0.0472133129236055
182647,1909.0,72.0,174.0,1.21386771569353
331159,1879.0,1899.0,102.0,2.73988141994565
334333,1905.0,1885.0,102.0,0.119941276939714
270033,1876.0,1431.0,74.0,5.52790928057015
10386,1912.0,1888.0,2.0,-1.77071111758933
166435,1901.0,1918.0,51.0,6.04268148862509
105670,101.0,1878.0,45.0,7.35323949067903
113025,1879.0,1912.0,167.0,-3.74128539792116
315710,1875.0,1916.0,99.0,-2.43157904707178
14193,1895.0,1923.0,3.0,-3.92895803296731
174529,82.0,1883.0,52.0,-1.31609778491656
426056,82.0,1907.0,115.0,-2.94743670066272
211707,27.0,20.0,178.0,-12.8537003857389
225256,1897.0,3.0,57.0,-2.72547317899653
302065,1904.0,1900.0,98.0,1.03848761122563
260519,1920.0,1671.0,72.0,-27.7787960519402
193858,120.0,1898.0,176.0,-1.64609977055879
413891,1878.0,1916.0,114.0,-2.46466179124032
330027,160.0,1927.0,101.0,-1.71627303849736
323744,544.0,1909.0,100.0,-2.32862013141006
274765,1906.0,1907.0,179.0,-6.55811752707495
190199,163.0,1901.0,175.0,1.23437417723804
178350,1895.0,1898.0,53.0,-5.0898241128122
191171,1919.0,1430.0,175.0,-0.272359929613413
174968,1925.0,131.0,52.0,0.529624622719978
60308,1885.0,72.0,10.0,2.74026981609232
326145,101.0,1879.0,101.0,1.69015090636792
433330,1888.0,150.0,116.0,1.49457380943018
367724,948.0,1895.0,180.0,2.81446724395355
257181,1887.0,1914.0,72.0,7.59513873218656
224715,1897.0,1430.0,57.0,0.360264861240947
369963,1342.0,1883.0,180.0,-0.894847262776962
389597,229.0,1913.0,111.0,7.67903283521146
302230,147.0,1921.0,98.0,-1.20358869201732
52379,544.0,1918.0,7.0,15.1147377400387
226830,1876.0,1914.0,57.0,2.52024820364098
322546,1897.0,1224.0,100.0,1.2367996533913
270085,160.0,1892.0,74.0,1.72457364155178
323855,1877.0,1914.0,100.0,1.62767433883784
195698,1876.0,11.0,176.0,1.73670412926903
24669,1894.0,13.0,4.0,6.58022532280452
345916,160.0,1876.0,104.0,6.62468595601158
337638,1348.0,677.0,103.0,-2.91700687982449
267703,1183.0,1904.0,74.0,-0.0010981955791611
87586,1897.0,1893.0,172.0,1.06980573907746
54449,948.0,136.0,9.0,-0.634053614952517
188961,1883.0,15.0,175.0,5.73117555103742
207086,1924.0,1878.0,177.0,1.16158791171774
10566,1347.0,1890.0,2.0,-2.42132601594076
398117,1331.0,15.0,112.0,-1.99058569800107
218087,1886.0,788.0,56.0,-4.31294316623208
250734,160.0,1903.0,70.0,2.2982762037888
67402,1912.0,17.0,12.0,-0.474986810110878
249647,1920.0,1893.0,70.0,-3.44961249011808
62688,1925.0,1922.0,10.0,14.9934962734701
245623,13.0,1928.0,69.0,-1.72870400995301
255264,229.0,136.0,71.0,-6.93623350966981
264439,229.0,1901.0,73.0,-9.88520142598911
367467,1878.0,1883.0,180.0,12.9143519769918
359831,82.0,146.0,108.0,3.79457829778183
319490,160.0,1559.0,99.0,2.46706596978294
401166,544.0,1886.0,112.0,-2.25558150619938
74331,1915.0,1879.0,13.0,6.34174685911456
193746,1899.0,1921.0,176.0,-2.1895828261442
180002,1430.0,1885.0,53.0,-4.36650245652215
89968,83.0,20.0,172.0,-9.04067737124153
400917,1876.0,13.0,112.0,4.06877211834081
436365,1925.0,72.0,116.0,-2.35406514075247
203725,1891.0,1927.0,177.0,0.141600207106204
342053,101.0,1881.0,104.0,9.0744596903512
342403,195.0,1331.0,104.0,1.83407413252927
175466,1337.0,1895.0,52.0,4.09778160704031
301342,1875.0,1431.0,98.0,0.373505602391601
282709,47.0,150.0,77.0,-1.54998429660034
265940,1925.0,1903.0,73.0,-1.20054602229403
233161,604.0,1560.0,58.0,-1.27251562656082
276063,83.0,1559.0,179.0,2.95073463850408
333883,1924.0,1919.0,102.0,9.54063030812972
199135,1896.0,1923.0,54.0,-3.2140473689475
7445,14.0,1889.0,1.0,-1.69497449555513
389669,1876.0,1892.0,111.0,3.98878380873003
45472,1893.0,131.0,6.0,-2.81231977277512
327011,47.0,1917.0,101.0,-7.08320469230201
187499,1431.0,147.0,175.0,6.22832362115182
327979,1897.0,1332.0,101.0,-3.80031595131971
345199,1906.0,1889.0,104.0,-4.46363649774522
95503,1893.0,13.0,44.0,4.64029096782745
225874,1878.0,1884.0,57.0,1.48985198683327
318316,20.0,1883.0,99.0,2.82793239014876
330899,1899.0,1331.0,102.0,-2.64749133625485
184416,1925.0,160.0,174.0,-0.321713964337903
109867,544.0,1886.0,45.0,8.64235590410745
300889,1431.0,1886.0,98.0,-0.194955770630387
73593,14.0,1875.0,13.0,0.968631286022554
253913,83.0,1881.0,71.0,3.3709130679716
259976,1337.0,1895.0,72.0,-8.65445687189561
198123,1917.0,1918.0,54.0,2.17611758746176
215687,163.0,1919.0,55.0,3.04951238184135
212143,604.0,1560.0,178.0,-3.30201837947538
335319,3.0,120.0,102.0,-2.51981599987494
341860,1902.0,1876.0,104.0,0.796624197088554
258614,1431.0,1911.0,72.0,-5.05199568924863
229148,1671.0,1560.0,58.0,-3.01824395600586
358695,1907.0,1916.0,108.0,-0.412082593163232
101123,85.0,13.0,173.0,0.658487370126792
265338,1919.0,136.0,73.0,3.96076960461747
254583,1924.0,17.0,71.0,-3.96721880240283
302982,1876.0,229.0,98.0,0.270272892254841
107826,11.0,1901.0,45.0,-22.3400767920642
170594,14.0,1430.0,51.0,3.77131933160062
389421,48.0,164.0,111.0,8.86699245930147
195605,1877.0,146.0,176.0,5.73943462168821
243386,82.0,14.0,69.0,0.722673852685506
317145,1923.0,1927.0,99.0,5.70207641725069
160998,1902.0,1916.0,168.0,-0.929873090922914
244013,229.0,604.0,69.0,2.77630701550079
257863,1884.0,1922.0,72.0,1.08258966668076
284571,1881.0,1917.0,77.0,-4.53562728644594
303527,163.0,1891.0,98.0,6.06781981928028
327427,1877.0,1898.0,101.0,0.567075615310542
8817,948.0,1923.0,2.0,-0.228160385605716
237061,1924.0,18.0,60.0,3.2373221797648
178393,1894.0,1431.0,53.0,-1.89363361312882
257862,1891.0,1348.0,72.0,-0.0381520293529412
12551,229.0,1915.0,2.0,0.981026482119897
57195,1342.0,1923.0,9.0,1.17754651655496
67221,1559.0,164.0,12.0,1.61673293038788
189566,1912.0,1911.0,175.0,-1.41036793338241
16554,544.0,1922.0,3.0,1.79696461262579
213808,1560.0,17.0,55.0,2.7508863958927
4894,1903.0,1900.0,1.0,1.1545523314719
69128,1337.0,1889.0,12.0,-1.47843423294833
3543,948.0,48.0,1.0,5.5372883983084
416664,1926.0,27.0,114.0,4.16214221473297
14190,1897.0,3.0,3.0,0.763569380032081
227743,82.0,1912.0,57.0,-1.98276031802109
71875,1332.0,150.0,13.0,4.17359997605649
176790,164.0,1900.0,53.0,8.64713459897699
73727,83.0,1331.0,13.0,-1.75476961965946
63854,544.0,1879.0,10.0,5.18386266311917
252436,1879.0,17.0,71.0,2.49664939984465
89982,1926.0,1900.0,172.0,-1.11330446116945
46984,160.0,1884.0,6.0,9.73707901680163
278666,948.0,101.0,75.0,8.14184351536609
377071,1913.0,85.0,109.0,-0.21196555870826
198476,146.0,1907.0,54.0,1.51226017713279
198359,1912.0,1331.0,54.0,9.73137338159014
173437,1881.0,1890.0,52.0,2.37805759675964
414905,1875.0,1885.0,114.0,-2.91067260631636
24128,948.0,1889.0,4.0,0.367030147174913
115106,1920.0,748.0,167.0,3.06664607730059
9034,1885.0,1892.0,2.0,-0.698588680866451
425415,85.0,1893.0,115.0,2.82093667873711
203295,1880.0,748.0,177.0,-3.14943503183115
301204,1911.0,677.0,98.0,-0.286416275012844
337570,1904.0,15.0,103.0,1.06442781349275
323699,1877.0,1909.0,100.0,0.689210725865337
186269,82.0,1430.0,174.0,-0.113281615500924
113796,544.0,1916.0,167.0,-1.92951991463713
244543,3.0,1896.0,69.0,-2.69752246133676
98226,604.0,1183.0,44.0,1.37004500233304
320239,20.0,47.0,99.0,-10.7114801374219
113815,604.0,1916.0,167.0,1.14513023479022
299977,1881.0,748.0,98.0,17.6365273451394
230668,1347.0,18.0,58.0,-4.91427828644271
6237,150.0,1347.0,1.0,8.4955076332601
279182,1559.0,136.0,75.0,-1.46565747283937
327505,1894.0,1922.0,101.0,-1.02725988284334
281939,1921.0,1928.0,75.0,6.35348419353027
398442,1883.0,1917.0,112.0,-6.34127070959102
96699,1883.0,1917.0,44.0,-2.25541197848396
105131,1919.0,1903.0,173.0,1.55440750693386
302902,1342.0,229.0,98.0,-0.807318523473143
194588,1897.0,11.0,176.0,-3.0254673722173
335633,544.0,1911.0,102.0,2.84201676770402
266489,1887.0,1904.0,74.0,-4.96873332369027
261360,136.0,1923.0,73.0,-0.303019424249285
70299,1911.0,1928.0,12.0,-7.61562204237779
7627,48.0,27.0,1.0,-8.29870194524334
63532,229.0,655.0,10.0,1.17338368050279
388472,85.0,195.0,111.0,-11.2152688210111
319423,1924.0,1430.0,99.0,-4.65554968367388
261070,72.0,677.0,73.0,-3.44757625317425
300182,748.0,17.0,98.0,-1.47175146881451
9010,47.0,788.0,2.0,-2.95093895220254
413791,27.0,1910.0,114.0,-6.4931990091512
369500,1886.0,150.0,180.0,-4.89451256271228
209688,150.0,1890.0,178.0,-7.77108862813046
59277,82.0,1902.0,9.0,-0.272688325046058
633625,1897.0,1902.0,109.0,-1.409915717802589
341924,1919.0,1898.0,104.0,-1.54618226454145
192741,1879.0,18.0,176.0,-2.40855418938218
169611,1915.0,1892.0,51.0,-0.40970651073277
427785,1877.0,1903.0,115.0,2.96433180343011
191058,20.0,1888.0,175.0,-4.921656955662
339700,1926.0,1347.0,103.0,-6.25454473966436
164358,1430.0,131.0,168.0,-1.92878411825207
327238,677.0,1923.0,101.0,-3.50761596076605
176801,120.0,1348.0,53.0,1.98303182542604
299895,136.0,1917.0,98.0,1.00939317126613
340622,20.0,1927.0,103.0,-8.51794090418405
227277,1913.0,5.0,57.0,-2.34238323214957
228308,1922.0,1902.0,57.0,-0.273307959288461
33731,1877.0,27.0,166.0,-6.11977147199359
323575,1876.0,1883.0,100.0,-5.29773453272491
219735,1912.0,1224.0,56.0,7.59217057916542
217025,1876.0,1917.0,55.0,-5.91225696865099
436946,655.0,11.0,116.0,1.5306233655957
200778,1876.0,101.0,54.0,0.424957257533154
176261,1430.0,1908.0,52.0,-8.92650300624521
107164,1875.0,1927.0,45.0,1.24253134863622
233283,1342.0,1921.0,58.0,-8.98865529668254
269294,1920.0,1883.0,74.0,-3.85839938189113
286610,1919.0,1882.0,77.0,-0.736008958670043
9795,1909.0,1923.0,2.0,-1.85289071239111
220012,948.0,1559.0,56.0,1.1094374614479
357005,136.0,195.0,108.0,-7.24290280307586
162608,1899.0,1923.0,168.0,1.62952582155716
260445,14.0,1878.0,72.0,-3.18772367027074
175258,1337.0,18.0,52.0,4.39989708748952
343319,147.0,11.0,104.0,0.137594494459082
376921,1877.0,1560.0,109.0,4.43198222598677
256844,1883.0,1348.0,72.0,-1.07115001827231
237137,20.0,1331.0,60.0,-9.72650074242722
174718,1905.0,146.0,52.0,-1.46031541158763
263357,1431.0,677.0,73.0,-0.565264459887373
269883,1924.0,163.0,74.0,6.7966524651105
337293,1895.0,1882.0,103.0,-0.303258789079685
225062,1897.0,1347.0,57.0,-2.94615276146038
74388,229.0,1884.0,13.0,5.93345292746738
282860,1884.0,1922.0,77.0,-2.32181692122355
24448,1224.0,1916.0,4.0,-2.25249780339011
302887,1337.0,1901.0,98.0,2.57680742524392
357433,72.0,131.0,108.0,4.61173366795449
51735,3.0,1909.0,7.0,-12.3762996080656
204310,1899.0,788.0,177.0,-8.85193251336831
111151,1886.0,15.0,167.0,1.29400628177085
199148,1888.0,677.0,54.0,-3.95828662606499
423307,195.0,1911.0,115.0,0.671779260670566
9580,1902.0,5.0,2.0,5.42452702892985
177894,1907.0,1917.0,53.0,-0.732507372194772
254102,604.0,1909.0,71.0,8.97042839762494
181269,1332.0,1903.0,53.0,-6.06537490759805
6368,1877.0,1183.0,1.0,7.97365732199026
433603,1904.0,1431.0,116.0,-2.83793537279959
58526,83.0,136.0,9.0,0.646252917616909
304239,1905.0,1559.0,98.0,-9.02822089271668
283901,1892.0,1914.0,77.0,-4.56409257235735
426974,1919.0,1895.0,115.0,0.495392737265565
231636,20.0,1883.0,58.0,-7.22831722939897
236772,1925.0,1183.0,60.0,0.149819532687025
319250,1337.0,1348.0,99.0,-4.81164488132173
30424,1879.0,1898.0,166.0,-5.4670711396736
425309,1889.0,1923.0,115.0,-0.786201603419342
340392,1913.0,1886.0,103.0,-4.95987864849512
435557,1908.0,1911.0,116.0,-0.630067328610563
108724,1430.0,229.0,45.0,12.22151110333
208730,163.0,1898.0,178.0,2.83908726172078
61121,1879.0,1917.0,10.0,-1.26105822261597
16752,48.0,1894.0,3.0,8.17104967296931
400548,604.0,150.0,112.0,-4.14030597909429
281093,1913.0,136.0,75.0,-5.24653117878532
169765,1919.0,1431.0,51.0,-4.98921600758993
265125,1919.0,1348.0,73.0,3.54000134615783
334158,1924.0,1909.0,102.0,4.82048877055034
285002,1876.0,72.0,77.0,-4.85125628312022
185564,1913.0,1348.0,174.0,0.755174756181093
313808,1924.0,1892.0,186.0,-4.63379637222943
319587,229.0,1430.0,99.0,-3.156057217198
332566,85.0,1898.0,102.0,-3.6253452819666
326043,1884.0,1894.0,101.0,5.12994741543575
276793,1924.0,1902.0,179.0,8.34580142276358
61067,1896.0,5.0,10.0,-2.44157831185514
424443,1899.0,72.0,115.0,-4.37790988836772
357723,948.0,1898.0,108.0,-4.18962735045694
27464,1924.0,1431.0,4.0,3.37502329515485
268182,1882.0,131.0,74.0,-3.35678603531274
302990,160.0,1880.0,98.0,9.11353114125428
372830,1891.0,146.0,109.0,-3.16606327294572
301187,72.0,1907.0,98.0,-1.58652583526393
238059,1913.0,1918.0,60.0,2.37338571705129
415562,1332.0,1875.0,114.0,-1.62630049162712
230739,1916.0,15.0,58.0,-7.25402993525796
173403,948.0,1885.0,52.0,-0.0559994521157537
222360,1332.0,1917.0,56.0,-1.11894947754135
96711,1897.0,18.0,44.0,-0.421756878839433
337229,150.0,1347.0,103.0,-1.67084385580854
87087,1912.0,15.0,172.0,-0.784112483601814
268848,164.0,1896.0,74.0,2.61736165026491
221053,160.0,82.0,56.0,13.9492901191788
59200,160.0,1925.0,9.0,2.4821138884857
196277,48.0,1917.0,176.0,-19.2674367379549
325007,48.0,1342.0,100.0,5.52647191635153
267042,1892.0,1910.0,74.0,0.810985352444645
209475,1902.0,1927.0,178.0,2.18320045170581
97310,1882.0,18.0,44.0,15.9090678696831
222121,655.0,1875.0,56.0,-3.9585422097241
4202,1885.0,1890.0,1.0,1.51015635936931
88721,83.0,27.0,172.0,1.54914838682935
417455,82.0,85.0,114.0,7.30634944250893
259054,3.0,72.0,72.0,-7.31931215639898
98483,1876.0,1907.0,44.0,-1.22065372690803
335464,48.0,1332.0,102.0,-1.03530932116967
260430,1905.0,1882.0,72.0,-1.69285015366087
344111,82.0,1921.0,104.0,2.43170420758204
188317,146.0,1900.0,175.0,0.141950380422224
282152,1896.0,1923.0,77.0,2.18071298758035
417032,229.0,1888.0,114.0,8.09819959736779
208089,1560.0,1895.0,178.0,3.26930208046758
371575,1430.0,748.0,180.0,-8.23911043517336
235655,1878.0,1889.0,60.0,2.90114073205169
396981,146.0,1889.0,112.0,2.48028434075738
328883,1877.0,1909.0,101.0,-2.90563964209242
214741,1887.0,1560.0,55.0,12.1779279165865
329694,83.0,5.0,101.0,1.31926474823773
47266,1906.0,147.0,6.0,-2.59013356667667
339654,1919.0,17.0,103.0,0.930437415022709
358024,1886.0,1892.0,108.0,1.2975721087457
319905,1913.0,1903.0,99.0,-2.24418076433025
359242,136.0,17.0,108.0,1.15486521302694
171445,131.0,1927.0,52.0,2.08717598217279
367312,1916.0,677.0,180.0,3.02416373775251
4001,1902.0,15.0,1.0,0.0854601220552197
336179,1922.0,1921.0,103.0,-11.8547380871235
198240,1902.0,1430.0,54.0,-1.03183865157721
624473,1899.0,1902.0,52.0,-3.05679653294934
234443,1898.0,1912.0,60.0,4.12860023837798
58188,1877.0,1875.0,9.0,5.36110282634865
190405,1915.0,1914.0,175.0,-6.60718333580196
232210,1906.0,1891.0,58.0,-0.898743302437916
6630,14.0,1907.0,1.0,-4.97768196323657
237867,83.0,1906.0,60.0,5.08347572220618
321791,1909.0,1888.0,100.0,3.36258453837542
7408,1877.0,5.0,1.0,5.07396927948344
7732,1924.0,27.0,1.0,-0.717491335669855
18728,1929.0,1902.0,3.0,-2.19275926996373
211258,544.0,1892.0,178.0,2.98633940106932
278271,1902.0,1916.0,75.0,5.52433504836314
67495,1911.0,788.0,12.0,1.95116646201365
197292,1879.0,120.0,54.0,0.399715059383885
111416,1875.0,1907.0,167.0,1.05517819376792
368741,147.0,1881.0,180.0,3.77735217352415
31877,1348.0,17.0,166.0,4.23284586386533
244165,1905.0,11.0,69.0,4.10142956378387
161225,1897.0,1430.0,168.0,-1.05320506764549
206597,1915.0,1430.0,177.0,10.8927198381705
100695,1885.0,1892.0,173.0,3.85160663461658
32474,83.0,229.0,166.0,-2.72947757518251
97744,163.0,1911.0,44.0,9.30781772958144
284570,1894.0,72.0,77.0,-0.732102825535994
4440,150.0,1896.0,1.0,2.47881519225982
43435,1913.0,1332.0,6.0,-3.68371441643667
75247,48.0,1900.0,13.0,6.03804901947172
74236,1337.0,1431.0,13.0,-1.67071438052888
9694,85.0,1881.0,2.0,-5.80994338844059
435597,1888.0,1348.0,116.0,2.58365981961355
33173,3.0,1875.0,166.0,-1.54460686984558
414047,1900.0,1890.0,114.0,-2.62046078816671
88810,48.0,163.0,172.0,21.7059352169657
240831,164.0,1890.0,69.0,1.29016810569088
50482,1902.0,1337.0,7.0,-0.83590920106129
338000,1916.0,1923.0,103.0,-0.0394786313411102
312633,147.0,1889.0,186.0,2.53245627310666
184993,229.0,1901.0,174.0,-1.78424466322769
304778,1926.0,1902.0,98.0,-1.65646415503879
48137,1337.0,47.0,6.0,-10.8532338133083
339925,604.0,1895.0,103.0,-4.90278144533242
436323,20.0,1881.0,116.0,-8.27122617493323
222087,48.0,1877.0,56.0,23.7577450031281
108924,160.0,604.0,45.0,8.53915793310359
61003,1917.0,1914.0,10.0,8.02642537074076
332606,948.0,1921.0,102.0,0.428542310980485
237325,83.0,131.0,60.0,2.20362909047463
427368,1877.0,120.0,115.0,-1.18451056684314
315930,1916.0,1882.0,99.0,3.14762454873554
199090,164.0,15.0,54.0,1.87351013185692
236225,1875.0,150.0,60.0,-0.133614619187809
13706,1889.0,1928.0,2.0,-7.22207055313389
320227,48.0,1925.0,99.0,0.967023053063316
96139,1919.0,1898.0,44.0,2.01026495469291
107964,1875.0,1903.0,45.0,1.8545070419188
14225,948.0,1342.0,3.0,-3.24759548855635
57617,14.0,1880.0,9.0,-1.51498001495641
376948,1430.0,15.0,109.0,9.67955708169777
47861,1877.0,748.0,6.0,3.81049542460463
61600,1891.0,1894.0,10.0,5.06441792981075
97534,1878.0,5.0,44.0,-4.9298780760752
275079,1906.0,1916.0,179.0,-1.42588378180018
207290,1925.0,1910.0,177.0,12.4922557009801
388331,948.0,1912.0,111.0,7.98592074970163
255825,1919.0,1902.0,71.0,0.528143436651599
56563,1671.0,1882.0,9.0,-0.0298746115681446
357373,101.0,150.0,108.0,2.46449351755505
184339,195.0,1911.0,174.0,5.03957473397378
64426,14.0,1878.0,10.0,-2.60326176288783
58040,160.0,150.0,9.0,-3.43307888847919
107728,1560.0,1910.0,45.0,4.90770603720192
73125,1888.0,1882.0,13.0,1.93800423069013
175664,20.0,1224.0,52.0,-3.34528328877816
301709,147.0,17.0,98.0,0.692015544224115
166933,1183.0,1908.0,51.0,-0.55732841926264
326274,1875.0,1918.0,101.0,-2.3488400630344
86189,1902.0,1905.0,172.0,6.31418204613272
211573,604.0,1879.0,178.0,-4.10833628217326
640899,1894.0,1902.0,104.0,4.760619164512167
25401,1559.0,1183.0,4.0,0.826607271452327
401109,48.0,1920.0,112.0,2.04596658250462
108512,655.0,82.0,45.0,16.6917076194071
62238,1909.0,1224.0,10.0,-2.59311373711305
171448,1348.0,1914.0,52.0,0.721848401044109
174662,1342.0,1916.0,52.0,0.592908481933369
168050,1431.0,1922.0,51.0,2.37378677599615
245695,1908.0,1902.0,69.0,-9.19623523824239
390762,1876.0,1878.0,111.0,0.618730449139221
97785,1891.0,131.0,44.0,-3.69467116389582
399174,1559.0,85.0,112.0,-2.40665453761382
32455,655.0,1916.0,166.0,-4.84489993248833
219318,1922.0,788.0,56.0,0.0353119498999787
188155,1891.0,1894.0,175.0,8.02977157509966
9077,1898.0,15.0,2.0,7.81908764921378
367106,1887.0,1892.0,180.0,-4.07218531190152
280133,1920.0,1885.0,75.0,-1.38703661792759
96048,1888.0,1224.0,44.0,0.508174494510792
71111,85.0,1907.0,13.0,10.9631545981989
88276,229.0,1907.0,172.0,-7.16101864797559
276833,1560.0,18.0,75.0,0.223787579377565
341343,150.0,1898.0,104.0,-0.0423815877714947
176070,604.0,1921.0,52.0,-5.90579646996068
47067,1877.0,1915.0,6.0,-11.8076088259079
269041,1183.0,1918.0,74.0,2.83824022501805
320721,1903.0,131.0,100.0,0.730243884476551
325257,1905.0,1900.0,100.0,-1.27379483214672
27583,1430.0,677.0,4.0,1.82183758793264
71851,1881.0,1224.0,13.0,-2.20292544945112
413175,1891.0,1224.0,114.0,-3.06298967703178
414572,1903.0,1904.0,114.0,-2.90385674436324
43545,1891.0,1921.0,6.0,0.221273140078901
243933,655.0,1331.0,69.0,-9.06400876797504
229190,1880.0,47.0,58.0,-0.0453117712469424
190752,1925.0,1918.0,175.0,2.6901794447337
368461,1916.0,1921.0,180.0,0.05396421210523
647826,1899.0,1902.0,116.0,0.9926993245263148
198138,1885.0,1331.0,54.0,6.11687294496633
203358,1881.0,1892.0,177.0,-9.40311611469711
173545,1912.0,17.0,52.0,3.8226436062868
66313,1889.0,1904.0,12.0,1.66291131991131
337382,1894.0,1901.0,103.0,3.06856474634991
25977,1912.0,1887.0,4.0,-0.311784827467523
110757,101.0,1894.0,167.0,7.57743945845132
174796,82.0,17.0,52.0,3.50587194003007
167788,1916.0,1914.0,51.0,11.2338687065002
207735,1560.0,72.0,178.0,0.194503021792875
14270,1911.0,131.0,3.0,0.688536136964334
25536,1560.0,1908.0,4.0,-4.7559575019491
345025,163.0,1895.0,104.0,-0.580771178297683
233648,3.0,1928.0,58.0,1.53114157494987
210104,1891.0,1431.0,178.0,0.194724999342817
314121,1924.0,13.0,186.0,-1.72936827804468
273710,1885.0,1914.0,179.0,1.87617656538904
221327,1925.0,1881.0,56.0,2.75191004791398
344362,20.0,1883.0,104.0,2.09047893523591
203560,1897.0,1560.0,177.0,4.58277498753227
417141,163.0,1342.0,114.0,1.67734958619123
172489,1896.0,1923.0,52.0,3.4662411844076
99399,1342.0,544.0,44.0,-9.57679451339201
187669,164.0,1892.0,175.0,0.0684795591499113
221016,1876.0,1183.0,56.0,-0.854757726471294
415059,146.0,1671.0,114.0,-7.91070061050188
219734,150.0,1922.0,56.0,-1.07127559551754
64647,1876.0,85.0,10.0,-3.98774238525164
104148,27.0,1896.0,173.0,0.250816949128364
224712,47.0,1900.0,57.0,4.50538446444464
75455,1905.0,1890.0,13.0,-3.42432905145477
316590,1224.0,1892.0,99.0,0.63965428627515
211519,1342.0,1918.0,178.0,-0.0495568578943107
336296,101.0,1908.0,103.0,-3.05722183909802
49396,1879.0,1891.0,7.0,1.52791514202115
278065,1337.0,1332.0,75.0,-5.75420162863044
287126,48.0,1902.0,77.0,-10.473106491532
285269,544.0,164.0,77.0,-1.5513645675812
332839,948.0,1909.0,102.0,8.05594861379597
15544,1894.0,1909.0,3.0,2.88881676622476
53355,1926.0,677.0,7.0,2.39517182752411
100845,1331.0,1887.0,173.0,1.54527520852604
282132,1560.0,677.0,77.0,-0.736263377064339
33693,14.0,1878.0,166.0,1.38839117004319
195543,1337.0,1892.0,176.0,-1.50349723463115
192682,1911.0,18.0,176.0,-1.79452729286446
397033,150.0,5.0,112.0,-8.59370742057287
184321,47.0,1922.0,174.0,0.465750708739034
109733,83.0,1224.0,45.0,6.46829525681057
345433,1913.0,1918.0,104.0,1.0418969787704
249658,1924.0,17.0,70.0,2.57139996868677
425045,1332.0,1347.0,115.0,-1.72215209982101
368424,1907.0,788.0,180.0,3.39839030205006
165190,1342.0,1559.0,168.0,-8.18288286307262
400793,1915.0,5.0,112.0,0.864262673936522
225621,1331.0,5.0,57.0,1.87758591152826
173531,1881.0,1895.0,52.0,-5.71350474861423
332045,1879.0,1560.0,102.0,-1.63851677553054
3765,1911.0,788.0,1.0,-1.45612416435275
426902,1342.0,1875.0,115.0,-0.558082787910334
187625,1908.0,1916.0,175.0,0.844450639828484
344852,20.0,1914.0,104.0,-7.33556589625663
300818,1897.0,1906.0,98.0,-5.89620923425557
203590,1898.0,1347.0,177.0,-1.16051655300986
343942,1885.0,1895.0,104.0,-0.814327622470958
108051,1879.0,1903.0,45.0,5.72315588663017
272674,1912.0,1883.0,179.0,-0.506492916591017
271262,1920.0,1903.0,74.0,-2.71555733687565
170681,1905.0,1882.0,51.0,-4.13026957855707
279648,229.0,1183.0,75.0,2.80655575444762
101574,1915.0,1332.0,173.0,-1.089276136986
279026,748.0,1908.0,75.0,4.9754077641058
275559,1430.0,1889.0,179.0,2.41404198746674
229911,1431.0,1892.0,58.0,5.76583637418163
357046,1919.0,1911.0,108.0,-3.72606799497808
43208,1183.0,1910.0,6.0,-2.84225105880138
63458,544.0,131.0,10.0,-2.87919653757536
371145,1915.0,1905.0,180.0,-1.08525739003028
225293,1183.0,1560.0,57.0,0.07138723215938
179416,229.0,47.0,53.0,3.04349769835527
310862,1224.0,1922.0,186.0,-2.3109118050517
207083,82.0,1890.0,177.0,-2.23802044513282
282256,1880.0,1431.0,77.0,0.471605306183674
60065,948.0,1878.0,10.0,-2.91982882653889
373314,1875.0,1908.0,109.0,-0.826651532944464
229785,1331.0,1882.0,58.0,1.326242508142
329563,27.0,18.0,101.0,0.225341930007498
24701,1916.0,1911.0,4.0,-0.860843927793719
360094,1925.0,604.0,108.0,4.73022346076906
95642,1894.0,1916.0,44.0,0.205648496918657
339087,604.0,1923.0,103.0,-0.118506453364614
370157,1906.0,164.0,180.0,3.77624402043566
283513,1890.0,1901.0,77.0,-3.48444701654938
437049,160.0,20.0,116.0,-5.94300036548694
214382,136.0,1882.0,55.0,0.394575394628877
327290,82.0,150.0,101.0,6.67157987447925
423735,101.0,72.0,115.0,3.36426497122612
171623,85.0,1904.0,52.0,1.91112301904149
187218,1885.0,1918.0,175.0,1.40247840464811
5247,1894.0,1224.0,1.0,-0.676264373093417
311233,677.0,1914.0,186.0,4.24701270742524
211591,1342.0,544.0,178.0,3.3948817090465
175983,229.0,1876.0,52.0,8.64231710918051
414517,195.0,1224.0,114.0,-8.15318902656641
271922,1183.0,1882.0,179.0,0.282742568672638
244771,544.0,1917.0,69.0,-8.73743195865551
24872,1897.0,1347.0,4.0,-2.64375870427652
416776,1337.0,1918.0,114.0,-15.5280434771059
71957,1902.0,1347.0,13.0,-3.48374329756647
171576,1908.0,1907.0,52.0,0.347604555915436
229077,1887.0,1560.0,58.0,5.99148995187063
197399,1899.0,150.0,54.0,3.34727841093622
212339,604.0,1906.0,178.0,-6.22360462945978
321213,20.0,1910.0,100.0,-1.50394166292458
370429,604.0,1331.0,180.0,-18.7166657225017
169763,1876.0,1896.0,51.0,-1.78892892068587
377082,1337.0,1900.0,109.0,1.86563096465887
188167,1878.0,1900.0,175.0,-1.10787334951732
246775,5.0,15.0,70.0,6.99574024597396
427834,1924.0,1910.0,115.0,-4.32630830933924
68371,20.0,1901.0,12.0,-5.61714508676007
63717,14.0,544.0,10.0,4.40946629520149
275805,27.0,20.0,179.0,-10.76779312224
196953,160.0,677.0,176.0,-2.50866369736543
265225,3.0,1348.0,73.0,-0.0736253262395541
47638,1920.0,136.0,6.0,-0.290827850437492
360456,20.0,1896.0,108.0,-5.28337343363452
4738,1887.0,11.0,1.0,5.12050604411396
312402,82.0,1332.0,186.0,-4.10622625494777
332324,47.0,1331.0,102.0,-6.58541426473589
71116,1911.0,15.0,13.0,-7.98809937717417
304306,229.0,1342.0,98.0,-5.60740389868128
16828,544.0,1898.0,3.0,-13.5989335535972
108511,48.0,1923.0,45.0,13.5620442248602
10247,1893.0,1910.0,2.0,-9.33121270013312
274262,120.0,195.0,179.0,1.62105040164557
67698,1886.0,5.0,12.0,3.79066146344805
214574,1908.0,788.0,55.0,-1.04890657603722
195616,1919.0,17.0,176.0,0.672324770213541
221177,1913.0,1883.0,56.0,1.85561925721135
329093,27.0,1885.0,101.0,-5.50244708277874
274862,1926.0,164.0,179.0,2.74989314462204
273764,1891.0,1922.0,179.0,1.51746317626911
281903,1337.0,1928.0,75.0,-17.6608348877558
264554,83.0,1880.0,73.0,3.45077102300984
180446,27.0,18.0,53.0,-2.61685241420154
301975,1886.0,1914.0,98.0,1.71439117822502
625370,1894.0,1902.0,177.0,4.90071757679066
3892,13.0,677.0,1.0,-1.13862092828455
313596,27.0,1892.0,186.0,-1.48843229114199
259924,1920.0,1879.0,72.0,3.71811069233832
54646,748.0,1896.0,9.0,-0.800236692918365
89789,14.0,1559.0,172.0,0.656836708977796
163713,229.0,85.0,168.0,3.01272301348572
3784,1880.0,146.0,1.0,1.70510828624121
98109,1560.0,1916.0,44.0,2.70303719056327
161017,146.0,1892.0,168.0,0.412910668812365
271360,1915.0,1921.0,74.0,2.38351343211583
15044,1888.0,11.0,3.0,10.9379261407113
276422,1919.0,85.0,179.0,4.38218949945966
319576,27.0,1886.0,99.0,2.41118861682212
232186,1905.0,11.0,58.0,8.2324395502577
342492,1347.0,1914.0,104.0,-1.27044598088996
177473,1875.0,1912.0,53.0,2.4136782599656
214744,1880.0,677.0,55.0,3.50502077103287
85765,1920.0,1887.0,172.0,1.49752476698531
313524,1915.0,1880.0,186.0,1.16121682851406
90032,20.0,1903.0,172.0,-6.56357992930329
220616,1904.0,5.0,56.0,-12.1125817331543
375475,82.0,1881.0,109.0,-5.1720153746049
59153,83.0,1921.0,9.0,0.360369777393559
43746,1888.0,150.0,6.0,1.97222286285999
360857,1337.0,136.0,108.0,-6.26767962851706
269437,1342.0,1894.0,74.0,0.530023243681765
397599,150.0,1881.0,112.0,-1.67567876257392
631702,1909.0,1902.0,58.0,-0.3859984903451301
279527,1895.0,1904.0,75.0,0.344748734479535
235182,136.0,1887.0,60.0,1.99452922394877
375827,14.0,1914.0,109.0,4.91180537480993
175723,160.0,147.0,52.0,1.71177286471672
17145,1905.0,1916.0,3.0,1.52306124853262
72423,15.0,1922.0,13.0,-5.20880069804564
301658,1889.0,677.0,98.0,0.468586647307206
108096,136.0,1880.0,45.0,1.057935881539
412958,1911.0,11.0,114.0,-2.73123941133751
344615,3.0,1885.0,104.0,-2.17839786391029
342219,1893.0,147.0,104.0,-1.96498907102446
376081,229.0,1884.0,109.0,1.6888348911052
371943,1906.0,1908.0,180.0,3.68783596127306
370451,1913.0,131.0,180.0,-1.76237830148686
191067,229.0,1917.0,175.0,-7.37017357056461
202259,788.0,1928.0,54.0,5.81458753380695
243590,3.0,1923.0,69.0,1.0143361868457
321309,1347.0,1894.0,100.0,2.35708031500834
194489,13.0,1890.0,176.0,1.04839975097442
51871,1906.0,1904.0,7.0,-0.0393117297728183
413967,1887.0,5.0,114.0,0.893110072117601
312069,948.0,1560.0,186.0,-4.61475908867924
88343,160.0,1923.0,172.0,1.43955701125218
200960,3.0,11.0,54.0,1.06084897743084
175076,82.0,11.0,52.0,8.75404925448879
311942,1347.0,11.0,186.0,1.33434294239901
52687,160.0,544.0,7.0,6.9764482120613
164556,1337.0,1891.0,168.0,-4.9978346694201
370873,229.0,150.0,180.0,-8.4063665547328
312135,150.0,164.0,186.0,0.0738687200005574
100847,1183.0,1671.0,173.0,6.92862331866853
235109,146.0,1348.0,60.0,2.10297691215868
357928,1899.0,1883.0,108.0,-6.23820032221113
266084,20.0,47.0,73.0,-5.18347307314097
47370,1925.0,544.0,6.0,2.39345536021734
346042,1877.0,1921.0,104.0,4.72843163502467
68365,20.0,1881.0,12.0,-12.0781558871593
275284,27.0,1891.0,179.0,-5.92744823788549
247892,1907.0,15.0,70.0,-2.25053824769197
275370,163.0,1892.0,179.0,-4.52175032616001
167846,1902.0,82.0,51.0,1.04287322282679
219131,1907.0,1910.0,56.0,-4.90487950474551
373080,1900.0,1921.0,109.0,3.21449504582189
188104,146.0,1560.0,175.0,2.58185504954637
234919,146.0,1900.0,60.0,-1.07161762857544
345694,1877.0,1888.0,104.0,-1.73660989888845
169511,1920.0,5.0,51.0,2.13636048797364
343358,120.0,1887.0,104.0,-2.25685592756496
414537,195.0,1331.0,114.0,-4.22631007675489
224470,1909.0,72.0,57.0,6.5282723951347
247128,1888.0,1904.0,70.0,1.27587001253266
262217,1888.0,120.0,73.0,-1.30888459646445
246257,1559.0,1890.0,70.0,8.4651566221256
66002,27.0,1899.0,12.0,1.41087163423204
87155,1878.0,85.0,172.0,0.734497160329747
189265,1910.0,1918.0,175.0,5.50012306832291
169415,604.0,1926.0,51.0,2.51179704734584
337912,1560.0,1927.0,103.0,1.28341201207793
423829,1896.0,1909.0,115.0,7.72416083103143
369165,1919.0,150.0,180.0,4.00155702046407
221371,14.0,1904.0,56.0,1.68262500095896
223444,1887.0,1888.0,57.0,8.24135401199638
108796,1913.0,229.0,45.0,0.9958335801129
317449,1880.0,1910.0,99.0,-2.60624297384375
181666,1347.0,1928.0,53.0,-8.84889063264983
265258,1876.0,20.0,73.0,-0.77039575436537
318217,1337.0,72.0,99.0,-3.95177512095985
170629,544.0,83.0,51.0,3.69304186301496
43978,1891.0,1904.0,6.0,2.87435074886863
260408,1905.0,748.0,72.0,-0.238242216656897
399057,47.0,1914.0,112.0,1.76272612055483
231216,1876.0,1911.0,58.0,-8.21508685078471
266435,195.0,17.0,74.0,2.55701710655277
647738,120.0,1902.0,166.0,-4.95800773411979
375916,1905.0,1891.0,109.0,-0.270750870631887
86367,948.0,1914.0,172.0,-0.783428866761699
215597,27.0,1923.0,55.0,0.316813792408303
45334,1875.0,1910.0,6.0,2.29722634352503
373196,1900.0,13.0,109.0,-0.819895765579161
31312,1885.0,1921.0,166.0,-0.253954767064718
336300,72.0,1671.0,103.0,3.88176374285772
339955,1877.0,1905.0,103.0,-4.47594482210608
180194,1905.0,1431.0,53.0,8.52042678560431
323307,1925.0,1922.0,100.0,-0.582824854464278
285637,27.0,1914.0,77.0,-0.205328613486094
198366,1912.0,1894.0,54.0,3.44932865338952
337286,1183.0,15.0,103.0,3.00239337541173
44008,17.0,18.0,6.0,-5.29314355021145
61339,1902.0,1901.0,10.0,-2.23605201560605
191986,1915.0,1902.0,175.0,-10.2643538226181
436339,163.0,229.0,116.0,1.11196886710423
311501,136.0,1914.0,186.0,-1.64926988283313
224722,1885.0,1911.0,57.0,0.442503147065808
202085,1915.0,1890.0,54.0,-4.27148652684702
337671,195.0,1922.0,103.0,5.60748805034649
333220,147.0,17.0,102.0,6.55610530613351
340774,1877.0,1890.0,103.0,-2.2029298846298
285200,1337.0,1881.0,77.0,-11.1028745141129
175354,544.0,1896.0,52.0,1.66281990135669
251765,147.0,1903.0,71.0,15.2176043274576
203301,1895.0,1907.0,177.0,5.10107738525522
299824,150.0,1917.0,98.0,1.14089834932084
45121,1915.0,1910.0,6.0,5.39662465069019
218977,1431.0,1916.0,56.0,14.0537920033013
327202,1904.0,1921.0,101.0,-7.08261746591397
15886,1879.0,1887.0,3.0,-2.11618724749904
317542,1560.0,1908.0,99.0,-0.466794353606661
413500,1917.0,677.0,114.0,2.13116206456402
60578,1911.0,1882.0,10.0,-4.59343555707104
284710,1893.0,1907.0,77.0,-3.44771319144546
417617,1923.0,1902.0,114.0,0.853936067798356
338020,1559.0,150.0,103.0,5.64228500385553
183044,164.0,1897.0,174.0,1.54490604083622
7401,1926.0,1895.0,1.0,3.79507037251806
178328,1891.0,1890.0,53.0,2.82382599708952
275452,1337.0,1893.0,179.0,4.95886661144647
417592,1924.0,1925.0,114.0,8.26210543860727
397704,1183.0,788.0,112.0,4.91675509453719
303772,160.0,1896.0,98.0,4.7079813455226
163282,1886.0,1896.0,168.0,2.45696499263724
217110,27.0,1912.0,55.0,-5.43315340742882
422985,1559.0,1888.0,115.0,1.28038878501598
75473,604.0,3.0,13.0,1.38067079590085
175823,27.0,1671.0,52.0,-14.0980852933211
182686,1895.0,1888.0,174.0,0.596363590677443
279558,1924.0,160.0,75.0,-0.0788354567385527
361200,160.0,1876.0,108.0,4.35868542443954
317377,1896.0,1888.0,99.0,-1.71593208511722
110433,1332.0,1928.0,45.0,-16.7725857220985
342777,147.0,15.0,104.0,3.80455558606506
69307,1919.0,1905.0,12.0,4.28381672674832
314523,1877.0,136.0,186.0,-2.77183859640396
185983,1906.0,120.0,174.0,-3.63427917472951
201683,1337.0,1559.0,54.0,-2.55354306267428
400540,3.0,1884.0,112.0,-0.92142252667202
265771,3.0,1921.0,73.0,0.735625185110839
99084,1926.0,1893.0,44.0,15.3235696974761
312344,147.0,1671.0,186.0,-8.73608367039788
62971,1342.0,1913.0,10.0,-0.0700602852235591
69164,1342.0,1904.0,12.0,-5.90438039443381
178059,1907.0,1914.0,53.0,2.27754066778856
52340,1332.0,18.0,7.0,-2.82899983763776
216459,1926.0,1891.0,55.0,-3.5894913747161
167324,1899.0,1881.0,51.0,2.17025936281658
399193,948.0,120.0,112.0,5.10222367970029
230327,948.0,1905.0,58.0,0.109973187354348
86065,1891.0,1887.0,172.0,1.19012452301529
104107,20.0,1431.0,173.0,10.1053323470579
192112,1912.0,1887.0,176.0,-0.10500383746805
413851,1908.0,1882.0,114.0,0.272947579412922
373761,1559.0,120.0,109.0,3.61331615472507
87979,101.0,1895.0,172.0,1.07958057371007
189521,1893.0,1927.0,175.0,-11.5293714827765
89745,1925.0,1888.0,172.0,2.52841473575933
87160,1905.0,1911.0,172.0,8.3794841222633
179442,1337.0,1875.0,53.0,6.80150198296702
423202,1903.0,15.0,115.0,1.00163715953131
251496,163.0,1898.0,71.0,1.10617765135189
113718,1877.0,1916.0,167.0,-0.191792816853172
277086,146.0,150.0,75.0,-2.19793033851194
55789,1560.0,1914.0,9.0,-0.748632286422987
246380,1879.0,1348.0,70.0,2.26149980946742
334710,1342.0,1884.0,102.0,-15.8521462740721
302419,948.0,27.0,98.0,-2.32329115511868
367124,1880.0,72.0,180.0,9.78905908945337
342614,1559.0,1880.0,104.0,-1.0678084758414
332975,1908.0,11.0,102.0,-0.630635680537543
427162,1913.0,136.0,115.0,-3.29080753218659
272785,13.0,11.0,179.0,2.01425852199862
197262,1916.0,1890.0,54.0,-1.62865202019142
434036,1888.0,1882.0,116.0,0.776759447836498
174746,1877.0,1914.0,52.0,-2.66545499378883
282651,18.0,1927.0,77.0,0.308812570505472
101244,150.0,1893.0,173.0,9.25319448385395
372964,47.0,1909.0,109.0,0.0312870966878221
300052,101.0,1560.0,98.0,-5.45085407498386
168321,136.0,1910.0,51.0,3.56055728777592
425772,1915.0,1923.0,115.0,-2.05266525681755
335824,83.0,1921.0,102.0,-3.02535125280792
221208,83.0,1331.0,56.0,-2.29241975443137
266749,1560.0,1907.0,74.0,4.19078198450881
376665,1920.0,1888.0,109.0,8.95738103067435
99927,1906.0,1882.0,44.0,-4.6083870766693
59373,1900.0,1928.0,9.0,-1.86256013413535
51583,48.0,1898.0,7.0,5.63404760381658
283632,1559.0,18.0,77.0,1.22254185592189
277994,1904.0,1560.0,75.0,2.18790165096078
236555,17.0,788.0,60.0,0.446848313455593
88660,163.0,1909.0,172.0,11.1172416310558
416114,655.0,146.0,114.0,-12.2566512768789
285156,1906.0,1907.0,77.0,0.803278408967879
171497,1881.0,1916.0,52.0,2.18523362853319
224583,1347.0,1914.0,57.0,16.1138807691891
316752,5.0,788.0,99.0,1.12111942233449
75687,14.0,1902.0,13.0,2.32849663331313
225729,1895.0,788.0,57.0,3.83793513606693
210081,677.0,1914.0,178.0,1.41122528279324
367795,1560.0,1890.0,180.0,-2.82582244147916
270627,1926.0,544.0,74.0,-0.169072146998674
70133,1924.0,3.0,12.0,1.79513985540592
233336,229.0,1911.0,58.0,-2.44023187666474
369105,1899.0,1907.0,180.0,-0.812717335713016
50129,1904.0,1917.0,7.0,-4.96957308906745
275089,82.0,1914.0,179.0,-3.08779661571878
54312,1904.0,1893.0,9.0,-4.04541039420885
16384,146.0,1901.0,3.0,-1.94458268062502
219341,1896.0,1887.0,56.0,-1.81028947088907
27208,1926.0,1909.0,4.0,4.34990966221433
340207,1342.0,1889.0,103.0,0.470566792204797
399191,1885.0,748.0,112.0,-2.51992072045577
58650,1924.0,120.0,9.0,2.21623062436487
172459,1891.0,1901.0,52.0,4.17307535453248
56739,147.0,1892.0,9.0,-1.7529179187233
262523,150.0,11.0,73.0,-0.0035812973944654
267412,15.0,1922.0,74.0,-2.39522172298256
89847,83.0,1878.0,172.0,0.928681700508418
87384,1897.0,1923.0,172.0,1.8177963604301
197649,1878.0,13.0,54.0,-1.923879728729
207088,1925.0,1878.0,177.0,-1.16214588357434
18027,604.0,1430.0,3.0,-2.5362984387067
400060,229.0,1901.0,112.0,2.97650280279624
9354,1183.0,1918.0,2.0,0.680497623449959
398125,1880.0,72.0,112.0,-0.527539945141368
10156,1912.0,11.0,2.0,0.459730483576185
260857,655.0,1337.0,72.0,1.87313830457706
204824,146.0,1923.0,177.0,-0.339815121087749
254826,1915.0,1348.0,71.0,-1.76388704452429
108646,1913.0,1331.0,45.0,-8.73659193899579
169219,1915.0,1901.0,51.0,-2.3594711768837
13978,1902.0,17.0,3.0,-0.335700045484931
332601,1902.0,1896.0,102.0,-20.9335161691356
329040,655.0,1331.0,101.0,-14.5008881687108
107906,1671.0,5.0,45.0,-1.17941220629862
170248,48.0,1348.0,51.0,-4.25111731087395
55079,1902.0,1916.0,9.0,-0.326357211328018
259486,83.0,101.0,72.0,4.61204650339741
194295,1899.0,1880.0,176.0,-2.65531224358009
415445,1925.0,1922.0,114.0,1.06649482344749
176187,82.0,1337.0,52.0,1.74590044917084
49947,1875.0,1890.0,7.0,3.46525491191005
103197,1879.0,47.0,173.0,4.47399184806257
315602,1904.0,1912.0,99.0,-2.08031768645157
217263,1332.0,1882.0,55.0,-1.71798764267374
198337,164.0,1923.0,54.0,-0.378416404299272
286387,48.0,147.0,77.0,4.32995122687331
371274,544.0,1224.0,180.0,4.529605129873
70627,1885.0,1923.0,13.0,-1.82862478307907
208030,1902.0,1919.0,178.0,-10.6073418946885
110598,1881.0,1890.0,167.0,3.23070234680641
63555,229.0,1892.0,10.0,4.82570370464282
434454,1671.0,1921.0,116.0,0.171324500488553
231106,1884.0,18.0,58.0,-0.353558359538682
31226,47.0,1903.0,166.0,9.78861737579227
222926,1337.0,1890.0,56.0,-5.36141101229678
331012,1431.0,1671.0,102.0,-0.737493799365412
169807,544.0,1892.0,51.0,6.4632621129524
282406,136.0,1884.0,77.0,-2.65787142841335
327394,1894.0,1923.0,101.0,3.39350952834256
329553,83.0,677.0,101.0,0.0830100079134355
424558,1920.0,1911.0,115.0,0.536054225088281
177513,1899.0,1348.0,53.0,-4.06853438069582
54452,1912.0,1923.0,9.0,-5.4013485161014
273554,1899.0,1892.0,179.0,1.87745174428181
367677,1878.0,1901.0,180.0,-1.98242511036051
250799,48.0,15.0,70.0,1.22494869220952
55704,1879.0,1917.0,9.0,-3.87335293797683
73051,1897.0,1910.0,13.0,7.57647337650451
199994,1342.0,1908.0,54.0,-2.59212058573753
68345,1925.0,229.0,12.0,5.80734582284058
332556,1183.0,1431.0,102.0,0.606042124773013
244299,604.0,17.0,69.0,1.31278105590222
331169,72.0,1904.0,102.0,-5.23459604739055
56377,1880.0,1922.0,9.0,-0.155845809101312
108292,1920.0,1906.0,45.0,5.50820755411308
278983,17.0,18.0,75.0,-6.94531993623652
111813,1898.0,1348.0,167.0,-0.27740317490129
88913,14.0,101.0,172.0,1.7150102886567
334099,82.0,146.0,102.0,3.72940327551934
267613,1881.0,1901.0,74.0,2.86450729178402
232446,1913.0,677.0,58.0,2.21845747603362
88926,1913.0,1891.0,172.0,-6.13300293424327
65901,1337.0,1899.0,12.0,-0.860742012197796
62976,544.0,229.0,10.0,0.0732213374643065
319239,1925.0,1904.0,99.0,0.383613625826369
101713,1884.0,748.0,173.0,4.50617657290547
54219,1888.0,1904.0,9.0,-0.65707760233733
245574,1929.0,1928.0,69.0,-4.3129959252849
177932,1895.0,1909.0,53.0,3.92190119760051
56132,1903.0,120.0,9.0,1.8450607166751
278888,1894.0,1903.0,75.0,-1.82506015882311
45725,164.0,1912.0,6.0,7.73115338149353
186670,604.0,1928.0,174.0,9.09235601155125
164462,1342.0,1431.0,168.0,-4.82726603619013
274596,655.0,18.0,179.0,-4.02281553755108
218973,1879.0,1885.0,56.0,6.40748341985554
25745,1885.0,1923.0,4.0,-0.971185120088983
255341,48.0,1342.0,71.0,0.929549331607034
320522,15.0,1890.0,100.0,1.03200297788677
247706,1431.0,11.0,70.0,-6.32794526683686
198799,1886.0,1911.0,54.0,2.26443034092805
397342,1920.0,1347.0,112.0,2.31304740044855
99140,1920.0,1891.0,44.0,-10.0760797616099
268412,1183.0,1875.0,74.0,-1.93399552423886
62679,229.0,1908.0,10.0,-1.07726153762952
254761,1920.0,13.0,71.0,1.31089937263089
413932,1897.0,788.0,114.0,-3.99250986953096
90072,1906.0,85.0,172.0,6.2865417061083
174657,604.0,1926.0,52.0,3.22848412112233
219151,1903.0,164.0,56.0,3.35088704476528
227181,604.0,1918.0,57.0,-0.254855342742372
201317,48.0,1889.0,54.0,1.54970922649027
399831,3.0,229.0,112.0,2.00994398452876
254012,1905.0,1331.0,71.0,-13.0612920918318
340015,1926.0,1905.0,103.0,6.09417789361021
250667,1925.0,1878.0,70.0,0.764226332893926
413073,1431.0,147.0,114.0,2.75516522931782
54265,1912.0,1908.0,9.0,-2.96248659820802
313370,20.0,229.0,186.0,-4.98007971729834
73304,948.0,5.0,13.0,-0.419832773061721
14364,147.0,164.0,3.0,-6.0927404165928
181720,1908.0,15.0,174.0,-0.850362291719539
30224,20.0,1910.0,166.0,-5.4551423400037
6480,229.0,18.0,1.0,1.00669640416131
390676,20.0,748.0,111.0,-6.75594003535179
212808,1885.0,1890.0,55.0,-3.12672362750033
50822,1559.0,1908.0,7.0,-1.82228801323831
275218,20.0,1914.0,179.0,-2.51857112722116
315430,1347.0,1917.0,99.0,-3.36170110838987
324448,20.0,1348.0,100.0,-9.61610925188757
233687,1331.0,1928.0,58.0,-4.801428534479
108376,1877.0,1908.0,45.0,-0.706928382104828
4345,1331.0,11.0,1.0,5.7959918081002
89562,1926.0,544.0,172.0,-5.43482460488653
279777,1342.0,82.0,75.0,-3.98683135082044
6787,229.0,1880.0,1.0,-8.91409958513641
311296,1894.0,1903.0,186.0,9.69859377038763
284346,1183.0,1891.0,77.0,0.743826968460613
4805,1902.0,5.0,1.0,1.37799349186969
72575,47.0,1890.0,13.0,1.93603362112332
254926,1919.0,20.0,71.0,-2.43013909624382
413751,1889.0,5.0,114.0,3.77676430752242
250402,1926.0,83.0,70.0,-1.30809529984131
325426,1342.0,18.0,100.0,-3.64914479054268
43638,1913.0,1911.0,6.0,1.17662741111721
324778,1905.0,1917.0,100.0,-10.3419110595184
284219,136.0,1896.0,77.0,1.27306999018941
204665,195.0,1922.0,177.0,2.85325271638933
236136,1905.0,1332.0,60.0,2.74384492021353
332462,1879.0,11.0,102.0,-2.4436180749272
277431,1431.0,1896.0,75.0,0.50042815083195
397603,101.0,1888.0,112.0,0.190767639941358
335685,20.0,1900.0,102.0,-1.23013230487569
32563,1430.0,1909.0,166.0,-4.30299791885372
433430,1904.0,1917.0,116.0,-4.38342485127651
47436,14.0,136.0,6.0,-2.7506208298216
277863,948.0,1917.0,75.0,1.44035265872863
286721,1924.0,1671.0,77.0,4.00594530363395
59883,164.0,1921.0,10.0,-2.06696059570088
112770,1877.0,150.0,167.0,6.32454906324684
232555,544.0,1896.0,58.0,0.615050883911397
169321,655.0,1887.0,51.0,5.396951945989
399023,1902.0,11.0,112.0,1.21041938196105
226455,229.0,164.0,57.0,6.46806057374455
400739,1342.0,544.0,112.0,0.912050254467285
211684,1919.0,20.0,178.0,-13.6545953363402
401020,27.0,1224.0,112.0,7.03541280769126
286270,1925.0,1224.0,77.0,1.27457641872092
270397,3.0,13.0,74.0,-0.42941340836496
272440,136.0,1560.0,179.0,-3.89967115353707
4544,150.0,1927.0,1.0,-4.20041349179743
203293,11.0,1901.0,177.0,-30.7986259721612
268846,677.0,1910.0,74.0,-2.37919296357687
218548,1880.0,1890.0,56.0,-1.51542144483313
245027,14.0,1559.0,69.0,-3.48510051149288
68317,1337.0,164.0,12.0,-1.04095947276131
238900,160.0,1337.0,60.0,-0.306384621494049
254406,1913.0,11.0,71.0,-1.27032706362255
106901,1889.0,1890.0,45.0,-6.13541946303567
436345,27.0,1881.0,116.0,-1.32661589484725
325036,1337.0,1430.0,100.0,11.5759734241798
234823,1902.0,1922.0,60.0,-0.547851338552226
427119,27.0,136.0,115.0,-10.3545570539697
310814,1893.0,1914.0,186.0,6.75073321984338
371381,1919.0,1917.0,180.0,-2.0743131239052
182251,1915.0,47.0,174.0,-1.84852405243558
32862,3.0,1891.0,166.0,1.24354406716532
8888,1888.0,748.0,2.0,4.4454041477753
52573,83.0,1918.0,7.0,-2.15359819530101
176614,1337.0,150.0,53.0,-1.20202725110249
341008,82.0,1922.0,103.0,0.688257569114724
256562,1431.0,677.0,72.0,-0.221770070047756
111616,1183.0,748.0,167.0,3.20334302251078
324265,20.0,1879.0,100.0,-16.450361996655
434249,1891.0,1888.0,116.0,-1.71704623078774
163082,1907.0,11.0,168.0,-0.0955291996306254
199564,1905.0,1910.0,54.0,-1.43209889292713
327804,1887.0,13.0,101.0,1.2076169077465
192502,1347.0,18.0,176.0,1.85819185671131
327024,1912.0,1900.0,101.0,1.38891242070742
64659,544.0,677.0,10.0,-3.70139322845563
167790,1883.0,748.0,51.0,-4.91621193907907
219290,15.0,11.0,56.0,-1.84580792267745
244600,1924.0,1875.0,69.0,-0.1384808674411
182767,1893.0,1881.0,174.0,0.48672138146102
217064,1915.0,1886.0,55.0,0.251053876285039
5362,1342.0,1898.0,1.0,0.470067494858578
73346,544.0,85.0,13.0,3.07809725702924
325940,1887.0,1917.0,101.0,-1.61979013916294
434323,1886.0,15.0,116.0,-1.84736722268523
174788,1905.0,1916.0,52.0,-9.50920755894647
244352,14.0,1893.0,69.0,0.501442194601972
177494,1912.0,1887.0,53.0,0.462113306649121
269124,1560.0,18.0,74.0,6.87979068356624
61701,120.0,1907.0,10.0,-0.634597701475294
361443,82.0,85.0,108.0,2.58027081125072
206329,544.0,13.0,177.0,3.36031529198244
32571,1430.0,131.0,166.0,13.0795016068085
249494,1925.0,131.0,70.0,-2.3530223973398
218356,164.0,5.0,56.0,-13.1423636300502
28101,1332.0,1918.0,4.0,-0.160217980123197
279308,1922.0,1927.0,75.0,-0.465562111045868
32388,1925.0,1926.0,166.0,3.36615578452002
335991,1903.0,1928.0,102.0,1.53631825392499
15765,1909.0,1893.0,3.0,13.9602946785574
359502,27.0,1894.0,108.0,-17.3219759211977
281198,27.0,1912.0,75.0,-4.72382382821066
57043,604.0,1908.0,9.0,-3.24704658706101
320678,195.0,677.0,100.0,-0.0732102237883633
253036,1895.0,1908.0,71.0,7.63607497289527
191547,27.0,1903.0,175.0,-3.20754942707265
210636,3.0,1923.0,178.0,-4.0014817342039
178375,164.0,5.0,53.0,-1.70818866323017
357426,85.0,1903.0,108.0,-1.1507685206264
331468,195.0,1921.0,102.0,0.703060497209518
624235,948.0,544.0,51.0,2.2487284932393035
252485,1909.0,1903.0,71.0,7.36979900594288
258261,1917.0,1918.0,72.0,5.45627285089551
240620,195.0,1912.0,69.0,6.5158601669592
170036,163.0,1905.0,51.0,-2.77178821429907
162881,1348.0,1224.0,168.0,2.58454350605492
341869,1899.0,1878.0,104.0,-2.44280481971594
233148,160.0,1332.0,58.0,5.790456612502
434521,1916.0,1890.0,116.0,-1.05135155026519
171216,1915.0,1928.0,51.0,-1.86340616761003
372790,1347.0,677.0,109.0,0.530012502960905
260230,655.0,1430.0,72.0,4.73070768790209
207428,120.0,1928.0,177.0,-7.88585274781728
175168,1905.0,1893.0,52.0,-8.98395979039597
372362,147.0,1917.0,109.0,0.838126684224864
49749,748.0,677.0,7.0,-1.65865153254424
336472,1887.0,1911.0,103.0,10.3409191651584
426822,1920.0,13.0,115.0,2.57282648037508
64654,1915.0,85.0,10.0,-4.16655509203548
376898,1342.0,1671.0,109.0,-0.93393711184357
375634,1342.0,1901.0,109.0,-3.03480824415732
375180,1337.0,1894.0,109.0,-0.286947148113786
98828,229.0,604.0,44.0,-1.67741504890749
90140,1915.0,1900.0,172.0,2.80694395353435
232062,1924.0,604.0,58.0,5.26805358584455
218142,1884.0,150.0,56.0,1.69124955590719
268514,120.0,1918.0,74.0,1.98177911180658
224004,1885.0,164.0,57.0,-3.49754063990033
62317,1880.0,195.0,10.0,-0.340184491283047
269983,1913.0,101.0,74.0,0.444064199003938
287062,1927.0,1928.0,77.0,0.761321859023413
171928,1914.0,1910.0,52.0,-6.53161135548935
209348,1916.0,1918.0,178.0,-6.30760456123905
177612,748.0,1923.0,53.0,2.68456182692348
168304,1224.0,15.0,51.0,2.1221893457622
106059,1912.0,748.0,45.0,3.83036658343535
68342,1342.0,1913.0,12.0,6.83324666529068
644583,1900.0,1902.0,60.0,-6.263706909812445
115323,83.0,1900.0,167.0,-2.19035006691351
633589,1891.0,1902.0,180.0,0.62433346989446
437737,1924.0,1342.0,116.0,0.203627112669063
111978,1559.0,150.0,167.0,-5.83989379409154
346460,1887.0,1928.0,104.0,0.15238494728993
433870,1183.0,15.0,116.0,-0.116963175975693
162216,5.0,1882.0,168.0,-1.83029006822413
367080,1880.0,1897.0,180.0,3.98457069143235
86260,136.0,1918.0,172.0,-1.76283443500794
248848,20.0,1875.0,70.0,-7.60912923202872
61926,1884.0,150.0,10.0,-0.238157913020741
60946,1912.0,72.0,10.0,4.62017413084222
109365,1342.0,1904.0,45.0,4.95531721378614
258142,1881.0,1331.0,72.0,-9.31041065526033
88258,1920.0,1907.0,172.0,0.173838613334128
179530,3.0,195.0,53.0,-7.17700803158928
197131,18.0,1928.0,176.0,0.875498917001263
423181,1224.0,1916.0,115.0,-3.05198190669516
105532,1926.0,1928.0,173.0,-5.19526403394279
323019,1887.0,1883.0,100.0,0.480319666280496
226545,604.0,1909.0,57.0,7.36662267208807
396680,1896.0,1892.0,112.0,4.07661034362096
281345,544.0,1342.0,75.0,-1.364330969191
63945,1876.0,1905.0,10.0,1.44587802866405
270996,1925.0,1560.0,74.0,0.239425526348795
624219,1348.0,1902.0,51.0,-5.083457508398444
312166,1921.0,1918.0,186.0,16.6988210706932
186239,1915.0,1878.0,174.0,-0.567590337351942
304407,1919.0,15.0,98.0,11.6527810133514
304559,14.0,1900.0,98.0,-3.43816727996325
197197,131.0,1902.0,176.0,1.7478580333522
177550,1887.0,11.0,53.0,-1.42956558411715
412892,1908.0,17.0,114.0,1.37108995773253
45544,1183.0,1887.0,6.0,4.00932966161295
271335,1913.0,1890.0,74.0,-1.12476520297881
325037,1430.0,1878.0,100.0,0.53046842698473
223643,1331.0,1917.0,57.0,3.75352019577868
212136,82.0,83.0,178.0,-2.4813460251102
164607,229.0,5.0,168.0,12.1239242104861
314570,48.0,120.0,186.0,7.68271934746704
320688,1908.0,1923.0,100.0,-0.94769888236175
52109,1876.0,1431.0,7.0,3.11080108246365
18288,1913.0,1927.0,3.0,-20.2751146317696
330361,1925.0,1671.0,101.0,3.24238064394052
424030,150.0,1431.0,115.0,1.6509883585273
180052,48.0,146.0,53.0,7.61191049343476
204613,948.0,1908.0,177.0,4.35239614743616
316674,1882.0,1910.0,99.0,-3.71705915322373
198035,1881.0,1894.0,54.0,16.9672529040422
256223,85.0,1903.0,72.0,7.3211228542901
6001,1917.0,131.0,1.0,1.20391530880994
399757,1924.0,1923.0,112.0,7.07681289605149
237010,3.0,18.0,60.0,-1.96917010816139
14667,1884.0,1923.0,3.0,3.85995193539001
195732,14.0,1884.0,176.0,-0.422233006261227
334745,604.0,20.0,102.0,2.68306269424582
229412,1888.0,748.0,58.0,1.91017499199014
169789,1876.0,1884.0,51.0,-2.5150485693264
633631,948.0,544.0,109.0,4.52853552323874
304140,544.0,1927.0,98.0,-17.1924263669675
26393,1899.0,1904.0,4.0,4.26060798376214
426073,604.0,1887.0,115.0,1.89426132178949
6875,1926.0,1916.0,1.0,-3.51971372485115
228963,1331.0,1916.0,58.0,-2.93832575613504
98074,195.0,1348.0,44.0,3.85174459188771
162532,1879.0,1888.0,168.0,-2.96404274314319
271199,1430.0,1900.0,74.0,-3.12373789215013
177493,72.0,1923.0,53.0,-4.45976605351804
331030,1878.0,1888.0,102.0,-5.08635539867555
7139,83.0,1896.0,1.0,-0.619414144390597
270391,1924.0,1904.0,74.0,-2.70547371687644
344301,604.0,1923.0,104.0,5.7625902820171
178991,1891.0,1904.0,53.0,3.46456644988004
112593,1894.0,164.0,167.0,23.9148000507786
390357,48.0,1912.0,111.0,4.02646046780455
268266,1915.0,1332.0,74.0,-5.13469331276671
108124,948.0,18.0,45.0,7.07014901951268
416661,544.0,1877.0,114.0,7.06326418334615
195825,1924.0,11.0,176.0,-4.7716412246798
332991,1889.0,1896.0,102.0,-4.27701044860734
100963,1887.0,1921.0,173.0,-0.797334245526597
324769,1906.0,1917.0,100.0,-1.45501662159006
373347,1430.0,1347.0,109.0,3.94158742355633
323401,1920.0,1907.0,100.0,2.39301119746726
183780,1902.0,1917.0,174.0,-2.16985868912251
303885,163.0,1889.0,98.0,-5.91782737305215
337684,1903.0,1922.0,103.0,3.0181393797716
427045,1924.0,1430.0,115.0,-1.70995792374184
62693,1915.0,788.0,10.0,-5.0317988880332
310268,1910.0,1890.0,186.0,6.64181251829144
285843,1877.0,1893.0,77.0,31.4190194305342
70892,136.0,85.0,13.0,-0.529218428755652
426721,1430.0,1896.0,115.0,-3.97767382139142
339246,1913.0,1331.0,103.0,-11.492781432508
389849,1876.0,11.0,111.0,10.7270288490326
171152,1224.0,1902.0,51.0,6.28607191299289
170101,48.0,1904.0,51.0,-5.22815910030968
301758,1347.0,1879.0,98.0,-12.7242395516498
186172,14.0,748.0,174.0,4.52226118959312
237996,20.0,5.0,60.0,-6.94369983873684
359002,1887.0,1896.0,108.0,-9.11513482613642
299888,1183.0,1899.0,98.0,-7.95766552245799
188946,72.0,17.0,175.0,6.11213330505454
388422,1895.0,1908.0,111.0,2.42082055670909
397477,1880.0,1885.0,112.0,0.367079954524606
86959,1886.0,1892.0,172.0,-5.74213160309453
216850,544.0,1430.0,55.0,0.806653541275196
254993,1915.0,13.0,71.0,2.70035481712554
4867,85.0,1907.0,1.0,-2.63245002004073
199338,1909.0,13.0,54.0,1.55061490369489
245688,1906.0,1902.0,69.0,-3.11597380809038
200627,1430.0,131.0,54.0,-0.495594299974415
388937,1337.0,1887.0,111.0,3.39359651588583
356770,1899.0,1918.0,108.0,17.0045699080731
8852,1883.0,131.0,2.0,3.3691623310948
12372,1925.0,11.0,2.0,1.18134518577469
318213,544.0,1907.0,99.0,-4.07228197287204
61372,195.0,18.0,10.0,-2.78846503764021
226040,1925.0,1899.0,57.0,1.79811720905903
54209,1559.0,101.0,9.0,5.94130329746528
9548,1881.0,15.0,2.0,-3.97221472549417
51551,1430.0,1907.0,7.0,0.870578828811872
426690,1906.0,1879.0,115.0,-8.88941524729061
25667,1897.0,20.0,4.0,-2.38614252490364
26009,1917.0,11.0,4.0,-5.23312613316318
210833,1915.0,195.0,178.0,1.43618531545523
360550,82.0,5.0,108.0,6.30950854887294
214137,748.0,1897.0,55.0,-7.17067254625266
244584,1342.0,544.0,69.0,-8.54247837070092
229905,1897.0,1914.0,58.0,-9.76432105303045
235269,1877.0,1911.0,60.0,-1.57543687789875
248584,85.0,147.0,70.0,-0.286246893727816
266068,14.0,1921.0,73.0,-2.84495274972007
15017,85.0,1896.0,3.0,5.38950750403714
390396,229.0,1917.0,111.0,-12.2928175319465
95926,1331.0,1911.0,44.0,-1.11467218083335
213622,1899.0,1887.0,55.0,3.90164203686402
164130,1915.0,1331.0,168.0,-20.8630136741772
425265,1886.0,677.0,115.0,-0.444955711085322
425521,1892.0,1901.0,115.0,-1.10294245326137
303620,1905.0,544.0,98.0,-1.0107983026347
373480,164.0,1431.0,109.0,-1.65808942501276
52609,544.0,1889.0,7.0,13.6772207168753
226410,1905.0,1881.0,57.0,1.81829153961302
280888,1332.0,1895.0,75.0,-2.28028762416509
54795,1899.0,1897.0,9.0,1.56766659753719
33973,27.0,1900.0,166.0,0.904525318656933
58256,3.0,1875.0,9.0,4.01939618745607
341861,1897.0,163.0,104.0,1.2533937247965
66491,136.0,164.0,12.0,-3.05589185930186
332750,1899.0,1893.0,102.0,-2.75349944218585
203664,1892.0,1921.0,177.0,-3.6934903348104
417108,14.0,1906.0,114.0,8.63365530828334
163350,1903.0,131.0,168.0,-4.01269021481536
220507,1347.0,1875.0,56.0,-9.12385420634544
267266,1912.0,11.0,74.0,3.21865163920093
330239,1926.0,1332.0,101.0,3.03329180202465
220262,1671.0,1893.0,56.0,-2.62770888285326
390864,3.0,1900.0,111.0,-0.275163978279211
281527,1920.0,1890.0,75.0,-2.10684390734468
342709,1876.0,1347.0,104.0,-7.7517807058012
113823,1920.0,1885.0,167.0,-0.578142767212489
206905,48.0,1332.0,177.0,-12.0036311308928
187350,1879.0,1885.0,175.0,3.77816518083147
174599,1877.0,1916.0,52.0,2.97823713029772
426878,163.0,1877.0,115.0,8.14159807179544
414364,1911.0,788.0,114.0,-0.131684502292623
65361,748.0,1900.0,12.0,-0.216512794400066
222342,14.0,1224.0,56.0,3.54302533861018
13245,229.0,948.0,2.0,-0.397451069795666
166671,1183.0,1880.0,51.0,-1.63150453022847
172986,1900.0,1907.0,52.0,0.152562612243249
216064,14.0,146.0,55.0,4.56343757445147
66549,1887.0,13.0,12.0,-2.27701174451591
86798,47.0,1893.0,172.0,15.8068024075235
103193,1916.0,131.0,173.0,8.83340113495296
345853,1925.0,1342.0,104.0,-5.17045828831192
162073,1559.0,1892.0,168.0,-2.45542013293056
8798,1903.0,1918.0,2.0,-3.44428140414826
68863,1337.0,1891.0,12.0,2.24867337184622
254297,1877.0,1431.0,71.0,6.6972859982099
52839,82.0,1917.0,7.0,-5.96300564405837
249025,1337.0,1881.0,70.0,-3.08079689867342
301959,47.0,1224.0,98.0,-7.12100947666564
163122,47.0,1922.0,168.0,2.93146151296554
177934,20.0,1898.0,53.0,-3.61429353804915
53023,1342.0,1876.0,7.0,5.45840985787116
373320,1887.0,1348.0,109.0,-4.90334769425114
189781,14.0,1183.0,175.0,-1.03251869338238
202076,655.0,15.0,54.0,-4.2795748676865
207929,147.0,1897.0,178.0,-4.34136668280035
70787,1887.0,1898.0,13.0,0.884831363318368
232515,163.0,1904.0,58.0,-4.03417863647652
372626,1912.0,1348.0,109.0,-6.70516673957568
256385,1337.0,150.0,72.0,0.353285165327067
168215,1887.0,1671.0,51.0,1.55144210162268
100608,14.0,1910.0,173.0,8.21694154770792
103290,655.0,85.0,173.0,-0.554689878686689
55418,1912.0,1881.0,9.0,2.01426197164284
221036,1924.0,195.0,56.0,1.39489367386484
190242,1430.0,1916.0,175.0,3.21941441534707
277495,1894.0,11.0,75.0,-0.001549944953217
57199,163.0,1923.0,9.0,5.94175621190368
171203,1910.0,1928.0,51.0,8.15436979711996
103309,48.0,1908.0,173.0,-1.79746100277288
337038,1906.0,1347.0,103.0,-0.417155277266144
209951,1900.0,1882.0,178.0,-0.493738739400144
339646,544.0,1913.0,103.0,4.04591324364818
8452,229.0,3.0,1.0,5.16201346611028
371758,160.0,1921.0,180.0,-0.215663123205796
224977,1883.0,1910.0,57.0,3.41412274516084
370736,544.0,1892.0,180.0,6.7986201127497
390245,14.0,5.0,111.0,-1.36356453907334
181823,948.0,131.0,174.0,-5.9699233291004
103409,160.0,1883.0,173.0,-6.26528303862546
329830,1337.0,1918.0,101.0,-3.13378279863948
375866,229.0,131.0,109.0,1.34642749776431
248013,101.0,47.0,70.0,6.16816950701583
328882,83.0,195.0,101.0,-1.42623223775974
416954,1905.0,120.0,114.0,4.21406420429769
14253,1876.0,1898.0,3.0,1.43453835674068
217003,1337.0,1917.0,55.0,-8.12593621462501
33991,1924.0,1903.0,166.0,0.408826626504357
228338,1899.0,1928.0,57.0,12.859894887362
243447,27.0,14.0,69.0,0.0864782307754643
277682,677.0,1910.0,75.0,2.35223740043195
161470,1224.0,5.0,168.0,2.37028052820122
268657,101.0,1923.0,74.0,-1.87805600318674
229602,146.0,1914.0,58.0,-4.54983876611399
163652,1348.0,17.0,168.0,-1.64729259171159
189300,1904.0,1912.0,175.0,-5.12159102110257
283710,1919.0,1224.0,77.0,2.57494070187693
59188,1906.0,1921.0,9.0,-1.47895540460836
190818,3.0,1896.0,175.0,-1.665063659254
180707,1920.0,1912.0,53.0,-8.08223182950688
437709,1877.0,544.0,116.0,-4.87546617830758
168870,1875.0,1901.0,51.0,-1.15366836370181
13279,1905.0,1906.0,2.0,5.67386097689238
423125,1883.0,164.0,115.0,-10.1179313778861
415978,163.0,1901.0,114.0,3.4371775662648
63757,20.0,1889.0,10.0,-15.3261250650662
314637,20.0,748.0,186.0,-5.56910901745974
85943,1224.0,11.0,172.0,-1.17393827798247
17306,1337.0,101.0,3.0,-0.307914805012649
216525,655.0,1884.0,55.0,2.18179871273994
71625,1559.0,11.0,13.0,8.97531533293353
338336,1559.0,677.0,103.0,2.86345672876598
185392,82.0,1431.0,174.0,4.83266462530298
10821,1885.0,1898.0,2.0,0.165825980413375
6773,82.0,146.0,1.0,10.5142813063712
323524,163.0,195.0,100.0,1.26517741648364
114545,1430.0,5.0,167.0,1.63820094265685
250758,1913.0,1922.0,70.0,-0.338163961749401
327934,1879.0,1882.0,101.0,-0.54997062922367
75729,163.0,1928.0,13.0,5.97371307674933
333339,1909.0,1882.0,102.0,0.655087690953164
172092,1902.0,1907.0,52.0,-3.69827641873393
369648,1883.0,1921.0,180.0,-4.27888484365118
63337,1919.0,1892.0,10.0,-5.2413356865388
212559,1918.0,1928.0,178.0,1.5169417017512
14697,1916.0,1911.0,3.0,-5.04534623981174
413034,1897.0,1560.0,114.0,6.30307212582778
70589,1559.0,136.0,13.0,6.57369039518447
52663,1905.0,1888.0,7.0,-5.30579787828586
16074,120.0,1918.0,3.0,-2.20630184950741
325596,1911.0,1902.0,100.0,-6.64560197348852
184934,48.0,1909.0,174.0,15.4009370289937
217086,3.0,1927.0,55.0,5.97932203592461
188577,120.0,1347.0,175.0,0.508891596274877
399772,229.0,788.0,112.0,5.08026691042373
218769,47.0,1907.0,56.0,-6.18534209637625
107017,72.0,1893.0,45.0,-0.337927992120974
376978,1925.0,1900.0,109.0,1.71637900352466
99890,1919.0,1927.0,44.0,3.80146195011659
345366,229.0,1875.0,104.0,3.42257065918119
11322,1878.0,677.0,2.0,-3.3963165537147
274466,1920.0,1922.0,179.0,3.85897829774709
186198,14.0,1882.0,174.0,3.70025306626527
179888,160.0,1901.0,53.0,-8.02326069693211
5017,1899.0,1224.0,1.0,-0.7048290669698
185856,1905.0,1888.0,174.0,-0.131098837920889
64648,27.0,85.0,10.0,-3.6457853138881
263629,1876.0,1911.0,73.0,0.941474714799032
188231,1559.0,1901.0,175.0,2.32333496361368
206734,82.0,120.0,177.0,3.52087985559859
197144,1885.0,1928.0,176.0,0.0369265665422768
115596,1911.0,1902.0,167.0,-13.5347712627254
201378,229.0,1912.0,54.0,7.02119198486118
251270,1910.0,1927.0,71.0,1.27682231721276
263597,14.0,1899.0,73.0,1.56368734968534
341363,1894.0,677.0,104.0,2.14402316565576
7957,163.0,1920.0,1.0,1.89727169705664
3652,1904.0,195.0,1.0,2.09019996772032
24318,1889.0,1914.0,4.0,1.10020783286054
108654,1919.0,1875.0,45.0,-1.78178089224151
252186,1891.0,1895.0,71.0,-5.6385301802344
171882,120.0,1916.0,52.0,-0.284039528493799
335029,27.0,1918.0,102.0,-2.5050026705207
344716,1920.0,27.0,104.0,3.87169739079494
324737,20.0,136.0,100.0,-9.80900667945418
263255,1560.0,15.0,73.0,-6.57509054551552
372336,1348.0,13.0,109.0,0.775848630632044
206559,655.0,544.0,177.0,10.7500863743188
401527,604.0,1882.0,112.0,0.558202569697505
223809,948.0,1347.0,57.0,4.46568415028701
326989,1183.0,72.0,101.0,5.69735663592062
62333,1900.0,1918.0,10.0,1.47317751378047
250006,1876.0,1895.0,70.0,3.76014479714508
424187,1224.0,11.0,115.0,2.16865555641241
315479,1898.0,1923.0,99.0,-3.16119998225281
218302,1893.0,1894.0,56.0,-1.27704826028682
51158,1904.0,1914.0,7.0,-3.31188810334933
435132,1882.0,1890.0,116.0,1.41909456842036
281257,544.0,1886.0,75.0,-0.131466548239736
109248,229.0,1884.0,45.0,-2.21908092839162
390323,3.0,1430.0,111.0,4.46812664889382
327465,1183.0,85.0,101.0,0.862339907758289
315297,1888.0,1348.0,99.0,2.45617436769071
374665,1904.0,1892.0,109.0,-0.594770428468475
50654,1907.0,131.0,7.0,-10.4266088156526
203608,1332.0,1911.0,177.0,-1.9300023234909
301644,1559.0,164.0,98.0,0.891892047465548
106555,1894.0,1431.0,45.0,3.05592845118624
230913,164.0,1907.0,58.0,-1.8965226427219
247751,1889.0,1922.0,70.0,-0.46002329157498
228191,3.0,14.0,57.0,-4.28406812366919
63138,1920.0,1916.0,10.0,1.88141306485002
103955,1430.0,1892.0,173.0,-2.4077518868766
100604,1901.0,1918.0,173.0,0.611582039694282
245894,1898.0,1881.0,70.0,-4.96410435382787
390224,229.0,27.0,111.0,6.8128952461779
339578,1913.0,1909.0,103.0,-11.0859878308234
212209,160.0,1900.0,178.0,6.47235731462513
68711,1925.0,604.0,12.0,5.49717567509518
211595,160.0,1877.0,178.0,19.9330786028074
197422,1903.0,1224.0,54.0,-2.95383371514337
179309,1920.0,85.0,53.0,-3.12083897695549
193889,1224.0,131.0,176.0,0.804888099190592
330163,1337.0,1559.0,101.0,-1.50498102103353
55290,1912.0,1895.0,9.0,2.58752942847692
185408,48.0,11.0,174.0,-9.70430238487683
201775,160.0,1560.0,54.0,1.63527096161959
360030,20.0,1880.0,108.0,-2.81982828832485
416840,48.0,1917.0,114.0,-1.84539370936269
50785,788.0,1927.0,7.0,0.0471903975449726
193102,1899.0,1901.0,176.0,0.959185276046203
368271,85.0,1901.0,180.0,0.195404414704699
255077,1905.0,136.0,71.0,1.60837315138152
369741,948.0,1885.0,180.0,4.70843084249128
336908,1875.0,1887.0,103.0,-1.57472519679376
175028,1332.0,1431.0,52.0,-1.26670270423077
31984,1919.0,788.0,166.0,11.6729508070586
217552,82.0,1913.0,55.0,1.41629631972195
115147,160.0,1900.0,167.0,14.3714055382896
627534,1559.0,1902.0,103.0,0.6199447734368249
98162,1926.0,85.0,44.0,3.11200484147206
330869,5.0,1923.0,102.0,-2.29118939638594
266103,1920.0,1928.0,73.0,1.10386237749687
166835,85.0,1560.0,51.0,-6.41848352942361
45925,544.0,160.0,6.0,4.8349113237155
103163,1559.0,120.0,173.0,5.68273564388562
90135,27.0,1922.0,172.0,2.64664008202891
64192,1332.0,120.0,10.0,-7.85418679918637
250726,1876.0,1922.0,70.0,-1.33043449553522
357329,1880.0,1922.0,108.0,2.86207438349938
359259,1875.0,1895.0,108.0,-1.09698866662312
223372,948.0,1899.0,57.0,2.54201028063967
165940,1928.0,1902.0,168.0,2.09503099598675
113166,1886.0,1888.0,167.0,-14.6259200837919
43892,1890.0,1918.0,6.0,2.23894719155982
173435,1877.0,150.0,52.0,1.9622651153523
48043,48.0,15.0,6.0,-3.8964442424236
51167,948.0,14.0,7.0,6.25834605538849
70585,1903.0,677.0,13.0,2.29337527718959
5887,136.0,1909.0,1.0,0.717027306505947
171732,1902.0,15.0,52.0,-0.94453690035875
255925,1919.0,1928.0,71.0,-4.09408078583946
425370,1879.0,17.0,115.0,-1.56112640927074
73929,160.0,1914.0,13.0,7.52529000868603
338352,1891.0,1224.0,103.0,4.12087802143365
173332,1883.0,1910.0,52.0,-1.79742521704698
220409,120.0,1923.0,56.0,-11.2978609056973
434879,1560.0,147.0,116.0,0.0691977612545689
241348,1347.0,1922.0,69.0,-7.67996187987231
18646,82.0,1922.0,3.0,-8.39780715428569
88483,163.0,229.0,172.0,-13.8048072531209
373403,101.0,1894.0,109.0,2.74951243057428
162118,1878.0,1922.0,168.0,-3.94791985784059
201311,1925.0,1348.0,54.0,3.65295177616446
231239,1347.0,13.0,58.0,-2.44530178821689
399733,163.0,788.0,112.0,-0.467628944514954
263447,1910.0,788.0,73.0,-1.04192215678308
58679,655.0,136.0,9.0,1.32572628948548
436979,1906.0,1893.0,116.0,10.0129879272619
273145,136.0,1891.0,179.0,-6.51496762293598
222219,1342.0,1224.0,56.0,3.25977449841785
389400,83.0,1901.0,111.0,0.722224125345448
209130,1898.0,1927.0,178.0,-5.41627961403208
101383,1888.0,1560.0,173.0,8.4318103044838
47151,604.0,13.0,6.0,2.47971317151694
237936,163.0,1877.0,60.0,7.07382585251052
73628,1926.0,788.0,13.0,0.380743318505692
204362,1347.0,1878.0,177.0,-6.58923741661349
376056,1926.0,101.0,109.0,15.7322234240209
112610,1894.0,1897.0,167.0,0.380874831130397
317242,1879.0,1909.0,99.0,6.5897888340989
188307,1896.0,1917.0,175.0,3.71593300218751
212127,229.0,1332.0,178.0,-1.58075020878179
215010,1891.0,47.0,55.0,13.3350138292871
113896,1919.0,1909.0,167.0,18.1475758480859
182484,677.0,1918.0,174.0,0.455745641876394
257747,1917.0,1914.0,72.0,8.97425405338014
332871,163.0,1911.0,102.0,1.11892781486603
390764,1913.0,1882.0,111.0,3.49781181641357
256104,948.0,82.0,72.0,-2.9130893595574
369992,1924.0,1883.0,180.0,-4.48295468021518
204973,1907.0,1911.0,177.0,-0.615076304175469
69669,544.0,120.0,12.0,1.18974415307601
389975,1924.0,101.0,111.0,15.0878245228618
29900,72.0,1897.0,166.0,-3.54172580556249
280757,82.0,27.0,75.0,-18.4301362919943
33656,1905.0,748.0,166.0,-0.32284825871118
337197,1430.0,1332.0,103.0,-0.337582347521702
299832,101.0,1884.0,98.0,0.0085405851247904
198299,1183.0,1927.0,54.0,1.70034248597556
260623,1877.0,1921.0,72.0,-0.700413818030048
286884,1913.0,1922.0,77.0,-1.39392865728706
184607,544.0,1907.0,174.0,4.73213820748331
398601,136.0,1922.0,112.0,-2.37525114865287
280259,160.0,604.0,75.0,-0.248211572771684
106014,1883.0,150.0,45.0,-1.10370781047736
265478,163.0,1888.0,73.0,5.32114029241398
413346,1893.0,788.0,114.0,3.56921506024938
247969,1909.0,150.0,70.0,1.0895280104413
29636,1885.0,1918.0,166.0,-5.35514832537841
97307,1875.0,1904.0,44.0,-4.85176742026372
104587,83.0,147.0,173.0,2.62369571464074
207045,1920.0,1921.0,177.0,-30.7072546508129
221456,14.0,1880.0,56.0,-2.74307923379379
202850,1348.0,1910.0,177.0,-2.43393080223235
181157,655.0,1876.0,53.0,6.02816049306454
221221,1919.0,1875.0,56.0,3.19889685487848
325882,85.0,164.0,101.0,0.434306142641834
341369,1348.0,788.0,104.0,1.28184062337658
220174,1904.0,1897.0,56.0,1.93817075382318
101132,1891.0,1888.0,173.0,-0.673823206886322
101288,1332.0,1899.0,173.0,3.35016059894161
376256,1332.0,1348.0,109.0,-2.12432882391923
332282,1348.0,13.0,102.0,-2.40502517055335
271067,1430.0,15.0,74.0,-2.94116598450542
263109,147.0,15.0,73.0,-0.821180602144528
221364,1920.0,1914.0,56.0,1.65605426957347
199130,1902.0,1911.0,54.0,-0.0782242919356107
108360,1342.0,1183.0,45.0,2.79412053604524
276421,83.0,1560.0,179.0,1.97448968782682
332248,1431.0,1910.0,102.0,3.67704835016452
234403,1332.0,1911.0,60.0,-2.17924376899208
98617,1906.0,229.0,44.0,-3.2647696028571
370813,655.0,1891.0,180.0,1.38570314107586
28441,1906.0,748.0,4.0,-1.00994271510459
425076,1347.0,1895.0,115.0,-5.21398675551237
284603,1224.0,1922.0,77.0,-0.0695978908309629
46187,544.0,82.0,6.0,10.2190739875776
182061,948.0,1925.0,174.0,-8.5790125337675
227017,1920.0,1893.0,57.0,2.97865187717488
215553,229.0,1183.0,55.0,1.02295736210487
185235,83.0,1896.0,174.0,-2.40036681769778
310285,11.0,1914.0,186.0,-0.764424505923511
344699,83.0,131.0,104.0,-1.75791896562226
69789,163.0,1560.0,12.0,-2.28906314444611
219496,85.0,1890.0,56.0,-5.10202575127758
161115,1893.0,18.0,168.0,-5.40740771921932
174538,82.0,229.0,52.0,5.35159978240484
321287,150.0,1898.0,100.0,2.38089756131027
17958,48.0,544.0,3.0,-1.41543265278425
95975,1559.0,1886.0,44.0,4.87043011917041
114703,27.0,13.0,167.0,2.79035340625697
250954,1891.0,131.0,71.0,-3.60104524451376
166683,1348.0,1347.0,51.0,4.50787370546794
275182,83.0,1914.0,179.0,0.214908417235968
109356,1926.0,1905.0,45.0,13.3153956205999
46559,160.0,1913.0,6.0,5.53360436841131
372209,85.0,1928.0,180.0,-3.22229981277053
319598,1906.0,20.0,99.0,14.5341958107047
15476,14.0,1347.0,3.0,-1.20915179929866
176039,655.0,1900.0,52.0,-2.67564070305496
262496,72.0,1904.0,73.0,-0.712207042197998
250458,1905.0,1878.0,70.0,-3.81135656258481
330018,1913.0,1917.0,101.0,0.997437677713284
190930,1915.0,1895.0,175.0,0.217275175567401
99281,83.0,1348.0,44.0,-25.1417414180503
224433,1431.0,1916.0,57.0,-1.45574589646734
202151,20.0,1921.0,54.0,-17.4904736558084
170138,3.0,13.0,51.0,3.07055426194479
284837,655.0,160.0,77.0,4.43087607853946
176474,82.0,1928.0,52.0,10.0913487495199
250855,82.0,1919.0,70.0,4.79513684978353
299858,1880.0,147.0,98.0,-0.0836208693148
414765,164.0,18.0,114.0,-0.312029833992145
25482,1183.0,147.0,4.0,-1.41331527288172
302538,82.0,1923.0,98.0,0.0285029480434847
60665,1900.0,15.0,10.0,-1.27492839337811
341480,195.0,1892.0,104.0,0.157540870767544
268377,1880.0,1907.0,74.0,1.61771725708579
358321,5.0,1921.0,108.0,-6.53055292387224
168286,948.0,1875.0,51.0,-4.79035618298837
105584,1920.0,1911.0,45.0,4.48952361407198
171319,1183.0,1901.0,52.0,2.74189945366054
369576,1885.0,1895.0,180.0,0.808011766075876
341886,195.0,1922.0,104.0,3.07787831088034
113591,544.0,1898.0,167.0,-6.80061425006535
323115,120.0,1918.0,100.0,0.639096913283948
642572,150.0,1902.0,112.0,0.8390585902514449
58107,83.0,677.0,9.0,1.31335038048259
282662,101.0,1895.0,77.0,2.96296589293693
215235,1224.0,1917.0,55.0,1.23899605177831
188040,1885.0,1923.0,175.0,1.04123222622189
169873,1920.0,1895.0,51.0,0.0005106919418773
55252,1559.0,1183.0,9.0,2.7903840748044
242993,164.0,1896.0,69.0,0.264483367195589
260571,544.0,1921.0,72.0,-7.03118836560922
401538,1905.0,1560.0,112.0,-2.8080027947698
110075,160.0,1924.0,45.0,12.1682789955524
253707,3.0,47.0,71.0,-0.782738599784851
416747,160.0,1889.0,114.0,-4.39692640612366
210255,1884.0,1224.0,178.0,-3.24149185502462
329198,3.0,1431.0,101.0,-0.925969787879074
302505,544.0,160.0,98.0,-0.466938420733885
376872,1876.0,1878.0,109.0,-6.44510675638413
12193,83.0,544.0,2.0,-1.95595060973869
424463,85.0,47.0,115.0,3.19873481144914
323269,1926.0,85.0,100.0,3.46271736337662
211905,48.0,147.0,178.0,14.6433238407246
389558,160.0,1901.0,111.0,2.46951058320227
103606,1877.0,1906.0,173.0,-1.84195032243243
106306,150.0,1560.0,45.0,0.34776462957999
343679,1878.0,47.0,104.0,-1.20421192733279
176239,160.0,1906.0,52.0,2.97720514761427
51991,1905.0,1892.0,7.0,0.387732529874863
415420,229.0,1922.0,114.0,0.904141490595378
167357,1878.0,1431.0,51.0,2.57348808188645
182633,1885.0,195.0,174.0,1.54973047445365
375391,229.0,1898.0,109.0,-6.35724828048374
275106,1919.0,1916.0,179.0,-3.11944149894292
176472,1924.0,1928.0,52.0,0.255810546791707
329843,1877.0,1348.0,101.0,0.052865802418483
167688,1900.0,1331.0,51.0,-2.39040726041197
210946,1342.0,1331.0,178.0,-15.4890425343655
255950,1430.0,1928.0,71.0,-1.66681925895304
173592,101.0,18.0,52.0,-3.03662784832221
375805,20.0,17.0,109.0,-7.92534247270382
100754,1902.0,1913.0,173.0,2.61610916092718
359626,160.0,1923.0,108.0,0.925302465750437
174364,1926.0,195.0,52.0,-9.56264106181479
219152,147.0,1882.0,56.0,5.08326182318782
227437,544.0,27.0,57.0,-1.97172842625317
332168,1183.0,1923.0,102.0,-1.42608117571145
16127,1880.0,1921.0,3.0,0.736727261254826
111318,1889.0,1890.0,167.0,7.5920683937039
329315,1905.0,1891.0,101.0,0.102498219000745
326034,1906.0,150.0,101.0,3.06855638265012
325790,136.0,1880.0,101.0,-4.17025753740693
98066,948.0,1903.0,44.0,0.182042470679002
322245,1183.0,72.0,100.0,1.53983997515278
184819,48.0,72.0,174.0,6.89009101921847
232035,160.0,604.0,58.0,1.66171473254528
174451,1332.0,1907.0,52.0,-0.0770195170003393
242623,1882.0,17.0,69.0,-1.76069086966212
230245,1671.0,17.0,58.0,5.49927571636783
271249,3.0,1903.0,74.0,-0.226111239693922
337152,1900.0,1889.0,103.0,-1.98850687438869
216311,1926.0,131.0,55.0,0.528953563767317
427498,1342.0,748.0,115.0,-2.16446925892722
316636,147.0,1910.0,99.0,-2.52438543643472
328399,1880.0,13.0,101.0,1.84400156855241
111546,1879.0,1894.0,167.0,7.57743949127279
304266,1337.0,1559.0,98.0,8.55820723013397
201536,655.0,147.0,54.0,6.23134137842129
237648,163.0,17.0,60.0,1.75832602384943
25419,1891.0,17.0,4.0,0.511214096647087
416606,1925.0,1904.0,114.0,3.41590444064447
67818,120.0,195.0,12.0,1.23322069029554
265401,1876.0,1224.0,73.0,0.543483017534897
252752,1885.0,1884.0,71.0,-0.432193448441484
210843,1430.0,229.0,178.0,-3.18986648611573
426118,160.0,1880.0,115.0,-3.764868421669
14204,1904.0,677.0,3.0,-2.23864010676267
237196,1925.0,1909.0,60.0,20.2649415282297
232219,1919.0,11.0,58.0,11.4568437479014
346333,1911.0,1902.0,104.0,-10.3660268375435
253729,604.0,18.0,71.0,-1.79651101540494
70234,655.0,1928.0,12.0,-7.04113774229753
424504,1899.0,1888.0,115.0,-1.44768790420261
344570,1905.0,195.0,104.0,-1.5083119114168
314838,1342.0,1921.0,186.0,-2.97368759836963
229798,101.0,1900.0,58.0,15.4254486458963
337702,1895.0,1671.0,103.0,1.53014704005576
113971,1925.0,604.0,167.0,-0.933308293771815
64943,1882.0,1928.0,10.0,-4.56284123751156
193879,164.0,17.0,176.0,-3.87883900930889
414863,1911.0,1927.0,114.0,3.93756244837247
245599,1883.0,1928.0,69.0,0.473871392491543
24593,1431.0,147.0,4.0,1.33791978640285
204095,72.0,1910.0,177.0,15.7207154656527
433783,11.0,1927.0,116.0,1.2854190164658
99515,1913.0,147.0,44.0,-14.49153719118
196106,83.0,1895.0,176.0,3.7003515947653
339498,1906.0,1916.0,103.0,-2.51069386442522
323044,150.0,18.0,100.0,1.86508246679106
417550,83.0,1890.0,114.0,3.10679283737903
259926,1342.0,1896.0,72.0,-4.91082151998038
212165,544.0,1876.0,178.0,17.5447694723605
327952,1897.0,1907.0,101.0,-9.7761912739899
274225,1885.0,1886.0,179.0,0.282054458412476
72044,1560.0,1923.0,13.0,0.540090114444111
317693,1886.0,11.0,99.0,-1.02428868747858
360368,1926.0,1891.0,108.0,-1.87775086832188
270621,160.0,1917.0,74.0,0.30022458558522
304138,604.0,1927.0,98.0,-9.33347879276895
372855,1889.0,1901.0,109.0,-0.0940836354963143
224764,195.0,1922.0,57.0,4.37088571620284
245446,1332.0,1908.0,69.0,-3.02963684749681
262515,1559.0,120.0,73.0,-0.504753450563815
3768,150.0,1560.0,1.0,-0.667657007037798
190184,229.0,1914.0,175.0,-1.21887303165118
103892,1919.0,1916.0,173.0,11.3155398476688
314195,14.0,5.0,186.0,10.3726930764964
300334,1183.0,1893.0,98.0,4.53181411232975
181206,229.0,1671.0,53.0,-2.6006852633612
13502,48.0,677.0,2.0,8.6531811605698
86249,1897.0,1910.0,172.0,13.235284183123
230249,72.0,1900.0,58.0,9.53235196022328
263483,1889.0,13.0,73.0,1.93111489629645
165933,163.0,18.0,168.0,-0.260165905243164
165652,1920.0,1921.0,168.0,-33.3800082853856
196517,14.0,1559.0,176.0,-3.86761031337405
375979,229.0,1893.0,109.0,5.22053877589422
361367,1905.0,1922.0,108.0,0.244432403054798
249939,163.0,1879.0,70.0,1.60605710346705
342130,1879.0,150.0,104.0,2.68836322436451
303817,1337.0,5.0,98.0,9.50773659968297
72721,1912.0,72.0,13.0,16.157549260431
52980,1905.0,1882.0,7.0,4.99226722478205
74705,544.0,1348.0,13.0,4.38223878237175
87094,748.0,11.0,172.0,-1.75473134523911
28217,1877.0,1559.0,4.0,3.85809888233686
388221,195.0,1916.0,111.0,-7.79025922542408
8360,1913.0,1876.0,1.0,11.4148011282979
427827,1342.0,18.0,115.0,-0.849477566273133
222779,1877.0,748.0,56.0,0.542415944284783
398066,147.0,1922.0,112.0,1.71724302259519
168803,1559.0,1911.0,51.0,0.352289287073462
28940,229.0,1928.0,4.0,2.79246576335078
198252,150.0,164.0,54.0,0.542372686132997
200481,160.0,1885.0,54.0,-2.52048563309048
280664,1877.0,1905.0,75.0,-2.2844897039447
388108,1903.0,1910.0,111.0,3.67264931635164
85561,1879.0,17.0,172.0,-0.506779500125406
341951,1183.0,1331.0,104.0,-0.110436938562987
370654,1924.0,131.0,180.0,3.67050952597232
108324,1913.0,1430.0,45.0,7.53739297526622
8395,1919.0,1900.0,1.0,1.49895210034189
317075,1183.0,15.0,99.0,0.0669921882612658
196674,1342.0,1671.0,176.0,-6.88007181057548
178640,1900.0,13.0,53.0,15.585697188523
32268,1337.0,1901.0,166.0,-9.76101376753596
357143,1883.0,1916.0,108.0,-2.77578068972648
416000,48.0,1913.0,114.0,-8.94532824547403
435034,1912.0,1883.0,116.0,2.88944492803399
191878,1911.0,1928.0,175.0,-7.7582884070308
330626,1924.0,1910.0,101.0,-3.1500421528727
282853,1183.0,1882.0,77.0,-0.784443301100406
267356,1878.0,1886.0,74.0,7.30395822555789
621825,1894.0,1902.0,168.0,8.607808104084635
53334,160.0,677.0,7.0,9.65594977747078
255479,48.0,748.0,71.0,1.77700735883031
433652,1894.0,1921.0,116.0,-2.33911716418764
251237,1899.0,1348.0,71.0,4.60629169571838
359211,1881.0,131.0,108.0,9.00480044658822
264107,3.0,1919.0,73.0,-3.17552384960889
13825,136.0,18.0,3.0,-2.32303731348336
74177,655.0,131.0,13.0,-0.327062821696382
204453,1880.0,1911.0,177.0,-0.391090902107021
13768,1918.0,1902.0,2.0,1.4690651586758
46467,48.0,1881.0,6.0,11.5745025684248
98180,604.0,1922.0,44.0,4.79221347860926
398749,1878.0,1923.0,112.0,-6.86406825594198
175263,1920.0,20.0,52.0,1.36724429434925
323861,1924.0,1331.0,100.0,-11.7726400709691
301008,1671.0,1897.0,98.0,1.18979433793812
168456,1919.0,150.0,51.0,7.66577813647615
435347,20.0,1332.0,116.0,-5.65251557745938
46958,604.0,101.0,6.0,15.1941551929943
414478,1879.0,1560.0,114.0,2.02099537674288
228588,1916.0,1927.0,58.0,-2.89093578738601
234390,948.0,48.0,60.0,5.84277097115573
60283,948.0,1342.0,10.0,1.11288456010711
271858,1878.0,1918.0,179.0,2.7222917751611
197786,1911.0,5.0,54.0,-0.478562124044244
334436,1877.0,146.0,102.0,6.01903190709974
342282,5.0,1927.0,104.0,-5.75980985484059
336055,1879.0,1923.0,103.0,-4.39668889558819
369090,1875.0,195.0,180.0,-2.54225416725715
311490,146.0,1893.0,186.0,-1.05545159764663
98050,195.0,1892.0,44.0,2.74875580595195
310682,1886.0,1898.0,186.0,3.56206060962
281765,1915.0,1921.0,75.0,-0.688927107771066
272635,1881.0,131.0,179.0,3.01640114324959
344243,229.0,1907.0,104.0,-3.54631617510001
86837,1877.0,1898.0,172.0,0.519152235583532
259474,1913.0,1891.0,72.0,5.28162920733332
241922,1884.0,1898.0,69.0,-2.11934234437826
220140,150.0,1903.0,56.0,8.39083674707216
324556,1332.0,1895.0,100.0,1.67400118359037
336434,1431.0,1882.0,103.0,4.52740086580625
359371,1920.0,18.0,108.0,1.39672144877705
56117,1885.0,1431.0,9.0,-0.190506981203406
425678,1342.0,1908.0,115.0,-1.62989014004481
372472,1885.0,1348.0,109.0,-0.256616663398256
178894,1883.0,18.0,53.0,-0.541303193588584
230122,1893.0,1348.0,58.0,0.605199020807569
358223,1920.0,1347.0,108.0,-0.882908946941551
417010,1342.0,1888.0,114.0,-0.227188595274345
254193,48.0,1331.0,71.0,-23.6609174012295
327167,1883.0,1916.0,101.0,-0.300285353824585
415083,147.0,1560.0,114.0,0.543708036148183
8359,1913.0,85.0,1.0,-1.25706255835813
245042,1913.0,1671.0,69.0,-26.8744825719562
175882,1337.0,748.0,52.0,0.403590821402083
13563,27.0,1921.0,2.0,-20.6323715696514
301729,1879.0,195.0,98.0,0.655623290454253
188252,1879.0,1883.0,175.0,-0.235044585317211
283254,147.0,1882.0,77.0,-2.21922420377262
278102,1332.0,1887.0,75.0,-2.37472966546726
265534,604.0,120.0,73.0,-2.78661307083523
373416,1331.0,1894.0,109.0,-6.46031053394953
87646,1895.0,5.0,172.0,4.45842516398415
426322,1332.0,1904.0,115.0,2.51664399150023
205929,83.0,101.0,177.0,12.4138705257948
86125,948.0,1887.0,172.0,2.21624795778497
375036,1920.0,1906.0,109.0,4.57830090663299
227868,1876.0,1878.0,57.0,-0.188322809743519
66327,1876.0,1347.0,12.0,-1.57275257830786
274890,1913.0,195.0,179.0,-4.119175897744
25373,146.0,1331.0,4.0,2.16443061078334
319031,3.0,101.0,99.0,9.38146107749304
226220,1924.0,1907.0,57.0,-6.8436954745381
165924,1342.0,1337.0,168.0,-7.77410477347583
196406,1913.0,1917.0,176.0,-6.50320802344705
115493,1906.0,1928.0,167.0,-20.6526390602356
164656,163.0,11.0,168.0,0.298557196707563
61141,1884.0,1904.0,10.0,-0.819931374856622
104132,20.0,1884.0,173.0,3.34540983790557
375316,3.0,1923.0,109.0,3.82375636968896
53009,82.0,748.0,7.0,-7.10149871462716
205351,48.0,1894.0,177.0,3.56184923399827
192300,1912.0,1889.0,176.0,-2.45925795086548
327398,1887.0,11.0,101.0,0.343379694982032
244016,160.0,604.0,69.0,1.37271502680625
345034,1337.0,677.0,104.0,2.80383783485534
371647,82.0,83.0,180.0,3.03437315094849
260747,1924.0,677.0,72.0,4.44717756322177
333230,1905.0,1899.0,102.0,12.5192297706835
301881,1895.0,1907.0,98.0,3.62235811284619
273284,1878.0,1917.0,179.0,0.752121918587506
177252,1900.0,1894.0,53.0,-4.87215344472097
256137,1893.0,1886.0,72.0,0.861703161043593
212979,150.0,1914.0,55.0,0.3649172299744
272723,47.0,1912.0,179.0,0.876240379297883
341210,85.0,1928.0,103.0,-0.457267721339511
43902,131.0,1890.0,6.0,11.2595555713476
268623,1875.0,85.0,74.0,-1.13918615207646
434883,1892.0,677.0,116.0,0.353418188726488
416080,1876.0,131.0,114.0,0.155508773764528
86544,1892.0,1890.0,172.0,-8.34294221292351
242348,1886.0,1927.0,69.0,1.64295435436155
219029,1899.0,1891.0,56.0,3.24469739096717
239055,1899.0,1928.0,60.0,6.82732013087133
268837,17.0,1923.0,74.0,-1.52999205106108
64615,229.0,1878.0,10.0,-0.324465705565814
255270,14.0,1559.0,71.0,2.43726142613519
225522,1875.0,131.0,57.0,-3.93980756295956
360699,1430.0,1895.0,108.0,-7.7124959491736
242201,748.0,13.0,69.0,-6.17528202096541
18054,160.0,1430.0,3.0,-1.19673861380783
251725,1899.0,15.0,71.0,-3.637058815104
203643,1224.0,1921.0,177.0,2.89871657397519
100861,1884.0,1894.0,173.0,5.65879012770076
231842,1925.0,1909.0,58.0,10.2018164291027
101379,1904.0,1671.0,173.0,4.61523108529405
16077,748.0,164.0,3.0,-6.23124054542606
413999,1897.0,15.0,114.0,0.850994604504177
30501,1896.0,18.0,166.0,0.0758362708107744
218834,5.0,1917.0,56.0,-29.8912275678082
7503,160.0,1915.0,1.0,-5.20015972460948
321817,1883.0,1900.0,100.0,-0.144275134731124
74938,27.0,1430.0,13.0,9.20896371607332
282461,1902.0,1882.0,77.0,0.666146482627423
321546,136.0,1224.0,100.0,0.111325406388562
31901,544.0,85.0,166.0,-6.87829827084002
390504,1905.0,120.0,111.0,-0.64124765098656
272775,1331.0,1894.0,179.0,4.64626147587461
56448,147.0,1923.0,9.0,1.61115330360865
229538,146.0,1898.0,58.0,-5.90920573138503
219236,1879.0,18.0,56.0,-6.15489599043335
329348,1926.0,5.0,101.0,4.79814767407444
31897,163.0,85.0,166.0,3.02151299498672
168615,146.0,1921.0,51.0,-0.533017600289594
24793,47.0,1224.0,4.0,-7.37271138132655
208922,1560.0,1907.0,178.0,-8.18462872218922
15456,1880.0,1903.0,3.0,-8.18834084725827
282257,1560.0,1889.0,77.0,0.244543058289468
51493,1342.0,788.0,7.0,-4.61803236758221
323817,1337.0,146.0,100.0,5.15794745993189
341866,1889.0,1922.0,104.0,-10.0661184533612
330559,604.0,15.0,101.0,9.77428361808611
215011,147.0,748.0,55.0,-0.676245915545406
335624,544.0,1890.0,102.0,2.13071283028308
64490,1925.0,948.0,10.0,1.26891431755897
427519,14.0,15.0,115.0,-2.43427589482278
104027,1332.0,101.0,173.0,11.7948953783733
345940,163.0,1671.0,104.0,-12.2951046540411
333187,1891.0,11.0,102.0,-0.330514377303884
274782,1915.0,1907.0,179.0,-13.7177747401475
46375,82.0,1881.0,6.0,-1.80984779366471
341640,47.0,1901.0,104.0,-7.11786571591231
103573,1915.0,1907.0,173.0,0.362105417334306
16819,20.0,164.0,3.0,-2.74820198922558
644448,120.0,1902.0,175.0,-1.8425627086321497
173690,1909.0,1918.0,52.0,-4.58496055554007
388353,1884.0,1907.0,111.0,9.02133203024284
334075,655.0,1887.0,102.0,5.35003064323874
104722,1877.0,1559.0,173.0,-2.58881963910805
219565,1347.0,1910.0,56.0,-19.2968345945813
416580,160.0,1904.0,114.0,3.91063414097832
104954,1876.0,748.0,173.0,8.63715083284537
192532,1560.0,1886.0,176.0,-4.47725575444478
97205,82.0,1898.0,44.0,11.1473243091557
183562,1889.0,17.0,174.0,-2.29454654674823
100775,1900.0,1224.0,173.0,-3.9172996030351
320526,1891.0,1888.0,100.0,6.09736302445973
66736,1888.0,1923.0,12.0,0.0618312666375125
113551,3.0,788.0,167.0,-12.5329168434809
186782,17.0,1902.0,174.0,0.0104859892880858
196588,160.0,1342.0,176.0,-1.38380187770877
10492,1559.0,1890.0,2.0,-1.43317007429238
189449,1886.0,1908.0,175.0,5.12236846840345
193106,1908.0,5.0,176.0,-2.91855289715779
181812,1902.0,1892.0,174.0,-0.716939802081257
279844,1920.0,1894.0,75.0,0.373706768411538
302436,147.0,1890.0,98.0,-0.853901853109238
275802,544.0,1430.0,179.0,-0.950560955772628
241411,1920.0,1899.0,69.0,6.12610055319421
182194,1902.0,1913.0,174.0,-1.49959310178922
99803,544.0,1920.0,44.0,-1.6482543215682
280996,544.0,1912.0,75.0,13.4229864875248
193477,1348.0,1921.0,176.0,-2.12452712038184
328761,1877.0,1923.0,101.0,0.804877393556323
58348,1913.0,1918.0,9.0,2.59203329119452
367801,1671.0,1927.0,180.0,-3.72851281700579
245352,1430.0,1922.0,69.0,1.05090074232476
368190,1889.0,11.0,180.0,-0.201916700479685
55235,1883.0,1914.0,9.0,0.527372491467391
54248,1907.0,13.0,9.0,-2.81609029006302
194264,1897.0,1431.0,176.0,2.07080199531197
397293,1903.0,1348.0,112.0,2.28226070350386
204862,948.0,101.0,177.0,-2.79827199328827
109164,544.0,150.0,45.0,-5.20034797663161
101879,1912.0,1918.0,173.0,3.55971097263502
208580,1899.0,1883.0,178.0,3.72721517181236
177203,47.0,1908.0,53.0,17.0835496600807
88889,1913.0,1892.0,172.0,-2.53620085516596
164284,544.0,1901.0,168.0,4.68338495783626
200939,1920.0,1893.0,54.0,6.53935630528343
256607,1886.0,1912.0,72.0,3.38736966978909
9732,1889.0,1890.0,2.0,-2.44703871432808
233183,1924.0,1876.0,58.0,10.6040664428075
327489,101.0,1895.0,101.0,1.79672288721919
273034,948.0,1891.0,179.0,-2.33735182306641
247036,131.0,1918.0,70.0,3.01583828638601
316807,1883.0,15.0,99.0,2.16202243207903
436479,229.0,1926.0,116.0,6.26960061477596
285085,163.0,788.0,77.0,-2.10620056359557
250214,83.0,1886.0,70.0,-0.876661245557767
336537,1431.0,1908.0,103.0,-1.82727617535456
57393,82.0,195.0,9.0,0.991517242684502
160965,1559.0,1183.0,168.0,4.36258418738413
25395,20.0,1332.0,4.0,-3.73191372983875
232805,655.0,1917.0,58.0,-0.019405559503367
57490,83.0,146.0,9.0,-0.658629110089224
195866,27.0,677.0,176.0,-0.801110585330744
99959,1920.0,1876.0,44.0,7.0093430498936
397079,1903.0,1918.0,112.0,0.502218538159781
325751,1671.0,15.0,101.0,-1.37997006400726
86374,1884.0,1916.0,172.0,2.01773518027882
43858,1903.0,1892.0,6.0,-2.28732385870726
368440,1893.0,147.0,180.0,1.05221082711634
27014,1337.0,1906.0,4.0,6.07897574400223
417589,1332.0,47.0,114.0,-4.95563763661898
13938,1889.0,748.0,3.0,1.97852291963803
248228,1901.0,1927.0,70.0,0.185837169276098
423424,1183.0,1918.0,115.0,3.60995174777587
111372,147.0,1927.0,167.0,3.67892339828163
47804,229.0,1671.0,6.0,9.69658717605451
55878,1559.0,85.0,9.0,0.980816228008111
341329,1897.0,1923.0,104.0,-3.42057578229582
168412,1887.0,1889.0,51.0,0.47006573612769
342512,17.0,1921.0,104.0,7.44731112977773
217333,1925.0,948.0,55.0,7.01772073608989
251081,677.0,1921.0,71.0,2.20967116611704
57721,20.0,1892.0,9.0,-10.0140655331155
259450,1919.0,1914.0,72.0,0.554006483379142
210307,1913.0,1899.0,178.0,0.257357511422979
413847,948.0,1671.0,114.0,4.48697972324507
247755,1910.0,1901.0,70.0,0.244391950664398
173238,47.0,1909.0,52.0,-0.759985165734476
311163,1892.0,1910.0,186.0,-7.05851518987758
69096,1925.0,1895.0,12.0,-2.20014606902547
222773,544.0,1900.0,56.0,-0.105425682169097
171461,1894.0,1907.0,52.0,2.4630950122308
209448,147.0,1887.0,178.0,-3.25844080936118
100108,1924.0,1890.0,44.0,3.04979063430798
322897,948.0,136.0,100.0,0.819295363532493
25114,1881.0,13.0,4.0,2.19398739519893
199150,146.0,1904.0,54.0,0.936635110651343
302753,48.0,82.0,98.0,-4.62074668743571
5398,47.0,1912.0,1.0,-0.600400337426279
114746,14.0,20.0,167.0,-2.03652254981195
4927,1903.0,1347.0,1.0,6.14175124530126
302125,47.0,1560.0,98.0,1.49181865573104
237128,48.0,1887.0,60.0,5.65265886508533
52250,655.0,101.0,7.0,18.1646100337348
304919,1887.0,1928.0,98.0,-0.746758672569323
199448,1901.0,1923.0,54.0,-0.222534870570234
218930,146.0,150.0,56.0,7.51626566624211
284573,101.0,1909.0,77.0,2.75247134585424
170232,1430.0,147.0,51.0,0.732062843635465
390635,1905.0,1559.0,111.0,-5.02401849339107
317615,1890.0,1914.0,99.0,-0.282391190498042
177109,1337.0,1911.0,53.0,-6.39153453408002
367272,1903.0,1917.0,180.0,8.8529142827963
368795,948.0,101.0,180.0,-7.17334989825487
344128,20.0,788.0,104.0,-7.5078937396499
68958,1920.0,11.0,12.0,1.41823966241706
376923,48.0,1671.0,109.0,5.18268285522466
3894,1889.0,5.0,1.0,1.9520930423956
422941,1876.0,1910.0,115.0,1.88332635394367
376393,1920.0,1889.0,109.0,-0.491805438275606
73073,136.0,1921.0,13.0,2.84698820922401
243364,1915.0,1919.0,69.0,4.90769981458278
227502,229.0,1917.0,57.0,-9.60566478078704
261673,72.0,1892.0,73.0,-0.0325894796320793
56605,1896.0,1560.0,9.0,-3.0783621215921
44666,748.0,1900.0,6.0,2.72315253909999
390208,604.0,1877.0,111.0,18.2230307115873
166740,1891.0,1911.0,51.0,-3.37335227290033
100026,83.0,20.0,44.0,1.90717455336743
25030,1901.0,18.0,4.0,2.66623233123353
322907,1430.0,1347.0,100.0,0.698877934580865
263323,1895.0,1897.0,73.0,-1.96988190833568
55126,1911.0,11.0,9.0,-0.520369585100327
3979,1909.0,1901.0,1.0,-6.90908575469049
389676,1876.0,131.0,111.0,3.30280857240371
7867,1920.0,147.0,1.0,-1.53827552678474
166942,1331.0,13.0,51.0,-3.36763628568223
195233,544.0,1887.0,176.0,5.95455127725124
106463,948.0,1894.0,45.0,2.22700221013622
326082,85.0,150.0,101.0,1.92252062098617
323176,146.0,1431.0,100.0,-1.02530961392233
338599,1889.0,1923.0,103.0,2.92888863277719
426977,1876.0,1895.0,115.0,1.77294155241061
361451,163.0,1903.0,108.0,1.56279946884645
313628,1925.0,163.0,186.0,5.84693323738398
280491,160.0,1892.0,75.0,4.03430873591129
417526,1925.0,15.0,114.0,-7.3320946773517
52036,27.0,1914.0,7.0,7.91601120808263
13728,83.0,1902.0,2.0,-5.6644331815653
56508,1877.0,1898.0,9.0,-1.60670082666002
27940,160.0,1896.0,4.0,0.1059907812907
183683,1183.0,1908.0,174.0,0.046418876122145
100048,1926.0,748.0,44.0,-0.293431726048225
207241,1926.0,14.0,177.0,-6.9004560869237
63745,1876.0,27.0,10.0,4.23111298933808
227611,229.0,1430.0,57.0,8.81360875127201
15116,85.0,1914.0,3.0,3.00947105416825
56544,1897.0,1916.0,9.0,-4.16844465231414
327150,948.0,1914.0,101.0,5.46494048858719
113873,163.0,5.0,167.0,2.56208557044572
33865,1920.0,1890.0,166.0,-1.39909467917252
166361,1898.0,13.0,51.0,-3.75091362283344
256625,72.0,1882.0,72.0,-2.25124452272329
64991,1901.0,1902.0,10.0,-8.98443729510783
262520,1894.0,1921.0,73.0,3.04554152289945
11424,1332.0,788.0,2.0,8.22523929203173
47648,1926.0,83.0,6.0,1.3322347833911
175189,48.0,150.0,52.0,2.58581708210756
209680,1891.0,1885.0,178.0,0.536385486462866
269547,82.0,1883.0,74.0,-1.73767129480825
375808,1925.0,1913.0,109.0,5.45512061624649
268791,1893.0,1882.0,74.0,1.73231287088516
56670,1883.0,1348.0,9.0,-3.27256887958559
88575,3.0,1880.0,172.0,-6.30787122173092
168772,15.0,1890.0,51.0,-1.55247213539555
266988,948.0,1431.0,74.0,2.23514216174265
415374,1925.0,160.0,114.0,4.74200615028782
27045,1926.0,1898.0,4.0,-8.72812199372465
250775,27.0,1560.0,70.0,-0.987731041932164
51427,3.0,1907.0,7.0,-1.43364847509023
186941,1347.0,1884.0,175.0,-5.06388324405557
212672,1901.0,1902.0,178.0,-18.6319104618696
233034,3.0,1886.0,58.0,-5.59038226179725
63738,27.0,544.0,10.0,-1.91672280322886
240772,788.0,1927.0,69.0,9.21213233037054
15929,948.0,1887.0,3.0,0.92836106995313
28482,1332.0,1882.0,4.0,0.140123173942072
27779,14.0,1879.0,4.0,-8.24537195684947
336237,1907.0,677.0,103.0,-0.777305142233372
318679,1915.0,1885.0,99.0,-0.711963674848771
113829,655.0,1901.0,167.0,4.60062751032277
106246,1895.0,1348.0,45.0,0.5774474941264
114067,14.0,101.0,167.0,29.5778226500597
264068,82.0,164.0,73.0,14.4847167898029
235393,146.0,1331.0,60.0,-0.367256755632081
239011,655.0,1902.0,60.0,-1.01686071323235
201963,1332.0,1922.0,54.0,-0.82054289063279
229856,1347.0,1879.0,58.0,-10.9627590495834
326001,1909.0,1901.0,101.0,-5.80818223299038
200775,1919.0,101.0,54.0,3.39610156279629
235758,14.0,150.0,60.0,1.41024728821724
3663,1897.0,14.0,1.0,-0.104769204618958
99590,3.0,1917.0,44.0,-7.88277330743793
64108,1919.0,1888.0,10.0,0.13211053577479
321683,1903.0,1892.0,100.0,-2.38798566871676
396769,1903.0,1917.0,112.0,-7.16616370769027
343203,1671.0,131.0,104.0,-1.35699572580995
436018,1925.0,1922.0,116.0,3.87503868218505
333321,1881.0,18.0,102.0,-3.90625999492364
199636,1909.0,1917.0,54.0,0.515713408270704
312305,1878.0,1889.0,186.0,-6.09697320440502
270611,3.0,1224.0,74.0,1.85050005789507
249507,229.0,1347.0,70.0,-7.10072925864389
631687,1893.0,1902.0,58.0,8.724804273492051
30804,1901.0,1918.0,166.0,1.78844732437153
13855,83.0,1887.0,3.0,3.43868803314243
28500,1342.0,1560.0,4.0,-0.922060481904288
243265,1897.0,1922.0,69.0,-8.94848196780126
282355,1884.0,1224.0,77.0,7.2581777399673
314717,48.0,1560.0,186.0,10.5963197665981
261331,948.0,160.0,73.0,0.883526233261987
189564,1878.0,788.0,175.0,-5.07609673188735
67473,164.0,120.0,12.0,1.24113133847878
208759,1671.0,1892.0,178.0,-5.72643729096848
218270,677.0,1890.0,56.0,5.05814224615925
180591,1342.0,1896.0,53.0,2.94480834608849
45018,1894.0,1916.0,6.0,1.18646785125565
109897,1920.0,136.0,45.0,4.60436453757989
27091,48.0,72.0,4.0,-3.17143914391053
96569,1560.0,18.0,44.0,-4.73380355950086
266204,1914.0,1902.0,73.0,-2.91966001023356
199170,1883.0,1896.0,54.0,4.06357691080752
360552,83.0,1889.0,108.0,-2.35725680165595
46030,1905.0,1923.0,6.0,1.91801520795066
193388,47.0,748.0,176.0,-5.8045655406447
25561,1559.0,101.0,4.0,-2.74218781241816
14851,147.0,11.0,3.0,-1.07086886962361
32888,48.0,1891.0,166.0,13.4764617934249
161094,1347.0,131.0,168.0,-0.845549613799273
373807,1889.0,1911.0,109.0,-1.15313371607109
109937,1920.0,1342.0,45.0,-9.98160403820269
237463,1925.0,1431.0,60.0,5.78814339892376
99737,14.0,1886.0,44.0,-3.72302800192757
24234,101.0,1900.0,4.0,0.0452985224585338
326792,1879.0,1889.0,101.0,4.24119360204342
275623,14.0,1348.0,179.0,6.39729224076502
56595,1224.0,677.0,9.0,-1.12225367584561
314785,655.0,1924.0,186.0,5.21544580514542
312758,120.0,1890.0,186.0,-2.65528141145073
398224,1879.0,1431.0,112.0,1.06726215693563
257916,1893.0,1331.0,72.0,-7.17225696572535
313898,1925.0,11.0,186.0,6.36913915504946
223309,948.0,1919.0,57.0,-4.06833432825447
192925,136.0,1918.0,176.0,1.32959938658089
161360,1909.0,1224.0,168.0,-1.28910288474512
641560,1891.0,1902.0,45.0,-6.320398608119344
64651,1919.0,85.0,10.0,0.517463744980075
103120,1907.0,1224.0,173.0,1.51753391346247
183260,948.0,1918.0,174.0,-0.316165039698113
164605,14.0,1884.0,168.0,-0.33181434165361
113133,1559.0,1911.0,167.0,-1.64079857788551
161846,1431.0,1894.0,168.0,9.48741847683331
4605,1878.0,748.0,1.0,2.13091822300866
216597,544.0,20.0,55.0,-6.61642678214939
63575,1926.0,1893.0,10.0,-7.00230233295233
231182,20.0,1887.0,58.0,-10.4800888921773
338948,82.0,1183.0,103.0,9.61057640933977
373463,1902.0,13.0,109.0,-1.88513486199237
89199,1925.0,1895.0,172.0,-6.53722739466572
15106,1903.0,1224.0,3.0,-4.57208512526479
85714,1560.0,1910.0,172.0,0.0781589327688574
217545,604.0,1903.0,55.0,-2.49631242286451
234499,1880.0,11.0,60.0,0.529462191533103
284804,1886.0,1904.0,77.0,-3.15511988320009
434449,72.0,677.0,116.0,-1.17148142663394
244263,1342.0,1892.0,69.0,-5.01153218753198
225656,1430.0,1911.0,57.0,0.749417693293969
240574,1875.0,1900.0,69.0,1.17925127458619
251221,1880.0,1893.0,71.0,0.511671284896061
115191,1877.0,748.0,167.0,1.65135595126956
413309,147.0,1909.0,114.0,12.8139567407421
232950,1337.0,20.0,58.0,-19.9959151584757
227577,1920.0,147.0,57.0,4.84552127170914
436864,1919.0,1896.0,116.0,-1.55468830057194
166271,1909.0,1908.0,51.0,-0.655744219192289
251746,1878.0,1916.0,71.0,-10.4417507765457
87048,1886.0,1881.0,172.0,10.6881093939785
4170,1560.0,1922.0,1.0,7.09317746334222
333453,1899.0,1898.0,102.0,1.11794623943685
8628,1927.0,1902.0,1.0,-0.364689443351118
312295,1884.0,677.0,186.0,8.49887887960665
194835,1920.0,1908.0,176.0,2.75913111092425
223439,1916.0,788.0,57.0,2.33479704840473
173593,1898.0,788.0,52.0,-0.796535118146794
215433,1560.0,1909.0,55.0,3.00372965112554
359187,1887.0,1881.0,108.0,0.153238562839394
215154,15.0,1901.0,55.0,-38.1019731488749
314772,14.0,15.0,186.0,7.96753241683366
277807,748.0,1914.0,75.0,1.50134436640327
271320,1926.0,677.0,74.0,-5.11785694252613
255696,604.0,3.0,71.0,-3.37462013714473
192448,1916.0,1890.0,176.0,2.76795410231799
263723,1895.0,195.0,73.0,-3.25758305241261
267772,1895.0,195.0,74.0,2.36911047157032
276575,3.0,15.0,179.0,0.628863659251918
321698,101.0,748.0,100.0,-2.43562837165997
11624,48.0,1894.0,2.0,5.6270261867815
219501,1224.0,18.0,56.0,6.30949402766899
212452,1913.0,1921.0,178.0,-4.83339365984675
170602,3.0,1886.0,51.0,0.110355664127911
53204,1905.0,85.0,7.0,5.99286609994311
334981,1430.0,147.0,102.0,-0.963306891287728
256479,948.0,1560.0,72.0,-2.15330560787048
249149,1925.0,1926.0,70.0,1.49450322490131
208764,1897.0,1906.0,178.0,-6.1320220081407
170759,1877.0,1671.0,51.0,-10.8375890492686
345027,3.0,1891.0,104.0,-6.10280054151461
181754,72.0,1890.0,174.0,1.57180104423353
273634,1903.0,1347.0,179.0,0.97455354068474
182882,948.0,1347.0,174.0,-3.6432593701828
28791,1342.0,1903.0,4.0,-9.12137704696693
114007,1926.0,1431.0,167.0,3.59049235814353
110605,1347.0,1918.0,167.0,0.184138502801759
71177,1431.0,1896.0,13.0,6.77937794613719
176671,1887.0,1914.0,53.0,5.19752904859714
73989,27.0,1906.0,13.0,12.0837407690303
416760,1924.0,1889.0,114.0,-4.79547412038405
319406,1876.0,20.0,99.0,4.13563562920306
57632,1332.0,1880.0,9.0,0.187789528022219
299967,1889.0,1892.0,98.0,-1.00984952489357
193680,1907.0,1917.0,176.0,1.74828434926106
32797,1337.0,1431.0,166.0,-3.948562116661
262254,147.0,164.0,73.0,1.60551659619767
223157,1904.0,1928.0,56.0,4.19089344663986
328671,160.0,1923.0,101.0,-2.20604485220473
321418,150.0,1921.0,100.0,-4.89840370751896
321909,72.0,150.0,100.0,-0.293845626144245
66430,47.0,1892.0,12.0,-2.89153727209582
173226,101.0,164.0,52.0,7.61020089073091
56886,27.0,1911.0,9.0,-2.09116110328841
107083,1903.0,1908.0,45.0,-7.28564313060319
215063,1889.0,1904.0,55.0,-4.68840019268291
11744,1876.0,1875.0,2.0,8.44271292173359
196152,27.0,1895.0,176.0,7.85835526942207
284719,1887.0,1907.0,77.0,-3.22126580451481
267396,85.0,1918.0,74.0,7.06028405769899
99500,1915.0,147.0,44.0,-11.40451951223
323784,1925.0,1916.0,100.0,7.14073326527093
96983,948.0,1912.0,44.0,9.28068286040745
187891,1183.0,1889.0,175.0,4.89400573400707
427768,1877.0,1337.0,115.0,6.22357256359516
375415,14.0,1881.0,109.0,-0.0291628252453598
173891,146.0,1911.0,52.0,-0.0965563480398241
304416,160.0,1671.0,98.0,-1.0753149945149
388113,1887.0,1923.0,111.0,5.09379682835812
270643,1877.0,1912.0,74.0,2.9461959969893
17589,1905.0,544.0,3.0,-0.607761001744475
200794,1926.0,131.0,54.0,2.59865335162248
254612,1926.0,101.0,71.0,10.5790604683015
97905,1881.0,18.0,44.0,-11.1299916351054
56604,1896.0,1224.0,9.0,-6.33871469899226
427471,1913.0,1882.0,115.0,-2.04796980905508
270654,1342.0,1559.0,74.0,1.61820513755559
423960,85.0,1331.0,115.0,-1.33570860130642
8501,83.0,1921.0,1.0,1.92819411073725
111290,1883.0,150.0,167.0,-8.95130373670234
275748,1915.0,20.0,179.0,-9.73830207358462
223107,1430.0,1902.0,56.0,-0.432863669502208
324483,1915.0,1348.0,100.0,-5.55922405495624
269387,160.0,82.0,74.0,7.33320205660264
199228,1897.0,1898.0,54.0,-5.32850107787526
263441,1912.0,1348.0,73.0,-0.356917073336846
633610,72.0,1902.0,109.0,0.0147562246620299
32997,14.0,18.0,166.0,-0.164702104862401
232547,229.0,13.0,58.0,-4.90275616276737
369115,1894.0,15.0,180.0,-2.92474086299714
337992,1884.0,1918.0,103.0,6.15472424321332
193857,1895.0,1909.0,176.0,-0.260532199656929
95494,147.0,1895.0,44.0,-12.7825809227233
217425,1905.0,1903.0,55.0,0.749649410727796
413322,1895.0,5.0,114.0,0.222460648987506
169451,1913.0,229.0,51.0,-2.00151663317548
64591,83.0,15.0,10.0,-0.643397782088857
249219,48.0,1916.0,70.0,0.228829998115862
250033,160.0,1889.0,70.0,-4.47210882947164
263444,13.0,1923.0,73.0,1.13048456671169
89321,3.0,1879.0,172.0,-7.20931362516564
174206,1913.0,1923.0,52.0,1.12381863484177
313042,1877.0,1907.0,186.0,-5.33934666042856
44298,5.0,1923.0,6.0,8.30695145369998
259501,1332.0,11.0,72.0,3.52190215445515
301146,1875.0,18.0,98.0,1.80902231605523
375680,27.0,1906.0,109.0,11.7776816928097
30793,948.0,17.0,166.0,-1.71478514860871
269208,229.0,1908.0,74.0,-1.49962713296433
213003,1913.0,1911.0,55.0,-0.573700427094041
198082,195.0,1560.0,54.0,5.18818591841853
73691,655.0,229.0,13.0,-2.07718213122376
74840,1876.0,1906.0,13.0,3.44463061926667
337727,1332.0,1898.0,103.0,-1.42119904858224
73106,3.0,47.0,13.0,5.62605691799468
337515,1875.0,1921.0,103.0,-3.06804919598514
248499,1878.0,1908.0,70.0,5.34442868675302
66984,1909.0,1911.0,12.0,5.61831447784339
217057,48.0,147.0,55.0,13.3212001214452
227409,544.0,1430.0,57.0,8.09887479362093
216080,1926.0,1331.0,55.0,-9.40425237039728
13366,604.0,1890.0,2.0,-2.39762631976881
251308,1879.0,164.0,71.0,-3.70579059212328
31281,1887.0,18.0,166.0,7.74168249113437
181059,1337.0,748.0,53.0,4.01165183278331
281636,1337.0,1560.0,75.0,-12.4492311475144
265358,1905.0,136.0,73.0,-6.11812400126741
96683,1888.0,1901.0,44.0,-6.94317615636377
54553,1878.0,146.0,9.0,-1.32447958881787
228217,82.0,1919.0,57.0,6.8931999892256
247227,1898.0,1921.0,70.0,1.22213837155576
330640,1332.0,1921.0,101.0,-2.57309349354732
57871,1430.0,1431.0,9.0,-1.17413562012717
184955,655.0,1881.0,174.0,3.94612462598345
55031,1331.0,1923.0,9.0,-11.1100374685537
201100,604.0,1918.0,54.0,5.40234365527272
75092,1430.0,748.0,13.0,-6.95796099741239
255776,20.0,1921.0,71.0,-2.15581636905325
192665,1911.0,1927.0,176.0,-0.497769279444908
327195,1342.0,1332.0,101.0,-0.726920353640015
424312,1183.0,1896.0,115.0,-1.27195895669372
18429,1926.0,1921.0,3.0,-9.7877853635778
278190,1897.0,1342.0,75.0,-2.20103875458599
336699,1347.0,11.0,103.0,17.3123210294233
186015,14.0,1886.0,174.0,-2.69907464806735
197721,1875.0,1885.0,54.0,-1.47314480803185
427732,1337.0,1890.0,115.0,2.36983777323591
327751,677.0,1901.0,101.0,-3.50162173003661
212264,1430.0,1903.0,178.0,4.32813884485355
180225,655.0,5.0,53.0,-0.761761369426442
113480,3.0,1894.0,167.0,-5.86149687133585
212213,604.0,1924.0,178.0,4.13839877581295
370746,20.0,677.0,180.0,-4.5029435319742
425933,604.0,788.0,115.0,-3.06649412030977
235193,1907.0,1914.0,60.0,-2.14441834406494
46706,1924.0,1431.0,6.0,5.77257773917265
243436,1876.0,1894.0,69.0,-9.63819439649621
300021,101.0,1900.0,98.0,2.27146031583329
436155,1332.0,72.0,116.0,-4.84563259752307
17139,1920.0,27.0,3.0,0.847736508495625
234616,1889.0,1908.0,60.0,-3.79995748654499
219950,85.0,1901.0,56.0,9.40727265045313
89687,27.0,1430.0,172.0,-1.9849094937805
336176,27.0,150.0,103.0,1.09222081229539
639579,1886.0,1902.0,99.0,-0.1141369088961896
416288,1919.0,1896.0,114.0,-1.8604539033547
207244,82.0,1922.0,177.0,0.704705305908938
52370,229.0,1918.0,7.0,12.3427381571304
183660,120.0,1560.0,174.0,1.80957643989224
18763,1431.0,1902.0,3.0,-3.10024064570309
278429,1879.0,677.0,75.0,4.62326711123688
221316,1905.0,229.0,56.0,2.06541195589976
333504,1916.0,17.0,102.0,5.25411098205773
114012,82.0,1889.0,167.0,-1.48083105321986
426587,163.0,1892.0,115.0,9.97792763507331
254054,1877.0,164.0,71.0,1.54975462218027
9830,1908.0,1882.0,2.0,1.58055278525986
61711,1671.0,1908.0,10.0,27.1514540541781
236414,1887.0,1909.0,60.0,-0.173096642831332
5603,17.0,1923.0,1.0,3.74722201063214
369010,1880.0,1886.0,180.0,-4.19089014759199
100773,1885.0,1916.0,173.0,1.56108633933412
99314,163.0,1904.0,44.0,6.85365344260593
217059,1926.0,147.0,55.0,-3.08690348754688
413231,1889.0,131.0,114.0,0.0486757729207363
258917,1924.0,1923.0,72.0,-1.959020736282
232199,1925.0,1347.0,58.0,1.94074840247575
329811,1925.0,1430.0,101.0,4.34791076463617
235149,1912.0,11.0,60.0,1.62522440400644
45278,1895.0,17.0,6.0,-1.16587922606482
8361,1332.0,1900.0,1.0,-6.91145751999284
359810,229.0,1887.0,108.0,-0.650845602631363
414967,1183.0,1875.0,114.0,2.73516222113928
285242,544.0,72.0,77.0,-0.439524993021308
414865,1880.0,677.0,114.0,-3.32937929271448
98719,604.0,1901.0,44.0,4.36350678013554
7869,163.0,147.0,1.0,0.236800753920402
207109,1913.0,1560.0,177.0,-0.266123491486166
250142,1919.0,1888.0,70.0,1.69925299953728
281862,1890.0,1902.0,75.0,-7.58533696929876
369055,47.0,1560.0,180.0,-0.97188258320644
201527,1913.0,1224.0,54.0,-0.394812484199492
335651,3.0,1878.0,102.0,-0.866860782344717
210427,655.0,1908.0,178.0,1.01063786884023
320072,160.0,1903.0,99.0,4.77313913040769
278912,1883.0,1901.0,75.0,3.05582191753222
177479,1881.0,1923.0,53.0,0.567599972606523
426354,655.0,163.0,115.0,16.6444835694923
259707,1337.0,1879.0,72.0,-13.3956905353868
312248,948.0,1915.0,186.0,2.31933670497921
197242,1881.0,1888.0,54.0,-5.27673410309447
163130,72.0,1897.0,168.0,-0.148334360235755
318129,655.0,47.0,99.0,2.8426102639038
280030,229.0,1880.0,75.0,6.86828578661005
71837,85.0,1923.0,13.0,-1.93917624558308
376058,604.0,101.0,109.0,12.4678557923627
32032,1430.0,1894.0,166.0,-4.30447587394617
14625,47.0,1890.0,3.0,12.2148719993878
243240,15.0,1918.0,69.0,-1.20576455870346
109080,1337.0,1891.0,45.0,-13.4567400187858
211883,1332.0,120.0,178.0,-2.06395310727221
226618,655.0,1914.0,57.0,0.289348853585968
30358,1903.0,131.0,166.0,7.55255808954338
414834,195.0,1347.0,114.0,-6.60543716862295
237358,1915.0,1885.0,60.0,3.08755509888822
206922,1926.0,1560.0,177.0,7.61480143913974
335314,544.0,1920.0,102.0,0.1481597062793
68991,3.0,17.0,12.0,0.524308486447363
106305,146.0,1560.0,45.0,-7.79868523214699
163037,1671.0,13.0,168.0,-1.15793611578759
374305,1904.0,1916.0,109.0,-3.66644194917832
281562,1925.0,1878.0,75.0,1.99469843212574
325874,1884.0,146.0,101.0,2.57865004235132
74319,82.0,1431.0,13.0,6.83503348932846
75357,1905.0,1922.0,13.0,-3.91625693415536
213534,136.0,150.0,55.0,4.69826709741004
72266,146.0,5.0,13.0,-2.9908494895478
202387,82.0,150.0,177.0,5.82890224502665
342063,1897.0,1907.0,104.0,-4.26976982023335
235035,164.0,1901.0,60.0,-4.28152078315592
344489,1926.0,164.0,104.0,8.2775575095316
218321,1903.0,1912.0,56.0,7.59533566074411
169746,1876.0,1891.0,51.0,-2.18498498211474
46018,1919.0,788.0,6.0,0.597897540678023
281579,1905.0,1922.0,75.0,-2.55706174848995
276619,82.0,1876.0,179.0,3.34907701329557
205994,229.0,655.0,177.0,-0.0839720116147412
44260,1902.0,1919.0,6.0,5.54833268599378
97441,1560.0,1921.0,44.0,-1.40568557063828
176689,1875.0,17.0,53.0,-0.659226716852913
63093,1926.0,1880.0,10.0,-6.60380848454287
316251,1899.0,11.0,99.0,-1.62712137401449
12436,1430.0,544.0,2.0,3.28791877088794
370432,1926.0,1331.0,180.0,-19.9138311510225
62373,150.0,1431.0,10.0,-0.314338732823455
108437,1905.0,1894.0,45.0,-7.7227403200159
390278,1876.0,1895.0,111.0,-5.31297593201563
360743,1915.0,1918.0,108.0,-0.865874776445015
186339,1877.0,1890.0,174.0,-6.8792259008172
251701,1430.0,1899.0,71.0,1.09115390534065
5480,1887.0,72.0,1.0,1.10390013800387
316001,136.0,1927.0,99.0,-2.11990708859614
434299,147.0,47.0,116.0,18.4929466181984
63166,3.0,1916.0,10.0,0.809499057571827
4937,1902.0,131.0,1.0,1.10984811248507
187112,17.0,1921.0,175.0,2.67065299199044
321021,72.0,120.0,100.0,1.98288726487745
27793,1905.0,18.0,4.0,8.27899802944378
211190,604.0,1347.0,178.0,-0.0291229217916757
334033,1919.0,1881.0,102.0,-1.02773239409328
413095,1904.0,1908.0,114.0,-1.47006069236486
212717,1891.0,1918.0,55.0,6.44833940961081
235159,1878.0,1881.0,60.0,-5.28411984636249
104055,83.0,101.0,173.0,17.7566961252695
197328,1884.0,1914.0,54.0,-1.1410385037257
267460,131.0,1914.0,74.0,-4.50591730681857
177680,146.0,17.0,53.0,-2.47594358623493
234074,1560.0,17.0,60.0,-0.444687924549745
87113,748.0,1921.0,172.0,0.606440287325971
198125,1348.0,18.0,54.0,1.45674231471772
333390,101.0,15.0,102.0,-3.55659983845029
18017,1877.0,1559.0,3.0,-3.46802866219308
220433,150.0,1927.0,56.0,-1.95922868429552
109217,1920.0,101.0,45.0,23.6867815627529
207263,83.0,1921.0,177.0,4.22031307519704
236133,1559.0,1881.0,60.0,-2.88078944518385
217195,1430.0,1559.0,55.0,-0.603604729294604
59206,1342.0,1337.0,9.0,-11.0872244880663
7511,1342.0,13.0,1.0,-3.58870352152971
224824,1900.0,147.0,57.0,-0.0292700541478604
46687,229.0,1431.0,6.0,9.20583771768407
224829,1903.0,1911.0,57.0,0.53970262607776
220560,1887.0,1882.0,56.0,-7.06939471143398
241092,1183.0,1887.0,69.0,0.375952939520839
64710,1337.0,1560.0,10.0,-2.02841752963143
261813,1907.0,1224.0,73.0,1.22535112249356
327303,20.0,1910.0,101.0,-0.928236822274311
75055,160.0,1886.0,13.0,2.41246486311113
425720,1920.0,1183.0,115.0,2.70186668118735
104481,1924.0,1875.0,173.0,-0.236765180162607
97586,1894.0,17.0,44.0,0.637617909712207
369048,14.0,1910.0,180.0,3.7071739118194
320417,1891.0,1901.0,100.0,-2.30308163222889
175635,1342.0,1559.0,52.0,-2.84795371368048
343931,1894.0,1560.0,104.0,7.47052809797299
63388,1913.0,1896.0,10.0,0.260803072962493
369643,5.0,1890.0,180.0,-3.27918015040837
250754,83.0,1900.0,70.0,-4.97303545938033
170406,1332.0,136.0,51.0,-0.185403736252601
398254,1559.0,1671.0,112.0,-2.00386533823416
397929,1880.0,1895.0,112.0,3.63502032104516
285183,3.0,229.0,77.0,-4.19701493566135
286807,27.0,85.0,77.0,5.41401130387896
299868,748.0,1897.0,98.0,-1.92407484498342
214120,1183.0,1900.0,55.0,-0.0913582311458272
375151,1906.0,1923.0,109.0,0.937202572822299
48975,1904.0,18.0,7.0,-9.535561945567
10298,1331.0,1894.0,2.0,-2.51144687755484
272992,1887.0,15.0,179.0,4.12243916628935
645985,1885.0,1902.0,13.0,0.98399508021184
85709,1893.0,1224.0,172.0,-2.43779021112552
322733,1878.0,1895.0,100.0,0.0724744820972543
360262,1876.0,11.0,108.0,5.68209474078291
427164,20.0,1917.0,115.0,-9.28179521071687
70926,136.0,1912.0,13.0,0.453105226332939
104542,1919.0,1895.0,173.0,7.87522573429509
65651,85.0,72.0,12.0,1.77858643563518
31936,160.0,1922.0,166.0,-0.0620621198226285
108223,147.0,11.0,45.0,-3.15329470879773
258994,48.0,1898.0,72.0,-1.14410610727901
343170,1909.0,1331.0,104.0,7.98389562115189
339779,229.0,1892.0,103.0,1.45874361023388
399878,82.0,1883.0,112.0,-5.75272914236424
359755,1906.0,1881.0,108.0,-0.729295958240341
269973,1919.0,101.0,74.0,9.90245762029803
24319,147.0,195.0,4.0,-0.876829417165922
173431,948.0,1911.0,52.0,-1.87552929996952
85542,1183.0,1885.0,172.0,-5.65493003340107
317114,1559.0,1897.0,99.0,-2.7392149055655
52758,1919.0,120.0,7.0,-2.12954015231404
214508,11.0,1927.0,55.0,-1.95342588388682
343246,1888.0,1911.0,104.0,0.281534614097629
115067,82.0,83.0,167.0,10.2714078522037
7033,48.0,163.0,1.0,10.9527292793753
300587,1892.0,788.0,98.0,0.607619024781968
302296,1885.0,1887.0,98.0,-0.644564842047656
223297,1912.0,1431.0,57.0,-5.14043256085125
175626,27.0,136.0,52.0,-2.25249601550723
229644,1897.0,17.0,58.0,5.85323117650931
274234,101.0,1922.0,179.0,4.27813848525001
194542,948.0,72.0,176.0,0.655911421852053
30330,101.0,1927.0,166.0,2.27204471710269
47120,544.0,1915.0,6.0,-2.04290636757813
31295,1431.0,1911.0,166.0,-0.463198514517862
263367,948.0,1875.0,73.0,1.7434124257815
178455,948.0,1889.0,53.0,-0.427200422548293
161519,1183.0,1879.0,168.0,2.03578370893936
238007,27.0,1905.0,60.0,-5.76718292384831
361383,1913.0,85.0,108.0,-2.51161825164083
68892,1337.0,1431.0,12.0,0.381557110892828
110243,83.0,1908.0,45.0,6.44715571899307
207440,1919.0,1928.0,177.0,1.02643484917411
234394,147.0,1914.0,60.0,-0.0388466219405887
374764,1671.0,1224.0,109.0,0.780978867988648
197423,948.0,160.0,54.0,1.58586638856712
368324,748.0,1224.0,180.0,-1.25987487274604
272295,1884.0,18.0,179.0,1.21475884091828
303408,604.0,5.0,98.0,2.47676253656579
232352,1877.0,1893.0,58.0,-3.05053091996302
180304,655.0,11.0,53.0,5.97414305793807
110081,604.0,748.0,45.0,-14.6241237825771
390817,655.0,1671.0,111.0,5.66349969539668
190955,1919.0,147.0,175.0,-0.0571262248502711
286183,1915.0,147.0,77.0,2.30337092484726
286135,1919.0,1905.0,77.0,-6.38810241950912
212363,1926.0,1903.0,178.0,-4.00797494180838
161053,1337.0,1910.0,168.0,4.50994266421682
176292,655.0,14.0,52.0,-9.84246023134796
220710,47.0,11.0,56.0,12.8016041662095
112648,1875.0,147.0,167.0,1.2489945889402
25633,1896.0,131.0,4.0,2.63056711458507
205830,1332.0,1892.0,177.0,-3.38192113698979
111565,948.0,1925.0,167.0,-8.17988249008922
373654,85.0,1331.0,109.0,-4.22468735378556
32498,604.0,1913.0,166.0,1.25153124112005
182878,1909.0,1347.0,174.0,-0.810649834634191
6427,1913.0,14.0,1.0,11.5794633460814
263637,1883.0,1901.0,73.0,-6.17417675917624
337004,13.0,131.0,103.0,1.22793000841566
280019,1877.0,1909.0,75.0,-7.01244396023224
245569,1901.0,1928.0,69.0,-7.47945674057359
176028,1925.0,1924.0,52.0,11.0479350851019
286282,160.0,544.0,77.0,3.13203183085886
369133,1904.0,120.0,180.0,-0.886084813844552
326037,1879.0,1912.0,101.0,1.98092865517212
300637,1902.0,1914.0,98.0,-0.866131258688008
53111,1906.0,15.0,7.0,11.1463913547645
320452,1897.0,1920.0,100.0,-1.1372886023257
371282,27.0,13.0,180.0,0.496146195209379
435986,1924.0,1908.0,116.0,3.06041694626723
413756,120.0,1922.0,114.0,4.62103724685889
318173,655.0,18.0,99.0,-4.34382075361477
280294,1925.0,146.0,75.0,11.8686633211996
256883,1559.0,1889.0,72.0,0.702005086909504
12055,655.0,604.0,2.0,3.44057989647555
280147,1905.0,146.0,75.0,-3.16038466301505
256054,1883.0,1898.0,72.0,4.66359596739436
263400,1909.0,164.0,73.0,8.53032318816522
345779,1342.0,120.0,104.0,6.31976478466438
274214,1920.0,1332.0,179.0,2.67465381993146
236434,1560.0,1911.0,60.0,1.12470499990662
53316,1906.0,1908.0,7.0,12.6308561978246
437443,27.0,136.0,116.0,-9.20430040174586
228604,1878.0,1882.0,58.0,-3.8586168939863
32228,544.0,18.0,166.0,-4.84961090032491
303310,1332.0,1914.0,98.0,-0.27713827667512
214112,948.0,1912.0,55.0,8.51195115831276
105222,82.0,1337.0,173.0,2.53107173852511
259502,20.0,11.0,72.0,-2.63823207636727
6151,1909.0,1908.0,1.0,-5.98616159384193
184135,1881.0,1901.0,174.0,-7.20379036904487
359444,1332.0,788.0,108.0,-1.65230255242433
179535,1924.0,1894.0,53.0,-4.18786796775998
342471,120.0,1912.0,104.0,-0.145945253713354
162446,1875.0,1896.0,168.0,-0.0323235448838716
426146,163.0,1880.0,115.0,-3.90675303073869
375313,229.0,1919.0,109.0,5.44876843369696
276933,101.0,1882.0,75.0,2.08432050132378
278018,1878.0,47.0,75.0,0.788798323217394
242547,1899.0,1927.0,69.0,-2.58550220318805
371438,1925.0,1927.0,180.0,-4.14391045853473
71538,82.0,47.0,13.0,-0.26066197952446
48498,164.0,1916.0,7.0,3.41899334155977
109525,604.0,1348.0,45.0,-1.1176870831429
279914,1925.0,229.0,75.0,3.5683168708535
46767,48.0,131.0,6.0,1.30194576989945
65712,748.0,1897.0,12.0,2.84815253297214
16291,147.0,1918.0,3.0,-6.88964242337875
283735,1347.0,1331.0,77.0,-2.06556937700733
257917,1906.0,1347.0,72.0,-0.990639954606669
206055,1924.0,1893.0,177.0,32.918410793716
58287,14.0,5.0,9.0,-4.59912573389874
218884,1916.0,1911.0,56.0,-4.79129254953816
17901,1332.0,1918.0,3.0,4.00755435005269
373394,1909.0,1910.0,109.0,-3.26873071004794
210321,1560.0,1916.0,178.0,2.19835124845433
367981,146.0,1890.0,180.0,-3.15379688214583
16617,27.0,1923.0,3.0,4.71232460970668
201049,1905.0,544.0,54.0,-0.843590034569099
315385,1880.0,1902.0,99.0,0.40745296801748
397732,1878.0,15.0,112.0,-3.58996888682787
45969,48.0,1922.0,6.0,4.48609747953778
250766,1913.0,1900.0,70.0,-2.75775585428522
415431,82.0,47.0,114.0,-1.50958939007334
30478,1904.0,1927.0,166.0,0.841705074190511
210758,604.0,72.0,178.0,3.4451057647759
281147,160.0,147.0,75.0,7.1414245388676
181132,82.0,15.0,53.0,4.58513341710987
624471,1885.0,1902.0,52.0,3.034672470937036
177018,1878.0,788.0,53.0,0.0228632649689868
328326,164.0,1901.0,101.0,-0.763279269125235
326897,1904.0,1882.0,101.0,10.2480270705387
13480,20.0,1890.0,2.0,-7.67176511589848
190914,1915.0,5.0,175.0,16.0895735070829
360122,1332.0,1892.0,108.0,-10.0179155906437
254670,1905.0,1879.0,71.0,4.08763498639483
32055,48.0,1883.0,166.0,-5.76316235364953
361029,1915.0,1671.0,108.0,-25.2760044056423
438114,1913.0,1921.0,116.0,-9.05651814508186
423086,136.0,1904.0,115.0,1.82705614969353
220730,1893.0,1896.0,56.0,1.85623568449678
202036,1337.0,1890.0,54.0,-8.39034358316773
330664,1924.0,1925.0,101.0,4.50072391691695
337054,1902.0,1331.0,103.0,-0.495255273296344
328897,1876.0,195.0,101.0,4.30759658745456
188381,1897.0,1916.0,175.0,-3.21389427243801
332277,1879.0,147.0,102.0,-3.49430450128223
313222,1915.0,1901.0,186.0,-0.719201083070974
67727,72.0,1897.0,12.0,-0.691037834028922
29517,1880.0,1883.0,166.0,-1.12815548534019
97198,1890.0,1921.0,44.0,1.53790790244116
214021,1912.0,1224.0,55.0,-3.53042657621249
252639,1909.0,1916.0,71.0,-6.25076852802944
221272,1919.0,1331.0,56.0,-1.37766692365448
15730,120.0,1331.0,3.0,1.51686796300731
168917,82.0,1923.0,51.0,-11.0194946866762
224288,18.0,1921.0,57.0,5.06676729538952
398524,1890.0,1922.0,112.0,4.22821633088429
50424,15.0,131.0,7.0,2.50684876367644
435462,131.0,1927.0,116.0,0.789330541466249
178072,948.0,147.0,53.0,-4.54094222415243
111413,47.0,1909.0,167.0,-0.100971562462446
4390,1899.0,1431.0,1.0,-0.927379602608817
374265,5.0,1890.0,109.0,0.0976777899684568
214274,85.0,1912.0,55.0,-3.0585324951956
377209,229.0,677.0,109.0,-1.30241149557337
16851,160.0,229.0,3.0,0.353788498929729
17414,1332.0,1884.0,3.0,-11.4100973669856
60758,748.0,1896.0,10.0,-1.86462597426001
389743,1924.0,1431.0,111.0,7.64065622393861
342169,1914.0,18.0,104.0,-0.996026138190272
170771,1926.0,948.0,51.0,4.45771990836262
211063,160.0,163.0,178.0,7.6507953103336
337183,1331.0,147.0,103.0,0.679392066368568
4968,1888.0,11.0,1.0,3.66942721687118
5457,1886.0,18.0,1.0,1.66192534597778
283019,1880.0,1912.0,77.0,-0.0162343033503257
272256,147.0,150.0,179.0,0.202168935264866
72472,1920.0,1347.0,13.0,1.84460605557594
282873,14.0,1347.0,77.0,-4.30174442301799
416667,604.0,1875.0,114.0,9.41849544869323
215838,604.0,229.0,55.0,1.62173328877485
220074,677.0,1923.0,56.0,-4.60361043266081
15319,1342.0,1898.0,3.0,1.8468187945622
377331,948.0,1928.0,109.0,6.45498415313506
66940,47.0,1903.0,12.0,5.80851275757061
104095,82.0,101.0,173.0,8.71951412554245
212816,1905.0,1332.0,55.0,-6.65498433753288
200264,1924.0,788.0,54.0,-1.35903229697437
15345,1895.0,150.0,3.0,6.43731314581662
257673,1907.0,1921.0,72.0,-5.79620170138912
275859,14.0,1888.0,179.0,4.75663635868409
162512,948.0,1886.0,168.0,1.28143665773649
183577,1559.0,1878.0,174.0,-2.59912413595945
194443,1902.0,11.0,176.0,-1.76605120142651
344969,48.0,655.0,104.0,-2.91944568555231
177270,1891.0,1912.0,53.0,2.46509928605563
437735,1905.0,1882.0,116.0,-6.89048425915931
205292,1332.0,72.0,177.0,-12.894994610427
201927,1926.0,1890.0,54.0,5.99879295658982
65578,146.0,150.0,12.0,1.61066096063418
199186,1880.0,1431.0,54.0,-1.81534214486554
209006,1881.0,1894.0,178.0,7.76596692770443
11293,1894.0,1909.0,2.0,2.3679560639243
10753,1890.0,788.0,2.0,1.0460234277459
63556,1926.0,1892.0,10.0,2.91432511879275
49143,146.0,147.0,7.0,-2.35696047898372
343758,1890.0,1922.0,104.0,3.29590999611101
191241,229.0,1920.0,175.0,1.45300480543894
74970,1915.0,1912.0,13.0,-1.04054441822888
216278,82.0,1891.0,55.0,-9.55905223574275
239007,1671.0,1928.0,60.0,-3.32781773445599
25080,1879.0,147.0,4.0,0.983484178520947
224397,1671.0,677.0,57.0,2.49388964701879
357572,1904.0,1671.0,108.0,7.73706010635828
376697,1924.0,1888.0,109.0,0.0491400658771755
357658,1903.0,1908.0,108.0,1.53552743907776
238690,1332.0,85.0,60.0,-3.86888140355335
29926,1894.0,1892.0,166.0,-3.882755565998
103626,1913.0,1331.0,173.0,-5.48358028065165
345777,1905.0,1559.0,104.0,4.5931094447299
238570,1925.0,748.0,60.0,0.458156120322842
251426,1897.0,1905.0,71.0,-0.395534326970592
188586,1899.0,1897.0,175.0,-0.668185720621178
253080,1906.0,1899.0,71.0,3.98873429848901
437155,1905.0,1348.0,116.0,-1.11345110533467
163340,1879.0,677.0,168.0,-1.54502403555993
115385,229.0,14.0,167.0,1.91705233241449
269366,163.0,1923.0,74.0,2.69171408274538
105936,1880.0,1331.0,45.0,0.262099917622963
397724,1900.0,1331.0,112.0,-1.86283630465535
245834,1888.0,1921.0,70.0,0.893512586226678
98244,48.0,47.0,44.0,-1.8525673494887
110371,20.0,1921.0,45.0,-16.5365782574433
212526,1332.0,47.0,178.0,-12.6620801189256
176131,160.0,1890.0,52.0,3.27596199158354
436956,1920.0,1891.0,116.0,0.509115790326608
13926,1883.0,1907.0,3.0,0.951154286087299
8341,1919.0,85.0,1.0,8.33089573570973
375105,1906.0,788.0,109.0,-0.043499213023609
51689,1915.0,1875.0,7.0,5.74266917560577
221923,1905.0,18.0,56.0,1.86647791454258
251536,1925.0,72.0,71.0,9.23853014163966
201191,544.0,13.0,54.0,-3.66652846636622
168478,146.0,1895.0,51.0,-3.5593501911517
60780,1894.0,15.0,10.0,-2.24701473509875
26145,1183.0,11.0,4.0,-2.64305553902093
68447,82.0,146.0,12.0,6.70698033769314
7813,1913.0,1888.0,1.0,1.22628115085837
167954,1905.0,1347.0,51.0,2.78386668683437
301763,47.0,1331.0,98.0,-3.97044238690726
302839,1337.0,164.0,98.0,3.42513124794992
265978,1919.0,1890.0,73.0,-5.79598979632182
210722,83.0,1907.0,178.0,-4.22222466011012
273709,1560.0,1348.0,179.0,2.18035276970489
162979,1911.0,1917.0,168.0,0.31682529598205
202962,1560.0,1882.0,177.0,6.0466720680656
276529,160.0,3.0,179.0,0.473723394013641
228985,1895.0,1903.0,58.0,-6.93875202778779
278577,1431.0,1560.0,75.0,2.78982727343521
213759,1880.0,5.0,55.0,0.0955746296002001
300237,1888.0,150.0,98.0,-6.08951269519692
90212,1926.0,15.0,172.0,-9.47997444518541
335125,82.0,1875.0,102.0,-3.53081824766384
317028,150.0,13.0,99.0,-8.34400127367689
435668,1880.0,1910.0,116.0,0.227151683822267
323254,655.0,1899.0,100.0,7.69319623870135
415250,1900.0,1918.0,114.0,-0.82177302776823
255518,1342.0,1878.0,71.0,-2.32892009102652
300487,82.0,1347.0,98.0,-3.754118117586
180018,1342.0,146.0,53.0,8.56888031632455
360043,27.0,1885.0,108.0,-17.4769716849408
97810,1671.0,1911.0,44.0,1.76300608156526
334604,1342.0,11.0,102.0,4.61299212200123
48188,677.0,1928.0,6.0,5.08601011694632
435256,1904.0,1224.0,116.0,-3.07453130186597
192171,83.0,1898.0,176.0,0.504751608485698
326468,1348.0,1914.0,101.0,-0.0732010250294773
340567,83.0,748.0,103.0,1.53770216061863
183143,150.0,1896.0,174.0,1.53365465515576
111227,1888.0,1903.0,167.0,5.61686152570952
255665,163.0,1903.0,71.0,-4.25368843606787
11015,1183.0,1922.0,2.0,0.872512858698059
162053,1912.0,18.0,168.0,-0.0954361627907641
187480,1880.0,1893.0,175.0,2.46295952776335
185928,82.0,1888.0,174.0,-1.65877820595539
182929,1880.0,147.0,174.0,-1.67036200356792
164779,14.0,544.0,168.0,-3.27932517170939
264080,1924.0,195.0,73.0,-5.47800373693019
62636,1926.0,1899.0,10.0,-0.23665918240036
191496,604.0,1671.0,175.0,1.00938307267927
434564,1909.0,1893.0,116.0,4.06686094627079
316891,101.0,1921.0,99.0,-1.82997610533261
108945,1925.0,604.0,45.0,6.85316666552974
63444,83.0,11.0,10.0,-6.62111075273589
11855,1920.0,1881.0,2.0,-1.04804214391726
424165,72.0,13.0,115.0,-2.18607243086144
112522,1902.0,1910.0,167.0,-2.60835154561252
27704,163.0,101.0,4.0,-0.803828802625157
267208,948.0,229.0,74.0,-0.989118318014779
260829,1342.0,15.0,72.0,7.38575408167909
329824,1920.0,1912.0,101.0,-5.15719305194534
390977,82.0,1903.0,111.0,-15.9711376969173
340282,229.0,1912.0,103.0,8.4444655495698
71933,1331.0,1910.0,13.0,2.97945791123174
175783,14.0,1671.0,52.0,-1.47759364615297
176156,1919.0,85.0,52.0,2.68076845977217
58211,1924.0,13.0,9.0,-0.861802279493531
33263,544.0,1348.0,166.0,-2.81395552129028
51877,1906.0,1880.0,7.0,-2.82613484047651
234794,1904.0,1890.0,60.0,-1.05521602634583
100517,160.0,1902.0,44.0,-8.96951428821024
344322,544.0,82.0,104.0,12.5362971727443
398064,120.0,17.0,112.0,1.42508393226838
215522,1926.0,1908.0,55.0,-2.67382485350671
18145,1905.0,1430.0,3.0,1.83472129508697
318279,1925.0,82.0,99.0,1.93132605568256
276160,1920.0,1886.0,179.0,5.91554517059081
175209,604.0,1895.0,52.0,-1.10383085539215
345800,1332.0,1559.0,104.0,-1.24466995929384
56516,1879.0,1901.0,9.0,-5.00366745872435
327724,1348.0,1921.0,101.0,-4.05143682966109
437943,229.0,1890.0,116.0,3.25760645708656
114495,604.0,27.0,167.0,4.64404724794157
275244,83.0,17.0,179.0,6.4704354123349
219012,1888.0,1900.0,56.0,1.28364266251634
69310,1915.0,5.0,12.0,2.02206139202381
226659,1913.0,131.0,57.0,-2.77407573173828
398380,1431.0,1922.0,112.0,2.62090238596989
180040,3.0,146.0,53.0,5.53914631219118
328670,1926.0,82.0,101.0,10.6593575287817
233931,1905.0,1899.0,60.0,4.10900632429237
100904,1896.0,1901.0,173.0,0.142847039495313
390506,1913.0,1224.0,111.0,3.54378890919102
100455,1183.0,1928.0,44.0,-3.30674202222005
87672,1342.0,1910.0,172.0,-0.538713144522255
176844,1671.0,1900.0,53.0,-2.70042460945232
242100,147.0,1889.0,69.0,-2.96340292770159
87252,948.0,48.0,172.0,11.8610141198131
191766,544.0,15.0,175.0,5.75500799821151
319743,1342.0,136.0,99.0,-6.4761075712778
285272,3.0,164.0,77.0,2.72344635096155
225135,1894.0,1921.0,57.0,-5.39414695681255
96390,1879.0,1914.0,44.0,-0.956748802806935
335315,3.0,1920.0,102.0,3.13098615806613
60469,1889.0,1921.0,10.0,-4.18168215901837
67124,1917.0,17.0,12.0,0.689397728663126
235051,1884.0,1897.0,60.0,-0.155576921974446
85559,1183.0,1879.0,172.0,12.7668581001747
206022,48.0,1892.0,177.0,3.91472085063357
107630,1559.0,1886.0,45.0,1.58262565014521
427760,655.0,3.0,115.0,1.95315966109695
98827,83.0,1880.0,44.0,2.08894676823814
320360,1890.0,1928.0,99.0,-2.40316816922664
344839,1924.0,5.0,104.0,-0.705438217771305
234376,1894.0,1927.0,60.0,0.202692325715807
319632,82.0,1224.0,99.0,4.96515307268187
424987,1883.0,1882.0,115.0,-1.26338936572249
436750,1915.0,17.0,116.0,-3.64744976737403
233512,48.0,1910.0,58.0,-7.12529399253996
389943,604.0,1891.0,111.0,2.92138740481464
253073,1894.0,1921.0,71.0,1.08398506441101
426268,1926.0,1913.0,115.0,0.738922658512467
359915,160.0,1881.0,108.0,-4.18617961006098
251692,146.0,1927.0,71.0,-2.14075893202039
11441,27.0,788.0,2.0,10.9871957609458
46588,1337.0,1880.0,6.0,-9.83709519672808
186305,83.0,20.0,174.0,4.5784209262568
200379,160.0,164.0,54.0,-2.68224266325179
320113,27.0,1560.0,99.0,-3.72704580456752
265163,1332.0,5.0,73.0,-2.20261002370494
184915,1905.0,229.0,174.0,-7.07387272154996
317630,1885.0,120.0,99.0,-0.40988680269516
258736,83.0,788.0,72.0,-0.0729423057718727
44825,1878.0,1927.0,6.0,-7.34371272836377
12768,1342.0,1912.0,2.0,-10.8663560019004
425619,1909.0,1907.0,115.0,-5.72493757600405
24266,1909.0,13.0,4.0,1.70476970982861
247867,948.0,1882.0,70.0,-3.14216495498321
53430,163.0,18.0,7.0,1.18129959781371
374181,1897.0,1890.0,109.0,0.786793368197062
223526,1895.0,164.0,57.0,2.70697849806377
213145,164.0,1923.0,55.0,6.64351191443135
214518,1884.0,18.0,55.0,-1.11753845511957
377388,1917.0,1902.0,109.0,-4.40265670564452
259868,3.0,1896.0,72.0,-7.73915835195335
312224,1916.0,1910.0,186.0,3.03254384663285
26700,229.0,1899.0,4.0,4.80472431923718
358699,147.0,1927.0,108.0,-0.201479867155046
389551,1430.0,146.0,111.0,4.06075566941016
327354,147.0,17.0,101.0,-2.99472368021614
13376,604.0,1911.0,2.0,0.484007983260013
374289,1912.0,1921.0,109.0,10.9150416295121
14396,1875.0,1889.0,3.0,-3.68605550695588
320024,14.0,1922.0,99.0,-4.09546319393599
223158,1924.0,1928.0,56.0,8.15484077602717
216202,1925.0,146.0,55.0,3.39792981519147
372407,1883.0,1911.0,109.0,5.24138772528556
229154,1879.0,1908.0,58.0,-6.36603050296292
339753,604.0,655.0,103.0,1.96007128665993
45309,1899.0,1908.0,6.0,-2.95357033214945
164438,48.0,1431.0,168.0,4.93585918534174
304728,3.0,1337.0,98.0,4.11391664909505
173764,1884.0,1904.0,52.0,1.15376267652626
13974,1224.0,11.0,3.0,1.01429105704667
227090,1924.0,1884.0,57.0,2.44916216148996
373744,1897.0,1911.0,109.0,-0.178360770312292
235154,1875.0,1892.0,60.0,0.805300407015289
260349,1876.0,1559.0,72.0,-7.77569984732116
46448,48.0,1909.0,6.0,-1.0832897032386
331543,1560.0,1886.0,102.0,-2.32707844959154
266971,101.0,1881.0,74.0,16.4323733348102
112019,13.0,788.0,167.0,4.44616395181109
358600,1347.0,1914.0,108.0,-0.778921479659318
424072,1183.0,1909.0,115.0,7.39105337307587
201453,1430.0,136.0,54.0,0.085399470700531
192969,1875.0,15.0,176.0,-3.93066735328943
171832,1559.0,1896.0,52.0,2.93024906954825
401083,3.0,1927.0,112.0,6.00942680455245
333993,1342.0,1913.0,102.0,-0.833230531543608
397910,1183.0,5.0,112.0,4.66511895611187
114033,3.0,1913.0,167.0,7.13599012019849
71461,47.0,164.0,13.0,14.902833965079
259393,604.0,1431.0,72.0,8.56560677915771
4411,948.0,1923.0,1.0,0.309495425549044
11455,83.0,788.0,2.0,1.07198981631031
211740,20.0,13.0,178.0,-6.35850200947174
68725,1925.0,146.0,12.0,8.15078510644926
213298,1898.0,195.0,55.0,0.157808973410045
311387,1895.0,1888.0,186.0,-12.6234516898003
31854,101.0,13.0,166.0,19.8934283886772
167068,1906.0,1911.0,51.0,5.287490785413
18688,1924.0,1337.0,3.0,-14.4632029219569
278265,85.0,1882.0,75.0,-1.59831701418977
43264,1183.0,1907.0,6.0,0.697967965254172
201330,27.0,1918.0,54.0,-1.15180795558233
172182,1882.0,1923.0,52.0,3.6832547454081
248770,48.0,47.0,70.0,-4.44714279312666
17312,1919.0,101.0,3.0,14.6645432414296
7785,604.0,544.0,1.0,-3.05034797548557
317582,1898.0,1881.0,99.0,-6.17961593453499
221542,1924.0,604.0,56.0,8.81714063318295
245068,1337.0,748.0,69.0,-3.44217574348817
275403,1925.0,1893.0,179.0,16.6940051475619
304386,1925.0,948.0,98.0,-2.16434789784794
272220,1878.0,1897.0,179.0,3.32498233611078
5933,1883.0,788.0,1.0,3.15194819365723
85547,1875.0,1884.0,172.0,1.99709477387649
182849,1906.0,150.0,174.0,3.33155936114739
319129,1915.0,544.0,99.0,0.390467947174198
195668,27.0,1891.0,176.0,-1.12986162265203
263949,48.0,1183.0,73.0,10.8567991864
234592,164.0,1897.0,60.0,1.54902598500333
228205,163.0,14.0,57.0,-3.28529976440505
252846,1183.0,120.0,71.0,2.55554337642454
71556,1883.0,1927.0,13.0,1.24772337262062
326746,72.0,150.0,101.0,-1.84156155674001
115131,160.0,1671.0,167.0,-1.91113104760539
328436,1877.0,1922.0,101.0,-0.311310999126209
330449,1913.0,1560.0,101.0,-1.49369952916668
401154,1924.0,136.0,112.0,-1.02898484446564
193079,1907.0,1671.0,176.0,2.52322087668042
424062,1895.0,1560.0,115.0,1.88333033792298
9575,1880.0,1886.0,2.0,10.7713324594656
334649,82.0,1884.0,102.0,-3.58661021788981
238181,1919.0,136.0,60.0,1.38602678379216
212237,3.0,1671.0,178.0,1.53074276267784
6483,48.0,1883.0,1.0,7.8501075709425
189045,1886.0,1927.0,175.0,-2.14734620807159
337589,1916.0,1921.0,103.0,-10.0837604601876
276812,17.0,1910.0,75.0,2.80753419358378
97644,1898.0,1890.0,44.0,9.03741944822949
221123,27.0,164.0,56.0,9.29544438280243
285847,1925.0,101.0,77.0,16.6217661554813
277326,1879.0,1560.0,75.0,-0.489296616184924
69263,1342.0,1879.0,12.0,3.49169405887812
342370,82.0,1899.0,104.0,1.97920017641459
178693,1560.0,748.0,53.0,-4.98555407226109
275737,27.0,5.0,179.0,3.63188623534008
196065,655.0,1896.0,176.0,6.57770293320133
162307,1880.0,1891.0,168.0,1.19089634751964
184496,1876.0,788.0,174.0,-3.23798242095987
213640,948.0,48.0,55.0,6.76492912880162
162818,1224.0,1910.0,168.0,-0.950657229213421
197255,85.0,1560.0,54.0,1.50206229140055
89525,163.0,1917.0,172.0,2.23436308659865
201329,1925.0,1430.0,54.0,17.7698465417271
335109,1915.0,1888.0,102.0,2.86998121527029
330381,20.0,1903.0,101.0,-0.814222049062491
54896,195.0,1890.0,9.0,-3.89341115963296
54582,1671.0,1898.0,9.0,5.25941180105407
47194,160.0,1877.0,6.0,15.5059488094123
100571,1880.0,1897.0,173.0,-2.0812878566532
277620,1907.0,1923.0,75.0,-0.850373408983419
47090,544.0,1905.0,6.0,9.69484281910897
251697,1431.0,15.0,71.0,-0.751040401096143
68873,1877.0,131.0,12.0,-0.0940892324579953
346319,1331.0,1902.0,104.0,-7.29173778403762
218444,1899.0,1901.0,56.0,-2.22723548502543
114135,27.0,1904.0,167.0,13.3508355131633
327733,1891.0,1922.0,101.0,6.0377177456638
281852,1906.0,1902.0,75.0,0.425815235672486
74587,48.0,1896.0,13.0,-3.5867345875117
284509,1183.0,1903.0,77.0,0.991905593567997
436992,1332.0,1879.0,116.0,-9.57042245039518
219169,101.0,1886.0,56.0,-0.752070471246625
241726,1882.0,15.0,69.0,45.4118252954792
87940,1183.0,1898.0,172.0,5.89074295813383
416718,20.0,147.0,114.0,1.37583130678482
213848,1895.0,131.0,55.0,2.75127781208889
375470,1430.0,1331.0,109.0,-10.5139483654892
241903,1880.0,1892.0,69.0,3.232407068533
210467,14.0,1923.0,178.0,1.34078757900877
375389,1926.0,1898.0,109.0,-2.8881201955161
238016,1906.0,1895.0,60.0,-0.481026461240795
232080,20.0,1892.0,58.0,-5.86690979707019
340544,1919.0,1559.0,103.0,0.507044233016092
48731,5.0,1910.0,7.0,0.255015706658677
253855,160.0,1894.0,71.0,9.45129095708514
374909,1347.0,1901.0,109.0,-4.26483482210279
182163,1559.0,1898.0,174.0,0.329568439581759
183882,748.0,18.0,174.0,4.88759365771571
318147,1915.0,1923.0,99.0,-0.7798655780641
104211,14.0,677.0,173.0,-4.30889781840852
264986,3.0,20.0,73.0,2.05391064640105
424162,1332.0,1887.0,115.0,-0.862612410339337
6650,544.0,18.0,1.0,3.28588513644366
279619,655.0,1908.0,75.0,-5.13193504353986
96524,1885.0,1881.0,44.0,3.36559488208066
234633,1889.0,1888.0,60.0,3.87876985617309
172166,1896.0,1927.0,52.0,-3.43609515297811
33267,48.0,1889.0,166.0,1.62847069937641
250657,48.0,1890.0,70.0,-6.71587186367461
426015,14.0,1901.0,115.0,0.583952380966705
72367,1348.0,5.0,13.0,-1.95413122944731
278395,1559.0,15.0,75.0,0.167668078660315
164979,1926.0,27.0,168.0,9.23607012327929
276905,1224.0,677.0,75.0,-1.10589332533313
281460,1913.0,1903.0,75.0,-3.73393036666893
259152,1925.0,1881.0,72.0,-3.11131320652766
315366,1909.0,1923.0,99.0,-0.284317328652817
436643,1926.0,604.0,116.0,1.03873637555647
269682,655.0,1885.0,74.0,3.69238986858411
278796,1904.0,1922.0,75.0,-1.75966762878692
361002,1926.0,1920.0,108.0,-5.74411255644371
312900,1920.0,85.0,186.0,-2.85720851198131
74427,14.0,544.0,13.0,-1.35548960154379
176940,147.0,1431.0,53.0,-2.05244174322934
201463,1905.0,1224.0,54.0,-1.66567883443562
111798,136.0,1885.0,167.0,-4.73973334126482
107614,1878.0,1880.0,45.0,8.83939922410708
344409,1919.0,1907.0,104.0,-3.16644560562968
101350,1881.0,1907.0,173.0,-7.08682566316631
14950,101.0,120.0,3.0,1.70401094515332
250706,604.0,1906.0,70.0,4.66165069492222
358002,1909.0,1918.0,108.0,5.41854788076952
178004,1911.0,1910.0,53.0,5.9982964444635
285045,1920.0,82.0,77.0,4.08469799029468
244808,655.0,1559.0,69.0,1.01135159014083
205153,20.0,788.0,177.0,-0.699411772027788
199842,1912.0,1671.0,54.0,5.0714632840362
218965,1898.0,788.0,56.0,7.8990042597222
179597,655.0,788.0,53.0,-11.458734094047
29024,1908.0,1928.0,4.0,-3.38363701156451
187879,1913.0,1332.0,175.0,-6.40328325530546
203862,1880.0,120.0,177.0,-3.43315177431461
186252,1876.0,1878.0,174.0,-2.24254522850344
415702,1919.0,1883.0,114.0,2.33496814505529
340310,1906.0,1888.0,103.0,0.310055050529385
33190,83.0,1895.0,166.0,-4.20219450212958
18107,1905.0,1912.0,3.0,-3.33298703743087
277046,1904.0,13.0,75.0,-3.22538150961516
61972,20.0,1332.0,10.0,-6.94561844679086
249090,229.0,1887.0,70.0,-1.52217151532452
166607,1671.0,1916.0,51.0,-2.90038742381037
414159,1885.0,72.0,114.0,2.13867708294868
320145,229.0,15.0,99.0,-7.00296333315979
64730,1924.0,677.0,10.0,3.26469483437283
423361,1887.0,1898.0,115.0,2.14777829136517
398913,1907.0,1916.0,112.0,-6.01063771698013
179916,160.0,1331.0,53.0,-18.1663570958139
284025,1913.0,150.0,77.0,1.59540878580303
427527,544.0,1924.0,115.0,11.8513411361311
103687,604.0,1880.0,173.0,-4.84237555619568
219959,1920.0,1911.0,56.0,2.33081222631131
97550,101.0,1895.0,44.0,-4.02799147785685
243552,1913.0,72.0,69.0,0.963500186905014
253165,1896.0,5.0,71.0,4.82310986342884
642603,1894.0,1902.0,114.0,0.4954575689204001
360751,1876.0,1918.0,108.0,-4.3471953892132
73251,1887.0,1892.0,13.0,-3.73506071129895
62007,1912.0,1889.0,10.0,1.36590939495599
206755,544.0,1920.0,177.0,4.26358555798887
32818,1337.0,1884.0,166.0,-8.97951136181621
52929,1926.0,1886.0,7.0,8.49174989595584
239086,1912.0,1902.0,60.0,-6.61615226783087
427954,131.0,1902.0,115.0,3.13645107925642
312064,1875.0,1921.0,186.0,-5.61622284245154
375290,1925.0,1919.0,109.0,2.65988747567665
194638,1878.0,1882.0,176.0,-0.745925957391538
271399,1430.0,1928.0,74.0,-1.97748174428811
221298,544.0,1880.0,56.0,-6.21326785925801
397054,1884.0,150.0,112.0,-4.70317778428853
201767,1915.0,1878.0,54.0,-1.36522126000002
265747,655.0,1924.0,73.0,8.18194232643949
319640,1920.0,1888.0,99.0,1.58002323492918
70033,1430.0,1900.0,12.0,-4.17070287437199
329444,544.0,101.0,101.0,31.4831128826857
104978,3.0,1342.0,173.0,1.59780564521592
17295,1876.0,17.0,3.0,4.35299477580838
162631,1885.0,1896.0,168.0,0.431215313752616
50755,1886.0,1911.0,7.0,-5.17587638323197
6928,48.0,1331.0,1.0,-22.694855781588
284100,1899.0,1911.0,77.0,-1.15042935140283
10509,1671.0,1914.0,2.0,-1.79128763634138
198666,1900.0,1922.0,54.0,11.9601438373971
99997,163.0,748.0,44.0,4.45410071233789
56463,948.0,1342.0,9.0,-3.42759006171529
282419,1900.0,15.0,77.0,-2.15647474283286
212674,48.0,1902.0,178.0,-12.2368083877263
311507,1897.0,163.0,186.0,-3.06263100036796
327831,136.0,1891.0,101.0,-3.47210098967073
68697,20.0,1885.0,12.0,-7.72587656208489
12913,1919.0,1224.0,2.0,-3.39498024076172
30993,1559.0,1888.0,166.0,1.88212352219888
336331,1912.0,1894.0,103.0,-8.44640173422393
102749,1885.0,5.0,173.0,-3.95404262689856
209972,72.0,1923.0,178.0,1.070145272872
67332,47.0,1888.0,12.0,0.420996832380365
367588,136.0,1914.0,180.0,-5.73097392066001
262631,1894.0,1883.0,73.0,-0.0912581597892267
250056,3.0,1430.0,70.0,-0.72897995940905
7617,160.0,1875.0,1.0,2.45811439555834
225233,1907.0,1911.0,57.0,3.8284566974046
323417,1337.0,1183.0,100.0,-1.03272133621693
65608,1907.0,1927.0,12.0,-2.82619780574642
253836,160.0,1923.0,71.0,0.433438283772235
435932,1183.0,147.0,116.0,2.26920829715793
272021,136.0,1900.0,179.0,-3.62934651617266
236408,948.0,1885.0,60.0,6.50757476079231
256322,1431.0,1348.0,72.0,-4.68103071666154
28174,160.0,1559.0,4.0,2.0788494744184
255244,82.0,1886.0,71.0,-6.74653231969104
163853,160.0,1907.0,168.0,-1.80648414293645
54466,748.0,17.0,9.0,-0.260115376098087
338414,1880.0,18.0,103.0,3.13755004728062
209210,164.0,1901.0,178.0,-1.31867625700973
190129,1924.0,1916.0,175.0,9.14895259886235
276023,229.0,1927.0,179.0,-0.177783300239893
316744,1875.0,788.0,99.0,-0.0170266734035637
87279,1889.0,18.0,172.0,1.15528144252612
113980,1913.0,1914.0,167.0,-3.53838936409378
237839,229.0,1918.0,60.0,-3.05308391248373
361474,48.0,3.0,108.0,-11.4970459936055
17291,1876.0,1914.0,3.0,1.52388527287793
372457,1886.0,1883.0,109.0,0.787055459623029
424015,1907.0,5.0,115.0,3.24800607538566
371490,1337.0,1671.0,180.0,-1.87702193066363
216529,604.0,1884.0,55.0,-2.96014764841639
272612,136.0,1922.0,179.0,2.50095217712716
163407,150.0,11.0,168.0,-1.54044470839469
171743,120.0,1912.0,52.0,-5.26939194865894
264635,1924.0,5.0,73.0,5.07662674427896
3838,1879.0,1909.0,1.0,1.91034132538249
299975,136.0,1890.0,98.0,0.544341822138465
334363,1925.0,604.0,102.0,2.21274470360887
216784,14.0,1905.0,55.0,0.724317521688918
13027,1332.0,1671.0,2.0,-0.395853505695081
102103,1879.0,195.0,173.0,3.89187775495449
13783,120.0,1922.0,3.0,3.39734116977786
177376,1896.0,5.0,53.0,-5.71431554922968
259249,1342.0,1901.0,72.0,-3.96645129763781
177064,1885.0,18.0,53.0,2.36624216497744
47741,48.0,1560.0,6.0,0.545996415893106
624730,120.0,1902.0,53.0,0.9240361441253334
265846,1924.0,1878.0,73.0,1.60986745130551
182212,146.0,748.0,174.0,-0.0389178299241294
195291,1332.0,229.0,176.0,-1.08680652447658
52968,27.0,748.0,7.0,4.6637755235334
62319,1895.0,1910.0,10.0,-0.427651077066765
345601,604.0,1430.0,104.0,-2.15544290280819
331104,101.0,1898.0,102.0,-0.653713907069099
62687,544.0,1922.0,10.0,7.01596048024949
25690,120.0,13.0,4.0,2.3312956072216
220497,195.0,1921.0,56.0,15.0980069878792
263977,544.0,47.0,73.0,8.65945584254004
251892,1879.0,5.0,71.0,4.11739086150973
438055,160.0,1906.0,116.0,-3.51382044138842
231226,1891.0,1911.0,58.0,0.563538337223958
422893,1342.0,1899.0,115.0,1.68612017081903
168178,1897.0,788.0,51.0,-5.16109906029924
413741,1877.0,150.0,114.0,7.55405269922126
311713,1912.0,1917.0,186.0,-10.2369167048998
267661,1900.0,677.0,74.0,-2.04472939045191
624431,1883.0,1902.0,69.0,-2.85945145588932
46482,1342.0,1909.0,6.0,-5.37576527635432
44507,1347.0,1890.0,6.0,0.744294928072645
281621,14.0,1560.0,75.0,1.10957511756178
276727,1224.0,1902.0,179.0,2.70594152567028
322467,131.0,1890.0,100.0,-0.263669492917316
375740,1877.0,1431.0,109.0,3.30134818610826
162266,1902.0,1917.0,168.0,0.276302506249518
181207,544.0,1924.0,53.0,21.3039641134901
336762,1880.0,15.0,103.0,-7.66899610269453
399496,1926.0,1899.0,112.0,1.45289079951902
282140,1909.0,1904.0,77.0,10.8035965717922
60016,1912.0,1888.0,10.0,3.81714183679135
259646,544.0,17.0,72.0,3.43181013055167
16944,82.0,146.0,3.0,2.5840252741937
258159,1899.0,1224.0,72.0,-1.58730806733803
342874,101.0,15.0,104.0,-8.2536866237612
187281,748.0,677.0,175.0,0.35797766523195
182342,1337.0,1887.0,174.0,-1.09396793683194
422901,136.0,1911.0,115.0,1.41789444708855
388983,195.0,1907.0,111.0,-8.27447251162017
25754,1904.0,1911.0,4.0,2.94752895443749
208126,1891.0,1224.0,178.0,-7.5043267423865
46099,1906.0,1183.0,6.0,0.166758944626797
267854,1891.0,1904.0,74.0,4.17673083742084
161332,1891.0,1896.0,168.0,0.794138570375483
13117,163.0,1886.0,2.0,1.82885196140565
28781,83.0,1900.0,4.0,-1.14756652999658
334129,1906.0,229.0,102.0,-3.28489710672983
106880,1879.0,1892.0,45.0,5.35092938791944
194869,655.0,1908.0,176.0,1.87345826983359
313994,1905.0,18.0,186.0,-0.416466848333964
333592,1899.0,164.0,102.0,3.85216478210927
260424,1913.0,1878.0,72.0,-6.19522640368843
213770,1879.0,1922.0,55.0,-6.56548698703044
314960,82.0,1913.0,186.0,0.210640036716221
214424,748.0,788.0,55.0,5.16327809782888
218921,101.0,1908.0,56.0,-7.72055172200564
435325,1431.0,1224.0,116.0,0.996315250953626
241483,147.0,1894.0,69.0,-1.20198604923598
58687,1920.0,83.0,9.0,-2.31754941319137
13642,101.0,1928.0,2.0,9.91879338249535
374902,1896.0,13.0,109.0,-6.12970190487649
193130,195.0,1916.0,176.0,-4.16895495828329
360594,544.0,1896.0,108.0,2.54261415406328
341671,1900.0,1887.0,104.0,0.487325781110139
13493,1332.0,1908.0,2.0,-5.77452989513953
193187,1893.0,1912.0,176.0,4.68268280937588
29888,1886.0,131.0,166.0,0.107941598548666
270785,1915.0,1912.0,74.0,1.29715223450695
190876,1342.0,1896.0,175.0,-7.62593887801482
267497,1912.0,1922.0,74.0,0.45499724155929
96291,1896.0,1927.0,44.0,2.57390841056477
68367,1430.0,1881.0,12.0,-6.20085132885502
304733,544.0,1910.0,98.0,-3.29633214212767
73130,1920.0,1911.0,13.0,3.39665969138538
185400,229.0,1891.0,174.0,-1.90951155289167
360896,1919.0,120.0,108.0,0.838583216110011
310614,1887.0,748.0,186.0,6.65801196374906
64070,1924.0,1912.0,10.0,2.74574415102615
263119,1889.0,1918.0,73.0,0.69806230831719
326383,47.0,5.0,101.0,-3.51059328210128
168452,1895.0,677.0,51.0,0.953927324244013
253794,1332.0,72.0,71.0,-2.36910627301726
106623,85.0,1894.0,45.0,0.949333048296083
11489,27.0,1923.0,2.0,2.69281778116249
257062,1896.0,1907.0,72.0,0.263762526176925
194746,1885.0,1893.0,176.0,-1.57406250912322
170739,544.0,1560.0,51.0,-0.0860012374505343
223441,1880.0,1224.0,57.0,-1.62248537480573
44863,1895.0,1907.0,6.0,-0.826092853104925
44687,1922.0,1927.0,6.0,-6.44510459169711
45286,1887.0,1881.0,6.0,-1.12590394278021
183894,1878.0,1909.0,174.0,-0.494121345180512
332088,1671.0,1914.0,102.0,4.45491296242587
427999,163.0,1902.0,115.0,6.12277007931257
319610,14.0,1886.0,99.0,-0.208600988101569
218287,1907.0,1911.0,56.0,-3.6881052853591
238186,3.0,1559.0,60.0,-5.94322640502271
73757,48.0,164.0,13.0,3.82403142358599
52103,1915.0,11.0,7.0,13.9059844338009
196287,229.0,544.0,176.0,2.07135030734682
61808,164.0,17.0,10.0,-4.29733136094546
327301,1908.0,13.0,101.0,-1.19027902911724
107240,748.0,1898.0,45.0,-12.1335805624089
7944,163.0,1927.0,1.0,2.76039469547461
267440,1331.0,131.0,74.0,-1.5524751896998
339803,160.0,1893.0,103.0,8.45625636618866
171250,1430.0,1928.0,51.0,-2.76894164275413
193676,1899.0,1431.0,176.0,1.49925126875807
373625,1920.0,164.0,109.0,0.574908709394642
369626,1897.0,1342.0,180.0,-4.12893467661686
425696,48.0,1908.0,115.0,-0.852135432927368
13880,136.0,1914.0,3.0,-14.2898274086968
249126,1877.0,164.0,70.0,6.63886437646322
113543,229.0,788.0,167.0,3.42292761605844
435111,101.0,15.0,116.0,-1.38373219670042
331337,1887.0,1909.0,102.0,1.60818798146528
18576,83.0,1900.0,3.0,1.17320639434301
263068,1900.0,1560.0,73.0,0.872926055739526
360700,20.0,1895.0,108.0,-5.69416361307874
416297,20.0,1884.0,114.0,-7.99975315036544
277498,15.0,131.0,75.0,-0.885348965701053
316120,47.0,1224.0,99.0,1.59824076053857
58142,27.0,1889.0,9.0,0.263887542477815
16809,20.0,1907.0,3.0,-6.22036598875143
415055,1897.0,1912.0,114.0,6.24336709162847
332453,1347.0,1887.0,102.0,-2.96715479221091
206028,163.0,1892.0,177.0,-8.5234842003758
191629,1906.0,1922.0,175.0,-2.10914536416919
31151,1889.0,1909.0,166.0,6.02201001915603
191223,82.0,1917.0,175.0,-5.43144843631636
24989,120.0,1896.0,4.0,3.31311741916953
69329,163.0,1348.0,12.0,-13.0826307507177
171605,1902.0,1882.0,52.0,3.72690782509063
230231,1559.0,136.0,58.0,-7.30002693239374
63992,1915.0,147.0,10.0,1.19307936680292
252503,1881.0,11.0,71.0,-1.40666323809687
32177,1342.0,195.0,166.0,-5.01885902309347
25556,5.0,1901.0,4.0,-0.937152894033784
645990,1183.0,1902.0,13.0,5.160740406153633
262697,1559.0,1560.0,73.0,-0.159754601061861
49469,1894.0,1908.0,7.0,1.03332634904967
220936,1337.0,1923.0,56.0,-7.59742671489093
18675,82.0,1919.0,3.0,7.73843600173899
325221,655.0,1890.0,100.0,2.84975721071187
11577,163.0,1923.0,2.0,-0.40581774286763
274142,1880.0,195.0,179.0,-2.06434121208753
182823,1889.0,1903.0,174.0,3.71543856531004
65528,1893.0,1890.0,12.0,-5.65797490365513
274555,48.0,47.0,179.0,8.46000328967977
7008,1905.0,1885.0,1.0,0.584202613838608
209486,1891.0,131.0,178.0,-6.92378545479748
210277,1878.0,1880.0,178.0,-3.36177630013766
263523,1880.0,1671.0,73.0,-2.56104703961815
175554,48.0,1224.0,52.0,1.10019238752452
424035,748.0,1671.0,115.0,-0.0978767249760934
29031,677.0,1902.0,4.0,-4.40755888517788
228219,655.0,1910.0,57.0,1.9038910568252
9641,1884.0,1892.0,2.0,-0.807081122454303
43506,72.0,1893.0,6.0,2.33028134969545
326437,1900.0,677.0,101.0,-1.19912915465715
47225,1926.0,1875.0,6.0,1.84095087791275
43972,1875.0,1921.0,6.0,-3.85113941358409
199396,136.0,120.0,54.0,0.691546421947316
256867,101.0,1183.0,72.0,16.5563053691764
230903,948.0,163.0,58.0,2.10760174264939
400911,1925.0,1912.0,112.0,8.13122482258428
341818,1882.0,1890.0,104.0,-0.0608159769454502
412829,1878.0,1887.0,114.0,-0.135633044303087
280380,83.0,11.0,75.0,-3.79091297125385
331951,1903.0,1901.0,102.0,3.82883808787903
16313,136.0,1918.0,3.0,0.29579854766345
169034,1920.0,1883.0,51.0,2.64625927300937
333094,1912.0,677.0,102.0,-5.43328811805857
185095,1337.0,131.0,174.0,-1.42028542275123
183887,1888.0,677.0,174.0,0.595012532315312
251142,1877.0,1899.0,71.0,2.56383986157118
336374,1875.0,1900.0,103.0,1.31680580206151
316623,677.0,1922.0,99.0,0.0940681259489762
326622,85.0,1914.0,101.0,-0.64412416434337
376280,48.0,1896.0,109.0,9.25100782264281
283709,1888.0,1893.0,77.0,-1.80811632864359
49017,1883.0,1923.0,7.0,6.05374532844153
645972,1888.0,1902.0,13.0,2.14145650325083
401322,544.0,1876.0,112.0,6.18925609735028
194133,1902.0,677.0,176.0,1.18441696980507
437422,1926.0,1917.0,116.0,-7.95792026525309
238834,544.0,1906.0,60.0,-0.204236611056686
49894,1889.0,131.0,7.0,0.0415656407369816
270774,1877.0,677.0,74.0,0.708749649418012
361384,1913.0,1876.0,108.0,8.84372346519332
248981,1906.0,1907.0,70.0,2.02467490016118
58030,1337.0,1896.0,9.0,1.22920748609642
268826,1911.0,1918.0,74.0,-5.03274206364005
320019,27.0,85.0,99.0,1.91590048169059
316702,72.0,1897.0,99.0,0.644763633594569
17502,1342.0,101.0,3.0,-4.81110795762871
283953,1875.0,195.0,77.0,-7.35071778745583
25537,948.0,131.0,4.0,-2.22824226631647
172778,1908.0,1911.0,52.0,-1.81405897258342
436275,1337.0,164.0,116.0,-4.76847545229566
56728,1671.0,1918.0,9.0,2.97377629530346
302233,3.0,1347.0,98.0,-1.35753895136064
177316,1885.0,1884.0,53.0,-1.93883186728826
357220,1922.0,1918.0,108.0,30.5100281548584
57945,1877.0,20.0,9.0,-9.94554806162732
108305,1925.0,85.0,45.0,8.57371916913752
340258,14.0,13.0,103.0,-0.968682851613256
227780,1920.0,1886.0,57.0,4.93831019850827
302038,1348.0,1890.0,98.0,0.924657661417088
25289,1183.0,136.0,4.0,-1.81285876115589
375897,1337.0,1891.0,109.0,1.78336607058261
18551,1926.0,1903.0,3.0,-5.6184411124936
45860,1917.0,1921.0,6.0,4.58392264983373
219945,1887.0,11.0,56.0,13.2458808710725
301530,1888.0,1921.0,98.0,-1.09300696306167
284632,1916.0,1918.0,77.0,7.1612683524304
299768,147.0,1888.0,98.0,2.23437451628656
319153,160.0,1918.0,99.0,2.91707580966317
278703,1875.0,1431.0,75.0,-2.70514669168539
271472,146.0,1928.0,74.0,0.75040446441103
236715,163.0,1922.0,60.0,1.29313745529527
232810,604.0,1917.0,58.0,-4.41616966161914
70770,146.0,1903.0,13.0,-7.24094873450096
13743,5.0,1902.0,2.0,-1.63918874033121
204147,72.0,1348.0,177.0,-1.5476223479577
260034,83.0,147.0,72.0,-2.70143628531362
73099,1881.0,1922.0,13.0,-14.8322298081635
68010,1926.0,1899.0,12.0,-2.99761665108374
271353,1925.0,1337.0,74.0,-12.8507773437098
70111,1876.0,1890.0,12.0,-0.473998197120911
102254,1892.0,1922.0,173.0,0.746010890076835
191321,1430.0,1559.0,175.0,-3.55584792887449
327999,1900.0,1887.0,101.0,-22.0259198650595
71823,1906.0,1887.0,13.0,2.69566706961687
334146,1342.0,1881.0,102.0,-10.0420169959808
333046,1899.0,17.0,102.0,-0.416598309869814
271209,1926.0,1882.0,74.0,5.04264352475719
201653,48.0,136.0,54.0,1.47048190822541
109948,160.0,1342.0,45.0,4.50154827095341
7339,3.0,101.0,1.0,9.86714617284525
197580,1896.0,1901.0,54.0,1.57985052701926
25133,1909.0,11.0,4.0,-1.47171533587758
271774,748.0,1921.0,179.0,1.97048101372641
401078,1876.0,1430.0,112.0,5.45955309889373
276734,1906.0,1902.0,179.0,4.27802731913658
31329,1887.0,72.0,166.0,-0.741000103557091
185925,1924.0,48.0,174.0,-5.19422956480592
180329,1925.0,101.0,53.0,25.7831784341906
220189,948.0,150.0,56.0,0.141598377346902
167193,748.0,11.0,51.0,1.48520959614101
252183,120.0,1918.0,71.0,-12.7135522504209
314349,1915.0,1888.0,186.0,2.68327969993436
221628,20.0,101.0,56.0,-4.53300847390566
195936,1337.0,18.0,176.0,6.58084801324755
302547,544.0,1908.0,98.0,-6.28626023312436
10029,1909.0,1900.0,2.0,5.53663176809297
264957,229.0,20.0,73.0,-3.02275772444009
209117,1888.0,1903.0,178.0,2.10393638248828
14834,101.0,1914.0,3.0,-4.48486587875779
29561,1883.0,1890.0,166.0,-2.77016501284074
322077,1902.0,1910.0,100.0,1.48333673747396
11221,147.0,11.0,2.0,-0.540766689588033
233955,1896.0,1348.0,60.0,2.58889271383874
185568,1925.0,1918.0,174.0,11.3235058177867
325891,163.0,1910.0,101.0,-8.43290518498863
323413,1430.0,1183.0,100.0,1.15662737348404
648618,1904.0,1902.0,54.0,5.109142681781485
72532,195.0,15.0,13.0,3.25238775619048
303814,1877.0,1904.0,98.0,0.423563428142958
435831,748.0,1927.0,116.0,-2.19124162431149
115522,85.0,1928.0,167.0,-8.30064716782741
63655,604.0,101.0,10.0,9.35433148778738
16038,1895.0,1883.0,3.0,-2.24685198316149
282835,1912.0,11.0,77.0,-5.52022955047301
69837,229.0,1876.0,12.0,18.3110659414711
61512,15.0,1922.0,10.0,-8.0197539245696
212418,14.0,1890.0,178.0,-0.339475157743355
333644,1925.0,160.0,102.0,0.652723653205719
259329,1905.0,1909.0,72.0,-5.18795437282637
243171,1900.0,1914.0,69.0,3.85465463689138
191065,160.0,544.0,175.0,-3.42436026001818
66251,1908.0,1918.0,12.0,-3.56327232727356
49414,948.0,1348.0,7.0,-0.208010738332147
434919,1886.0,1882.0,116.0,-0.839526155065246
166885,146.0,1909.0,51.0,21.073675163986
198458,1905.0,1332.0,54.0,-7.00156708715155
103344,160.0,1183.0,173.0,2.3074372623427
219688,1902.0,1918.0,56.0,1.18061428961957
166349,1348.0,1927.0,51.0,1.96786324037443
75390,1913.0,20.0,13.0,2.26752862632792
164044,229.0,1898.0,168.0,-6.111699071748
14665,1880.0,195.0,3.0,2.21556732314507
345451,1877.0,1917.0,104.0,-0.830896341847002
357571,15.0,1927.0,108.0,0.340079698302885
417520,1919.0,1908.0,114.0,5.86817777002554
255504,655.0,1921.0,71.0,-0.971055026367209
271925,1878.0,1909.0,179.0,-1.146215812802
161413,1886.0,1914.0,168.0,-3.50970007838446
273644,1879.0,788.0,179.0,-2.38542190581856
276223,1337.0,1878.0,179.0,7.95065999242939
329316,604.0,5.0,101.0,5.92884315391189
220671,1224.0,788.0,56.0,3.14634443785443
268774,5.0,1917.0,74.0,-35.4306926254915
311053,1879.0,677.0,186.0,-5.67578620597578
33748,3.0,1876.0,166.0,0.308990427848778
327538,47.0,72.0,101.0,7.3494917744348
267995,1183.0,136.0,74.0,-0.845606480611446
63057,48.0,1887.0,10.0,4.54870536290121
15960,1891.0,1922.0,3.0,5.43359671437386
249790,1332.0,1889.0,70.0,-9.60543396891789
282512,748.0,1896.0,77.0,-1.09299137098386
185395,604.0,1891.0,174.0,-2.20260292406464
179145,1431.0,1889.0,53.0,1.11452631716943
282222,15.0,17.0,77.0,5.99538489837999
9274,1884.0,1886.0,2.0,5.28722107663056
106079,1224.0,788.0,45.0,0.928076524581632
27754,544.0,1884.0,4.0,3.18350698147542
262825,1899.0,1895.0,73.0,1.28702344398432
214321,1899.0,1889.0,55.0,-16.1306962914556
200836,82.0,101.0,54.0,1.79921490180206
183726,101.0,1914.0,174.0,2.32016691746948
161638,1903.0,1671.0,168.0,2.5209335703461
182260,1559.0,1875.0,174.0,-1.13963789830595
218457,11.0,1901.0,56.0,-17.0420543827942
47148,1924.0,1879.0,6.0,-0.73708106765069
74284,1877.0,17.0,13.0,1.19283402467176
269188,3.0,1908.0,74.0,-1.89746027921287
4156,1431.0,1882.0,1.0,2.58743655412084
55731,147.0,1916.0,9.0,-6.31440097273419
343763,748.0,1903.0,104.0,1.58203940873007
220681,85.0,1560.0,56.0,16.9388237560433
183739,131.0,1918.0,174.0,0.942837240673056
427346,48.0,1886.0,115.0,6.8451241745805
367519,1885.0,1897.0,180.0,-0.399573985335386
86870,147.0,1671.0,172.0,3.01537369569683
170626,3.0,83.0,51.0,4.46139173639858
400870,1905.0,1918.0,112.0,3.94414837690638
221287,1926.0,1880.0,56.0,-0.572880443468465
164389,1913.0,1916.0,168.0,1.45228445857543
263886,160.0,85.0,73.0,-7.41565354258676
357741,1902.0,788.0,108.0,1.04124615603272
74083,160.0,146.0,13.0,3.92228430003994
31529,948.0,677.0,166.0,0.418107233729663
284803,1880.0,1908.0,77.0,-3.99291690717314
312480,1347.0,1911.0,186.0,2.00758172743641
161345,1887.0,1916.0,168.0,2.09094849706165
417193,163.0,1876.0,114.0,16.8269125561389
111998,948.0,136.0,167.0,-0.779719919513569
417133,1877.0,1886.0,114.0,4.30173824005865
264967,3.0,1895.0,73.0,-2.26374879603787
161046,1671.0,1897.0,168.0,0.861634153067903
285361,229.0,1885.0,77.0,-0.393131690796526
266830,1899.0,1887.0,74.0,4.06015822608307
112094,1903.0,1671.0,167.0,-3.26316951681239
302726,1342.0,1923.0,98.0,-1.59957702962061
227020,655.0,1891.0,57.0,-2.01564976177505
369844,1920.0,1922.0,180.0,5.30845578944136
310203,85.0,1882.0,186.0,-0.874392573985213
435202,1224.0,1914.0,116.0,1.18468533265823
190654,1924.0,1884.0,175.0,1.10401972410848
397021,1348.0,1907.0,112.0,-0.469103286048587
29532,1877.0,1332.0,166.0,-1.95118395432046
301588,150.0,1927.0,98.0,-0.0902241967615024
249655,655.0,11.0,70.0,-0.292304997134078
43551,101.0,1889.0,6.0,6.76670387898224
332352,1908.0,1921.0,102.0,2.83361504030973
345983,229.0,748.0,104.0,-0.402532826264208
311849,1884.0,1890.0,186.0,-2.24208735397684
28188,1924.0,1559.0,4.0,0.972665833774075
87964,136.0,1911.0,172.0,0.134177481808114
400371,1915.0,1884.0,112.0,-0.43438669104415
399488,3.0,85.0,112.0,4.49051046688809
401716,1889.0,1928.0,112.0,-4.64893999234981
265830,1925.0,1911.0,73.0,0.920734649718927
24828,1884.0,1911.0,4.0,-0.34777838442832
220665,146.0,1914.0,56.0,-1.862827647018
417639,1910.0,1902.0,114.0,3.63399406711791
109228,1926.0,101.0,45.0,30.051160467199
335887,163.0,1337.0,102.0,0.376718602765288
24735,1903.0,17.0,4.0,0.347812436940587
249565,27.0,1884.0,70.0,-4.77786460580904
311054,1894.0,17.0,186.0,7.52437638940397
269111,1902.0,677.0,74.0,2.9568983714711
222033,655.0,13.0,56.0,-4.16037427118523
25517,85.0,11.0,4.0,-1.89539052464818
50456,1906.0,150.0,7.0,3.05445801714146
205376,604.0,788.0,177.0,5.22565025472913
3661,1877.0,1887.0,1.0,8.21141723266131
323613,20.0,1881.0,100.0,-9.79020853989488
72794,101.0,1895.0,13.0,0.005559440372172
191115,1877.0,147.0,175.0,-1.50939510870864
283746,5.0,1917.0,77.0,-48.3617390986235
66649,20.0,1911.0,12.0,1.65052279832314
190458,1337.0,11.0,175.0,0.903975867514236
222707,3.0,748.0,56.0,8.43600642800326
223100,20.0,1902.0,56.0,4.1527236506154
337770,1895.0,47.0,103.0,0.0852555702438239
109518,1919.0,1895.0,45.0,1.2216120925279
324702,655.0,544.0,100.0,2.32503518375781
48603,82.0,1911.0,7.0,2.01638807272887
186730,136.0,1928.0,174.0,-2.20906224103812
376557,655.0,48.0,109.0,16.6748415867505
423023,1891.0,1898.0,115.0,-0.761434857275282
7320,1925.0,17.0,1.0,-4.55032274630469
311251,136.0,1888.0,186.0,-4.82661675368999
10291,748.0,11.0,2.0,1.56496227632773
425220,1894.0,1918.0,115.0,-0.335975046314394
102184,1880.0,1888.0,173.0,4.10896761220324
374369,1888.0,131.0,109.0,-2.53630569309588
59307,1924.0,1928.0,9.0,1.60625089745462
337025,1881.0,1560.0,103.0,26.7852261891481
274854,1924.0,72.0,179.0,0.0684585027608136
4696,1915.0,1910.0,1.0,-0.997776024750913
435572,1878.0,1896.0,116.0,1.54290755259524
46966,20.0,1879.0,6.0,-17.7544662242502
88384,1342.0,1894.0,172.0,-2.30737000141205
220921,83.0,1894.0,56.0,-7.96860298151982
285470,14.0,1880.0,77.0,-8.43357765723627
287093,1909.0,1928.0,77.0,-2.22506172956782
68415,48.0,164.0,12.0,8.5294888250325
284580,948.0,1891.0,77.0,-3.59325972540231
13833,1883.0,1347.0,3.0,-2.52716398469874
182215,1560.0,1914.0,174.0,-4.16365581320138
232493,1925.0,1918.0,58.0,2.75162600825107
60892,1888.0,1896.0,10.0,-4.21576078462446
318602,1926.0,1914.0,99.0,-1.34242423087765
98011,1884.0,13.0,44.0,2.263693798035
110048,163.0,1900.0,45.0,6.08867821487197
251032,1671.0,1882.0,71.0,-0.702470679641161
270903,163.0,1886.0,74.0,-0.299499952492387
216177,1913.0,1880.0,55.0,-9.78841231381004
228701,1894.0,1923.0,58.0,-0.744333600682606
331923,748.0,1904.0,102.0,-5.62088407870107
112119,1875.0,1903.0,167.0,-5.35521064087937
414933,1887.0,1903.0,114.0,2.33125324837345
400663,1342.0,1918.0,112.0,-3.70823468491719
34302,1877.0,1928.0,166.0,-0.440724124553244
414627,1890.0,1923.0,114.0,1.47759241638819
236612,1891.0,1914.0,60.0,-1.49131637639722
8959,1894.0,1921.0,2.0,10.9152328736897
198977,1916.0,1923.0,54.0,-0.175361144651834
31708,1904.0,677.0,166.0,7.16158156198269
60991,146.0,1910.0,10.0,0.770743871268704
217677,544.0,1910.0,55.0,-1.97485056247651
342792,948.0,146.0,104.0,0.13900405574282
228716,1894.0,1348.0,58.0,-1.70315330762786
28442,1876.0,1927.0,4.0,-4.6159895723365
47383,1430.0,1888.0,6.0,2.9052797044528
246253,101.0,1892.0,70.0,0.576051379710721
99358,3.0,1896.0,44.0,-1.7737972134644
176356,14.0,1921.0,52.0,-8.58878979124633
194659,150.0,1911.0,176.0,-3.81946149239641
73759,1926.0,164.0,13.0,3.28217098427222
269125,195.0,1916.0,74.0,-1.30993746548384
90108,14.0,1900.0,172.0,8.43601805146443
52304,229.0,1895.0,7.0,7.00173082604672
248124,1919.0,1898.0,70.0,-0.234434006919551
261370,1898.0,1917.0,73.0,0.088530710968656
72085,1559.0,18.0,13.0,1.70534780334181
242136,1875.0,1881.0,69.0,-9.43011296119133
243819,1342.0,1881.0,69.0,-7.41405785519437
31564,101.0,1918.0,166.0,-3.9215734850902
17628,1337.0,1889.0,3.0,-21.0433558430224
28051,1920.0,1889.0,4.0,-7.92432996404689
191966,82.0,1902.0,175.0,-6.12824461285148
185659,160.0,1896.0,174.0,0.558830686633546
170610,1905.0,1559.0,51.0,-3.08731690574189
238982,948.0,1928.0,60.0,-0.446697130370233
327947,1348.0,11.0,101.0,-1.28967751906748
254941,1913.0,13.0,71.0,2.10039757988133
27768,655.0,1895.0,4.0,1.23255188513258
191979,14.0,1902.0,175.0,-6.84135782991214
282116,1671.0,1893.0,77.0,2.62921272783222
178063,18.0,1918.0,53.0,2.43340659216617
233580,1902.0,1902.0,58.0,0.107691144008539
61383,1886.0,1894.0,10.0,1.73795441928856
49264,1875.0,1914.0,7.0,3.80043850065554
223278,1560.0,1895.0,57.0,3.5801333554093
15308,1912.0,1917.0,3.0,-0.356503705320164
163196,1879.0,1875.0,168.0,-2.65113474714699
433278,1884.0,11.0,116.0,2.51266587096666
246360,1887.0,1896.0,70.0,1.71701222378835
254024,1337.0,1331.0,71.0,-25.3869052634797
33614,83.0,748.0,166.0,-9.95645772661515
188625,1183.0,1903.0,175.0,18.3886626711768
400867,3.0,1430.0,112.0,6.05292752392915
275650,544.0,1879.0,179.0,12.0832870772229
266570,72.0,1897.0,74.0,3.45196957934346
413221,1885.0,131.0,114.0,-2.24622181809037
328923,1920.0,1880.0,101.0,-3.59107401004545
312445,1903.0,11.0,186.0,9.17607331234608
27492,1919.0,17.0,4.0,-1.06203798867526
304755,160.0,1925.0,98.0,3.05164102522596
625335,1888.0,1902.0,172.0,-7.9191210604505
372104,1342.0,1902.0,180.0,-4.90892910023933
44369,1912.0,1923.0,6.0,2.85692952458855
304693,1919.0,1908.0,98.0,4.04316447872654
320258,17.0,1902.0,99.0,2.39421486622694
341054,604.0,1337.0,103.0,-2.96402976112787
28337,14.0,1671.0,4.0,3.08994546416597
277559,1920.0,1347.0,75.0,-1.46332481681898
265298,1924.0,544.0,73.0,5.80143302888637
369182,1893.0,1900.0,180.0,-2.04359686514516
334855,1926.0,13.0,102.0,-3.66375827779373
61318,1887.0,131.0,10.0,2.69730657338443
100119,604.0,1878.0,44.0,3.1614071179106
400602,14.0,1889.0,112.0,-4.9154779192339
56661,1332.0,1911.0,9.0,-3.2258300341554
168740,1900.0,1911.0,51.0,-5.29492157079752
107065,85.0,1916.0,45.0,-4.27783994928066
282859,1909.0,1900.0,77.0,8.33941835473785
208280,948.0,1882.0,178.0,-1.50469761417195
256787,677.0,788.0,72.0,4.10078890024411
423807,1889.0,1908.0,115.0,-0.111538864989225
176850,146.0,13.0,53.0,-0.757255270285054
110992,136.0,1883.0,167.0,-1.42364474409001
207800,1347.0,1908.0,178.0,-3.79458696165409
338024,1348.0,1890.0,103.0,1.65560422445805
252741,1895.0,5.0,71.0,-5.03527202165618
272324,1347.0,136.0,179.0,-1.33077521849078
34178,14.0,1902.0,166.0,-2.51615328990851
180149,1919.0,1879.0,53.0,-5.7832880952987
424333,1882.0,11.0,115.0,0.357892584232319
426577,1926.0,1892.0,115.0,0.748184133977898
190322,1913.0,1914.0,175.0,-10.0961078564955
179057,101.0,1881.0,53.0,8.91694576046674
196946,1877.0,18.0,176.0,2.49392757963444
273919,948.0,11.0,179.0,-1.24258020852835
3948,1879.0,1923.0,1.0,-5.44306914570349
17602,27.0,544.0,3.0,-0.281286049104032
318652,14.0,1880.0,99.0,-0.777282066656993
18526,20.0,1900.0,3.0,-5.41245713580792
228727,1883.0,1431.0,58.0,8.0426706414365
248838,1926.0,1907.0,70.0,-7.16036952412601
32439,229.0,1881.0,166.0,-1.18097959922367
46912,82.0,1431.0,6.0,7.12592009970724
267018,1224.0,131.0,74.0,-5.52460617904583
184635,1924.0,195.0,174.0,1.42088749054929
17857,544.0,1348.0,3.0,-4.99507623782077
426876,544.0,13.0,115.0,-1.73686068530371
201757,1926.0,1332.0,54.0,2.2663010522732
250218,1915.0,120.0,70.0,-1.56380301358821
48810,1671.0,1892.0,7.0,-0.290148022798235
33750,544.0,1876.0,166.0,4.79729265722819
376360,1332.0,1895.0,109.0,-1.94716181513648
162305,1888.0,748.0,168.0,-0.247943342482233
318005,1559.0,1348.0,99.0,-0.887855783786847
70595,5.0,1921.0,13.0,3.19405609378437
244879,544.0,147.0,69.0,0.613121636430033
317192,677.0,1901.0,99.0,-3.82421418406976
167953,1909.0,1922.0,51.0,-0.657424101661793
95887,1431.0,11.0,44.0,2.56236454398174
329150,1924.0,604.0,101.0,4.62540365467201
401288,27.0,1882.0,112.0,8.90018053722161
415815,1906.0,1331.0,114.0,-0.554541510543375
49370,1347.0,1331.0,7.0,-1.15481700500483
33603,14.0,1559.0,166.0,-0.126872408194164
243470,655.0,1883.0,69.0,-2.85270608365131
212078,163.0,1342.0,178.0,-2.08403393618004
401834,1907.0,1902.0,112.0,-1.19522359892356
301202,788.0,1927.0,98.0,0.454219022967913
216857,1924.0,1889.0,55.0,-6.20799544835483
267077,1902.0,1919.0,74.0,3.10805902193572
204172,1342.0,1910.0,177.0,-2.93728348842227
252704,1875.0,1917.0,71.0,-1.83661590946013
302793,1913.0,164.0,98.0,-0.693746798873776
97627,1884.0,1927.0,44.0,-3.80540161227253
86161,1886.0,1224.0,172.0,-3.60705511378137
253949,1913.0,1883.0,71.0,-0.592723964359302
115375,544.0,1906.0,167.0,1.35344302539964
214968,1431.0,1894.0,55.0,8.91053576931492
65623,164.0,195.0,12.0,-5.37871879023894
401228,1905.0,748.0,112.0,10.4904805714119
197011,544.0,1337.0,176.0,5.36491683742557
34004,48.0,1906.0,166.0,-20.2770931633243
373922,1902.0,1922.0,109.0,0.22850454168786
189475,1183.0,1900.0,175.0,5.75480298616928
8769,1886.0,1917.0,2.0,-1.39191428238215
241209,1912.0,677.0,69.0,3.1278266026005
57601,1926.0,1913.0,9.0,3.92107071999017
101058,147.0,150.0,173.0,4.41468392614443
368283,1886.0,1883.0,180.0,2.34242544328196
368185,1891.0,72.0,180.0,3.09048962790433
102271,1885.0,11.0,173.0,-1.81900625200591
192002,1908.0,1902.0,175.0,-9.49991023261066
257140,1183.0,1882.0,72.0,1.60356367729862
72466,1348.0,17.0,13.0,2.99926209125567
7816,1925.0,1559.0,1.0,10.9956872931179
251452,1916.0,131.0,71.0,2.70359114217798
6982,1342.0,5.0,1.0,-4.15305796919156
274199,1902.0,677.0,179.0,-1.95712367215946
225000,1893.0,1224.0,57.0,2.43559553860912
219196,1894.0,13.0,56.0,-9.46490477446457
415829,1919.0,1331.0,114.0,-0.432669076211021
73402,1430.0,788.0,13.0,1.20811313137788
436429,20.0,229.0,116.0,-5.73954309938073
29967,1886.0,1897.0,166.0,-1.87380614087231
180212,160.0,655.0,53.0,5.24479343936568
71234,1559.0,1883.0,13.0,-5.51828205473494
163775,163.0,47.0,168.0,3.64388710416635
414958,1888.0,5.0,114.0,3.80713664675704
207125,20.0,1900.0,177.0,-1.13860883253854
200250,1332.0,1883.0,54.0,-0.791044432297154
88858,1905.0,1892.0,172.0,0.286708690821328
181333,1915.0,85.0,53.0,2.26275396013937
273497,1431.0,5.0,179.0,1.49676989289854
56590,1904.0,1921.0,9.0,-4.54617045960136
269578,604.0,1887.0,74.0,1.74377693873262
320601,1912.0,748.0,100.0,-1.3869765973524
285461,1913.0,131.0,77.0,-2.69011049970257
635338,1885.0,1902.0,179.0,-1.6663160443769798
316448,101.0,1671.0,99.0,-3.43417950566647
399847,604.0,1898.0,112.0,-1.84401910222732
195347,1924.0,1916.0,176.0,7.32510497019787
302631,1924.0,47.0,98.0,5.31516852872332
214551,1559.0,18.0,55.0,1.40823947678692
344437,20.0,1881.0,104.0,-3.46938113641099
359950,1430.0,146.0,108.0,9.44154364696187
101939,85.0,1224.0,173.0,-2.40913420518792
13000,163.0,1888.0,2.0,2.16191860041671
234097,1880.0,1883.0,60.0,1.02085492206183
13912,146.0,147.0,3.0,1.55589096379332
179788,1924.0,1880.0,53.0,-1.64108393883018
108079,1895.0,150.0,45.0,2.066038363695
414389,15.0,788.0,114.0,-6.16640105378604
187328,1904.0,1348.0,175.0,-0.331767663476096
14230,1916.0,1890.0,3.0,-1.14398842020005
268454,948.0,1671.0,74.0,3.42622513573752
258342,948.0,131.0,72.0,-0.34316788793286
49777,147.0,1895.0,7.0,0.0091818728984068
337134,1897.0,1919.0,103.0,3.06779308114357
330891,136.0,5.0,102.0,-2.54564699402127
286352,83.0,136.0,77.0,-2.38910135876283
244679,27.0,147.0,69.0,2.88566706833465
68006,1925.0,1899.0,12.0,6.03926068065633
278149,1917.0,1892.0,75.0,-21.8088204819226
216204,1906.0,1892.0,55.0,6.86918125210081
230291,1560.0,1927.0,58.0,-1.97494505908293
325496,3.0,1928.0,100.0,-4.88444330231047
222420,20.0,1886.0,56.0,-3.31566529294058
271765,1337.0,1899.0,179.0,-0.0120145667121766
202549,1883.0,131.0,177.0,-2.18461011348853
345665,1430.0,20.0,104.0,-5.3029812870877
376108,229.0,1895.0,109.0,1.81796036117157
16277,1897.0,1890.0,3.0,2.44366236556294
229316,150.0,1896.0,58.0,-3.7675896931273
72169,1917.0,1910.0,13.0,-10.9679029312023
69619,1332.0,1912.0,12.0,-0.644863828616385
193294,1889.0,1903.0,176.0,-0.881516598765412
54432,136.0,150.0,9.0,0.934777339868936
212785,1347.0,1921.0,55.0,-12.0990397681416
361371,1913.0,1560.0,108.0,-3.03524621821664
177260,1880.0,47.0,53.0,-6.24101074812097
24688,1348.0,1892.0,4.0,2.06335466603788
227847,48.0,1332.0,57.0,15.7562516574242
172905,1875.0,1891.0,52.0,0.668625496498934
397698,1331.0,1911.0,112.0,-0.632137379432079
173406,1880.0,1910.0,52.0,0.40811420436543
220403,1876.0,1910.0,56.0,5.97952280845253
18156,1924.0,1920.0,3.0,-2.28838207763427
229222,1904.0,1560.0,58.0,-1.54266820601616
268134,85.0,1889.0,74.0,-1.48623597864362
391098,1342.0,14.0,111.0,-5.73631666163868
9227,1904.0,1431.0,2.0,5.45089639054179
88874,1332.0,17.0,172.0,2.71907566135255
317486,948.0,1882.0,99.0,-3.63904679590905
18563,1924.0,1882.0,3.0,-5.30813622625481
316799,1880.0,1881.0,99.0,4.24749395714825
14664,1903.0,15.0,3.0,1.03155831407052
208490,1903.0,1907.0,178.0,-7.13773933190002
200762,27.0,1914.0,54.0,-2.22087125664936
18680,1342.0,18.0,3.0,-1.28290811309465
207421,1908.0,1928.0,177.0,-1.79182406022436
361095,1337.0,1559.0,108.0,-8.56176228804337
49804,1917.0,1892.0,7.0,-7.19873774264629
169769,1332.0,1891.0,51.0,-3.27285630661427
343586,1875.0,1880.0,104.0,-2.0957717732718
264641,82.0,1880.0,73.0,-1.08184732156766
331613,1875.0,72.0,102.0,-5.35958407160118
216041,163.0,1885.0,55.0,-0.238104688995012
248064,1885.0,1921.0,70.0,5.77211634604707
437994,604.0,1906.0,116.0,2.30366074015444
283313,748.0,1904.0,77.0,1.26041550538101
237112,163.0,72.0,60.0,-0.154223230903292
275682,1920.0,1875.0,179.0,-9.8805074705668
230433,1559.0,101.0,58.0,5.33851190114591
417441,1924.0,1882.0,114.0,2.81761233344232
271245,1915.0,1560.0,74.0,-1.73050955260023
238684,160.0,1890.0,60.0,3.88341398650049
328541,1925.0,47.0,101.0,7.7236432929455
60392,1893.0,1927.0,10.0,-6.46094250847005
230887,1342.0,1347.0,58.0,-9.39033836856236
171291,160.0,1928.0,51.0,18.7296853931757
433971,1899.0,1881.0,116.0,-0.0561760436515958
216987,82.0,1888.0,55.0,-3.04142063431438
372152,1918.0,1928.0,180.0,1.49309680435019
17892,1337.0,1918.0,3.0,-13.2035578325095
270955,1925.0,1332.0,74.0,-0.930464646861596
214533,1905.0,1887.0,55.0,6.21304575181076
336146,1895.0,1431.0,103.0,4.9349493101176
277616,1889.0,1911.0,75.0,-1.53698850804352
56772,1559.0,150.0,9.0,4.12659615310941
262230,1902.0,1908.0,73.0,-1.68134276666647
243537,1924.0,195.0,69.0,4.624852413212
98950,1337.0,101.0,44.0,-11.6893265805785
413832,1431.0,1914.0,114.0,4.54714253721899
281084,655.0,48.0,75.0,15.6576063678043
62731,20.0,1923.0,10.0,-5.87922325700443
286050,1925.0,1879.0,77.0,1.52108930095993
5025,146.0,131.0,1.0,2.4072641414911
49923,1895.0,1560.0,7.0,-2.83263602909681
114502,82.0,1895.0,167.0,0.887092203996892
333308,948.0,1925.0,102.0,-0.0269850962175933
25564,1884.0,1904.0,4.0,0.229296442453209
17828,163.0,1348.0,3.0,-9.66946255452803
389223,1876.0,1183.0,111.0,-0.123154885000805
254828,82.0,1895.0,71.0,1.20597159312476
28121,48.0,1912.0,4.0,5.44349715747517
161226,85.0,1904.0,168.0,-1.36148739018365
241664,1909.0,1922.0,69.0,0.577563486070522
54855,1431.0,18.0,9.0,-0.273992735535659
266046,3.0,1337.0,73.0,7.60735862728608
215455,1915.0,47.0,55.0,-2.4129717985497
401076,655.0,1927.0,112.0,-0.878072314397649
64104,604.0,1917.0,10.0,-4.34320995742449
25642,1890.0,1901.0,4.0,-4.40002057480713
196604,1919.0,1906.0,176.0,10.4028793540715
219709,1431.0,1882.0,56.0,2.24880704217554
257361,1347.0,1884.0,72.0,-11.0438487423313
236722,229.0,85.0,60.0,-4.83658991010173
371683,163.0,748.0,180.0,-0.167022114067839
113488,229.0,195.0,167.0,0.162409753712056
264654,1430.0,1914.0,73.0,0.0601184911601792
46260,20.0,164.0,6.0,-4.13490187285704
212821,17.0,1918.0,55.0,-0.877211823212621
32010,83.0,1904.0,166.0,1.73433023995065
17005,1920.0,1916.0,3.0,0.849006096924207
195799,163.0,1893.0,176.0,4.80542869175656
303783,655.0,1877.0,98.0,14.7400069154676
191584,1925.0,1911.0,175.0,0.731577710421917
184095,1875.0,1894.0,174.0,-2.11974696155428
220910,83.0,788.0,56.0,-0.484426199804299
316833,1899.0,146.0,99.0,1.23965280971118
4754,1881.0,1671.0,1.0,-2.88493431388604
415320,1879.0,195.0,114.0,-4.71144020852626
45214,1885.0,1671.0,6.0,-4.32057580152032
100175,20.0,1900.0,44.0,5.87768737284788
26225,1899.0,1898.0,4.0,-1.8784061391062
26517,120.0,1224.0,4.0,0.787574526755185
389391,1876.0,1881.0,111.0,1.73743171750492
24567,1431.0,1907.0,4.0,-1.26452680050767
46094,20.0,1183.0,6.0,-2.6883379208423
360608,160.0,1879.0,108.0,4.07242271957541
50334,150.0,1918.0,7.0,1.45123950246633
282473,1896.0,1889.0,77.0,3.01248462985905
205745,1915.0,1909.0,177.0,-13.6090589129448
232790,1925.0,1224.0,58.0,-1.90908541150525
171160,1918.0,1902.0,51.0,5.0763259572636
328750,1337.0,164.0,101.0,1.3610338060421
62172,1887.0,1918.0,10.0,0.643918115644985
8835,1875.0,748.0,2.0,1.28238997152779
231214,101.0,1917.0,58.0,6.87090105405038
74338,1925.0,17.0,13.0,-0.650848733485972
168841,15.0,1914.0,51.0,8.60816317584993
400944,1926.0,544.0,112.0,4.07367030878314
343889,948.0,1903.0,104.0,-0.486355013726212
52447,1332.0,1348.0,7.0,-4.50891151764647
286675,3.0,748.0,77.0,5.21514919242585
283110,1894.0,1882.0,77.0,3.24593941203677
12818,1925.0,1917.0,2.0,-8.87027327026887
318119,1913.0,1894.0,99.0,-5.45062578620269
425749,604.0,47.0,115.0,6.04279819869886
397823,1183.0,164.0,112.0,7.08996302030112
49021,1887.0,1889.0,7.0,-8.97525946867916
175194,1924.0,1884.0,52.0,2.20411275679243
357406,1224.0,1916.0,108.0,1.84722302078728
327576,1560.0,1911.0,101.0,2.05661449193702
220944,27.0,1923.0,56.0,5.59333838733148
99098,3.0,1891.0,44.0,-7.08015148216553
6992,1430.0,131.0,1.0,-0.848293230914993
241841,1880.0,1921.0,69.0,-8.25565073957307
47415,1876.0,136.0,6.0,-2.30086016148254
67583,948.0,15.0,12.0,0.23939934424508
276740,1900.0,1928.0,179.0,-0.984291134343616
360475,14.0,1896.0,108.0,-3.56205406234379
33476,1905.0,120.0,166.0,-0.752750977931821
112141,150.0,1914.0,167.0,6.28703866587052
198436,1560.0,1910.0,54.0,-0.719173873844465
279936,1430.0,1881.0,75.0,-1.44299908657071
198840,1904.0,1914.0,54.0,1.39839913294785
269142,163.0,1906.0,74.0,0.451809339143327
169106,163.0,1923.0,51.0,-0.321137703489555
377284,1888.0,1928.0,109.0,3.36966083281023
212021,160.0,136.0,178.0,-2.5565492333557
74891,1342.0,147.0,13.0,4.02909915278094
230011,1905.0,150.0,58.0,-6.93398839283869
182946,1919.0,47.0,174.0,12.0564193245297
337960,1883.0,150.0,103.0,-4.75131237980898
214065,1920.0,1332.0,55.0,-0.42697337156084
30078,47.0,1923.0,166.0,2.19278970188272
370939,20.0,18.0,180.0,-3.74317363785762
284626,1331.0,147.0,77.0,-1.75423632715704
66504,1224.0,11.0,12.0,-4.81518561302361
70737,1894.0,1431.0,13.0,4.5568768882868
273494,1881.0,13.0,179.0,-7.2485270788169
44563,101.0,15.0,6.0,-3.03840549109453
202907,150.0,1560.0,177.0,3.00806219462888
255300,604.0,83.0,71.0,-2.92728515529137
301827,1897.0,1890.0,98.0,1.60244195483013
279219,1908.0,1882.0,75.0,0.532957732612098
195738,20.0,677.0,176.0,-4.76450849535054
377358,1901.0,1902.0,109.0,-5.9427201242121
327725,195.0,1921.0,101.0,11.6805752265308
234693,164.0,1922.0,60.0,2.81365334376444
388242,1907.0,1927.0,111.0,1.47717184356489
390156,1920.0,1915.0,111.0,-1.35302832638073
95905,85.0,1898.0,44.0,1.64341759774127
335059,1906.0,1918.0,102.0,-3.41895875559252
258757,3.0,47.0,72.0,-6.60489752694195
275003,544.0,1914.0,179.0,4.37173948698031
332315,1907.0,18.0,102.0,3.74684040621078
17584,229.0,20.0,3.0,-2.10956511470971
235468,1912.0,1923.0,60.0,0.72291797527044
179741,1924.0,164.0,53.0,10.7314667456402
221379,160.0,1916.0,56.0,4.17802681175121
113895,1906.0,1904.0,167.0,4.55826549900671
199899,1878.0,17.0,54.0,5.30017673000526
356846,150.0,1916.0,108.0,-5.46630017514573
103505,655.0,1919.0,173.0,7.86567049211828
269441,229.0,788.0,74.0,0.980664778652881
312959,1332.0,788.0,186.0,-3.53494907087129
200751,1905.0,1914.0,54.0,-3.01537748071847
272209,1895.0,131.0,179.0,1.67904187917384
4592,72.0,1914.0,1.0,1.05913208278047
332301,1912.0,1671.0,102.0,2.02259236677153
65245,1347.0,1889.0,12.0,-7.74271912331117
75481,1905.0,1908.0,13.0,-8.71765799898541
99688,83.0,1886.0,44.0,2.40613377575025
63394,544.0,5.0,10.0,6.56792609748696
319675,544.0,1920.0,99.0,-0.785315513871611
316477,1560.0,15.0,99.0,-1.73666336301145
246647,1880.0,1889.0,70.0,-0.70566841063397
269102,1908.0,1914.0,74.0,-2.93757823922754
209783,1331.0,1910.0,178.0,-6.48255101183346
180070,1905.0,1892.0,53.0,-1.99956148236522
262316,120.0,1347.0,73.0,3.14805727700038
387931,146.0,13.0,111.0,-9.43814293416668
237329,1877.0,1331.0,60.0,-4.89690417050358
199904,150.0,1923.0,54.0,-3.3324556856936
415731,1926.0,229.0,114.0,5.77494949311349
58682,3.0,1886.0,9.0,-0.0122836475576754
28981,1913.0,1928.0,4.0,-5.03297851279816
47139,163.0,1915.0,6.0,-8.26410174507484
72606,1878.0,1922.0,13.0,-6.09542503732354
181086,1915.0,748.0,53.0,-0.874504306915195
257494,1909.0,1897.0,72.0,5.43838564082479
174735,27.0,146.0,52.0,-3.4241393630338
367487,1183.0,788.0,180.0,3.57109715049179
98232,1913.0,1894.0,44.0,-5.39218453595724
278647,1893.0,1911.0,75.0,1.18982009682649
104525,1915.0,20.0,173.0,-0.583894722617622
220720,163.0,1347.0,56.0,-0.984185198846948
44221,948.0,1921.0,6.0,5.60520804535528
340360,1332.0,136.0,103.0,-5.50893061156934
4251,147.0,1912.0,1.0,-2.09070213944478
46153,544.0,1894.0,6.0,13.1423116652189
90452,1923.0,1902.0,172.0,-0.156287942825115
47452,1332.0,1224.0,6.0,0.932388525413255
285153,20.0,1907.0,77.0,-2.79639435516305
100230,3.0,1903.0,44.0,-3.87495487906667
115281,1915.0,1922.0,167.0,1.34982605536187
198695,948.0,85.0,54.0,-0.770283319831354
279221,1912.0,13.0,75.0,-0.256302940476411
425178,13.0,5.0,115.0,-1.24437166239811
98312,1926.0,1907.0,44.0,-0.0957432611967957
314107,160.0,13.0,186.0,-9.27697492112399
248342,1898.0,13.0,70.0,-5.12886268537533
228758,1899.0,164.0,58.0,14.3417017410374
263002,1908.0,677.0,73.0,-5.79517284180487
325369,160.0,15.0,100.0,2.58429559449289
95748,948.0,677.0,44.0,5.03926562618578
166867,1891.0,1894.0,51.0,8.1654292173294
232742,14.0,13.0,58.0,2.28291870892167
280223,1876.0,1916.0,75.0,11.0921769485254
167376,82.0,1910.0,51.0,4.69561504747899
197172,13.0,1902.0,176.0,0.621332542310015
625398,47.0,1902.0,177.0,-4.240182686575105
275214,3.0,1913.0,179.0,0.708243386340228
316869,14.0,1887.0,99.0,0.933571751084172
260688,20.0,1900.0,72.0,-4.99867995118446
71553,1897.0,1912.0,13.0,1.109548545536
196440,1877.0,1888.0,176.0,0.699136910775164
401591,1876.0,1890.0,112.0,-1.87380132606675
329126,27.0,131.0,101.0,-3.59493555001987
361292,229.0,1921.0,108.0,-9.19512161652208
286949,1876.0,1908.0,77.0,-4.42359891332817
434394,1560.0,1908.0,116.0,-1.14533156616197
106895,1897.0,1896.0,45.0,-2.88689930247508
63790,544.0,1905.0,10.0,3.01967548322091
100596,1904.0,1898.0,173.0,4.31732833911078
18333,82.0,1927.0,3.0,-29.9529971556276
372454,1348.0,788.0,109.0,0.495684163240687
24309,1896.0,1907.0,4.0,-2.50226235396177
236576,1342.0,1911.0,60.0,-1.31276911880681
277877,1906.0,1332.0,75.0,-5.65573762186787
170033,1919.0,18.0,51.0,4.0103509681733
437458,1920.0,1559.0,116.0,1.07048831092038
64368,1337.0,1559.0,10.0,-0.682303119774109
182933,1912.0,748.0,174.0,-0.122892977124129
100355,1337.0,1921.0,44.0,-20.9627623948618
255360,1905.0,1878.0,71.0,-1.30094603518146
236289,1878.0,18.0,60.0,-3.83750566958842
310300,1559.0,1897.0,186.0,-0.727954580289224
397925,1332.0,1899.0,112.0,1.45716328937906
69643,48.0,1888.0,12.0,11.8385048512644
97192,1894.0,1911.0,44.0,-4.60995782827994
57956,48.0,17.0,9.0,12.6104193279855
43529,1886.0,1921.0,6.0,-0.315097225990273
344726,1915.0,1909.0,104.0,-13.192458066339
72842,1917.0,11.0,13.0,-3.09768992384758
182585,1875.0,1901.0,174.0,2.19591708938855
247669,1183.0,1900.0,70.0,1.68553793842624
182378,1896.0,15.0,174.0,-1.06139161185426
206776,1915.0,1559.0,177.0,1.19738673853229
210406,1877.0,1183.0,178.0,1.02482511386005
221837,1924.0,101.0,56.0,4.2818260395409
164362,1332.0,1904.0,168.0,3.48906452437242
5724,948.0,1921.0,1.0,-5.87555401124073
52256,1332.0,1893.0,7.0,7.82925194873859
199993,655.0,85.0,54.0,-17.2283714422154
335251,1905.0,1886.0,102.0,-6.18301118270364
255102,1332.0,1917.0,71.0,-1.86910995017759
261293,1885.0,1897.0,73.0,-0.148802296783907
211312,1337.0,677.0,178.0,-6.26740144593138
218809,72.0,1331.0,56.0,-1.81528278658878
321353,1885.0,13.0,100.0,-4.02392595190952
358803,1894.0,748.0,108.0,0.880160820326759
286398,20.0,1886.0,77.0,-8.23175111239395
7851,83.0,120.0,1.0,2.68747565669604
255798,1924.0,1925.0,71.0,3.15003386077433
312522,1671.0,1921.0,186.0,8.19745820891279
114210,163.0,1895.0,167.0,7.9950212661151
262628,150.0,1901.0,73.0,0.697511381145698
164171,1430.0,229.0,168.0,2.03595402298507
388204,1919.0,1887.0,111.0,6.26894472886014
299759,748.0,5.0,98.0,-0.405674748291615
376814,655.0,1342.0,109.0,7.56593776024589
426009,83.0,1907.0,115.0,-2.40022361354247
310894,1880.0,1560.0,186.0,1.53846325905576
183950,1875.0,1916.0,174.0,0.715668031819015
371421,27.0,1430.0,180.0,2.79550463576374
215716,3.0,1919.0,55.0,-4.64192712596151
320971,1348.0,1347.0,100.0,-0.0791902044640996
165340,604.0,1920.0,168.0,-4.8099147609458
273701,147.0,5.0,179.0,3.21178330893733
324055,1342.0,131.0,100.0,-1.98881127157705
286334,1926.0,48.0,77.0,-6.20565655507289
360066,1919.0,131.0,108.0,6.28733987310512
223366,1884.0,85.0,57.0,7.53912557946266
106989,677.0,788.0,45.0,-2.47384040182611
182321,1889.0,164.0,174.0,-2.50340754003524
173865,15.0,18.0,52.0,7.41790547545025
328930,3.0,1909.0,101.0,-3.39023873592043
270208,48.0,150.0,74.0,6.42170700647846
47677,1877.0,83.0,6.0,0.610694531101651
220961,163.0,1883.0,56.0,4.19516265768649
192077,1897.0,1905.0,176.0,-3.52823794870689
100387,11.0,1928.0,44.0,-1.22327194509412
265995,604.0,14.0,73.0,-5.1006641670548
49674,1885.0,1886.0,7.0,-2.21020878328277
172909,1891.0,1918.0,52.0,1.29826131506102
52827,604.0,1927.0,7.0,2.61031287025484
199205,1895.0,1914.0,54.0,1.07017686743662
227810,1926.0,1342.0,57.0,-0.859737923961562
178819,1897.0,83.0,53.0,-1.42458597829529
53030,1926.0,1560.0,7.0,2.68498788163482
181817,1879.0,1907.0,174.0,0.734765521992328
304298,20.0,1927.0,98.0,15.7649564769589
193833,1880.0,1912.0,176.0,-1.00388493756066
275631,1342.0,1915.0,179.0,1.84072914531289
213731,1911.0,18.0,55.0,-4.24932861810002
162301,1903.0,1896.0,168.0,-4.24509966572498
423558,1431.0,1347.0,115.0,-1.37986570356913
57777,1905.0,1914.0,9.0,-1.20895104671164
246247,146.0,1901.0,70.0,-4.16448769712702
203579,948.0,1877.0,177.0,4.32652340245163
245339,27.0,85.0,69.0,5.57526051482366
177044,1183.0,1431.0,53.0,0.38429464520388
416604,1925.0,1879.0,114.0,-0.118312280549395
266344,1431.0,1560.0,74.0,-1.49524528205308
317401,748.0,120.0,99.0,-3.11225043426054
360856,1342.0,1559.0,108.0,-3.15891094170141
336008,1183.0,1928.0,102.0,4.10809456146137
427638,655.0,1911.0,115.0,2.70742968583417
252097,1431.0,1224.0,71.0,-1.14277143250138
221761,1920.0,1892.0,56.0,3.04802799105189
301297,1898.0,1900.0,98.0,0.492612984471846
53357,544.0,15.0,7.0,3.22553035415303
72474,1883.0,164.0,13.0,4.17478444277048
73316,146.0,1881.0,13.0,-0.881551458064101
181071,1905.0,748.0,53.0,-0.0125788136489653
64827,604.0,1910.0,10.0,-3.75085437796871
24639,1879.0,131.0,4.0,-0.551202617539264
213174,1891.0,1923.0,55.0,0.351078572091256
368439,1891.0,1907.0,180.0,-5.60636600977076
327988,1897.0,1916.0,101.0,-7.23235307163675
99164,604.0,101.0,44.0,30.9304590689101
368009,1886.0,1671.0,180.0,1.9713799580181
254479,1332.0,1431.0,71.0,2.01424028616189
337813,1348.0,18.0,103.0,1.00691861138589
195506,83.0,1880.0,176.0,-7.82449025700996
212448,160.0,14.0,178.0,-2.1001967513587
272298,748.0,5.0,179.0,0.938087173214759
265530,160.0,120.0,73.0,1.24972268550968
163663,47.0,1560.0,168.0,0.392783288328982
215255,1893.0,131.0,55.0,10.6550190533315
245968,1886.0,1921.0,70.0,8.36258475857544
201465,14.0,1224.0,54.0,-0.697810930439476
176831,136.0,1927.0,53.0,-4.91982150930786
170435,1430.0,1917.0,51.0,0.953874841344802
228973,136.0,677.0,58.0,-3.95226198985182
237727,1877.0,11.0,60.0,-0.0126217030525925
371691,1920.0,1671.0,180.0,-20.4145430552805
179049,136.0,1883.0,53.0,7.39632749445518
30957,120.0,1898.0,166.0,-9.06471344451869
340459,655.0,1927.0,103.0,-0.439606958473924
11403,655.0,1922.0,2.0,1.06573814253659
644540,1895.0,1902.0,167.0,-5.62955350838665
103732,1925.0,1881.0,173.0,2.82298192950834
327253,748.0,1904.0,101.0,-5.76132001921133
391220,1921.0,1928.0,111.0,22.1878309236164
172210,47.0,72.0,52.0,-0.512409353076525
102950,1894.0,1347.0,173.0,0.72258014984847
51438,82.0,1879.0,7.0,-2.82256199997045
277101,1430.0,1347.0,75.0,-0.457898124044848
320819,47.0,1908.0,100.0,5.96623876888812
100254,20.0,1908.0,44.0,-6.95512239730879
200635,1915.0,1916.0,54.0,4.01055073517707
267418,1430.0,1910.0,74.0,-6.15784401199984
30973,1881.0,1894.0,166.0,18.0568209786673
346345,1898.0,1902.0,104.0,-5.57784966110217
270502,1905.0,147.0,74.0,3.78513214065585
287079,82.0,1928.0,77.0,4.46184955455663
217334,1877.0,1900.0,55.0,-0.304061064299835
223738,147.0,748.0,57.0,13.1922252402543
264825,1925.0,1891.0,73.0,3.40302315076622
399141,1878.0,1903.0,112.0,-7.37854543133517
229097,1889.0,1903.0,58.0,-4.98498225588227
312778,1891.0,1927.0,186.0,2.58824566208987
268712,1879.0,1903.0,74.0,5.65804331933253
238582,655.0,1671.0,60.0,-2.75138128448611
274865,229.0,164.0,179.0,-3.21065109659583
7868,83.0,136.0,1.0,5.65902422029027
202212,5.0,1928.0,54.0,2.09686227871005
73692,1926.0,229.0,13.0,1.00912367053666
167183,150.0,1348.0,51.0,1.06405088240729
88635,655.0,1881.0,172.0,1.66388207967918
286892,1913.0,1900.0,77.0,-1.8511592951578
50404,1875.0,1908.0,7.0,1.41016692095078
62983,1913.0,1883.0,10.0,7.24248127773288
255830,1347.0,1902.0,71.0,-12.1503275114815
244303,604.0,1891.0,69.0,-0.786950125412621
218377,195.0,1347.0,56.0,-4.35292679907739
373247,1908.0,1921.0,109.0,-0.12246082563208
197269,147.0,1917.0,54.0,1.53936860159862
253370,101.0,1880.0,71.0,6.77623555588349
199894,1917.0,1901.0,54.0,-7.8988681800313
69356,1915.0,147.0,12.0,-2.86983103670077
43904,1884.0,1914.0,6.0,-3.65827531172097
5206,1891.0,195.0,1.0,8.92556677781165
388267,748.0,1900.0,111.0,-1.20578077868794
375440,1926.0,72.0,109.0,-0.520565007070666
255279,160.0,1886.0,71.0,2.60844404051086
69211,1430.0,1348.0,12.0,-17.755572840115
190312,1337.0,1885.0,175.0,-5.17458859404401
65889,195.0,1348.0,12.0,4.53713665291957
54665,164.0,1904.0,9.0,-0.103498663772759
401208,1926.0,83.0,112.0,-0.860754956415977
223006,1342.0,15.0,56.0,-4.10033117598637
29152,948.0,1920.0,166.0,-3.20999002935077
256058,1891.0,1331.0,72.0,-6.79086094267521
241221,1884.0,1908.0,69.0,-1.90776877947653
47093,655.0,1905.0,6.0,3.24511426281394
200618,82.0,17.0,54.0,0.0788680122110508
435068,1891.0,1900.0,116.0,-3.13373240295956
26087,146.0,1887.0,4.0,-1.93358693889502
97589,101.0,788.0,44.0,4.12834059698111
415752,1906.0,1901.0,114.0,1.56044079492708
68670,27.0,1916.0,12.0,-7.37562021902719
166425,136.0,18.0,51.0,0.378488986787742
203863,1431.0,1917.0,177.0,2.73779804831003
373554,1894.0,195.0,109.0,3.21097987554298
24968,1891.0,1911.0,4.0,0.64550474165522
325864,1914.0,1927.0,101.0,-0.388099345309432
274280,948.0,1560.0,179.0,-2.68603423961499
278197,47.0,1917.0,75.0,-0.809104714757784
174363,1342.0,1919.0,52.0,-0.436176748162625
30064,1559.0,1879.0,166.0,7.22436740229954
434336,1183.0,1916.0,116.0,5.86691613494306
341504,1912.0,1881.0,104.0,6.520165623807
60846,1895.0,1348.0,10.0,-0.176926561357858
284826,1431.0,1331.0,77.0,-0.40047393647244
374427,1883.0,18.0,109.0,3.69548738045414
165008,1915.0,5.0,168.0,3.51611883651854
104812,1337.0,20.0,173.0,0.0303505858528135
260776,48.0,3.0,72.0,9.74308587192227
171304,1889.0,1928.0,51.0,1.78595676184491
225702,1894.0,1911.0,57.0,-0.494261547992376
300198,1886.0,11.0,98.0,2.69966277383536
163297,1560.0,1909.0,168.0,1.11877567825729
29556,1895.0,1917.0,166.0,-4.35907279556918
202572,1875.0,1897.0,177.0,-8.32751723988122
338913,83.0,1923.0,103.0,3.3289732571281
8891,1903.0,1908.0,2.0,-2.377022752025
321002,1900.0,1887.0,100.0,-2.68183903572329
273632,101.0,5.0,179.0,3.38951989602464
244840,14.0,1224.0,69.0,1.98188202895072
426890,82.0,1895.0,115.0,0.46118749616931
247541,82.0,1887.0,70.0,5.56891947859903
359226,195.0,1882.0,108.0,-3.32705924906323
374497,1878.0,150.0,109.0,1.3610731682156
278714,1880.0,1911.0,75.0,-1.26415341259318
60168,1885.0,1331.0,10.0,-1.38373655744038
10219,136.0,1909.0,2.0,0.675579463289088
282462,1875.0,131.0,77.0,0.138126184857749
252609,1909.0,1904.0,71.0,22.4027315704448
75702,82.0,1928.0,13.0,-0.786509572851393
414123,1909.0,195.0,114.0,18.2712086169653
235368,1431.0,1224.0,60.0,1.15671296504063
318483,1877.0,1916.0,99.0,6.72016300792714
57917,48.0,5.0,9.0,9.34726052902144
630802,748.0,1902.0,57.0,-1.7170237651476978
49756,1896.0,1917.0,7.0,3.54141669679862
179438,1876.0,1923.0,53.0,-5.38939925088938
169861,1924.0,1891.0,51.0,0.180052266124182
169840,83.0,1884.0,51.0,1.66966830692611
368213,1896.0,1882.0,180.0,1.58129919215522
367503,1895.0,788.0,180.0,-2.74046393458708
44409,1881.0,1894.0,6.0,-7.80602457701113
206522,544.0,1912.0,177.0,6.4679302614961
8373,1919.0,1922.0,1.0,5.68920452397917
276603,3.0,1337.0,179.0,1.83017074653719
326874,1892.0,1921.0,101.0,-4.28259349239498
11794,1926.0,1887.0,2.0,1.91539273414594
215710,229.0,82.0,55.0,7.7490818251246
48637,1348.0,788.0,7.0,-4.20660850067816
52003,1342.0,1431.0,7.0,10.7058348760023
285444,1877.0,1914.0,77.0,-0.033920725102106
314410,655.0,48.0,186.0,13.9178214182162
167764,1560.0,1901.0,51.0,2.40364935788519
303135,544.0,1331.0,98.0,-4.49880864230166
244327,3.0,11.0,69.0,-4.7620248996154
423855,1878.0,47.0,115.0,-5.31002489310581
275916,1924.0,1559.0,179.0,1.60894847780321
327052,1880.0,18.0,101.0,-1.62386006482943
238270,229.0,1430.0,60.0,0.119997263809824
313993,1915.0,677.0,186.0,4.33485626143872
208599,1559.0,1881.0,178.0,-6.01503263798471
416636,229.0,1877.0,114.0,5.63346901847292
5828,47.0,1893.0,1.0,0.446145034692486
423550,147.0,1431.0,115.0,-3.37940907048147
262775,1878.0,1895.0,73.0,-1.23284897986657
57501,604.0,1885.0,9.0,3.99863131667069
46466,82.0,1331.0,6.0,-8.08974242024775
247473,1891.0,677.0,70.0,-0.744171345977999
61549,1884.0,120.0,10.0,-3.88238508289081
337463,1183.0,131.0,103.0,-6.08893964970101
375336,48.0,788.0,109.0,1.0221848645964
18861,1918.0,1928.0,3.0,1.02954577731704
274358,1887.0,1897.0,179.0,8.64694459140438
321948,120.0,1923.0,100.0,4.40040953772061
303237,1337.0,1885.0,98.0,12.6703080878967
24198,1431.0,1927.0,4.0,0.352180821736758
325394,3.0,14.0,100.0,0.345911391713617
644424,1894.0,1902.0,175.0,3.74827392773231
189357,948.0,136.0,175.0,1.73847130182434
44043,1889.0,1896.0,6.0,5.46300602637174
106683,1903.0,164.0,45.0,13.3846978911268
376335,1332.0,5.0,109.0,-1.31607589020254
346137,160.0,1903.0,104.0,0.0204825741840036
241297,1898.0,1922.0,69.0,-4.66196167900694
13843,72.0,1671.0,3.0,0.209598602806655
70763,1879.0,1892.0,13.0,2.13064565857181
195553,655.0,146.0,176.0,3.13954969099203
368885,1909.0,1917.0,180.0,-8.44797067324696
100449,1909.0,1928.0,44.0,-8.21516062483935
106350,1887.0,1895.0,45.0,-4.05092045808922
212542,1922.0,1928.0,178.0,3.72219984185287
236054,1671.0,1900.0,60.0,1.46023192184669
372304,1891.0,1923.0,109.0,-3.05267269791933
188930,1431.0,1347.0,175.0,3.02449574615053
218976,1347.0,147.0,56.0,1.56128474856763
325519,1878.0,1928.0,100.0,-7.1148063386964
52580,82.0,1905.0,7.0,3.46893150540822
415093,1885.0,1911.0,114.0,-4.6741698633625
339909,160.0,150.0,103.0,3.13989146415814
326014,1878.0,147.0,101.0,-5.10558580659719
261439,5.0,1882.0,73.0,1.77266541373238
624703,1879.0,1902.0,53.0,-0.7060461684000199
109299,1876.0,544.0,45.0,9.23378285324546
98646,1924.0,1909.0,44.0,12.4260467492348
8552,655.0,1925.0,1.0,17.5815692626867
325056,1915.0,1878.0,100.0,-1.05324667943882
5664,1903.0,1922.0,1.0,5.56744199908077
286089,160.0,1877.0,77.0,18.0363129071764
388993,146.0,18.0,111.0,-8.1028459527014
340580,544.0,83.0,103.0,-6.22302792093138
114853,1926.0,1927.0,167.0,-6.90598639324135
334682,27.0,1893.0,102.0,-2.59558810465419
4399,1884.0,146.0,1.0,-1.19427405065355
368141,101.0,1908.0,180.0,-13.3861342372834
74216,27.0,11.0,13.0,3.50896236248912
222559,1924.0,83.0,56.0,6.88897680563101
315281,1910.0,1923.0,99.0,-2.63321474744405
336949,1891.0,72.0,103.0,3.31512731027776
173619,1891.0,1671.0,52.0,-0.301173839787588
373499,1893.0,1347.0,109.0,3.65351774054397
259986,1906.0,147.0,72.0,-3.18791139286006
105739,1894.0,5.0,45.0,4.24097607573415
233321,48.0,1890.0,58.0,-11.1691717010555
89448,1919.0,20.0,172.0,-7.09524423135339
232649,27.0,5.0,58.0,11.3817086901667
333828,3.0,1883.0,102.0,0.603905895810086
271935,1904.0,1923.0,179.0,-1.78646008501321
344873,82.0,1891.0,104.0,-9.27607962680099
256443,101.0,11.0,72.0,-0.198894465852422
313908,1924.0,101.0,186.0,24.906620026914
334294,1920.0,27.0,102.0,4.95217640940404
343558,1183.0,1224.0,104.0,-0.0865532432678143
192796,1332.0,1910.0,176.0,-5.57935082047076
435288,17.0,1901.0,116.0,-4.92133389675373
312588,1879.0,1895.0,186.0,7.56780085360859
46257,1337.0,1906.0,6.0,-6.04186985495439
170098,1905.0,1348.0,51.0,-3.91557513918548
169947,27.0,677.0,51.0,3.08055301164782
300233,1884.0,1895.0,98.0,-2.85535306976715
110534,82.0,1902.0,45.0,-7.02576442972465
274128,47.0,748.0,179.0,-9.75176122630456
372118,1926.0,1902.0,180.0,3.05349318711795
372845,146.0,1914.0,109.0,-2.77100715401402
360554,163.0,1918.0,108.0,-1.79265507738165
199072,47.0,1898.0,54.0,-1.59755104153512
233613,1892.0,1902.0,58.0,-0.866557020650797
112742,1904.0,1898.0,167.0,-4.94376072262575
390190,48.0,1896.0,111.0,-0.874116538125138
337205,1892.0,677.0,103.0,-18.6052759293876
423760,47.0,1914.0,115.0,6.53557108165523
370710,1905.0,1891.0,180.0,-4.46591271643971
112556,948.0,5.0,167.0,0.548870809369301
303677,1919.0,1889.0,98.0,1.41201967487895
62240,1886.0,1881.0,10.0,-2.36400096796517
284522,948.0,1910.0,77.0,-4.33438883951452
329510,20.0,544.0,101.0,4.93560237849647
251162,1884.0,1907.0,71.0,4.78234990528769
315174,1911.0,1928.0,186.0,-3.65899024480257
255187,1430.0,1912.0,71.0,-4.5328880908916
112406,1903.0,13.0,167.0,3.05019036875533
9933,1347.0,1927.0,2.0,-4.42378960660425
359866,1337.0,229.0,108.0,-0.795380009078223
67138,85.0,1903.0,12.0,4.27075538737333
415402,604.0,85.0,114.0,2.32895474543881
45474,948.0,1431.0,6.0,2.20956187955744
9815,20.0,1911.0,2.0,-2.03006992660986
221121,1430.0,1883.0,56.0,6.38848328353055
51986,83.0,1879.0,7.0,1.35296800178655
25087,147.0,1911.0,4.0,-0.50582609056197
433825,1887.0,1917.0,116.0,-1.41892519271145
197152,229.0,1902.0,176.0,-6.90896171565923
639627,1875.0,1902.0,100.0,-9.384047075217532
170044,1915.0,1889.0,51.0,-2.89808300448978
198034,1183.0,1895.0,54.0,-0.669223680390272
277331,72.0,1922.0,75.0,-1.08685088193898
435607,1896.0,1901.0,116.0,0.100035984181169
199465,1882.0,1918.0,54.0,4.56611865758451
278200,136.0,1880.0,75.0,3.64417683505814
254360,1337.0,1914.0,71.0,-7.34462564131778
55900,195.0,1224.0,9.0,-3.7469889171732
242487,1907.0,1224.0,69.0,-4.33764367030925
195474,1876.0,1916.0,176.0,3.85850415748002
51309,83.0,1919.0,7.0,12.3282460628855
275316,1905.0,1431.0,179.0,-0.205457576287894
29586,1879.0,1895.0,166.0,-1.0191167540219
269499,1342.0,1913.0,74.0,2.3183522194193
195258,1915.0,1331.0,176.0,-26.619901335999
319310,1332.0,5.0,99.0,1.97294636847397
330276,3.0,1876.0,101.0,-4.58469265774125
184649,229.0,195.0,174.0,-9.26760668538166
176315,1342.0,15.0,52.0,1.87407742882699
344803,544.0,146.0,104.0,9.79661830459787
96793,1331.0,1882.0,44.0,4.08913454156095
7194,1915.0,11.0,1.0,6.51264305498465
166172,1886.0,195.0,51.0,-4.2389526836998
165323,163.0,1888.0,168.0,2.8617794958552
434163,146.0,164.0,116.0,-1.85354718942968
49861,1886.0,164.0,7.0,-4.69358645296119
33292,1920.0,1912.0,166.0,-2.74405403528699
275424,655.0,11.0,179.0,-1.95675167077848
33249,83.0,1918.0,166.0,-3.55048061596677
193784,748.0,195.0,176.0,1.48878252804375
300857,1892.0,1890.0,98.0,-2.99760122809675
346383,1905.0,1928.0,104.0,-5.2785723815987
103190,1337.0,1899.0,173.0,3.39818679958551
387895,1880.0,120.0,111.0,0.562445817223167
48950,85.0,1224.0,7.0,-6.02127575721555
14522,195.0,1923.0,3.0,-4.38351165251225
223460,195.0,1331.0,57.0,0.464742681169337
314337,1337.0,1888.0,186.0,-3.70149685237845
65702,1912.0,1927.0,12.0,0.958519090159411
330246,82.0,15.0,101.0,3.5337354671168
316731,1888.0,1890.0,99.0,1.09339207618925
415830,83.0,195.0,114.0,-1.6563745819797
18313,1876.0,1882.0,3.0,1.24997954252466
108398,83.0,1894.0,45.0,-8.14275575098108
236770,1924.0,1183.0,60.0,-2.26418932755986
223485,1430.0,1910.0,57.0,5.80437867599543
285296,1913.0,1915.0,77.0,-2.56374869517083
272919,13.0,1917.0,179.0,2.20262388786687
172878,136.0,1895.0,52.0,3.86638377419169
208049,1880.0,17.0,178.0,3.399626977821
329610,1920.0,544.0,101.0,-1.66442223990068
254731,1924.0,1918.0,71.0,4.79989333147635
374616,1919.0,1898.0,109.0,3.96250552737107
343003,948.0,1890.0,104.0,-0.0134149904622498
256762,748.0,1917.0,72.0,-3.27448633253922
173629,120.0,15.0,52.0,-0.606117101641555
164612,83.0,1431.0,168.0,-0.381258223606186
425795,1342.0,1907.0,115.0,-10.3371907778356
256309,147.0,5.0,72.0,5.47570314508437
169950,48.0,1884.0,51.0,3.89174015869218
56426,1880.0,677.0,9.0,-0.448422095746266
208852,1895.0,1916.0,178.0,3.76200589735343
214945,1559.0,1431.0,55.0,-4.8415162209874
73867,655.0,1885.0,13.0,10.2119408214581
367154,1897.0,13.0,180.0,4.32530546427798
219582,1879.0,1901.0,56.0,0.586380886166651
166533,1883.0,1904.0,51.0,2.29120315786642
184743,1919.0,1883.0,174.0,4.58259831094332
281634,1876.0,1900.0,75.0,4.49795207280632
243645,1919.0,1883.0,69.0,0.181078929072153
51007,1895.0,18.0,7.0,-1.57588878849997
232259,1926.0,5.0,58.0,17.6400812140686
330697,17.0,1902.0,101.0,-1.42956899430377
228900,1878.0,47.0,58.0,0.030043690949727
67706,1899.0,1921.0,12.0,16.1422274085677
115345,1906.0,1890.0,167.0,-4.3621008295692
244938,1337.0,20.0,69.0,-1.52076236611441
183174,72.0,1897.0,174.0,2.17746451936834
103257,163.0,1906.0,173.0,2.22122398229082
11634,3.0,1923.0,2.0,0.813058295489475
338418,1878.0,1903.0,103.0,-5.22572462782938
199273,1885.0,1904.0,54.0,2.96050709930754
56366,1431.0,1890.0,9.0,-1.16989213573431
330135,1905.0,1559.0,101.0,-2.89685601663326
369821,229.0,160.0,180.0,3.17081004669277
341251,1901.0,1928.0,103.0,-14.1078514936674
51033,1348.0,1331.0,7.0,2.61814068559545
390347,48.0,1224.0,111.0,10.7901835136834
244060,544.0,163.0,69.0,4.05016332249346
423761,1348.0,15.0,115.0,-4.41604894733367
98241,655.0,47.0,44.0,6.89408134080705
270279,544.0,20.0,74.0,-4.07886613715523
245949,14.0,150.0,70.0,0.176777214635378
101101,948.0,1876.0,173.0,1.26528444328265
211714,83.0,147.0,178.0,-2.07229142836612
14519,101.0,1917.0,3.0,3.38979875068033
282496,1883.0,17.0,77.0,0.340443945523791
435848,1905.0,1887.0,116.0,5.16038752063975
311574,1903.0,195.0,186.0,-7.13337872349943
220542,1889.0,1903.0,56.0,-4.75183378788203
280189,48.0,1913.0,75.0,7.04748455673369
329101,1906.0,131.0,101.0,0.392822040823773
213412,1904.0,1910.0,55.0,-3.87529670279154
74579,1337.0,1348.0,13.0,-8.013514867263
90067,229.0,1890.0,172.0,-1.88387935435758
310219,1879.0,13.0,186.0,1.59888950485807
267321,1909.0,1897.0,74.0,4.81217831489777
45898,1891.0,1908.0,6.0,-2.47171885179807
335635,1337.0,85.0,102.0,9.52447322651893
167575,1879.0,1882.0,51.0,-6.96273830688996
401587,20.0,1908.0,112.0,2.05516489480793
186551,1926.0,15.0,174.0,9.50131172732686
225341,195.0,1224.0,57.0,-4.87613967659078
243588,655.0,1919.0,69.0,8.12148901774387
273767,1882.0,15.0,179.0,-7.03150625706332
321656,1183.0,1927.0,100.0,2.50869240308855
228198,655.0,677.0,57.0,-2.84676906768591
180579,604.0,1877.0,53.0,2.62114772130088
174555,160.0,164.0,52.0,-2.68350686782104
217117,1926.0,1920.0,55.0,-1.22508536471967
50021,1894.0,1224.0,7.0,5.69629943462647
217759,13.0,1928.0,55.0,-2.90992506627611
322853,1224.0,1918.0,100.0,2.02867253469624
236396,146.0,1904.0,60.0,-1.15360412856965
115007,163.0,1342.0,167.0,1.02760438516762
5789,1885.0,1900.0,1.0,3.34960387909938
5981,13.0,1921.0,1.0,-1.89674142228168
211840,14.0,1224.0,178.0,-1.07616294698189
222279,3.0,1224.0,56.0,5.30420719455828
113899,1906.0,1916.0,167.0,1.09746047696766
16069,1884.0,195.0,3.0,0.734487113293987
220815,1926.0,160.0,56.0,1.56124908855685
75009,3.0,1920.0,13.0,-3.17342880462329
319433,604.0,1224.0,99.0,-2.85355956164733
248952,1332.0,1883.0,70.0,11.837606995145
211965,82.0,120.0,178.0,0.188525231507844
427925,195.0,1928.0,115.0,9.36130272841029
29021,1224.0,1928.0,4.0,4.83929552226501
53272,3.0,1882.0,7.0,2.78985690167584
225125,1908.0,788.0,57.0,-1.73624383630513
29402,1896.0,788.0,166.0,-2.6070270320061
240916,1331.0,1918.0,69.0,-0.387761140434188
218865,1183.0,1897.0,56.0,-3.73562486941064
232877,1919.0,1224.0,58.0,5.19732711802024
57651,1430.0,131.0,9.0,1.17706208294158
222410,160.0,147.0,56.0,-0.422899423179144
167686,147.0,1881.0,51.0,4.65210610059274
235151,1883.0,1881.0,60.0,-2.05926848869453
190010,14.0,1331.0,175.0,-13.8141823193889
53139,544.0,1900.0,7.0,11.4529535772713
30210,1909.0,1923.0,166.0,-1.88463775473898
218289,748.0,17.0,56.0,0.731705599033424
6459,1337.0,1894.0,1.0,2.93654053572721
51646,1920.0,72.0,7.0,-2.05992890264085
181589,788.0,1928.0,53.0,-2.32620381168509
229307,1885.0,1903.0,58.0,2.33024106883652
213332,1332.0,1898.0,55.0,-3.63427173431138
63787,1877.0,1895.0,10.0,-0.87903787537966
26877,1905.0,72.0,4.0,-1.00479653489611
98452,20.0,1907.0,44.0,-8.51772010558056
164968,1920.0,1879.0,168.0,-1.80212203729748
414393,748.0,1912.0,114.0,0.0751728226917609
162596,1893.0,1907.0,168.0,-1.83713730813475
201496,27.0,1224.0,54.0,1.21974815907793
424357,1880.0,1348.0,115.0,-0.288835932513243
8498,1924.0,15.0,1.0,1.35174626563532
185076,14.0,1916.0,174.0,2.96542184071584
277680,82.0,150.0,75.0,2.3780458467039
361160,1924.0,1332.0,108.0,1.15785303243039
29759,164.0,1331.0,166.0,-18.957237164521
206030,82.0,11.0,177.0,7.17844324991977
115524,1881.0,1928.0,167.0,-4.23825571958421
259540,544.0,655.0,72.0,1.16326439255283
279376,1907.0,18.0,75.0,-2.66626614574079
255747,1913.0,47.0,71.0,1.26042946908681
260111,604.0,544.0,72.0,-2.26415208112839
373485,1903.0,1918.0,109.0,0.614591441931186
10990,1878.0,1887.0,2.0,-2.88741906120363
169757,1337.0,11.0,51.0,-11.5691293522564
275069,1877.0,1331.0,179.0,-16.617690824788
45844,146.0,1895.0,6.0,-5.38807467958091
321477,1900.0,5.0,100.0,-0.398321334471139
190514,229.0,5.0,175.0,5.58608103790037
218995,1889.0,1918.0,56.0,-2.24985496988869
427324,83.0,1671.0,115.0,-0.327998156769252
242006,1559.0,1914.0,69.0,2.43549599985417
272555,1332.0,1347.0,179.0,-0.248316752075355
224679,5.0,1927.0,57.0,-1.42912940407357
399241,677.0,1918.0,112.0,1.35116558868557
174103,1909.0,195.0,52.0,9.47684770988275
285761,160.0,5.0,77.0,5.28600586503322
228105,1924.0,1882.0,57.0,-2.02055559368704
56542,120.0,1918.0,9.0,0.0075376240800493
256281,1331.0,677.0,72.0,4.20670345920434
204302,1912.0,131.0,177.0,-4.43285483408864
335193,163.0,147.0,102.0,-1.51060320991575
44542,1430.0,1910.0,6.0,-1.15975110126138
249005,1924.0,229.0,70.0,2.45012147624693
416019,20.0,1916.0,114.0,-10.9661143608791
399851,14.0,1901.0,112.0,-0.175568865438351
436187,1913.0,72.0,116.0,-3.62557025216323
181474,3.0,14.0,53.0,-3.56528099271811
261240,1875.0,1901.0,73.0,-1.24099226579767
255861,160.0,1902.0,71.0,5.35754099929136
69934,1919.0,1903.0,12.0,-9.82573225335281
324129,1925.0,655.0,100.0,-1.74551986678547
172301,1908.0,17.0,52.0,-2.20960264791091
170393,3.0,1559.0,51.0,-1.00306133006415
46256,1337.0,1907.0,6.0,-6.22791630370119
388925,1899.0,1900.0,111.0,-10.8391034468213
397129,1889.0,1901.0,112.0,-4.63940475961071
205322,229.0,195.0,177.0,-2.91633970037209
7094,1342.0,1431.0,1.0,-1.2126054992579
272389,1879.0,195.0,179.0,-5.33474446313353
111190,1904.0,18.0,167.0,-7.24519769855048
182220,1224.0,1892.0,174.0,-1.72268932752151
18609,1332.0,1908.0,3.0,-12.5227988339544
108367,1920.0,1183.0,45.0,-1.00266625248801
251872,1430.0,1887.0,71.0,6.58147354554071
412809,1183.0,1891.0,114.0,4.22335963506798
369625,1893.0,1431.0,180.0,-1.38086458126207
433735,1884.0,1922.0,116.0,-6.6788091751612
427050,1926.0,1224.0,115.0,0.776072839355495
86648,72.0,1901.0,172.0,2.24802184741575
27568,27.0,11.0,4.0,1.00750123808504
201553,229.0,1927.0,54.0,-0.53621300444224
66883,1885.0,677.0,12.0,0.0040751732567769
170337,544.0,544.0,51.0,0.943834370850593
111679,1899.0,1903.0,167.0,-0.0538661631293665
181344,83.0,1876.0,53.0,-3.79960431761891
54632,101.0,1895.0,9.0,3.13878572899524
335879,544.0,1925.0,102.0,2.49406147553349
278594,1899.0,17.0,75.0,4.36921504348591
161512,1909.0,1888.0,168.0,-0.177539505565413
372640,147.0,677.0,109.0,-2.56489589308492
375056,1924.0,85.0,109.0,0.780381781676605
261006,1332.0,1928.0,72.0,-6.45440235482591
278128,1911.0,1921.0,75.0,-15.7130236429235
274237,146.0,1917.0,179.0,7.41958057544602
30002,101.0,1912.0,166.0,4.59523190790485
426142,1337.0,195.0,115.0,-1.72294460312126
68445,1876.0,1331.0,12.0,-13.5422504156877
17686,604.0,1904.0,3.0,2.01584195958594
168434,1880.0,1902.0,51.0,3.10073208951391
283991,27.0,1898.0,77.0,-0.272542031754342
178850,1911.0,15.0,53.0,-7.61032931307906
401566,1924.0,677.0,112.0,-1.08663569068434
44354,1559.0,120.0,6.0,4.20952715078624
232498,27.0,1889.0,58.0,-2.67923895277312
88997,1876.0,1879.0,172.0,-0.735756504833425
17358,1915.0,1904.0,3.0,-1.53448429553587
274253,1894.0,5.0,179.0,-0.366653001104806
372612,1885.0,1914.0,109.0,-0.574658970325776
416348,655.0,17.0,114.0,5.59311845443848
358763,1880.0,1895.0,108.0,4.16582389900287
244894,1919.0,1886.0,69.0,0.947625339824494
368799,1183.0,1908.0,180.0,-1.58900397922489
177277,1894.0,1907.0,53.0,-7.39141590139049
373018,1907.0,1911.0,109.0,2.20637836264338
210912,1913.0,229.0,178.0,-4.07943863606
332123,146.0,1224.0,102.0,0.118818621260784
276294,14.0,15.0,179.0,-3.56830365942429
167533,1897.0,1337.0,51.0,1.57571096192769
176196,27.0,1922.0,52.0,-3.49202658745036
245818,5.0,11.0,70.0,1.34829333782742
63345,1920.0,146.0,10.0,1.21405330936377
68760,1905.0,17.0,12.0,-2.94044701207148
96226,1430.0,1332.0,44.0,-0.73847169813503
204100,11.0,788.0,177.0,-10.4476988291105
400355,1430.0,1891.0,112.0,5.56587364504205
198064,1880.0,1888.0,54.0,1.76931020839436
361448,1913.0,1900.0,108.0,-7.42037465848669
7183,1337.0,11.0,1.0,2.92838932762476
281749,655.0,1910.0,75.0,10.0670422968191
301832,1881.0,1927.0,98.0,1.30904442334162
276997,20.0,1910.0,75.0,-2.55042738074783
64363,1332.0,1559.0,10.0,-1.55045586947002
209141,136.0,1907.0,178.0,-5.41108525303335
248633,1903.0,1331.0,70.0,-1.74457881175086
18746,20.0,1902.0,3.0,-2.83689607439593
437220,160.0,1877.0,116.0,11.1890517504913
253170,748.0,1347.0,71.0,-6.18706545202276
193109,1891.0,5.0,176.0,3.10025745449853
27090,1913.0,1901.0,4.0,1.23587200012114
87431,1900.0,1889.0,172.0,-1.27818917689737
199945,677.0,1921.0,54.0,3.86513634717314
211894,83.0,1912.0,178.0,2.63018313589676
198473,1909.0,1910.0,54.0,-2.61874830902699
642283,85.0,1902.0,1.0,-0.141413707077405
161075,1896.0,13.0,168.0,-1.53501144338989
276006,655.0,147.0,179.0,2.19676911672432
62624,1920.0,85.0,10.0,-2.55310617509446
179771,1913.0,1915.0,53.0,-3.01366345464187
58458,27.0,1888.0,9.0,-0.395325944115689
276403,1332.0,85.0,179.0,3.69641136410424
168467,47.0,18.0,51.0,2.42427184535124
214355,1896.0,1914.0,55.0,1.3631600219483
220900,229.0,1183.0,56.0,3.50729235691621
285813,604.0,11.0,77.0,0.306135649947098
209249,1922.0,1927.0,178.0,-4.55798147677261
270869,604.0,1886.0,74.0,-0.982797594493962
437277,1915.0,20.0,116.0,-1.40281609784026
370678,1919.0,1891.0,180.0,2.11739795447018
330119,14.0,1430.0,101.0,10.3499962919549
330133,1920.0,83.0,101.0,2.74227624880407
331762,120.0,15.0,102.0,1.78397231993056
438191,1877.0,85.0,116.0,0.829238181646154
263617,101.0,150.0,73.0,1.27351024954401
107404,85.0,1901.0,45.0,3.86711421597403
201255,1905.0,5.0,54.0,3.83353036167039
46523,160.0,1914.0,6.0,7.06053262389162
424036,1883.0,788.0,115.0,1.70071125525554
16109,1907.0,1921.0,3.0,-4.39731750792839
104934,48.0,83.0,173.0,9.19471734124786
345943,27.0,15.0,104.0,-4.14871310864248
168005,1903.0,1917.0,51.0,-3.3507355710931
310433,1879.0,1908.0,186.0,5.55937047721456
162615,72.0,131.0,168.0,0.686572374728434
168902,544.0,1899.0,51.0,8.63524144786943
98539,229.0,72.0,44.0,4.81246598753783
313819,1430.0,1884.0,186.0,2.97806610134977
437904,1915.0,1337.0,116.0,-5.60887241360138
282230,1559.0,1875.0,77.0,8.81460062885565
112013,13.0,1918.0,167.0,5.75414102885123
327426,1880.0,1886.0,101.0,2.21256370376776
369447,146.0,17.0,180.0,8.64775917412669
185208,1913.0,1892.0,174.0,-8.33172885778568
412913,1894.0,1907.0,114.0,-1.16925698877891
360780,1430.0,1918.0,108.0,-7.32180146125639
274675,1926.0,195.0,179.0,-11.5844117850165
103838,3.0,1331.0,173.0,-12.5249902430176
344310,160.0,1923.0,104.0,2.40959686143345
168799,1347.0,1224.0,51.0,0.756564110820496
8366,82.0,1904.0,1.0,7.17935995872838
435602,948.0,1880.0,116.0,-1.57896428545581
187149,1902.0,1917.0,175.0,4.27243752482084
171524,1916.0,1923.0,52.0,0.0914554203523486
90034,1332.0,1903.0,172.0,-3.51563971258857
283029,1885.0,18.0,77.0,-1.22927571971766
12896,20.0,1224.0,2.0,-6.73118458688858
25271,147.0,72.0,4.0,3.50535456291078
286745,14.0,1903.0,77.0,-1.94039656913311
235201,1918.0,1923.0,60.0,-1.50981564423157
204798,164.0,1904.0,177.0,1.93248586533634
32466,544.0,1914.0,166.0,-2.85648885817897
334575,1926.0,1892.0,102.0,5.90511776681137
88206,83.0,1894.0,172.0,0.515961863997933
217014,1915.0,1224.0,55.0,2.24618174106017
417569,82.0,1876.0,114.0,3.38105053991554
311187,1878.0,1224.0,186.0,-7.83691649078366
301940,1559.0,17.0,98.0,3.26169606620752
631457,948.0,544.0,98.0,1.9872072228979203
31350,5.0,1918.0,166.0,2.85392603395733
263493,1879.0,15.0,73.0,6.45752768719703
100923,131.0,1923.0,173.0,-0.476573296253212
174851,1925.0,604.0,52.0,-0.178392707352073
436686,1906.0,1892.0,116.0,-0.965603208696317
242852,1895.0,1903.0,69.0,-1.57001510304784
423540,1183.0,1903.0,115.0,-0.589688385526561
423569,47.0,11.0,115.0,-2.24786189434964
48714,136.0,1914.0,7.0,-0.415154595891319
357308,1887.0,1889.0,108.0,-3.97210926115821
112114,150.0,1921.0,167.0,5.19894765072189
105729,47.0,1927.0,45.0,-0.251044844570815
163107,1880.0,1902.0,168.0,2.32367385216323
341725,1883.0,131.0,104.0,2.77118314260608
251329,1893.0,1890.0,71.0,-4.08180640191888
278453,1897.0,1914.0,75.0,6.778403817516
65984,1903.0,1904.0,12.0,4.53541030151957
208346,1879.0,164.0,178.0,4.98352167464159
177276,150.0,1331.0,53.0,16.3252812149876
259300,1337.0,1880.0,72.0,-2.4313659832455
5454,1879.0,1918.0,1.0,-1.61740558697914
183451,195.0,1908.0,174.0,-0.836153693778599
367187,1224.0,1922.0,180.0,0.763923147970524
321991,1895.0,1927.0,100.0,3.66335912622608
246096,1337.0,1332.0,70.0,-11.4179853408197
329746,1915.0,5.0,101.0,-1.82447298581385
317498,1899.0,1888.0,99.0,-4.84729316602297
399823,1925.0,1898.0,112.0,-0.49542519212626
68274,1905.0,1883.0,12.0,-3.46641547554963
32619,83.0,1916.0,166.0,-3.10498964359326
14101,788.0,1927.0,3.0,1.42527492903692
302384,1880.0,1224.0,98.0,-0.109111289002587
253539,131.0,1918.0,71.0,29.5915492382851
65930,1899.0,1431.0,12.0,-0.820375909814674
29715,1899.0,1889.0,166.0,3.33274628758761
284867,1926.0,85.0,77.0,-4.57693507861616
344003,136.0,164.0,104.0,0.809540636224838
87221,1880.0,1897.0,172.0,-1.18543745697274
70780,1900.0,1921.0,13.0,-1.46912107376248
164980,1877.0,13.0,168.0,0.134845705883628
195991,163.0,1904.0,176.0,2.64320085349121
345598,1913.0,136.0,104.0,-2.09924008611757
43762,1899.0,1916.0,6.0,3.55877243584599
11367,3.0,85.0,2.0,2.76326199964962
340698,1926.0,1876.0,103.0,23.5014537357174
219487,1875.0,147.0,56.0,-0.908688475656939
63706,1906.0,1896.0,10.0,3.17094515942754
177517,150.0,788.0,53.0,-1.78367722665557
86597,147.0,11.0,172.0,1.51285552472984
238293,14.0,1886.0,60.0,2.93630410616909
369253,1893.0,1896.0,180.0,-4.97124807041866
423620,147.0,17.0,115.0,-1.39598502922213
226203,82.0,1896.0,57.0,2.47498712517783
397805,1896.0,72.0,112.0,5.25549704512168
222042,20.0,1348.0,56.0,-3.5616102206821
250588,3.0,1921.0,70.0,-0.346904577056907
426880,1920.0,1877.0,115.0,4.21803122565593
105405,20.0,47.0,173.0,-2.79263158342582
60071,1888.0,18.0,10.0,-4.65137847441672
278189,147.0,1922.0,75.0,2.45891041509741
101841,1894.0,1909.0,173.0,3.08694178003042
339511,1915.0,1909.0,103.0,-7.9213287609749
278597,1347.0,1908.0,75.0,-1.06405710094441
368374,1877.0,1898.0,180.0,-1.0483465663754
201033,1332.0,544.0,54.0,-1.48176952737661
244038,1915.0,1892.0,69.0,-2.05717843559008
390631,48.0,136.0,111.0,-5.19150872905712
427957,15.0,1902.0,115.0,-2.73014318865075
190039,1915.0,1331.0,175.0,-7.60957429396471
27263,1337.0,146.0,4.0,-0.867874405412179
204869,1886.0,1888.0,177.0,1.4608491762846
271833,1908.0,1892.0,179.0,5.21378034347277
72805,1895.0,11.0,13.0,3.94260173160787
114482,655.0,1879.0,167.0,-44.9256275778385
368077,150.0,1910.0,180.0,1.91267253413887
427455,82.0,83.0,115.0,10.047118116799
436197,1925.0,1919.0,116.0,-0.104876803691332
342782,1881.0,18.0,104.0,-6.18048707014446
283167,195.0,1918.0,77.0,2.45396847031078
234122,1894.0,1896.0,60.0,-0.0643535803907912
254549,1877.0,20.0,71.0,-2.09363082617733
215037,5.0,1901.0,55.0,-32.140361078778
217780,48.0,1928.0,55.0,-13.9360135198394
5790,1331.0,17.0,1.0,4.87231933926786
194796,85.0,1904.0,176.0,-2.3422097655231
114910,1337.0,1671.0,167.0,-15.790809442468
316592,131.0,1927.0,99.0,-0.803956656918239
167033,1895.0,195.0,51.0,-0.44920447586805
234761,1560.0,1901.0,60.0,-0.934619094665162
173339,1899.0,1904.0,52.0,7.06458496352737
184533,544.0,47.0,174.0,6.26423796938878
242924,1901.0,1922.0,69.0,-5.64418420301925
32958,3.0,1884.0,166.0,-2.65662531568431
229596,1559.0,147.0,58.0,6.22766221584714
164314,160.0,1913.0,168.0,12.5084972754739
226949,229.0,5.0,57.0,4.62683405417357
165518,1915.0,1878.0,168.0,-4.53551939108764
192403,1671.0,1927.0,176.0,-2.85651378244826
400693,160.0,13.0,112.0,4.39736360702299
203954,136.0,1923.0,177.0,-2.31644552484927
11071,1880.0,1927.0,2.0,-2.17668757887875
243101,1904.0,1331.0,69.0,1.65155772130159
389967,544.0,11.0,111.0,2.38889689644802
272137,677.0,1890.0,179.0,-1.42407381691323
248090,1224.0,1914.0,70.0,1.75902801593165
169448,655.0,1916.0,51.0,-1.94809613517725
259167,160.0,1885.0,72.0,3.57434429220641
167336,1900.0,13.0,51.0,-4.29672172284604
112043,1898.0,17.0,167.0,1.15212987919715
12892,655.0,48.0,2.0,14.4924387754163
68896,1919.0,1884.0,12.0,-1.65285839296578
50004,1900.0,13.0,7.0,-3.49267405214605
71089,1906.0,1910.0,13.0,2.43619967603131
238333,655.0,1920.0,60.0,-0.742193067298359
273498,1882.0,11.0,179.0,0.0482149162965924
58072,14.0,544.0,9.0,2.60201596905623
246607,146.0,164.0,70.0,1.97730106390072
44220,72.0,1927.0,6.0,-2.18709263639079
434915,72.0,131.0,116.0,-3.69012829437505
236914,544.0,195.0,60.0,8.94278251277414
55472,1883.0,1431.0,9.0,1.89959442198422
67216,14.0,1911.0,12.0,-7.75748938639952
48721,13.0,1890.0,7.0,-0.898895942576391
302103,1887.0,1907.0,98.0,-1.96387994853424
311451,1559.0,1331.0,186.0,3.38004995627577
100457,1559.0,1928.0,44.0,-7.2156107445982
303257,3.0,163.0,98.0,11.0617628408579
342551,948.0,1920.0,104.0,0.816998883559554
388688,1896.0,1911.0,111.0,-3.92494492636523
193529,47.0,17.0,176.0,3.84599549358909
325630,1924.0,1902.0,100.0,3.77828387463059
59098,1430.0,1908.0,9.0,0.505452298113454
166572,1911.0,17.0,51.0,-0.27956869013812
203375,1671.0,13.0,177.0,3.97651300203723
176426,1888.0,1928.0,52.0,4.61593655752949
337556,1883.0,195.0,103.0,2.13900755994317
111639,1897.0,1347.0,167.0,-1.30291604180822
170567,544.0,1920.0,51.0,0.173690373846421
12796,604.0,1912.0,2.0,-0.220928188746635
73531,1337.0,72.0,13.0,-12.9878734605942
339367,604.0,1909.0,103.0,9.82860804576654
333821,1913.0,1904.0,102.0,-3.96566325231004
357462,1881.0,1909.0,108.0,21.7378483177002
434526,11.0,1923.0,116.0,-3.83557681740755
26116,1889.0,1907.0,4.0,-1.37815094658708
265117,27.0,1348.0,73.0,6.71117936476973
216291,83.0,1896.0,55.0,2.64278470404806
45106,1881.0,788.0,6.0,7.34069954271106
263140,1903.0,1893.0,73.0,0.576907242914831
114196,1925.0,150.0,167.0,-6.56212061099527
11874,3.0,1881.0,2.0,-1.51158637195663
184357,1913.0,1911.0,174.0,0.446258018936959
334425,1925.0,1913.0,102.0,3.63876467873749
197597,1348.0,1882.0,54.0,-1.76563660600109
237995,1913.0,1895.0,60.0,2.04881657438436
223810,1885.0,47.0,57.0,19.4138147999236
282212,1875.0,1560.0,77.0,-0.726555657900689
267063,1885.0,1922.0,74.0,5.75193465937852
247650,27.0,1887.0,70.0,4.92944473650949
318948,160.0,5.0,99.0,3.53906493753746
177810,1903.0,1881.0,53.0,3.97086504375535
239072,3.0,1902.0,60.0,-2.8547726820895
271056,655.0,1900.0,74.0,8.41937120099985
237199,1924.0,1881.0,60.0,-2.94083548000825
328333,1914.0,1923.0,101.0,2.48816883898827
344279,1342.0,82.0,104.0,-9.10238846859866
186478,229.0,1903.0,174.0,-5.60309056791924
329061,1876.0,1880.0,101.0,-8.94186658790329
337170,1904.0,1922.0,103.0,5.92353267884222
360283,160.0,655.0,108.0,-5.4057855926609
165329,1877.0,136.0,168.0,1.91904981162096
55977,1912.0,1921.0,9.0,-2.87527185867912
17069,1926.0,1901.0,3.0,-6.41755268280161
376741,163.0,83.0,109.0,-5.2467418217885
218562,11.0,1923.0,56.0,1.23211706230343
207939,1894.0,1921.0,178.0,-1.34693572096332
374357,1431.0,15.0,109.0,1.79475188674404
437716,1876.0,748.0,116.0,2.40821461159367
102768,748.0,195.0,173.0,-14.4570972212869
424461,1895.0,1897.0,115.0,-2.12480618210086
303754,1925.0,1904.0,98.0,0.0433817760205062
322555,131.0,1922.0,100.0,0.462847436749102
416319,1876.0,1904.0,114.0,4.09933476461265
230493,1671.0,13.0,58.0,0.695670469006589
189704,229.0,47.0,175.0,-1.49717409145241
217593,604.0,677.0,55.0,-3.38737670070444
29757,146.0,1888.0,166.0,-2.30694699367934
251123,1891.0,1889.0,71.0,1.4477044752497
29389,72.0,164.0,166.0,-2.5575958814244
6674,160.0,1898.0,1.0,-13.4625100112817
344305,604.0,195.0,104.0,-1.50513931220819
229530,131.0,1921.0,58.0,-8.3734106548124
88553,1877.0,1909.0,172.0,-1.14189451156916
237211,48.0,1909.0,60.0,3.18444088948941
204655,1883.0,15.0,177.0,-3.80720544672629
48033,1430.0,1908.0,6.0,-0.0433688104164467
266602,1886.0,1927.0,74.0,-3.6472176468556
211260,655.0,5.0,178.0,11.9658577757569
64583,1905.0,1903.0,10.0,-0.783984040297253
99449,27.0,5.0,44.0,3.05042514500791
324451,1925.0,1896.0,100.0,1.25612411255465
161155,748.0,1923.0,168.0,4.93213397572341
274605,604.0,1883.0,179.0,-0.574818749021515
88651,1926.0,1916.0,172.0,2.34014973667782
234450,1884.0,146.0,60.0,-0.0379366471614996
70752,146.0,1922.0,13.0,2.67715110338939
71092,1888.0,18.0,13.0,-0.443634338778315
375963,48.0,1892.0,109.0,-1.60749126181687
43650,1559.0,1889.0,6.0,15.2620538324693
24516,948.0,20.0,4.0,0.423654118897932
248574,1883.0,1560.0,70.0,-3.57893811413912
276394,229.0,1890.0,179.0,-0.35192093663896
58243,1342.0,544.0,9.0,4.56039788208621
200800,14.0,11.0,54.0,-2.3567749660826
177858,1906.0,1911.0,53.0,-3.40580045412446
236484,1897.0,1430.0,60.0,0.990039910566399
58254,163.0,1896.0,9.0,-4.04209324643337
226134,1906.0,1923.0,57.0,5.40341432535377
12580,1877.0,1918.0,2.0,0.871649245544487
227880,1925.0,1876.0,57.0,4.63305417502055
333863,163.0,1919.0,102.0,3.20661690836639
319590,655.0,1430.0,99.0,-3.44830862228161
75220,1919.0,15.0,13.0,-4.25769158800825
427842,229.0,1337.0,115.0,1.7933720777102
186323,604.0,1900.0,174.0,1.37175319287392
318683,20.0,1909.0,99.0,-4.2848347800294
220965,1342.0,1907.0,56.0,-1.84625967380992
15059,1902.0,1923.0,3.0,1.00483015327776
66580,1896.0,1889.0,12.0,-4.09650789921249
200207,229.0,1923.0,54.0,-0.146249912485851
115180,3.0,1900.0,167.0,-18.0105851433457
276358,1342.0,1921.0,179.0,-1.32554211031557
111361,1875.0,1883.0,167.0,1.8441757525994
261882,1875.0,1881.0,73.0,6.70084586045973
30874,1912.0,13.0,166.0,29.6445710739412
317618,948.0,147.0,99.0,3.84960721640405
108348,655.0,1908.0,45.0,5.90152266089109
214728,5.0,1882.0,55.0,-0.286091529319221
109167,163.0,1895.0,45.0,2.14619752418999
341172,1894.0,1928.0,103.0,10.4003355787568
249550,1430.0,1431.0,70.0,0.428532193164733
277187,1887.0,1904.0,75.0,2.43211166075947
268542,1560.0,1890.0,74.0,1.209074163944
396725,948.0,1878.0,112.0,1.15021990725973
210075,1891.0,5.0,178.0,7.3219535366946
63600,1925.0,1893.0,10.0,-0.998506602431906
246942,1900.0,1224.0,70.0,-0.964753811512494
194937,1915.0,1906.0,176.0,2.10895021945259
96379,1560.0,1331.0,44.0,0.0823167777247903
106401,72.0,1912.0,45.0,3.16150069553217
340498,82.0,120.0,103.0,4.22244280451736
400293,1332.0,101.0,112.0,9.33530302187533
182327,1880.0,1903.0,174.0,2.97374370125291
318496,3.0,1880.0,99.0,-2.96309270687873
113878,83.0,27.0,167.0,6.66187304786299
214978,1559.0,1881.0,55.0,-4.26622149989542
5636,1899.0,1912.0,1.0,-0.05569396018616
215714,160.0,1923.0,55.0,3.97757106641315
249913,229.0,1896.0,70.0,-2.32214918936088
186043,1915.0,1912.0,174.0,-0.235662276854479
3608,1905.0,1887.0,1.0,12.4733108230199
248426,146.0,748.0,70.0,0.137436681367845
376347,1919.0,1905.0,109.0,2.22234811622434
12479,1906.0,18.0,2.0,4.3127535534602
253233,1183.0,150.0,71.0,0.257893557967401
100970,1183.0,1431.0,173.0,6.16410952906134
18508,14.0,1922.0,3.0,-8.23429456609865
303351,1913.0,1891.0,98.0,1.03593216774212
272431,1875.0,1912.0,179.0,-1.29756794921212
337074,1883.0,13.0,103.0,-0.308708223130069
165177,655.0,1559.0,168.0,1.06678067340632
358918,1889.0,1892.0,108.0,5.49616209469894
207830,1906.0,1899.0,178.0,3.13082705013689
185830,48.0,1224.0,174.0,-15.5636109414571
368766,1879.0,1882.0,180.0,0.522096649296989
167233,1909.0,1671.0,51.0,4.74311692221122
284717,5.0,1901.0,77.0,-26.8297598208604
434519,748.0,1224.0,116.0,-3.38525125815536
161944,1897.0,1927.0,168.0,-1.11128324104408
45387,1887.0,1914.0,6.0,3.46876214691133
69970,655.0,1878.0,12.0,3.72791124775421
337107,1902.0,1877.0,103.0,-7.86514861311966
248965,27.0,164.0,70.0,-0.0024133048017661
285613,1920.0,1431.0,77.0,2.6186368947938
216977,1906.0,136.0,55.0,-2.22766322825608
201831,1925.0,1924.0,54.0,14.5720235131815
12852,83.0,1888.0,2.0,-2.36342286105989
240762,131.0,1892.0,69.0,-16.6444673746691
266108,27.0,1928.0,73.0,-3.61861172673558
301254,1884.0,1671.0,98.0,-1.63744723061177
311763,1894.0,47.0,186.0,14.5449021339
9109,1889.0,1908.0,2.0,-8.4321842879662
268185,1887.0,13.0,74.0,-0.889079393473553
218424,85.0,1910.0,56.0,10.5239488661367
336602,131.0,1922.0,103.0,-0.22749061874059
436697,48.0,146.0,116.0,9.44019355515541
342001,1890.0,1918.0,104.0,-1.63418594654583
237517,1876.0,101.0,60.0,11.5793239804333
276425,1915.0,85.0,179.0,1.18962213102687
47446,160.0,48.0,6.0,6.68111490483956
230054,1911.0,677.0,58.0,-8.11588879160715
182709,1900.0,11.0,174.0,0.767145143190283
300292,1879.0,5.0,98.0,1.78990467048344
53308,1905.0,1890.0,7.0,1.71795057306756
224916,136.0,1891.0,57.0,-6.12611398848995
373233,72.0,1912.0,109.0,-4.19369190366594
283570,1431.0,1908.0,77.0,-0.971263586585032
331825,1905.0,1910.0,102.0,4.81234992189554
268093,1431.0,1347.0,74.0,-0.235771264693575
222597,1430.0,1927.0,56.0,5.9535955574727
264604,229.0,146.0,73.0,0.774797312374581
86745,1879.0,788.0,172.0,1.26339443152511
104454,655.0,1896.0,173.0,5.47891613970669
232271,160.0,1892.0,58.0,0.844386188795371
203892,1883.0,120.0,177.0,0.0972962418631678
436531,1920.0,1331.0,116.0,-6.13333409856502
373838,1906.0,150.0,109.0,7.0808653825057
301777,1896.0,1917.0,98.0,1.33497257077646
87414,1875.0,1888.0,172.0,-4.74295972116763
204081,120.0,1431.0,177.0,18.843974366825
339296,1915.0,1331.0,103.0,-8.48255866377056
275908,229.0,1559.0,179.0,2.98595330851523
268068,85.0,1883.0,74.0,-2.35223500022333
266363,1671.0,5.0,74.0,-3.9390662910515
222866,1877.0,1878.0,56.0,0.163769979623532
11534,48.0,1907.0,2.0,0.966027088066335
164797,1924.0,1895.0,168.0,2.16572925522001
105018,1919.0,1878.0,173.0,-6.5078357115118
175271,27.0,18.0,52.0,-2.53716274489773
178655,1888.0,1917.0,53.0,-2.49783264121121
73458,27.0,1894.0,13.0,-6.3918842081995
104341,27.0,18.0,173.0,-3.94235480634602
100163,20.0,1922.0,44.0,-13.258408920643
334903,82.0,1895.0,102.0,-4.99051472988584
314049,3.0,1918.0,186.0,1.50104970294281
57930,1926.0,1893.0,9.0,20.1557950076108
200254,1877.0,195.0,54.0,-12.9701833417059
213894,146.0,1909.0,55.0,31.5022873767977
331525,1877.0,1332.0,102.0,-0.279706468047636
64635,1925.0,1878.0,10.0,-2.40805432755442
313597,1876.0,131.0,186.0,9.75822989432028
26251,85.0,1903.0,4.0,-3.02177297526853
436289,1924.0,1898.0,116.0,-4.91633909049275
425498,195.0,1892.0,115.0,1.46265404991527
437854,1913.0,1903.0,116.0,4.10528284869604
345530,48.0,1917.0,104.0,4.84964737813628
254911,1906.0,147.0,71.0,-3.36966768582496
639700,1893.0,1902.0,186.0,5.90847245320362
280061,1905.0,229.0,75.0,-5.99532520391669
161521,85.0,17.0,168.0,-0.389411858548784
200572,1925.0,1331.0,54.0,12.6408811572555
245404,3.0,1882.0,69.0,0.562718858999728
328258,1896.0,1224.0,101.0,-3.88866019302136
369051,147.0,1912.0,180.0,1.00785095791035
235975,1560.0,1224.0,60.0,-6.27403740097033
49480,15.0,1910.0,7.0,2.41002616835576
29599,1878.0,677.0,166.0,-8.55914616896773
211017,1332.0,131.0,178.0,1.16537049862449
68508,604.0,1909.0,12.0,12.3675026575286
425739,1342.0,47.0,115.0,0.242108453294659
344997,160.0,5.0,104.0,4.37099539166542
249942,1342.0,1896.0,70.0,0.384197738890624
169398,544.0,1881.0,51.0,6.55132288184074
434723,948.0,1342.0,116.0,3.001919533093
357315,1886.0,195.0,108.0,-7.37532628149326
24764,948.0,604.0,4.0,3.80289507649862
318971,1920.0,17.0,99.0,0.603860444020648
333661,229.0,1899.0,102.0,3.59488873256704
370430,48.0,1331.0,180.0,-11.1158007078052
114031,1925.0,1913.0,167.0,-6.10114422271949
189365,1898.0,1224.0,175.0,-3.46999160989005
243256,1900.0,1224.0,69.0,1.65657758769677
194149,1902.0,1560.0,176.0,-4.55132242382399
70175,1926.0,1910.0,12.0,5.77169122158071
414186,1885.0,1912.0,114.0,17.7722488840454
275427,1924.0,17.0,179.0,7.80060314817638
114425,604.0,1915.0,167.0,-28.8882720688792
52826,1876.0,1430.0,7.0,7.92400136019588
59833,1671.0,1922.0,10.0,-1.20653736383161
64549,160.0,748.0,10.0,17.6962886282745
17501,1924.0,11.0,3.0,3.23889354748584
28689,82.0,1890.0,4.0,-4.83628306879461
86058,1887.0,1903.0,172.0,3.75720428334443
223923,1909.0,1897.0,57.0,10.9360249598166
372306,72.0,1347.0,109.0,-4.09353028898388
267869,1907.0,131.0,74.0,-6.39757696656773
253276,136.0,1901.0,71.0,2.53048166038684
48099,82.0,1919.0,6.0,6.25150222665115
246320,948.0,83.0,70.0,-2.58024159041811
89266,1342.0,1904.0,172.0,2.1500381966982
323371,27.0,14.0,100.0,6.8111852104444
96374,1880.0,1908.0,44.0,-1.7474203448124
165891,3.0,1337.0,168.0,-1.13023385543948
255131,27.0,1917.0,71.0,3.52945792569116
332770,1922.0,1927.0,102.0,1.69861949898869
107371,131.0,1921.0,45.0,-4.30779039530335
269449,3.0,788.0,74.0,-6.59678763426232
183015,195.0,18.0,174.0,-0.418584967793381
331505,1908.0,1910.0,102.0,-1.61331046907851
62188,5.0,1882.0,10.0,2.08397156741575
277547,1915.0,150.0,75.0,5.39352401639946
209989,1894.0,13.0,178.0,-0.053760912628413
44249,47.0,1898.0,6.0,-4.49899696973395
277703,195.0,1224.0,75.0,-3.04050717452935
241825,1900.0,1889.0,69.0,-2.9139012394527
244492,82.0,5.0,69.0,-2.12207375753771
87077,1899.0,1560.0,172.0,8.65178762505128
433871,1894.0,1904.0,116.0,-2.83477913655101
50578,1894.0,1896.0,7.0,0.961377905802814
302683,27.0,72.0,98.0,0.748602427778755
323427,1332.0,1875.0,100.0,-10.8855676601585
226951,20.0,1884.0,57.0,3.42603988335855
315788,1891.0,1886.0,99.0,-4.26129847857684
103767,163.0,1914.0,173.0,-0.112516912876722
67701,1889.0,195.0,12.0,-2.60915010785964
301180,1888.0,1348.0,98.0,0.0811550905811065
335020,655.0,1889.0,102.0,-3.88974398118878
88871,1342.0,1431.0,172.0,2.96272972311874
219523,748.0,1921.0,56.0,-0.0190913380987483
331090,1923.0,1927.0,102.0,-2.73602683085407
162000,136.0,1560.0,168.0,2.89166552764213
194989,1913.0,1904.0,176.0,-0.506283614055315
335256,604.0,1927.0,102.0,0.105923414657161
300536,1183.0,13.0,98.0,-0.594110078879685
248207,1908.0,1921.0,70.0,-0.910475328340221
199234,13.0,11.0,54.0,-1.00459923735953
205958,1906.0,1891.0,177.0,8.02743298924309
218554,1907.0,11.0,56.0,10.3674561745011
186193,229.0,1342.0,174.0,-1.77728886593848
250067,544.0,27.0,70.0,3.37199059401741
275144,1342.0,146.0,179.0,9.90725267110785
228410,146.0,1928.0,57.0,0.52149804521313
273452,1888.0,1900.0,179.0,-0.831815984517444
200646,1926.0,604.0,54.0,-1.65895153578083
165768,1876.0,1900.0,168.0,3.97117179244752
279435,1898.0,1914.0,75.0,4.3789001629321
322303,1897.0,1905.0,100.0,-1.53034284285129
73856,1926.0,1909.0,13.0,5.34498025771019
375042,1925.0,160.0,109.0,4.1946083885653
74925,48.0,147.0,13.0,5.34455650524565
110398,82.0,1928.0,45.0,-4.35239326590358
435750,748.0,1898.0,116.0,-1.46755196265398
88763,1332.0,131.0,172.0,4.33186918479803
47031,1877.0,1905.0,6.0,-1.7821465403319
71830,1904.0,1431.0,13.0,-4.22224484069154
61124,136.0,1892.0,10.0,-2.70116302158891
435743,1911.0,1914.0,116.0,-4.43457595820677
50830,1891.0,72.0,7.0,-1.10930055570278
47545,163.0,1888.0,6.0,3.17925700698111
282513,1906.0,1910.0,77.0,0.909407015593433
262250,677.0,1918.0,73.0,7.29714855438751
333364,1884.0,1894.0,102.0,2.10099649889443
358787,1878.0,1900.0,108.0,-2.17471387328479
58649,1925.0,1920.0,9.0,1.28896445616034
388010,147.0,195.0,111.0,15.2900031864502
339852,544.0,17.0,103.0,3.46523317136723
65609,47.0,1927.0,12.0,2.29008865446133
266098,1925.0,1928.0,73.0,4.0670443842837
261461,72.0,1900.0,73.0,-1.23333885887316
389786,1913.0,17.0,111.0,2.02206818094527
415253,164.0,1927.0,114.0,0.134423819000686
24406,131.0,788.0,4.0,-1.91351250562382
210688,1337.0,1906.0,178.0,-21.9377004761585
109634,27.0,13.0,45.0,6.69023551798163
54994,136.0,120.0,9.0,-0.4883115996998
29650,1878.0,1921.0,166.0,-1.3910614306981
32760,1915.0,1891.0,166.0,-7.26538727193152
18546,604.0,1882.0,3.0,-4.56119997156996
370082,1342.0,788.0,180.0,2.49780308648298
103851,1915.0,1880.0,173.0,-4.36540292179264
61666,748.0,1348.0,10.0,-1.19447155314693
219532,195.0,1917.0,56.0,-2.18121284550002
161841,1903.0,1917.0,168.0,-2.21715252672223
399786,1430.0,1883.0,112.0,-1.48865838106594
367198,1431.0,1914.0,180.0,-0.429456605046393
642598,1895.0,1902.0,114.0,-0.45450882203575
264622,14.0,1892.0,73.0,-0.784219356846871
340635,14.0,1882.0,103.0,3.80856040322933
263103,101.0,164.0,73.0,7.83575367915262
32097,1876.0,1183.0,166.0,3.40405315768214
44671,195.0,1918.0,6.0,0.208172603818445
338197,131.0,1910.0,103.0,-2.64668846906236
193043,1885.0,1560.0,176.0,3.77859930664541
318955,163.0,1892.0,99.0,-2.28077513527062
276976,1901.0,1921.0,75.0,-1.1385097349922
229213,1895.0,1921.0,58.0,0.13113264669455
300484,1902.0,1910.0,98.0,-0.522262798934382
325348,3.0,1906.0,100.0,6.92665083050528
270260,544.0,1895.0,74.0,0.109060168846612
25943,1897.0,1915.0,4.0,2.32033349683024
275268,48.0,131.0,179.0,-4.13528304865586
194135,1881.0,1348.0,176.0,2.26545856665134
184408,1886.0,1908.0,174.0,-6.97920598226783
68679,1905.0,1909.0,12.0,-7.29577124708329
253093,1880.0,17.0,71.0,-0.412022258916887
337445,1560.0,1889.0,103.0,7.66024507138909
46575,1332.0,1916.0,6.0,4.65555001253186
25832,1887.0,1903.0,4.0,-1.08750260520694
202426,1879.0,11.0,177.0,0.590519180721155
179927,163.0,5.0,53.0,-3.40167250525379
251508,1920.0,1911.0,71.0,3.13205247682305
209769,1880.0,120.0,178.0,0.0866883816587926
56973,1876.0,47.0,9.0,-4.40343217019703
274506,1430.0,788.0,179.0,6.80423865586757
270405,604.0,27.0,74.0,-0.435186637690955
66964,1884.0,47.0,12.0,0.783413164009021
263003,1881.0,1918.0,73.0,1.6386926485583
399566,229.0,1183.0,112.0,5.94238766577166
319315,1920.0,1430.0,99.0,8.94538343501565
234221,1899.0,1887.0,60.0,-0.250273996066444
326613,1875.0,1907.0,101.0,1.16091910877872
115581,1925.0,1902.0,167.0,-8.83911551390413
312162,101.0,1224.0,186.0,-0.731810830533181
371370,163.0,147.0,180.0,3.38138065416839
223589,1671.0,11.0,57.0,5.20743683267846
71563,1183.0,1898.0,13.0,-7.09381509530138
227732,1876.0,1559.0,57.0,-0.0962540343946382
57066,1877.0,1908.0,9.0,-5.99299244478603
313058,20.0,1183.0,186.0,-9.8356016191984
415145,1559.0,1898.0,114.0,0.296241873157941
32327,604.0,164.0,166.0,-3.10366801199497
326079,147.0,5.0,101.0,7.77669661163811
13973,85.0,1898.0,3.0,0.0207943624660117
168771,1887.0,1560.0,51.0,-4.20028756070625
113030,1891.0,1888.0,167.0,-6.67516967208397
196043,1925.0,1904.0,176.0,2.7984277095856
248015,101.0,1891.0,70.0,-2.14820915338102
69464,1926.0,544.0,12.0,2.35123562600902
61734,1901.0,1918.0,10.0,-0.744045969735331
177655,146.0,1892.0,53.0,4.24634867147903
317032,1881.0,13.0,99.0,-4.85872381794063
390445,14.0,1224.0,111.0,1.4733237582371
188957,150.0,1922.0,175.0,-2.84480681728864
202867,1888.0,1892.0,177.0,-4.18734175536378
229767,1896.0,1911.0,58.0,-2.33850889328922
74749,1332.0,1918.0,13.0,0.0615605318224086
397183,1909.0,1900.0,112.0,4.12903225699396
200066,83.0,1894.0,54.0,-11.7525679473635
205706,163.0,5.0,177.0,-3.6131175020592
245241,1906.0,15.0,69.0,-2.15148579516876
316806,1894.0,1901.0,99.0,-1.44292982841144
62737,1925.0,47.0,10.0,12.681604635762
203008,1559.0,136.0,177.0,2.67112855292136
96333,948.0,1899.0,44.0,8.50353122754016
6010,1903.0,17.0,1.0,0.177634290727052
327527,748.0,1671.0,101.0,-0.912685075712859
227428,1342.0,1224.0,57.0,4.21302432887745
100499,5.0,1902.0,44.0,1.83955200781065
178372,1883.0,1888.0,53.0,-7.73808043190684
219674,1895.0,1224.0,56.0,-3.87855306455821
257056,1889.0,1881.0,72.0,4.94697214322608
69545,1876.0,1917.0,12.0,-4.21217600960073
243870,1342.0,1909.0,69.0,-7.88167556491173
303935,1332.0,1918.0,98.0,9.9642124088979
414994,1900.0,1331.0,114.0,-6.08718590340322
244126,1919.0,1914.0,69.0,-2.45950028125426
256765,1883.0,164.0,72.0,-7.9280285078124
374919,136.0,1912.0,109.0,-0.420938691861561
401464,604.0,1890.0,112.0,5.71416657765967
262243,1888.0,1331.0,73.0,-5.05406429849453
193245,1559.0,748.0,176.0,-0.689207009714508
49211,150.0,1898.0,7.0,-0.347069020552441
86007,1671.0,15.0,172.0,-4.56386992507392
29295,1902.0,1916.0,166.0,8.13303494832392
34291,604.0,1928.0,166.0,1.79169803941101
256730,1902.0,18.0,72.0,1.36174176843332
369949,1876.0,14.0,180.0,-3.31383764080261
376059,1332.0,1893.0,109.0,5.43717777427413
207842,1886.0,1916.0,178.0,-6.99654479577278
180382,1332.0,1896.0,53.0,-0.630770287424383
323100,85.0,13.0,100.0,-2.35757581195051
56570,15.0,131.0,9.0,-1.02195176344437
54191,101.0,1331.0,9.0,-7.15220364871628
212719,147.0,195.0,55.0,9.80763557422366
65940,1183.0,120.0,12.0,1.97795103111841
65678,1884.0,18.0,12.0,5.06528071252295
416240,27.0,1879.0,114.0,-1.01233735880751
54743,1879.0,195.0,9.0,0.990303293560946
249986,1915.0,20.0,70.0,-2.41092145924453
176093,20.0,1903.0,52.0,-3.19904084216667
202944,1431.0,15.0,177.0,2.39902960375941
189674,1925.0,1183.0,175.0,2.8156010762694
69443,1337.0,1888.0,12.0,-1.58537467041832
58886,1905.0,1906.0,9.0,-5.15982656506459
333146,72.0,1348.0,102.0,-3.69964476266535
97239,1889.0,1224.0,44.0,0.0555786262886881
52982,1924.0,1342.0,7.0,4.76790712730041
55160,195.0,15.0,9.0,-1.41641088001837
194442,1878.0,1888.0,176.0,-1.00637127832997
356870,1891.0,1898.0,108.0,4.63282549835941
332884,1907.0,1890.0,102.0,2.8824911627079
417002,20.0,1912.0,114.0,-6.78694032724586
270474,3.0,544.0,74.0,4.85705344310687
372983,1875.0,1890.0,109.0,3.86556468472465
238899,1926.0,1337.0,60.0,-3.69786820013537
95734,948.0,1889.0,44.0,4.04405181135109
175875,1926.0,83.0,52.0,-3.67997487078834
162759,1917.0,788.0,168.0,1.20909428252958
303165,20.0,1916.0,98.0,5.42763819623921
358969,47.0,1914.0,108.0,3.46839666442118
426357,1342.0,146.0,115.0,2.02542257788326
220200,101.0,1911.0,56.0,-5.56393275764486
359113,1879.0,1909.0,108.0,2.22992887001459
8719,1903.0,1928.0,1.0,0.0797230176700134
26945,14.0,1875.0,4.0,0.492304015391312
111051,131.0,1901.0,167.0,-73.6924379868362
44809,1898.0,1224.0,6.0,1.52365907005576
425473,948.0,1909.0,115.0,0.480469370506496
369446,1896.0,1916.0,180.0,-3.40363252579956
337368,1904.0,1917.0,103.0,2.94024259063353
161609,146.0,1911.0,168.0,-0.169638184584193
202334,1921.0,1902.0,54.0,2.34931584851354
189960,1337.0,1881.0,175.0,-7.01168241952821
317205,1900.0,1910.0,99.0,-0.975629317609542
71517,1347.0,1878.0,13.0,5.89864146109998
50386,17.0,1890.0,7.0,-1.7094278989193
69102,27.0,544.0,12.0,-4.83616134747355
88492,82.0,1883.0,172.0,-2.07603699538206
74827,1877.0,1912.0,13.0,-1.72179319689253
55247,1887.0,131.0,9.0,0.486574712266867
187520,1883.0,72.0,175.0,-0.788992985655572
171354,1903.0,1910.0,52.0,2.10276618775576
237077,14.0,1881.0,60.0,5.80930046948078
243002,1559.0,1888.0,69.0,2.5711211220707
32621,544.0,604.0,166.0,0.487777483818095
27967,1925.0,1875.0,4.0,-0.486787389121354
182008,1906.0,1887.0,174.0,1.99524356846869
237730,1919.0,1893.0,60.0,7.75918062868185
74505,48.0,1905.0,13.0,-6.20020347917498
329478,229.0,1884.0,101.0,-2.07730496072354
65831,146.0,120.0,12.0,1.23512762311409
237317,229.0,1913.0,60.0,9.38101871072131
161181,1881.0,1671.0,168.0,-2.25500719372578
248380,1903.0,1908.0,70.0,0.360922602306946
107828,1906.0,1887.0,45.0,9.90335294694572
11435,1920.0,1183.0,2.0,-2.63584525901471
331567,1347.0,1875.0,102.0,-4.59328668979927
426231,604.0,1901.0,115.0,-2.5551934438295
334250,163.0,1901.0,102.0,-1.29142266164539
113437,544.0,1883.0,167.0,-2.39686895021675
196479,1337.0,1671.0,176.0,-1.16028687864856
325326,1925.0,1903.0,100.0,-4.04986213170618
107948,1890.0,1921.0,45.0,-3.47012759750414
368036,131.0,18.0,180.0,2.71330290295688
367436,1671.0,1224.0,180.0,2.54795687628179
12795,1915.0,13.0,2.0,0.8840734864456
28068,544.0,1430.0,4.0,0.238724984059182
184172,72.0,1882.0,174.0,0.91158360065226
258271,1671.0,1893.0,72.0,-2.40120557667782
51951,163.0,146.0,7.0,-1.84646525585893
181024,1905.0,1559.0,53.0,-8.92748578034872
58004,1337.0,1893.0,9.0,2.97722767271725
96959,1878.0,1893.0,44.0,-3.54715991814573
251494,1889.0,1916.0,71.0,-3.49448793956668
340297,1924.0,1917.0,103.0,-3.1892201092823
323582,1915.0,1907.0,100.0,0.128187153597426
45684,1886.0,788.0,6.0,-6.36911482090264
315649,1887.0,5.0,99.0,0.426238607792732
25538,1904.0,788.0,4.0,-1.35454437538923
180935,163.0,1927.0,53.0,-0.809794392285688
86801,136.0,1907.0,172.0,-7.26658012064228
199660,1900.0,13.0,54.0,1.38173561486327
8533,1430.0,1921.0,1.0,-1.60769934984658
105941,164.0,195.0,45.0,7.79987043449576
186164,1876.0,1927.0,174.0,-4.41171232280714
164736,655.0,150.0,168.0,1.49089448055163
106392,748.0,11.0,45.0,-10.9879983740672
261388,72.0,1882.0,73.0,1.00240474571934
401122,1905.0,1430.0,112.0,-0.490479269174838
252831,948.0,229.0,71.0,-4.80742355330546
425447,1907.0,11.0,115.0,1.00196394069723
227856,1342.0,1876.0,57.0,-4.6930115684407
72963,1899.0,1895.0,13.0,0.149774826297083
210553,544.0,1883.0,178.0,-13.2340318044991
361481,48.0,15.0,108.0,-9.64699983727746
166930,1889.0,1923.0,51.0,3.06863109148385
234248,147.0,1890.0,60.0,-0.939204404318729
286638,3.0,1560.0,77.0,-7.69477728518809
27926,544.0,1904.0,4.0,3.20569553812501
330121,604.0,136.0,101.0,4.36273195703294
426010,1905.0,1901.0,115.0,-3.35057236347965
103661,48.0,1887.0,173.0,2.32642885435627
333095,1560.0,1882.0,102.0,4.54159420928924
268967,1891.0,1927.0,74.0,3.1584886754079
234990,948.0,1919.0,60.0,1.33604132071982
437139,655.0,1915.0,116.0,2.06374389439364
108264,1878.0,1891.0,45.0,-2.13790495534934
67306,1897.0,1896.0,12.0,1.76132283268257
107623,1878.0,1918.0,45.0,-8.15901258234673
160949,27.0,1911.0,168.0,5.42556444424778
416016,1906.0,1904.0,114.0,7.93218335055216
49527,1896.0,1882.0,7.0,4.24001473105417
300049,1894.0,17.0,98.0,-1.47319107731598
178405,1915.0,1899.0,53.0,-1.3731635334375
425188,1897.0,1908.0,115.0,-3.07993523502286
245563,1877.0,85.0,69.0,3.3352142201502
47649,229.0,83.0,6.0,2.95888880758623
31710,1883.0,13.0,166.0,-2.42475313170627
267670,1881.0,15.0,74.0,-8.89095777387412
221334,163.0,1916.0,56.0,11.5689509817297
437279,1430.0,1895.0,116.0,-0.964985272860029
424482,1881.0,11.0,115.0,-15.0609620783652
173651,1894.0,1910.0,52.0,2.84131499563393
44195,1891.0,1903.0,6.0,2.33474577062888
6250,72.0,1900.0,1.0,4.67185196159492
215150,101.0,1671.0,55.0,-5.7670943719017
376689,229.0,1888.0,109.0,4.2799578913057
322889,147.0,1894.0,100.0,0.850644687572799
343254,1559.0,1347.0,104.0,0.0216633460317175
390693,1919.0,748.0,111.0,-2.0742413380117
370840,1924.0,101.0,180.0,17.7537938993518
7457,27.0,18.0,1.0,4.68791103222773
182285,1913.0,1898.0,174.0,-1.94002791626332
33500,14.0,1886.0,166.0,-1.30759981238772
201358,1924.0,27.0,54.0,1.48506239277146
102750,15.0,788.0,173.0,-1.85262386610363
200562,1342.0,1901.0,54.0,-11.7091060205061
192985,1912.0,1347.0,176.0,2.62852185478855
271118,1337.0,1903.0,74.0,-8.847816695886
434170,1901.0,1923.0,116.0,-1.95421351202915
247539,1894.0,1882.0,70.0,4.48329716850724
318429,82.0,1907.0,99.0,3.20487560498121
45487,1894.0,164.0,6.0,8.92919054773452
180041,1906.0,1892.0,53.0,-6.82984097229159
334564,229.0,5.0,102.0,4.58929761943181
282715,1224.0,18.0,77.0,4.29077616671754
368709,146.0,1894.0,180.0,0.774382497244108
87130,1879.0,1907.0,172.0,-1.6777340168333
270140,1920.0,1893.0,74.0,1.70606668335971
401043,1919.0,1886.0,112.0,6.20118226264598
115015,1906.0,1927.0,167.0,-1.49442069618797
252542,1431.0,5.0,71.0,-2.06896444925552
304254,3.0,83.0,98.0,3.77269205596736
188112,1560.0,15.0,175.0,3.78129550846399
216146,1332.0,1904.0,55.0,0.228526546799945
8335,83.0,1337.0,1.0,13.3485329649753
13984,1894.0,131.0,3.0,-0.0067324366682552
15881,1878.0,1884.0,3.0,1.72819409700496
390738,1926.0,1332.0,111.0,-3.09202811336303
322368,1880.0,1892.0,100.0,2.70119091502185
201122,83.0,1889.0,54.0,-2.98736424589395
215377,5.0,1921.0,55.0,1.27667622351998
109763,82.0,1671.0,45.0,-42.2486335818967
262668,72.0,17.0,73.0,4.48550131906378
185092,1332.0,1904.0,174.0,-3.5068389807453
6193,1886.0,15.0,1.0,3.72298177833611
238703,83.0,1337.0,60.0,-1.26169272186466
112216,1893.0,1927.0,167.0,-2.84236086825267
68253,3.0,82.0,12.0,1.6508075497621
425402,1891.0,1890.0,115.0,-3.67782200837815
344849,1906.0,17.0,104.0,-4.87904783141773
228781,1893.0,15.0,58.0,-1.78133796971991
304076,27.0,1224.0,98.0,4.80479493908795
96428,1884.0,1921.0,44.0,0.411934448872422
285894,604.0,150.0,77.0,11.2734204992011
44688,1907.0,1916.0,6.0,-4.06759172487652
67151,948.0,1342.0,12.0,-4.29532811539749
215824,160.0,1898.0,55.0,-21.0263808819989
244886,1877.0,1927.0,69.0,1.33142886365762
361713,1892.0,1928.0,108.0,-1.97443154727726
17853,83.0,13.0,3.0,1.64213913912011
173453,1895.0,18.0,52.0,-2.74164839314502
72864,1902.0,1905.0,13.0,2.88322061278877
426652,163.0,1891.0,115.0,-7.04327486257028
112643,1879.0,1331.0,167.0,0.733695279731495
215105,1900.0,1889.0,55.0,-12.2217540723154
250450,3.0,1342.0,70.0,-8.48585492534569
426731,48.0,1895.0,115.0,10.9056750880942
235959,948.0,1920.0,60.0,-1.36979895916485
202017,3.0,1882.0,54.0,-1.0756771500168
162428,146.0,5.0,168.0,1.50344544181122
67621,1347.0,1923.0,12.0,-6.28571137585313
423750,15.0,1910.0,115.0,1.16585668754613
6964,1332.0,1916.0,1.0,4.27874891140872
68441,1920.0,164.0,12.0,0.316984360700578
274644,1876.0,1183.0,179.0,2.99300417259271
320063,82.0,1903.0,99.0,-0.969561360258978
301123,1886.0,788.0,98.0,-6.15570014576173
201229,1877.0,1896.0,54.0,-0.0328704996930833
315665,1879.0,1560.0,99.0,3.19162957659969
370685,1924.0,1347.0,180.0,1.94167802889971
229871,150.0,1914.0,58.0,-2.27205681327907
359902,160.0,1885.0,108.0,1.28649268160207
168548,948.0,1888.0,51.0,-5.54364927799957
193243,147.0,1927.0,176.0,-3.61458394474046
184140,1883.0,1898.0,174.0,2.95007925763163
415595,544.0,195.0,114.0,-8.63117144711583
106239,1899.0,1560.0,45.0,-5.20568162286699
29481,1894.0,1923.0,166.0,-2.06519486821158
413096,1881.0,1914.0,114.0,2.18868503098181
388966,1883.0,1224.0,111.0,-0.973092376678478
375489,27.0,229.0,109.0,1.34129564649014
225556,18.0,1923.0,57.0,-1.25855746460072
226193,1332.0,1183.0,57.0,-1.2925173405373
260880,229.0,1925.0,72.0,2.08675477668464
400107,229.0,1913.0,112.0,4.65317368074382
337457,82.0,150.0,103.0,2.94005443077599
45919,1876.0,47.0,6.0,-4.4635711927535
248389,1183.0,1889.0,70.0,-3.27259333614173
269418,544.0,1923.0,74.0,-3.27595468348083
304718,82.0,1919.0,98.0,4.46568612684063
358172,1671.0,13.0,108.0,-1.55398773308922
391061,14.0,1908.0,111.0,2.48982152338272
318092,1915.0,788.0,99.0,-1.21060593831035
190470,1332.0,1891.0,175.0,-4.84115224301537
185478,1920.0,1884.0,174.0,-0.951249040522059
61778,1891.0,120.0,10.0,-3.00356749447875
13026,544.0,1888.0,2.0,-0.358249402614872
101619,47.0,1348.0,173.0,0.0018603569104951
18140,604.0,1888.0,3.0,-0.214628225154468
181705,1910.0,1928.0,53.0,5.86143796478069
367434,1899.0,1891.0,180.0,-0.337282816507536
215619,1926.0,18.0,55.0,4.49238330204343
162031,1885.0,1901.0,168.0,2.86992914945974
368286,1894.0,1923.0,180.0,-0.399843873876523
330395,163.0,1878.0,101.0,-1.36751337333148
47849,3.0,1900.0,6.0,-0.144406716095434
284079,1430.0,1898.0,77.0,-2.11337297293501
201066,20.0,18.0,54.0,-5.75686757204606
71300,1348.0,1882.0,13.0,-1.46398602904583
339203,48.0,1898.0,103.0,3.44620427329588
304916,1921.0,1928.0,98.0,-0.404586819268422
232282,1342.0,1892.0,58.0,-1.83281514272185
319083,1332.0,1896.0,99.0,0.682077833675907
624215,164.0,1902.0,51.0,8.10154808197112
332232,101.0,1882.0,102.0,3.9455967234911
166128,1891.0,1671.0,51.0,-2.68543955980883
96585,164.0,1922.0,44.0,0.984960570586989
423853,1879.0,1885.0,115.0,-0.151475413019034
310786,1920.0,1898.0,186.0,0.509683838586715
282783,1224.0,5.0,77.0,2.09282861730233
203320,195.0,1431.0,177.0,9.45016265763677
434949,1908.0,1914.0,116.0,3.5642692407914
166315,1903.0,1910.0,51.0,-1.53773977537043
11665,544.0,788.0,2.0,-9.16328715028256
376410,544.0,1430.0,109.0,7.86194102999395
49980,1885.0,1914.0,7.0,5.73658815740843
179138,748.0,1918.0,53.0,1.46246067019313
44402,150.0,5.0,6.0,-2.19540207756826
57156,48.0,1907.0,9.0,8.06162015844655
102974,1911.0,1224.0,173.0,-2.66973687226166
423890,1883.0,1911.0,115.0,0.0333226772064393
253146,101.0,1224.0,71.0,-3.60797428263248
70179,229.0,1910.0,12.0,0.491426030090283
199207,1894.0,150.0,54.0,1.92773556321227
339996,83.0,1348.0,103.0,-1.27706204260881
86071,136.0,1224.0,172.0,-2.29111161878387
275501,1332.0,1896.0,179.0,2.50262543383954
415584,1913.0,1183.0,114.0,-0.757964824354153
71160,1879.0,1912.0,13.0,11.2426125506085
195420,604.0,1331.0,176.0,-27.1479688820254
340100,48.0,1896.0,103.0,18.2893707129653
182750,136.0,15.0,174.0,0.2725596992902
217727,1915.0,1928.0,55.0,-11.6200623999046
332656,1904.0,1898.0,102.0,-0.769006666460242
359786,229.0,72.0,108.0,-0.594842099690515
108014,1909.0,1917.0,45.0,-3.30832275009499
346239,1925.0,15.0,104.0,2.32682380953498
100690,1899.0,1916.0,173.0,-2.61706617316654
214175,85.0,120.0,55.0,10.5815918705208
301984,1671.0,1898.0,98.0,3.86579606211048
54387,85.0,1883.0,9.0,1.8711850612734
399293,1559.0,131.0,112.0,8.96817328293439
343698,72.0,15.0,104.0,-3.9720612913138
60255,1895.0,1883.0,10.0,-0.283930813302167
17290,14.0,1914.0,3.0,-4.82367198302244
168433,72.0,1888.0,51.0,-7.2142385996711
99430,1337.0,5.0,44.0,-14.234430679463
114276,1906.0,1893.0,167.0,8.63849015791735
59303,1896.0,1928.0,9.0,1.57499314218098
341902,85.0,1898.0,104.0,-1.96928926773975
227346,1919.0,1905.0,57.0,-3.53056091651986
236449,1889.0,1907.0,60.0,1.70988756584285
172142,948.0,136.0,52.0,1.25977025447443
208026,1908.0,1927.0,178.0,-4.53653620950756
302387,1879.0,1918.0,98.0,-4.29520753011098
224180,1897.0,1915.0,57.0,-3.74408371400564
324209,1342.0,1893.0,100.0,-2.7004106141271
108330,1876.0,1919.0,45.0,12.4535325177888
322442,1183.0,1890.0,100.0,-2.44977993865399
104423,20.0,1348.0,173.0,-2.54297353977002
260678,1906.0,1922.0,72.0,-0.289533237834666
208971,1908.0,1923.0,178.0,-3.59364420280822
367293,1875.0,1897.0,180.0,-0.432755825127372
212604,1906.0,1928.0,178.0,2.92915816467407
388156,948.0,85.0,111.0,-0.291159378349225
275020,604.0,1901.0,179.0,-1.99691754364046
58698,1926.0,1886.0,9.0,3.4097712796453
177128,1875.0,1893.0,53.0,3.4564568102111
300385,1559.0,1912.0,98.0,-3.45778964118468
56716,1875.0,1903.0,9.0,2.13816998027472
311585,163.0,1347.0,186.0,-4.76224889562446
236236,1885.0,748.0,60.0,2.22829972454255
173922,14.0,1332.0,52.0,-5.84462201015749
14160,85.0,147.0,3.0,-9.5566375669916
32926,604.0,101.0,166.0,15.6498950714384
312768,1876.0,150.0,186.0,-1.03357221823012
416835,27.0,13.0,114.0,9.72871342645833
177713,1884.0,1224.0,53.0,-3.25355405875681
361021,1924.0,1888.0,108.0,3.76270718854873
113332,1920.0,1183.0,167.0,-4.64908650944993
194615,1888.0,1897.0,176.0,-0.829814251501341
391017,160.0,1906.0,111.0,1.22615901436732
397835,1183.0,1911.0,112.0,9.80502996256506
416290,1905.0,1884.0,114.0,-9.03689274874183
433738,1891.0,1909.0,116.0,13.3172864756143
104031,1337.0,101.0,173.0,21.7928069557155
4758,1884.0,1914.0,1.0,2.99195605297168
331676,147.0,677.0,102.0,-7.03882978711841
283127,1559.0,1183.0,77.0,-0.219467950323606
193223,1878.0,1897.0,176.0,-2.0826192438715
183137,1887.0,1914.0,174.0,0.652448871240528
250276,3.0,1927.0,70.0,12.3803186971969
58691,1342.0,120.0,9.0,-3.95530701560456
109579,1920.0,1224.0,45.0,7.40109948369129
208612,146.0,1917.0,178.0,10.1262211556891
222297,1905.0,20.0,56.0,-2.19883817118227
331894,1900.0,1922.0,102.0,0.519292530811298
29157,948.0,1332.0,166.0,0.28874367227719
273513,15.0,1914.0,179.0,2.44156992524208
193543,1898.0,1910.0,176.0,0.630133645833531
25778,1342.0,1898.0,4.0,0.0621791432024187
109235,1905.0,1893.0,45.0,20.4897507697116
169676,1906.0,17.0,51.0,1.61169181825541
95964,1888.0,15.0,44.0,3.19185967753835
242904,1889.0,1904.0,69.0,-0.0647314647016387
25529,1884.0,1224.0,4.0,4.58680828522285
187631,1897.0,1912.0,175.0,-1.37352985776773
369039,1671.0,1917.0,180.0,9.20357387494443
302246,1880.0,1671.0,98.0,-0.340128052876463
322156,15.0,131.0,100.0,-2.71452293202501
321666,82.0,17.0,100.0,-0.767613508612007
28313,163.0,1927.0,4.0,2.29401496052545
400789,1919.0,5.0,112.0,2.87618431910062
58274,1337.0,5.0,9.0,7.41701781013335
258944,82.0,72.0,72.0,-6.71236007206436
180254,1877.0,17.0,53.0,-2.91418007077958
320237,1430.0,47.0,99.0,-2.05182437850756
226738,655.0,163.0,57.0,12.9927315455339
179076,1892.0,18.0,53.0,1.46333836299484
243836,48.0,1909.0,69.0,-1.17727631540717
30134,195.0,1901.0,166.0,-6.83856345439614
278745,120.0,1895.0,75.0,-1.10855976376252
270218,1342.0,1884.0,74.0,-2.95813453552534
427662,1342.0,1882.0,115.0,-1.16866858134202
330836,1889.0,1912.0,102.0,-3.12968177171404
105839,85.0,72.0,45.0,-2.88415537856241
205330,48.0,1923.0,177.0,4.00943923609725
105958,1431.0,788.0,45.0,0.855864395203934
374992,948.0,655.0,109.0,1.30931371179947
10287,164.0,131.0,2.0,1.68872103790098
337172,1909.0,1917.0,103.0,-2.20216084955313
257665,1183.0,17.0,72.0,3.50218673015795
43488,1879.0,5.0,6.0,-3.79634819250514
164677,229.0,1891.0,168.0,-2.56884715960498
8674,48.0,1902.0,1.0,-10.0017263065503
181620,1908.0,1902.0,53.0,-8.41011831668846
255618,48.0,1882.0,71.0,-11.326593595495
257539,1431.0,1900.0,72.0,0.272859919298617
107451,85.0,1881.0,45.0,4.56915567783809
270933,160.0,1342.0,74.0,-2.23958446565011
263221,1885.0,1923.0,73.0,-4.13314972126679
274090,1885.0,1224.0,179.0,-2.76781913444223
279488,1879.0,1911.0,75.0,0.45986507349109
324454,544.0,1879.0,100.0,5.47404111405475
73816,1925.0,1880.0,13.0,-1.06562258890589
263375,1889.0,1898.0,73.0,-1.20176502426713
10500,1884.0,1348.0,2.0,-0.0194358590222118
164477,1906.0,1914.0,168.0,1.9583503087434
260924,1928.0,1902.0,72.0,-6.11678572272396
316658,1894.0,1908.0,99.0,0.688108421639995
338915,20.0,788.0,103.0,0.464825215043567
97306,1560.0,5.0,44.0,1.78111252828856
44094,1881.0,1895.0,6.0,2.17439819296674
398789,1902.0,1914.0,112.0,1.89749633773347
317199,120.0,1900.0,99.0,4.35698666618929
375721,83.0,1880.0,109.0,1.72417044480514
314060,604.0,1905.0,186.0,3.79026072531104
247190,1884.0,1917.0,70.0,0.902640315911311
192944,748.0,1893.0,176.0,-0.579633132209857
204357,1884.0,1886.0,177.0,6.15194636631288
197024,1332.0,1921.0,176.0,-7.60134052151533
316370,1882.0,1892.0,99.0,3.7163597145062
424315,1879.0,1431.0,115.0,-5.35611091098839
106022,85.0,1895.0,45.0,-0.925322613746243
16645,1926.0,1883.0,3.0,-15.1048546483381
33847,1876.0,1903.0,166.0,-4.74470801112377
69646,1905.0,1430.0,12.0,9.97489241166308
195444,27.0,1880.0,176.0,-7.38197739946049
173454,1560.0,1895.0,52.0,-0.851015167343477
332149,1899.0,748.0,102.0,5.31352324932348
106500,1882.0,1918.0,45.0,2.58017846211349
313973,1332.0,544.0,186.0,1.56905569195746
61491,748.0,1671.0,10.0,0.61093442364843
105980,1914.0,1927.0,45.0,0.586978096758957
232768,655.0,1912.0,58.0,9.66704126875839
8962,1888.0,18.0,2.0,2.95746608783997
336145,1881.0,1923.0,103.0,2.57764507394862
179972,1915.0,1885.0,53.0,1.17224701363473
193706,1875.0,1907.0,176.0,-4.42394107917845
243096,1183.0,1907.0,69.0,0.878116395943463
14842,748.0,1331.0,3.0,-3.05984860584996
201698,1332.0,748.0,54.0,-1.9943271394768
248939,1905.0,1883.0,70.0,22.7361345070951
368821,164.0,5.0,180.0,5.6465701073691
312369,1889.0,1431.0,186.0,-0.0856024226621566
70635,1897.0,5.0,13.0,3.13499707912242
108599,27.0,1901.0,45.0,-1.5913351285735
435824,1875.0,1878.0,116.0,0.294901736455506
244091,3.0,1431.0,69.0,2.11654946631004
244480,1877.0,1895.0,69.0,3.12497098553926
369765,1893.0,1331.0,180.0,-0.241787707989636
88116,655.0,1899.0,172.0,0.986765873979482
311356,1183.0,1878.0,186.0,6.01377947876496
265547,655.0,136.0,73.0,4.05770509106337
101418,1904.0,788.0,173.0,-4.06125617368923
276785,1926.0,1902.0,179.0,-2.88935448743176
114202,160.0,1893.0,167.0,16.7275741810369
224289,1916.0,11.0,57.0,-0.723098358477578
96084,1908.0,1927.0,44.0,5.51249577517729
212676,604.0,1902.0,178.0,1.4647609184987
300443,1893.0,1894.0,98.0,-3.34021839597465
52831,1925.0,1927.0,7.0,2.43954131652822
424557,1912.0,1892.0,115.0,3.8862112089449
311240,1912.0,1918.0,186.0,-9.52487274524467
433966,1907.0,1923.0,116.0,-1.8128934655251
68619,48.0,1913.0,12.0,-0.787290232890374
300419,1920.0,1332.0,98.0,-5.80290453459665
72790,136.0,1878.0,13.0,-9.9125532113403
400315,544.0,131.0,112.0,1.74307787158566
249304,1906.0,1916.0,70.0,-3.88382384352012
336981,1913.0,1347.0,103.0,-6.52347223114787
13020,48.0,1888.0,2.0,8.24574622582596
316872,101.0,1560.0,99.0,1.9981524368037
311509,1559.0,1671.0,186.0,-6.85719904937916
218710,120.0,1917.0,56.0,-0.492433256949526
61945,1878.0,1897.0,10.0,1.6937523328887
320712,948.0,5.0,100.0,3.70641634154742
163888,20.0,72.0,168.0,-9.03174331289726
66343,47.0,1893.0,12.0,-0.020141697598374
103992,1337.0,1914.0,173.0,4.3780222698869
68880,1905.0,1431.0,12.0,1.81634497136186
303607,160.0,1895.0,98.0,0.0166104045149551
217498,1913.0,1560.0,55.0,0.7855153971256
103229,136.0,1917.0,173.0,3.44677881902056
179319,229.0,1899.0,53.0,7.70657016561797
31097,1883.0,1896.0,166.0,6.63363009156826
97790,1183.0,1901.0,44.0,1.84550959083388
5407,1892.0,17.0,1.0,-37.9135126040699
318900,27.0,1904.0,99.0,-2.21094738026865
196907,1342.0,1903.0,176.0,-8.87019987213249
278133,1918.0,788.0,75.0,29.4157871771155
194734,85.0,150.0,176.0,3.48970423916817
267776,1908.0,1921.0,74.0,-11.0327370306011
268077,101.0,1916.0,74.0,-3.08532459372517
285977,1913.0,1348.0,77.0,0.0605485539999406
242163,677.0,1927.0,69.0,2.44320186548585
346208,27.0,1890.0,104.0,-2.10073464603863
233186,1924.0,948.0,58.0,8.13467349366618
107668,164.0,788.0,45.0,-3.27993250265181
177837,1905.0,1347.0,53.0,2.90998514170792
30290,3.0,150.0,166.0,-3.39973519467138
88789,229.0,604.0,172.0,-1.83402490013062
75719,147.0,1928.0,13.0,2.33303621125594
357719,120.0,1907.0,108.0,1.635230487633
28713,1915.0,85.0,4.0,2.80737807282634
414601,1883.0,1903.0,114.0,-7.19419590252351
5429,146.0,5.0,1.0,0.727891495488957
252907,1904.0,1431.0,71.0,-5.55940366961777
87070,150.0,5.0,172.0,-1.40717274576186
433349,1888.0,1890.0,116.0,-2.85996139416544
211603,1925.0,1875.0,178.0,-0.957619021385981
16415,136.0,147.0,3.0,1.22945339101497
190035,1906.0,1331.0,175.0,-12.969642580382
283550,1671.0,1916.0,77.0,-5.16151305303367
45263,1893.0,17.0,6.0,0.857470279448337
170571,1915.0,1671.0,51.0,-24.2389310920367
371217,3.0,1430.0,180.0,1.78000877080996
166204,1917.0,18.0,51.0,-2.59167320257959
265748,229.0,1924.0,73.0,7.45538723647729
114382,1337.0,1889.0,167.0,-17.5872670308022
109370,1920.0,1904.0,45.0,1.0313710628746
179169,1875.0,677.0,53.0,3.28642079278502
56227,1885.0,15.0,9.0,-1.46279731805641
334825,163.0,1904.0,102.0,-3.87627530668725
172733,948.0,1898.0,52.0,-2.58282433969924
165384,1913.0,748.0,168.0,2.83292084094155
265803,1332.0,1903.0,73.0,-0.14774637081145
51590,229.0,1898.0,7.0,-10.5851417332722
318298,1915.0,164.0,99.0,2.217225846885
200165,1877.0,82.0,54.0,-0.0740144375725189
246547,85.0,72.0,70.0,-2.90621003657468
299829,1903.0,11.0,98.0,3.28325818277405
281327,1920.0,1342.0,75.0,0.33493991269824
316577,1915.0,150.0,99.0,0.961149579228585
324549,1905.0,1895.0,100.0,-1.54759976502376
24888,1885.0,1560.0,4.0,1.71201891258067
322633,1903.0,1927.0,100.0,1.87080480151322
16950,1915.0,1875.0,3.0,1.11899050584776
73961,229.0,1913.0,13.0,3.91400231785851
171082,1913.0,1890.0,51.0,-1.05604593250218
278849,1909.0,1908.0,75.0,-3.41917229720224
266875,1904.0,1882.0,74.0,4.29788612112838
264879,1877.0,1893.0,73.0,-0.675203958290475
224826,1909.0,1908.0,57.0,-5.15857920025557
196181,1924.0,1348.0,176.0,7.50680416801919
58672,1919.0,1559.0,9.0,-0.248321116838695
29652,47.0,1909.0,166.0,10.3321607440669
166877,1889.0,18.0,51.0,-1.02495270362421
186462,82.0,1337.0,174.0,-2.65349381953447
250052,1925.0,27.0,70.0,5.76408392676556
7417,48.0,20.0,1.0,-3.82752836423203
336814,1912.0,17.0,103.0,4.50341624661352
166427,1914.0,1918.0,51.0,12.7303205535847
270909,1332.0,748.0,74.0,-0.665584794473961
337637,1904.0,1912.0,103.0,-0.173177120816257
357725,150.0,15.0,108.0,-1.60450432269453
50156,1875.0,1898.0,7.0,-11.2418884230453
165293,1337.0,1886.0,168.0,-6.33262481682551
327700,1903.0,1900.0,101.0,-0.396473413070139
13778,1878.0,1893.0,3.0,1.79567705130802
229172,1892.0,1914.0,58.0,0.539322298994354
74550,163.0,1915.0,13.0,-3.78754846308428
190808,163.0,1915.0,175.0,-1.25109591245547
67557,120.0,18.0,12.0,-4.90201936035601
18074,655.0,1430.0,3.0,-0.0293690690591398
44432,1921.0,1923.0,6.0,-5.22193277100565
629482,748.0,1902.0,55.0,3.369769821126805
642617,1891.0,1902.0,114.0,-5.874309708700385
286760,163.0,1890.0,77.0,0.18622184805161
417333,14.0,1337.0,114.0,-12.9095968767723
11931,1332.0,146.0,2.0,4.65274108883667
175844,1920.0,83.0,52.0,6.08435209191189
89099,1920.0,1891.0,172.0,-6.29241413429135
342582,1885.0,1894.0,104.0,11.8298610551495
17571,1926.0,1895.0,3.0,-2.63576485633887
316431,1891.0,1917.0,99.0,0.801933371542768
178707,1559.0,1883.0,53.0,0.114035688385408
273920,1889.0,1908.0,179.0,-1.63329499440054
214244,120.0,1889.0,55.0,-7.36012162449062
104431,1925.0,1879.0,173.0,0.643744754871071
54634,948.0,1890.0,9.0,-0.806358247376623
435683,1902.0,1347.0,116.0,1.20353539371626
28872,83.0,1430.0,4.0,0.901318813224731
434149,1878.0,1914.0,116.0,2.95712876934464
193048,1902.0,1907.0,176.0,-2.58666819488382
345478,1430.0,1918.0,104.0,1.93714818120473
285430,544.0,1901.0,77.0,-0.0335138359991942
315316,195.0,1890.0,99.0,1.37815581608834
188416,146.0,677.0,175.0,-5.13727114821967
415687,1913.0,1881.0,114.0,-4.34895677091305
358984,1909.0,1882.0,108.0,9.40878122873462
211599,1342.0,1879.0,178.0,-19.2480422269769
225629,1883.0,1901.0,57.0,0.472227176954371
371819,1924.0,1878.0,180.0,2.77038562992911
236013,1877.0,1347.0,60.0,-2.28265409699469
185464,655.0,1884.0,174.0,5.93010037842654
210738,1913.0,1907.0,178.0,-11.4609491625023
374502,1885.0,1889.0,109.0,-2.59366334970515
333145,1342.0,1347.0,102.0,-7.17907671877201
169859,544.0,1891.0,51.0,-0.0575631709469392
322962,1347.0,1922.0,100.0,-4.17862785757925
189533,1883.0,13.0,175.0,-3.14145795324709
4960,150.0,1917.0,1.0,1.01801444986078
315495,1875.0,1892.0,99.0,1.00097033914812
44228,1882.0,1910.0,6.0,2.88581954010763
390274,1920.0,1348.0,111.0,-3.02243531658936
95438,1878.0,1917.0,44.0,-3.72418974721163
372481,1897.0,3.0,109.0,5.00254004238568
86864,72.0,18.0,172.0,8.07487845032093
335610,14.0,1337.0,102.0,3.82131853651497
195010,1337.0,72.0,176.0,-0.706467723655613
7523,1926.0,1904.0,1.0,-0.693688311187937
58899,1332.0,15.0,9.0,-1.23612488500693
173575,1560.0,72.0,52.0,0.866957540664696
313537,1919.0,1909.0,186.0,5.30183915853803
67841,1559.0,1875.0,12.0,4.83492189889025
270972,48.0,1332.0,74.0,-8.98903608073639
277263,1886.0,1896.0,75.0,1.37932822605913
286279,48.0,1917.0,77.0,8.07772255449569
189221,136.0,1923.0,175.0,3.81426813193864
324144,544.0,1892.0,100.0,8.94431520744106
170544,1926.0,1920.0,51.0,-0.887174619014659
254136,1925.0,1885.0,71.0,2.85922323283458
317222,1889.0,1917.0,99.0,-0.0775888133895594
254295,1926.0,163.0,71.0,8.3557881867542
9472,1875.0,17.0,2.0,-3.48722172731038
65835,120.0,1895.0,12.0,-1.56152835488483
345292,544.0,1879.0,104.0,14.5588217711388
7223,160.0,655.0,1.0,3.90067953386048
401038,1924.0,147.0,112.0,7.2627936636086
233635,1924.0,1902.0,58.0,3.05039365322668
334056,82.0,195.0,102.0,-3.62677345936357
257236,15.0,18.0,72.0,-1.12122010110726
188338,1347.0,1911.0,175.0,-8.48285358119954
334854,1924.0,1896.0,102.0,3.16787117588114
281339,229.0,1342.0,75.0,-1.76435114274857
212278,82.0,1560.0,178.0,-0.507634887315587
424375,1875.0,1917.0,115.0,-1.1908836192172
238323,1920.0,1888.0,60.0,3.19212298247844
325398,1926.0,677.0,100.0,-3.46133022407259
186165,1430.0,748.0,174.0,6.07644127775263
251766,1878.0,131.0,71.0,-1.25418866995662
9778,1884.0,195.0,2.0,-3.03854651364831
48103,27.0,1921.0,6.0,-13.8734927592691
215940,1876.0,195.0,55.0,2.22753963178284
18729,1896.0,1902.0,3.0,-0.132255863478791
314053,27.0,1889.0,186.0,5.08270582159915
341935,101.0,1911.0,104.0,-0.427648514504246
111219,1917.0,18.0,167.0,-0.782001417585999
164805,1332.0,18.0,168.0,1.27940711116835
88776,14.0,1909.0,172.0,-1.5279937963944
388480,229.0,131.0,111.0,4.16845070700242
171004,163.0,1903.0,51.0,3.95478820986015
219790,1885.0,195.0,56.0,1.91785398627025
73706,1337.0,1901.0,13.0,-10.8868115017859
164689,3.0,17.0,168.0,1.49244815891033
316061,1559.0,120.0,99.0,1.73030579128242
258580,948.0,1892.0,72.0,-2.07083548701501
271998,1560.0,1911.0,179.0,2.14628048746065
397690,1884.0,1903.0,112.0,-2.38909354053725
4589,147.0,164.0,1.0,6.05201151502115
189499,1878.0,1917.0,175.0,2.02703273812248
28067,604.0,1889.0,4.0,-0.176380659342969
112921,748.0,1431.0,167.0,3.36890445030831
251901,1902.0,1913.0,71.0,6.56381533990398
226537,14.0,229.0,57.0,-3.27130300340694
398578,1879.0,1904.0,112.0,-1.42731642846734
167695,120.0,1907.0,51.0,0.600132127358407
317365,1347.0,1890.0,99.0,-1.34924572349514
177999,85.0,1908.0,53.0,-1.10407644643816
167062,1878.0,1224.0,51.0,-2.4786312627963
251095,1559.0,1900.0,71.0,0.467016278393228
161229,136.0,1909.0,168.0,1.81096707252061
63258,1913.0,1875.0,10.0,-0.135811059029596
328472,1342.0,1906.0,101.0,-5.8821615050382
310819,1902.0,1342.0,186.0,-0.989323743797434
270123,1337.0,677.0,74.0,-11.5273613687967
224245,72.0,1918.0,57.0,2.639996037882
195263,1342.0,164.0,176.0,-4.03516844511766
51113,1885.0,1888.0,7.0,7.26497067889179
250523,1925.0,948.0,70.0,3.95140673210205
27610,229.0,5.0,4.0,5.18248705433504
222158,1430.0,147.0,56.0,12.4064053545689
200818,1337.0,11.0,54.0,-3.65555448965717
277313,1348.0,1916.0,75.0,1.47199827869736
373547,47.0,1560.0,109.0,4.68843185543187
107785,1885.0,1431.0,45.0,-2.55861387725984
373719,150.0,15.0,109.0,-1.79939650652256
103665,3.0,164.0,173.0,8.76294234591953
48270,131.0,1902.0,6.0,-0.91998504312174
284284,85.0,1224.0,77.0,1.24834252552683
332459,20.0,1898.0,102.0,1.17488955260768
5274,1884.0,1224.0,1.0,5.34324756382829
12456,14.0,544.0,2.0,11.6124070667573
346457,1929.0,1928.0,104.0,-10.832609301467
279371,1560.0,147.0,75.0,-1.84104731697294
5109,72.0,5.0,1.0,-0.772527973744455
219444,1880.0,1896.0,56.0,-6.8316061587781
75080,1926.0,83.0,13.0,5.53054278221757
96325,1899.0,17.0,44.0,7.19629785724211
371306,83.0,1888.0,180.0,5.16377730880399
103021,1911.0,17.0,173.0,0.433105864574394
285814,1920.0,1893.0,77.0,22.0570086539673
426831,14.0,1348.0,115.0,-3.70993106719769
161428,195.0,1910.0,168.0,-3.83731308333956
186784,1894.0,1928.0,174.0,9.56221248200356
232698,163.0,1889.0,58.0,-7.5274901772106
215122,1902.0,1331.0,55.0,-7.64834929598285
273182,1896.0,1888.0,179.0,7.97020432367649
64557,1877.0,1890.0,10.0,1.62506236993732
175144,1342.0,1891.0,52.0,-5.88976648001435
242568,1880.0,788.0,69.0,-4.24892586573169
401222,1332.0,748.0,112.0,0.19838614480202
114626,1919.0,1918.0,167.0,6.90456931929098
358901,1875.0,1889.0,108.0,2.51610875894849
178619,1910.0,1927.0,53.0,1.32755980646997
50772,1894.0,72.0,7.0,-5.9050544543085
111794,5.0,1921.0,167.0,3.53685923343173
99422,544.0,1877.0,44.0,8.77148365296342
255425,163.0,748.0,71.0,2.82133872124758
324750,1913.0,120.0,100.0,1.59296874008142
30523,1559.0,1927.0,166.0,1.60622722802839
63359,3.0,163.0,10.0,-0.532059342834019
275319,604.0,5.0,179.0,0.246390426615228
321126,101.0,146.0,100.0,15.6820755078224
332993,11.0,1892.0,102.0,-3.10939713578506
43943,1920.0,1347.0,6.0,3.58281354117236
184267,1331.0,131.0,174.0,-1.04360049284017
358155,1912.0,1887.0,108.0,3.36795008092628
639697,150.0,1902.0,186.0,-3.7392325691298782
29962,1884.0,1914.0,166.0,2.38538982972348
253474,47.0,1923.0,71.0,-2.46534530911246
233934,85.0,17.0,60.0,0.57311955801613
236712,163.0,1908.0,60.0,-2.14417515201803
175687,14.0,1917.0,52.0,-1.06252987776638
5020,1897.0,17.0,1.0,1.40241538469567
102074,1916.0,17.0,173.0,13.6271187189643
27494,1876.0,17.0,4.0,-1.27909358194715
342357,1224.0,17.0,104.0,1.87287890198624
86354,1900.0,1910.0,172.0,4.84168342612213
203446,1902.0,677.0,177.0,-0.297613334257449
15787,1899.0,1916.0,3.0,-1.14726325474176
10145,1879.0,1908.0,2.0,-6.2780400644778
253227,1885.0,1560.0,71.0,-1.43530863203016
88611,1920.0,1916.0,172.0,-1.96164876652688
268414,1908.0,1922.0,74.0,-14.0965511047374
102992,1907.0,788.0,173.0,-1.1123381506167
104918,3.0,83.0,173.0,-6.99845847888216
173087,1889.0,1904.0,52.0,1.02719143094582
56789,1907.0,1921.0,9.0,-1.49222455039747
114042,1877.0,146.0,167.0,10.127953909218
389711,229.0,146.0,111.0,-1.55466014341671
317864,1886.0,1904.0,99.0,-3.73410247338234
396852,1892.0,1918.0,112.0,-3.12855749747034
646689,1888.0,1902.0,176.0,0.13687959758044
199683,1560.0,1347.0,54.0,45.9370881299558
222114,604.0,1875.0,56.0,-0.863223021557015
171052,1924.0,1906.0,51.0,-0.947381635378605
45463,1342.0,1910.0,6.0,0.343103366076785
193499,146.0,788.0,176.0,-2.20169081493354
435849,1895.0,164.0,116.0,-5.16700833943736
389320,1924.0,788.0,111.0,12.3472331975977
367212,1878.0,1921.0,180.0,-7.20201136736796
179793,1430.0,195.0,53.0,-11.9420951365487
24948,1886.0,1907.0,4.0,-0.198639397540663
197038,1926.0,1925.0,176.0,2.73341279952321
342820,27.0,150.0,104.0,2.41615906379658
335752,1876.0,1560.0,102.0,-6.88376346244487
240917,13.0,15.0,69.0,-1.27744810311501
178498,1912.0,1224.0,53.0,8.89766666126644
330796,1928.0,1902.0,101.0,-0.0928107911884153
185759,604.0,1348.0,174.0,-5.11915299796851
338453,1894.0,72.0,103.0,3.82121766428027
15322,1560.0,1224.0,3.0,-3.19732311576805
180448,1919.0,18.0,53.0,-3.60830040237556
322338,163.0,17.0,100.0,0.841776525365191
105591,1907.0,131.0,45.0,-4.26783352301478
413022,13.0,1916.0,114.0,-1.28762879031031
322489,15.0,1918.0,100.0,0.145353925282172
64905,160.0,1928.0,10.0,2.62850271491365
225276,1911.0,1890.0,57.0,-8.72961449940983
112585,1894.0,1671.0,167.0,-2.07634580916498
46437,1924.0,1881.0,6.0,2.99522772802292
187371,1897.0,15.0,175.0,-5.27182203248262
224155,1878.0,1912.0,57.0,-2.34775390474551
371927,20.0,1890.0,180.0,0.197370764335972
314713,1919.0,1878.0,186.0,-1.72810790262334
223150,1921.0,1928.0,56.0,3.63641980952679
243291,150.0,1914.0,69.0,1.45015403073664
74780,1924.0,1912.0,13.0,5.77461858379664
209594,1892.0,1918.0,178.0,-4.80955156880405
100592,164.0,1914.0,173.0,-4.1365904023517
67673,1894.0,18.0,12.0,-4.96575761192443
333841,1925.0,1907.0,102.0,1.86000263345416
434075,1896.0,1911.0,116.0,-2.58861233940034
165913,14.0,1921.0,168.0,-3.27568803123956
71798,1559.0,1894.0,13.0,2.62157366072952
72311,15.0,677.0,13.0,-2.1039506346953
30392,1880.0,17.0,166.0,1.11513805346319
246529,1896.0,788.0,70.0,-0.328876014489225
103359,604.0,47.0,173.0,19.497604322674
235028,47.0,1888.0,60.0,-1.74722989429875
56835,1904.0,1671.0,9.0,0.349618489088065
49432,1899.0,1887.0,7.0,-4.67234755911814
437543,1906.0,20.0,116.0,-3.9866540483276
630084,1879.0,1902.0,71.0,-6.065811732916035
98008,1884.0,1887.0,44.0,-3.35001638873228
435194,1878.0,15.0,116.0,3.2805205446205
231220,147.0,1903.0,58.0,-1.43465239228282
256600,1900.0,1892.0,72.0,-0.624089142520464
359736,1926.0,229.0,108.0,3.23788796273145
253327,1897.0,1910.0,71.0,-5.27268569768352
368947,1916.0,18.0,180.0,-0.488027735756404
359155,1894.0,1914.0,108.0,0.838849472968618
285030,1925.0,1907.0,77.0,-0.808999429173156
59106,1919.0,1890.0,9.0,-0.845579049151189
256509,101.0,1878.0,72.0,-5.44817663346355
283270,1909.0,1224.0,77.0,0.569921855495671
30280,1878.0,1922.0,166.0,-5.40411867587663
161426,1904.0,13.0,168.0,-1.527431344592
334360,48.0,163.0,102.0,5.6736102442514
257715,11.0,1923.0,72.0,0.887566586923691
219167,1897.0,1901.0,56.0,4.4343365663222
6541,163.0,1923.0,1.0,6.41977628064242
48803,1897.0,1921.0,7.0,-2.4594696332363
255350,544.0,1342.0,71.0,9.51879780270693
225582,3.0,1899.0,57.0,-5.21991880822095
223953,1885.0,1903.0,57.0,-4.50336218399048
324830,83.0,1917.0,100.0,1.22936261134818
398697,1902.0,5.0,112.0,-2.06415365984116
169155,1926.0,1894.0,51.0,5.59028329539509
282436,1224.0,1910.0,77.0,-0.440597343399322
3591,101.0,1899.0,1.0,-3.37231817407009
8800,1891.0,1896.0,2.0,0.781256319909204
15936,1559.0,1897.0,3.0,-2.19910260603596
238024,1342.0,1348.0,60.0,-0.672295061698361
425123,136.0,1917.0,115.0,-1.81277358847261
372157,1895.0,1928.0,180.0,-4.42228204096548
112916,1879.0,748.0,167.0,0.12600699699866
160954,14.0,1887.0,168.0,-1.80736822197573
183651,1910.0,1922.0,174.0,0.165910259797202
112624,1885.0,146.0,167.0,14.3284703844843
16460,1902.0,131.0,3.0,5.29842734963679
175845,1924.0,1886.0,52.0,-7.81729802565557
97023,948.0,1880.0,44.0,2.63803931027852
205442,160.0,1898.0,177.0,-4.34320548535705
327004,136.0,1671.0,101.0,-0.547167033744455
24453,1332.0,1910.0,4.0,0.362596465208831
56992,1924.0,1899.0,9.0,10.8817651151784
257001,136.0,1896.0,72.0,-4.46242408485453
206125,20.0,1879.0,177.0,-5.34720660174576
302485,1183.0,150.0,98.0,13.3254390474892
234920,1913.0,1898.0,60.0,4.12532504802672
100889,1889.0,1909.0,173.0,-2.36064824541121
282805,1912.0,17.0,77.0,-0.874522085959558
279151,1900.0,1894.0,75.0,1.82885204314395
163449,1881.0,13.0,168.0,-2.79680516183865
49883,1907.0,1917.0,7.0,-7.00399163897884
337654,1886.0,1882.0,103.0,-3.00551131062445
169596,20.0,1885.0,51.0,-7.77118306488782
337113,1889.0,1431.0,103.0,1.57547035943195
269619,229.0,1880.0,74.0,-5.78019992860813
14151,1886.0,1898.0,3.0,-3.35705881396608
327073,3.0,1347.0,101.0,-2.56379320944367
63553,604.0,1892.0,10.0,1.63140444121167
267087,1914.0,1918.0,74.0,-3.26559013392097
284743,120.0,1892.0,77.0,2.4024637443618
278560,1907.0,1917.0,75.0,-2.22190094596587
331584,101.0,1883.0,102.0,3.52756000602189
335016,48.0,1889.0,102.0,-2.65743063597343
376096,82.0,1893.0,109.0,18.063100837753
373711,1886.0,1907.0,109.0,-3.73572296938289
172936,1888.0,1882.0,52.0,2.31442099191777
277492,1894.0,1916.0,75.0,-0.693802190836608
90311,1877.0,85.0,172.0,3.24735907859719
106905,1889.0,748.0,45.0,3.83457828006379
4532,150.0,1892.0,1.0,0.609628270857231
374188,83.0,150.0,109.0,1.4131492599267
357241,120.0,1908.0,108.0,-0.0118518132781129
343412,147.0,1892.0,104.0,4.01600584383898
278568,1560.0,1911.0,75.0,7.91225859488371
251363,1885.0,131.0,71.0,1.58890467991567
6271,1559.0,1880.0,1.0,4.06571046759415
250288,20.0,1912.0,70.0,-11.6530811764846
29367,1183.0,150.0,166.0,6.29736168559227
252810,136.0,1912.0,71.0,-3.8389737406752
55591,1907.0,11.0,9.0,-1.3358069624408
168839,1891.0,1896.0,51.0,0.55498897164387
177213,195.0,1560.0,53.0,3.56832411853415
115565,1671.0,1928.0,167.0,-0.378420426542487
257260,136.0,1886.0,72.0,2.69136437810973
106122,146.0,1887.0,45.0,-0.210002916441593
74503,655.0,1905.0,13.0,2.39086730028053
43602,1880.0,1892.0,6.0,-12.7668873535229
5486,1889.0,1907.0,1.0,1.32343431561237
312587,1912.0,1889.0,186.0,-6.04826478414733
251663,1920.0,1332.0,71.0,-0.796822818945646
161632,1884.0,1889.0,168.0,-0.0952474734481785
171163,1929.0,1902.0,51.0,-4.80998516014222
245417,1913.0,1922.0,69.0,2.59093746281007
110935,1559.0,1880.0,167.0,-9.77954590167594
413364,948.0,1899.0,114.0,11.0090810011724
340584,1332.0,1559.0,103.0,0.57492693524817
248533,748.0,1896.0,70.0,1.98817867881398
181831,120.0,788.0,174.0,0.969297953021362
368543,3.0,150.0,180.0,0.840080034980522
216508,27.0,1893.0,55.0,2.99026516942237
236402,1911.0,1882.0,60.0,-0.138167263378461
54417,120.0,5.0,9.0,-1.75092503432703
279285,1916.0,1892.0,75.0,9.25395472759594
341116,1900.0,1902.0,103.0,-2.8722033408835
273270,1880.0,1894.0,179.0,-0.0619738260519073
217854,1902.0,1902.0,55.0,-6.07570348199912
390468,27.0,120.0,111.0,-1.46472004148096
222784,1332.0,1903.0,56.0,-0.715457719411128
183421,1908.0,788.0,174.0,-3.47143465092552
314005,1906.0,18.0,186.0,10.1210255391188
317123,101.0,1893.0,99.0,5.2633580316647
51753,655.0,1909.0,7.0,24.2984587945603
334422,20.0,17.0,102.0,-6.40894977949548
194255,1894.0,72.0,176.0,2.81494837555168
203948,1880.0,1883.0,177.0,3.31522450412161
262287,1911.0,15.0,73.0,-7.86250654479132
226320,229.0,788.0,57.0,7.33188154285203
341101,1925.0,1902.0,103.0,0.168924921407198
85566,1183.0,748.0,172.0,-3.69045127036491
48124,1906.0,1921.0,6.0,-8.12696892281372
286879,229.0,1906.0,77.0,2.68262251315154
278513,1337.0,1347.0,75.0,-7.91673039790196
113161,948.0,1888.0,167.0,0.867759043654875
209836,1883.0,72.0,178.0,-1.56104356644429
12059,48.0,604.0,2.0,3.86589122949489
322752,1559.0,1882.0,100.0,6.06619307663964
185825,1906.0,1918.0,174.0,3.5228281477383
648604,1878.0,1902.0,54.0,-1.974555811782365
189628,1876.0,1919.0,175.0,9.01378345094708
317782,1916.0,17.0,99.0,-4.4724399370216
208538,13.0,1916.0,178.0,4.43352205260501
223165,229.0,1928.0,56.0,3.66159249922526
74366,604.0,101.0,13.0,7.23077320774824
248318,1902.0,5.0,70.0,-0.0993449704039302
198935,1885.0,1916.0,54.0,1.7182897693262
275701,163.0,1879.0,179.0,0.462089638936658
176622,1920.0,1899.0,53.0,0.585698283919851
102205,1878.0,1922.0,173.0,-1.82015868628673
188019,1891.0,1895.0,175.0,-0.0720039755680499
166534,748.0,1927.0,51.0,1.42698043419631
56902,1881.0,1560.0,9.0,10.6536252449892
267221,13.0,18.0,74.0,2.47906807480007
74092,655.0,1431.0,13.0,7.28342229326922
71673,1348.0,131.0,13.0,-3.7453294984944
33808,604.0,1924.0,166.0,6.68772455774004
262039,1183.0,1897.0,73.0,-1.92555079133472
322827,1348.0,1923.0,100.0,-4.02847646098651
51025,1902.0,131.0,7.0,-6.51663586689575
243084,1881.0,1882.0,69.0,4.76170779830748
427279,604.0,1888.0,115.0,1.00690688166807
630144,1899.0,1902.0,72.0,3.2665882394029384
433409,1899.0,164.0,116.0,9.19160103092562
191122,604.0,48.0,175.0,-5.17301009301466
108170,1895.0,1917.0,45.0,-0.643006786780226
236080,1897.0,18.0,60.0,-4.41685670578959
427239,1876.0,1430.0,115.0,9.18929763472195
426230,1905.0,146.0,115.0,-5.91160416080716
96526,1891.0,1890.0,44.0,-1.0507640939235
63068,1915.0,1331.0,10.0,-25.6606672378582
164454,163.0,27.0,168.0,2.93607800271055
208407,3.0,1347.0,178.0,1.92631589724496
236017,101.0,1431.0,60.0,6.10024714920246
57170,14.0,72.0,9.0,-0.288657875641664
397564,1887.0,748.0,112.0,-13.7969197724114
248443,1903.0,1923.0,70.0,0.473815712290656
268801,1886.0,1348.0,74.0,-1.50001275067307
178578,1183.0,1885.0,53.0,-0.613422439726197
177825,1559.0,120.0,53.0,3.67261491876234
107875,1884.0,1901.0,45.0,11.2669744956739
262271,1886.0,1882.0,73.0,-0.228592505512914
334470,1342.0,131.0,102.0,1.33449380655394
321973,1331.0,1224.0,100.0,2.63259287689967
261873,1895.0,1889.0,73.0,-1.74375734864198
204733,20.0,150.0,177.0,9.5410355885385
211975,544.0,1888.0,178.0,7.96898705736575
189411,1880.0,1892.0,175.0,6.04844006478282
71040,1885.0,748.0,13.0,2.41176537209326
267160,1900.0,1923.0,74.0,0.585818562526079
286851,82.0,1903.0,77.0,2.04485783353665
87748,1895.0,677.0,172.0,-2.66182709420622
423686,948.0,20.0,115.0,6.71323797084522
179834,655.0,1926.0,53.0,11.481914995702
389921,1915.0,1896.0,111.0,-2.74594749030599
243724,229.0,72.0,69.0,-4.77895761347034
99343,1877.0,1875.0,44.0,-2.30268612849307
8551,1926.0,1925.0,1.0,3.05643728971335
101694,136.0,150.0,173.0,-3.7075913830124
54445,1431.0,1894.0,9.0,-0.944784317293875
189778,1905.0,1183.0,175.0,2.43066231766693
7259,27.0,1896.0,1.0,3.56657374281782
72451,164.0,131.0,13.0,0.402286639001058
51445,83.0,1183.0,7.0,-3.63035698836892
338051,1898.0,1896.0,103.0,-18.9534238919923
215886,1920.0,72.0,55.0,0.422577239576489
178252,1879.0,1893.0,53.0,-2.87781004488041
24824,11.0,1890.0,4.0,-0.55885249149005
17540,229.0,150.0,3.0,4.9345325376003
197853,72.0,5.0,54.0,2.77999899441634
188264,1894.0,1903.0,175.0,11.8070089727418
400660,229.0,1915.0,112.0,1.46202015095353
327926,1671.0,1348.0,101.0,0.705074478325348
224487,1902.0,1919.0,57.0,12.4413576008319
63274,1430.0,1880.0,10.0,-8.24476071005753
187175,1884.0,1904.0,175.0,-11.8300703323461
317511,131.0,1910.0,99.0,-7.87877310377342
69353,1920.0,1889.0,12.0,0.0290391507913359
29404,948.0,1885.0,166.0,-1.09375042728715
375465,160.0,1887.0,109.0,-0.480052261242645
217193,1913.0,1671.0,55.0,-18.8717078182611
328293,85.0,1331.0,101.0,1.03629953773868
338042,1881.0,1348.0,103.0,2.22180828516567
324937,48.0,136.0,100.0,0.0617477466145667
332959,1883.0,1888.0,102.0,-2.06143555161376
245520,83.0,1890.0,69.0,1.22154561989352
248146,1430.0,1347.0,70.0,-2.35711707754611
74854,1925.0,48.0,13.0,7.17782366365851
232174,1925.0,131.0,58.0,13.3827379941869
200411,1919.0,1331.0,54.0,8.31209946067733
47074,229.0,1918.0,6.0,5.0310220922672
312930,1342.0,1908.0,186.0,-7.08002976012621
71289,1878.0,1882.0,13.0,-1.40124499211091
389434,48.0,1887.0,111.0,-7.44161047773303
302069,1877.0,1898.0,98.0,-3.37404059932364
359239,1878.0,1923.0,108.0,1.71469187040933
73122,1909.0,131.0,13.0,-7.85445927446762
112625,1891.0,5.0,167.0,-0.228506638107215
260407,14.0,748.0,72.0,1.03343020179835
344233,1906.0,1183.0,104.0,7.77356668626531
24693,1671.0,1914.0,4.0,-1.53484752970656
259675,20.0,1893.0,72.0,0.078145029255289
14102,131.0,1922.0,3.0,-4.45605503492123
272558,1893.0,1331.0,179.0,0.90080349717213
30772,1560.0,1892.0,166.0,-5.48194368822308
414540,72.0,1560.0,114.0,1.57259802138473
360208,1913.0,1891.0,108.0,-1.14479816178261
314694,1906.0,1878.0,186.0,0.117901671450095
258284,1907.0,1671.0,72.0,-4.32859094876405
74548,229.0,13.0,13.0,0.588204056578273
254829,1920.0,1875.0,71.0,1.18785931439589
213386,15.0,677.0,55.0,4.86307391982535
181299,1337.0,85.0,53.0,7.60749462827917
87967,1899.0,11.0,172.0,1.0954731856856
267793,1886.0,1892.0,74.0,-3.84866749142257
343756,1896.0,1908.0,104.0,1.25304960563662
370769,83.0,1884.0,180.0,5.60226218889203
401581,1919.0,1560.0,112.0,-1.02511051675749
212145,160.0,1560.0,178.0,3.68864536003233
247422,1880.0,1901.0,70.0,-0.346296800930891
179653,27.0,1901.0,53.0,-3.59683445523219
169262,20.0,1881.0,51.0,-6.96831610356548
433795,1911.0,1917.0,116.0,-1.35412595341113
51091,1902.0,13.0,7.0,-1.59312668044354
218456,1893.0,5.0,56.0,-2.1096135761034
196165,48.0,1348.0,176.0,5.68170802917897
237548,1906.0,11.0,60.0,0.862513475110603
65462,1896.0,788.0,12.0,-1.88694953260833
278498,1875.0,1927.0,75.0,-3.28979482617505
276169,1877.0,1886.0,179.0,2.48509811627344
225433,47.0,1910.0,57.0,0.998159969622438
344814,604.0,146.0,104.0,13.3612448151757
400727,229.0,1896.0,112.0,3.12739229902337
337601,1887.0,1921.0,103.0,5.7712098470716
85391,948.0,72.0,172.0,3.34517120649694
331564,136.0,120.0,102.0,4.37813940455417
103645,1925.0,1887.0,173.0,-4.55899299359653
243502,1905.0,1183.0,69.0,-0.0157610667914304
206223,1337.0,1889.0,177.0,-20.447017354033
265480,82.0,1559.0,73.0,-1.78569617641554
32976,1906.0,1896.0,166.0,-8.88478554678696
425427,1904.0,1671.0,115.0,-0.667929511292134
212440,544.0,3.0,178.0,0.34537709909339
434196,1331.0,1911.0,116.0,2.77902441456792
312873,1887.0,11.0,186.0,7.55946747247061
179519,83.0,1183.0,53.0,-6.67794652609332
17235,48.0,146.0,3.0,-0.0205298077151374
335626,82.0,1560.0,102.0,-7.90830089511103
321867,1901.0,1923.0,100.0,-3.06631137275319
302711,1430.0,72.0,98.0,5.60783386946092
357467,1183.0,15.0,108.0,-1.45427147041837
221827,1925.0,11.0,56.0,1.76895156030527
425979,1876.0,1883.0,115.0,5.97607972943378
43459,1183.0,788.0,6.0,2.36408755076888
191303,160.0,136.0,175.0,-4.2449339479184
227380,1926.0,1348.0,57.0,-8.37700504565165
12650,1925.0,1877.0,2.0,5.86849241618476
71496,1875.0,195.0,13.0,-4.92737284678622
114716,655.0,544.0,167.0,-2.52428163178388
47136,1926.0,13.0,6.0,-1.19162838375721
185836,82.0,147.0,174.0,3.28368484553138
330096,1924.0,120.0,101.0,-1.59232424930604
44527,136.0,47.0,6.0,8.72004824448962
109387,3.0,1915.0,45.0,-5.23772810713635
300432,1224.0,1914.0,98.0,-0.742578189356645
269715,1925.0,1914.0,74.0,-0.864405908171925
259749,1877.0,1905.0,72.0,-7.17132581480092
59244,1911.0,1902.0,9.0,-5.76636954313013
225836,72.0,1922.0,57.0,-3.934679031591
330344,1877.0,1876.0,101.0,-3.67858673835767
43849,146.0,1431.0,6.0,-2.7173775415975
107683,1896.0,1887.0,45.0,6.02903540155905
316088,1899.0,1914.0,99.0,0.722786657581633
331853,1893.0,1908.0,102.0,15.6708668484352
211989,1915.0,1671.0,178.0,-13.0512523777493
264266,82.0,229.0,73.0,4.94331619347915
247742,136.0,1902.0,70.0,-3.47619339698386
229786,1183.0,1923.0,58.0,-4.11491663963962
254920,655.0,1348.0,71.0,-2.30432687510737
113979,1913.0,1909.0,167.0,-3.94933956239982
196097,229.0,27.0,176.0,3.09082854868096
169958,544.0,1884.0,51.0,6.55285625795252
376384,48.0,1348.0,109.0,5.74994887111022
108225,1915.0,1898.0,45.0,10.4446806037001
266686,1889.0,18.0,74.0,-2.98747897017874
199162,101.0,164.0,54.0,4.96089035690446
255959,1915.0,1928.0,71.0,-1.16045238170868
400209,1913.0,1909.0,112.0,-2.16369691823791
340632,1905.0,1882.0,103.0,1.72445802511641
74340,544.0,17.0,13.0,2.01143499716316
191729,48.0,677.0,175.0,18.2584834336827
58289,1905.0,5.0,9.0,0.96971935935244
165354,1430.0,1671.0,168.0,-5.6031371951445
114440,1925.0,1915.0,167.0,-27.5264533630011
344258,1919.0,1183.0,104.0,10.543986306677
415489,48.0,47.0,114.0,3.47619785303954
219359,1881.0,1917.0,56.0,-2.97551472477099
189184,1893.0,1923.0,175.0,-2.34461872534364
185530,1915.0,544.0,174.0,-6.62073153694589
416477,1915.0,677.0,114.0,1.44562518292977
27325,1877.0,1331.0,4.0,-14.4193416392359
100284,604.0,14.0,44.0,11.842143122139
207775,1907.0,131.0,178.0,-10.9631438699246
53155,14.0,1337.0,7.0,8.58836581124631
30259,136.0,1875.0,166.0,0.888321965304554
169221,544.0,18.0,51.0,2.69705643812662
96872,101.0,1909.0,44.0,18.4404999687405
326725,1899.0,1916.0,101.0,-0.0468939868782401
104248,1877.0,1884.0,173.0,-1.06164301034338
89215,1925.0,20.0,172.0,-15.6903457075778
48495,1331.0,1921.0,7.0,-2.86471503351042
340418,20.0,120.0,103.0,-6.16066656985278
223216,1875.0,1928.0,56.0,-11.9554170980626
283207,1884.0,1903.0,77.0,-1.24901499949576
270077,83.0,1431.0,74.0,5.16628975431872
268172,1912.0,1900.0,74.0,-4.96863006196832
46290,229.0,1898.0,6.0,-1.58274414550285
98857,163.0,146.0,44.0,8.65880175128424
371298,604.0,1917.0,180.0,-9.21508445285398
73365,604.0,85.0,13.0,0.262355125906879
3655,1894.0,1922.0,1.0,0.716181845038798
66664,120.0,13.0,12.0,-0.554521120858847
222619,1337.0,1882.0,56.0,-5.18497515617692
238835,160.0,677.0,60.0,-3.02408574463535
95771,1895.0,72.0,44.0,7.50918882153424
310549,146.0,1886.0,186.0,6.42253635428529
397138,1891.0,1908.0,112.0,-1.00106040379602
217726,1900.0,1928.0,55.0,-1.08590418482333
189698,1906.0,1923.0,175.0,-6.07929444065802
258866,3.0,195.0,72.0,-1.33713011015288
396871,1560.0,1224.0,112.0,-1.89226668785106
268525,1331.0,1918.0,74.0,7.2370552057288
97640,1889.0,1560.0,44.0,11.2607314096723
194597,1879.0,1887.0,176.0,-3.68833501966042
89429,1920.0,1348.0,172.0,-0.411096564471206
184776,1913.0,1883.0,174.0,2.97831789199041
46730,1915.0,17.0,6.0,0.446999157215241
424896,1559.0,1671.0,115.0,-1.49074302654909
9874,1899.0,120.0,2.0,-2.7620944739457
9172,120.0,131.0,2.0,-0.718016358482892
88015,1889.0,1898.0,172.0,-4.59947529352463
324348,1925.0,20.0,100.0,-1.5069158624466
284104,1904.0,17.0,77.0,0.0593673360882495
232879,83.0,136.0,58.0,6.14853333947578
218938,1881.0,677.0,56.0,-9.71221571999588
166036,1915.0,1928.0,168.0,5.46036005894963
436119,160.0,18.0,116.0,-1.34059013953003
237647,604.0,1893.0,60.0,3.83291089943583
220794,1899.0,1907.0,56.0,-0.0833925580277189
88268,27.0,72.0,172.0,-1.18324400693884
27712,48.0,101.0,4.0,9.28926475800393
286010,1342.0,1918.0,77.0,-4.76241140407257
89737,160.0,1888.0,172.0,8.51180065699505
223759,47.0,1348.0,57.0,-5.23051909802713
304911,3.0,1928.0,98.0,-1.84485745592053
53252,82.0,1903.0,7.0,-3.07029960134027
178635,948.0,1890.0,53.0,1.03713202999769
265655,1924.0,1332.0,73.0,-2.7165794787411
263804,1887.0,1886.0,73.0,-4.02785555046529
97044,1559.0,1347.0,44.0,3.40171716708067
8441,1925.0,1906.0,1.0,8.90130843001323
276681,120.0,1928.0,179.0,-1.90415084571017
11378,1342.0,1922.0,2.0,3.01002649836216
246475,1887.0,1889.0,70.0,-6.0914978051127
48684,748.0,1898.0,7.0,0.151790890748732
203988,1884.0,1907.0,177.0,3.6849965691709
209001,1183.0,11.0,178.0,-14.8936611698128
332286,1883.0,1902.0,102.0,0.0273826601210334
176764,1875.0,1895.0,53.0,-1.12381200409049
68905,1925.0,1892.0,12.0,13.1498650772129
342465,136.0,1560.0,104.0,-1.66313373043832
317111,1911.0,1923.0,99.0,0.724750852882704
251082,1559.0,13.0,71.0,-16.9491841688974
261137,1671.0,1882.0,73.0,3.38667026857396
177015,131.0,1921.0,53.0,1.18193254690645
176921,1891.0,1903.0,53.0,0.578827867101818
17401,3.0,1892.0,3.0,-1.36686334075729
74140,1919.0,17.0,13.0,-5.57252182460372
182450,1897.0,1917.0,174.0,2.78620384513253
87990,15.0,1901.0,172.0,-55.9197411793911
286788,20.0,85.0,77.0,-0.55041233128162
358720,1880.0,1918.0,108.0,-4.5653625742445
273403,1894.0,1910.0,179.0,-0.0008763896479282
162466,1912.0,1911.0,168.0,0.117699369335146
47342,20.0,13.0,6.0,-7.46699799133968
44932,1881.0,1911.0,6.0,-7.93166898523206
26152,146.0,1894.0,4.0,3.56227191425634
196266,82.0,1915.0,176.0,2.15287776635051
345294,1925.0,1879.0,104.0,16.2884594943804
257873,1879.0,17.0,72.0,-5.01814307973326
232811,1876.0,1888.0,58.0,-11.2378909089472
327225,1879.0,1348.0,101.0,-1.68225388511676
211283,163.0,1892.0,178.0,2.46357994597218
65534,136.0,1908.0,12.0,-14.6820596278372
390317,1877.0,1224.0,111.0,1.02781249363231
425480,1559.0,1903.0,115.0,1.57150051606313
266839,1900.0,1889.0,74.0,-6.23098103494605
274711,544.0,1923.0,179.0,0.0123175907699999
262191,1883.0,1917.0,73.0,1.40407591746443
388360,1897.0,1912.0,111.0,8.75899813640982
374136,1888.0,1431.0,109.0,3.69050764140598
74318,604.0,17.0,13.0,5.38810793826304
213735,1890.0,1892.0,55.0,3.68060742726633
26764,1924.0,1183.0,4.0,0.224686237344146
257457,1876.0,1887.0,72.0,2.46481240775275
24219,85.0,748.0,4.0,-0.953556369111447
329213,20.0,1914.0,101.0,-1.85187747060254
86825,1431.0,1890.0,172.0,4.70308591622931
242601,195.0,1890.0,69.0,1.05366496029197
220126,1893.0,1887.0,56.0,-5.74282569301145
326004,1875.0,1894.0,101.0,5.12994741543575
169251,1913.0,1883.0,51.0,-0.366940578957002
397934,1183.0,18.0,112.0,1.3282599575092
104532,83.0,1905.0,173.0,1.07498378353624
231462,48.0,47.0,58.0,0.8612338982336
62410,47.0,17.0,10.0,0.702151310157555
56282,1347.0,1891.0,9.0,-1.36490718818867
336139,1899.0,1894.0,103.0,-3.87454296814446
281156,1906.0,1886.0,75.0,-3.26752256274523
271351,1876.0,1921.0,74.0,-1.63867572718866
31906,1924.0,85.0,166.0,-5.16723987599696
68535,3.0,1916.0,12.0,4.34192499505232
212881,1559.0,1883.0,55.0,2.23066754695163
206053,1924.0,1891.0,177.0,2.00748244462015
85420,120.0,1914.0,172.0,0.783719874887274
397857,1559.0,1914.0,112.0,-3.74640565128323
60496,164.0,13.0,10.0,7.27338853252042
425354,1897.0,1918.0,115.0,0.942276384262943
313687,82.0,131.0,186.0,11.6645456261631
44229,1914.0,788.0,6.0,-0.891607456172838
359456,1920.0,1183.0,108.0,-4.08980818301748
325849,147.0,1914.0,101.0,0.849220896804845
227142,27.0,544.0,57.0,0.48854642438722
265174,1919.0,5.0,73.0,1.72290426414468
435751,1895.0,1888.0,116.0,-6.23593796849153
323277,1925.0,1908.0,100.0,-0.25326397309758
105291,1332.0,1908.0,173.0,-3.41496728550891
161302,1671.0,120.0,168.0,1.22839993762901
34150,1921.0,1902.0,166.0,21.1114106554784
266192,1912.0,1902.0,73.0,-4.55720802598925
169345,82.0,146.0,51.0,5.98356401750816
185031,544.0,1331.0,174.0,-8.63599532554313
329672,604.0,1879.0,101.0,0.667917966596943
209588,47.0,1882.0,178.0,11.3741536723313
15464,1893.0,1348.0,3.0,2.50402619652779
86198,146.0,1898.0,172.0,-0.26585777015589
283410,1920.0,1910.0,77.0,-23.7475366657587
435306,136.0,1892.0,116.0,-6.956104411873
163712,1926.0,85.0,168.0,2.55697490884121
174258,1915.0,1923.0,52.0,-0.626682467439167
427892,1879.0,1928.0,115.0,-3.50398107832093
233111,655.0,1342.0,58.0,8.19261406005498
218201,1884.0,17.0,56.0,-0.342802072800567
325758,1883.0,748.0,101.0,0.977065294970844
180058,83.0,1909.0,53.0,-3.15063498103691
401542,27.0,1900.0,112.0,4.4676119650852
357263,1881.0,1331.0,108.0,2.99244789343763
260741,1924.0,1903.0,72.0,-1.30594126387246
229858,1875.0,1916.0,58.0,-2.0022794632715
256551,1879.0,1224.0,72.0,3.00500315239764
369064,195.0,1927.0,180.0,-3.11142500257964
285476,20.0,1916.0,77.0,3.92782440568662
27329,1905.0,1880.0,4.0,-1.76011456254682
69331,27.0,1895.0,12.0,1.87926130769651
10203,1332.0,150.0,2.0,-1.26375418280668
187448,748.0,1904.0,175.0,2.40476266169893
318772,83.0,1879.0,99.0,7.34602752669807
227475,1925.0,544.0,57.0,7.09728142426671
274398,1891.0,1887.0,179.0,4.6423194847079
180666,1876.0,147.0,53.0,-2.83779146165822
279754,1924.0,1907.0,75.0,-4.02144513403214
398354,948.0,146.0,112.0,7.95271822461639
63672,1906.0,1879.0,10.0,4.11424029250669
204929,1875.0,1900.0,177.0,-3.53139623526867
328242,1884.0,1922.0,101.0,-1.22692561932434
216359,1905.0,1891.0,55.0,-1.74377905343489
374131,1897.0,163.0,109.0,5.04842656833586
109614,1925.0,1912.0,45.0,13.5558851956603
301782,1891.0,146.0,98.0,2.30575587221181
217549,1876.0,1900.0,55.0,2.10380974636687
633550,1903.0,1902.0,108.0,-1.153265813487595
222103,1924.0,1877.0,56.0,10.4602796695012
304630,1913.0,1900.0,98.0,5.06209452945784
8432,20.0,1890.0,1.0,-2.26875538688979
4654,1560.0,1331.0,1.0,-0.601703553407256
275320,1915.0,1884.0,179.0,1.33240054187149
64880,1559.0,1928.0,10.0,-2.9123301251394
325614,1908.0,1902.0,100.0,-6.48881817109532
163412,1348.0,1907.0,168.0,0.312352141187958
114914,1924.0,120.0,167.0,-9.81980473771764
224182,1431.0,131.0,57.0,2.28968212287446
167105,1896.0,1889.0,51.0,-4.49248375274217
413962,1347.0,1907.0,114.0,-0.2605634692835
237120,229.0,164.0,60.0,1.66210706838338
29754,1560.0,1908.0,166.0,-0.581271951271877
241608,1896.0,1348.0,69.0,-0.0947252704304817
112986,1896.0,1889.0,167.0,-9.43142842354431
232514,1920.0,1904.0,58.0,-10.3893544540638
202363,1348.0,1911.0,177.0,-1.88408129636
241398,1908.0,18.0,69.0,1.05566796339613
414136,1897.0,1911.0,114.0,-4.48450820306165
254746,1342.0,1904.0,71.0,4.87845849291562
185037,82.0,1885.0,174.0,1.44483522770094
397194,1900.0,1908.0,112.0,1.02752273701979
43940,13.0,1921.0,6.0,-1.16993860780171
215718,655.0,1923.0,55.0,1.07446465676348
175138,82.0,1884.0,52.0,-9.10848856102854
433382,1882.0,1914.0,116.0,-1.10834247181283
401290,82.0,15.0,112.0,5.85615984162687
434094,1883.0,1671.0,116.0,-0.764006033884664
414095,1889.0,677.0,114.0,-2.59298144699017
87625,1899.0,1916.0,172.0,-8.42155592343813
342072,1886.0,1923.0,104.0,0.261518762719542
85665,1671.0,1347.0,172.0,7.24380197636127
180572,229.0,1877.0,53.0,1.09708696534633
187569,1896.0,1331.0,175.0,-3.22709105395627
310499,1887.0,1903.0,186.0,-7.12697350675034
246090,1883.0,1881.0,70.0,11.7909783525804
336562,1916.0,5.0,103.0,-3.28781955765662
209129,1886.0,1909.0,178.0,-2.04210150641218
199951,1876.0,47.0,54.0,-3.25076878823145
206444,1919.0,147.0,177.0,6.67306994128034
232299,1925.0,1891.0,58.0,-7.97581328716366
73036,5.0,1910.0,13.0,-3.55242018434983
65456,101.0,1917.0,12.0,3.5239368464711
199141,748.0,15.0,54.0,2.29291200813643
254095,14.0,195.0,71.0,1.99127248600984
247303,1224.0,1892.0,70.0,1.1931075149081
107976,85.0,1909.0,45.0,1.27371349594981
208525,1891.0,1895.0,178.0,-2.57369954294486
304929,1331.0,1902.0,98.0,1.16011985000674
195484,1332.0,1909.0,176.0,-3.98062075909596
203058,1904.0,1331.0,177.0,-2.13617905073367
30204,1898.0,1921.0,166.0,-0.177538068635878
97698,195.0,1901.0,44.0,-2.95748358727085
345004,163.0,1892.0,104.0,-11.5481363452923
235428,1903.0,1911.0,60.0,-2.67594875146165
55922,1887.0,1895.0,9.0,1.26563630858683
340789,3.0,1900.0,103.0,4.45673045339251
396744,1882.0,1923.0,112.0,-3.78373971125009
335853,1915.0,1921.0,102.0,0.189623380707173
210394,604.0,1899.0,178.0,3.02217190502037
425725,1925.0,1183.0,115.0,1.24208253785524
66100,195.0,1912.0,12.0,7.30067625148909
258966,83.0,1881.0,72.0,0.238866166802469
240797,14.0,1347.0,69.0,-5.75415582622155
321405,1899.0,1224.0,100.0,-2.39761200130746
413809,748.0,1918.0,114.0,6.14516564105576
237487,544.0,1913.0,60.0,10.4306148692493
16975,1332.0,195.0,3.0,-7.8462862113
194108,1431.0,18.0,176.0,-1.94013450035606
270254,14.0,18.0,74.0,0.241614949215116
12017,20.0,1880.0,2.0,-1.8175797749366
247963,136.0,748.0,70.0,-3.01544056718018
15458,1908.0,1917.0,3.0,1.74898461796062
259770,544.0,20.0,72.0,0.885082232036908
284007,136.0,1914.0,77.0,0.513128440312232
27146,1919.0,229.0,4.0,-0.605863356277346
321109,85.0,1331.0,100.0,-1.89080478584605
17314,27.0,101.0,3.0,11.3505056573106
54755,1879.0,1916.0,9.0,-3.03464754154319
68736,229.0,146.0,12.0,0.256807466568815
258761,1337.0,1923.0,72.0,-3.1200424433431
337547,72.0,1882.0,103.0,4.18810580409554
376260,3.0,1904.0,109.0,2.94887387896672
325131,655.0,1924.0,100.0,7.00769267815538
201420,1905.0,20.0,54.0,-1.77738226687242
371919,1337.0,1890.0,180.0,4.43569220600544
278642,948.0,1348.0,75.0,5.985374432941
271974,1878.0,1882.0,179.0,-2.80359312202266
198084,1917.0,18.0,54.0,-1.01052272310216
330658,544.0,1925.0,101.0,8.47820188538362
98123,1920.0,1906.0,44.0,2.13177150806793
12640,544.0,1875.0,2.0,-3.92270148265343
16523,1924.0,1908.0,3.0,-4.9920309025822
223074,1892.0,1902.0,56.0,-11.2197675069221
228777,1893.0,1894.0,58.0,-2.89026368160185
111123,1884.0,788.0,167.0,7.77778921432348
436233,1920.0,1894.0,116.0,-2.8722531252082
192547,164.0,18.0,176.0,-3.10246857257239
182448,1882.0,1890.0,174.0,-2.30128989342491
182536,101.0,1896.0,174.0,20.2312640614848
238033,1332.0,147.0,60.0,-3.88802790101219
338731,1884.0,1908.0,103.0,-2.0768219361163
233451,1332.0,1908.0,58.0,-9.47553764877888
182197,5.0,131.0,174.0,-0.473793755253032
57511,1926.0,1885.0,9.0,3.42077648994523
29910,1559.0,1897.0,166.0,-3.43307717967521
111785,1915.0,1347.0,167.0,-0.269239978379854
251538,147.0,1887.0,71.0,-0.654508495195875
316228,1900.0,1918.0,99.0,4.93684282299862
48152,163.0,18.0,6.0,6.70059857465853
59205,229.0,1925.0,9.0,3.61013872728427
53511,1224.0,1928.0,7.0,1.06253236058602
85406,1348.0,1916.0,172.0,0.263339813342152
210210,1886.0,1908.0,178.0,2.76955368052447
345144,1906.0,1896.0,104.0,2.33590463338952
368498,1881.0,15.0,180.0,-10.0679876610292
413773,948.0,18.0,114.0,5.72664766062751
56875,1903.0,11.0,9.0,-2.79039359095804
26523,1348.0,1908.0,4.0,6.28707042928318
206159,1332.0,1896.0,177.0,-1.87173015329897
61997,1183.0,131.0,10.0,0.730407079358101
275044,1926.0,1331.0,179.0,-19.2410122676378
434184,1885.0,1923.0,116.0,-0.343629175253823
371572,1920.0,1886.0,180.0,2.58694476265322
417595,163.0,18.0,114.0,3.66250602393242
97157,164.0,1224.0,44.0,-5.72398699776876
54601,1887.0,1912.0,9.0,1.02736532909906
195471,1430.0,1904.0,176.0,2.80720695771673
85601,150.0,131.0,172.0,0.151681531471859
274184,1888.0,1912.0,179.0,-0.169706414825277
255867,229.0,1902.0,71.0,-0.552702490591969
255482,1877.0,1876.0,71.0,5.49519248234053
198510,195.0,1224.0,54.0,-2.34299270512891
231769,655.0,1887.0,58.0,-8.23510294515511
251187,150.0,195.0,71.0,3.46382746934125
113961,655.0,163.0,167.0,4.41410623739911
221811,48.0,1891.0,56.0,23.2920474095684
251501,147.0,1911.0,71.0,3.87552685892094
257083,1884.0,1912.0,72.0,-0.0249502999886892
221843,1337.0,1893.0,56.0,-6.11091962801235
190315,83.0,1916.0,175.0,6.37203657379403
333275,147.0,1881.0,102.0,6.39941730667347
357925,1878.0,1884.0,108.0,-0.491276975661182
85623,1902.0,1906.0,172.0,-1.22987748761954
105735,1888.0,1908.0,45.0,0.527293674757896
169253,48.0,229.0,51.0,-5.51514664596258
114729,655.0,1559.0,167.0,-2.1892393053754
334232,1926.0,1914.0,102.0,3.48745710761437
177051,1887.0,1907.0,53.0,6.61091816895852
14655,1919.0,1899.0,3.0,14.1119313133454
339557,27.0,1892.0,103.0,8.10656216466372
4650,27.0,788.0,1.0,-5.38899042656172
319904,1926.0,1924.0,99.0,2.35625854542833
182377,948.0,1881.0,174.0,-1.73308236041361
24580,1894.0,1881.0,4.0,2.32698298887
65769,1891.0,1884.0,12.0,2.76917747794914
397328,101.0,1884.0,112.0,1.01610805447874
322019,1878.0,1881.0,100.0,-5.88737502739635
218713,1886.0,195.0,56.0,1.31497603492033
224184,1347.0,1922.0,57.0,-0.874297193207061
211943,82.0,1224.0,178.0,1.35477139780606
168532,3.0,1332.0,51.0,-2.35060058598623
250266,48.0,1927.0,70.0,-30.7912265853712
263311,948.0,1905.0,73.0,-4.50348486707499
194050,1886.0,5.0,176.0,-6.96990030023605
357170,1902.0,1892.0,108.0,-0.585176794453487
275686,163.0,1875.0,179.0,0.822340224438206
208483,1895.0,1922.0,178.0,10.5489852692316
434314,164.0,13.0,116.0,-1.60542689065086
172749,1900.0,788.0,52.0,2.53418285579014
270275,1925.0,20.0,74.0,-5.17238597068168
235676,1909.0,1916.0,60.0,2.64238828376785
254497,1919.0,1896.0,71.0,-3.36683543166096
249483,1876.0,101.0,70.0,-5.06907584207749
57343,160.0,229.0,9.0,1.7461646607257
111076,1889.0,1922.0,167.0,-2.51340456798342
51376,14.0,1894.0,7.0,-16.1819686899417
202669,1891.0,11.0,177.0,-3.73488304060287
262768,120.0,1912.0,73.0,1.51810900502259
4790,1881.0,677.0,1.0,-4.89981179415536
216691,544.0,1896.0,55.0,-1.29775478136445
316032,1560.0,1331.0,99.0,0.452591373004696
401459,655.0,1890.0,112.0,7.64547966224867
327832,83.0,1899.0,101.0,2.79492328659709
434458,27.0,1898.0,116.0,-0.283084153798706
180560,48.0,1896.0,53.0,5.3867046818098
357864,1886.0,11.0,108.0,-5.45460936388498
318874,20.0,11.0,99.0,-0.400268065635477
206404,3.0,544.0,177.0,-0.987713871930628
414049,17.0,1922.0,114.0,2.30703461723719
233190,163.0,748.0,58.0,16.9620470706727
173505,47.0,1881.0,52.0,-2.47812689315246
328286,72.0,1900.0,101.0,-3.18033218981589
414415,1909.0,120.0,114.0,1.77504105773996
181748,147.0,1921.0,174.0,-1.56864357035694
57080,1913.0,788.0,9.0,-0.369824427881433
257807,1909.0,1882.0,72.0,3.22164703854234
165435,48.0,83.0,168.0,-2.52747107556979
217011,1906.0,1917.0,55.0,-11.8812030758079
48727,1916.0,1921.0,7.0,-2.07218500797721
222504,229.0,120.0,56.0,-1.95458123671522
257165,1912.0,11.0,72.0,-2.01275397779635
168892,604.0,160.0,51.0,0.320297671430521
64116,1877.0,1912.0,10.0,1.97956634519361
247198,1917.0,1927.0,70.0,-0.283079893462178
7831,14.0,136.0,1.0,11.2380340883723
16815,1337.0,1907.0,3.0,-8.09293572217696
44108,72.0,17.0,6.0,2.56122077223301
328525,1913.0,1894.0,101.0,-5.79533484943055
227680,604.0,1888.0,57.0,5.60172628782101
56741,163.0,1887.0,9.0,2.49598197698234
328195,20.0,1899.0,101.0,0.955810026441794
370972,655.0,1918.0,180.0,8.7695870248558
216391,229.0,5.0,55.0,5.32229851636538
114081,1913.0,101.0,167.0,10.9011811414668
219250,1331.0,1887.0,56.0,-2.97933672196805
344298,655.0,195.0,104.0,-0.732196786380394
285212,1906.0,1901.0,77.0,-5.55722540495844
340967,1925.0,1906.0,103.0,4.31941771483012
109681,20.0,136.0,45.0,-3.12876842803016
390152,1926.0,13.0,111.0,-1.3123593611126
255058,1913.0,1888.0,71.0,2.77890592525863
173667,1879.0,1883.0,52.0,1.97381015992694
205122,655.0,85.0,177.0,7.29248066981154
374667,1909.0,13.0,109.0,-2.31522238852718
75058,229.0,1886.0,13.0,6.33590114248883
397320,101.0,13.0,112.0,-5.74576115494498
69323,83.0,1905.0,12.0,8.99284939103017
30044,1917.0,677.0,166.0,6.59397849896538
194761,1883.0,1892.0,176.0,-1.51532067528209
230713,101.0,1560.0,58.0,-4.24568805542704
333836,1905.0,72.0,102.0,-3.67048303011787
242057,1183.0,47.0,69.0,13.3868518623762
303818,48.0,1875.0,98.0,-19.6678776988267
247340,1887.0,1923.0,70.0,-2.89685400902308
162562,150.0,1898.0,168.0,1.85310232220697
189853,1925.0,82.0,175.0,8.16544869148361
322277,1887.0,1907.0,100.0,-5.19226172039357
322387,1560.0,1886.0,100.0,2.87648308427576
218601,1880.0,1671.0,56.0,-5.9576644554998
111885,1183.0,1904.0,167.0,-3.30177527007779
6474,1342.0,1907.0,1.0,-6.06024406430386
24330,164.0,1892.0,4.0,-1.05608538328235
215033,1895.0,1886.0,55.0,3.11594105760118
43358,1887.0,1671.0,6.0,5.79704956064712
275602,1920.0,1904.0,179.0,2.34670141268121
417678,72.0,1928.0,114.0,-4.35469355354774
341753,1908.0,17.0,104.0,-3.82650439771779
184132,120.0,15.0,174.0,-1.72119663095083
285367,82.0,1331.0,77.0,-12.4101450327938
343197,1909.0,150.0,104.0,1.01116212671674
325203,1342.0,1890.0,100.0,-0.950014089082578
318350,544.0,18.0,99.0,-2.08715128973992
33156,1926.0,1877.0,166.0,-2.09260563440957
327446,3.0,1898.0,101.0,2.32328933055033
212355,160.0,1882.0,178.0,-2.42072634689357
310971,120.0,1921.0,186.0,-0.791010433413762
260157,14.0,136.0,72.0,-0.410960202620859
45932,604.0,160.0,6.0,9.02192049499046
330723,1332.0,1928.0,101.0,-8.88884885918794
226940,1925.0,1892.0,57.0,4.99653535261923
357721,1885.0,1671.0,108.0,9.69363988254699
101469,1671.0,15.0,173.0,-1.01152133829823
332000,1342.0,1332.0,102.0,-9.42606218920891
7379,160.0,150.0,1.0,9.0619930268407
281946,1925.0,1928.0,75.0,0.784762442711603
102917,1889.0,72.0,173.0,0.540500056758494
302580,3.0,1922.0,98.0,-0.895735086999473
238943,1876.0,1902.0,60.0,1.13519472628773
299881,1878.0,748.0,98.0,1.87376864667718
60722,1894.0,1888.0,10.0,-4.48580989537509
323833,1924.0,1901.0,100.0,4.65211981600044
53318,655.0,3.0,7.0,7.30325265058902
224235,1891.0,1884.0,57.0,-0.0019178280345272
194159,1559.0,72.0,176.0,2.16198959189096
253006,164.0,1927.0,71.0,-0.0514715149909506
227470,14.0,1888.0,57.0,5.90101524594891
330282,1924.0,948.0,101.0,6.99648492149926
264276,1925.0,1887.0,73.0,-0.773250946797952
103970,160.0,1431.0,173.0,11.7413630972294
397634,1880.0,120.0,112.0,-3.80135474233099
367789,1894.0,1916.0,180.0,2.04693680036792
15949,1875.0,164.0,3.0,-10.8152081202946
67003,13.0,131.0,12.0,4.40460125182305
269151,163.0,85.0,74.0,3.72504358837777
414624,1902.0,1560.0,114.0,-7.55167854635436
282675,1904.0,1918.0,77.0,4.81669331008868
46736,1876.0,17.0,6.0,-2.21800369145341
217595,1332.0,1908.0,55.0,-1.16760013657335
427176,83.0,136.0,115.0,-1.18068759173154
113093,1875.0,1890.0,167.0,6.92499018387156
314522,163.0,1920.0,186.0,3.05255506355955
4091,1879.0,17.0,1.0,2.06003205493999
320771,1884.0,147.0,100.0,2.30234227337665
103876,1337.0,1880.0,173.0,-2.57085965915553
195728,544.0,1892.0,176.0,3.081500168273
3551,1879.0,5.0,1.0,-0.328687862567317
222608,1924.0,1342.0,56.0,-4.16806290097181
212918,147.0,1889.0,55.0,-1.49917043708181
31907,1925.0,1899.0,166.0,4.23724645162941
186976,20.0,1898.0,175.0,0.122245734021838
267291,1331.0,1882.0,74.0,3.58266683370589
303491,1337.0,677.0,98.0,6.37660039661276
324855,82.0,1917.0,100.0,0.220727928275911
262979,1885.0,1916.0,73.0,-0.633270447640843
188440,1875.0,1903.0,175.0,14.7619958560212
52526,20.0,5.0,7.0,-4.676833140065
237485,1430.0,1914.0,60.0,-0.465413976388695
73238,1905.0,1332.0,13.0,-1.58542417482364
312559,1902.0,1907.0,186.0,4.95385414795371
185457,1926.0,150.0,174.0,4.1892443796129
17976,1926.0,1559.0,3.0,-1.51957965844598
230478,1908.0,1914.0,58.0,-1.94385383984108
315062,83.0,1430.0,186.0,13.650536796806
171407,1348.0,788.0,52.0,4.35479820959275
373912,1894.0,1918.0,109.0,1.04286694683343
198892,1897.0,1919.0,54.0,-1.00223825817286
45638,1888.0,1882.0,6.0,-0.604297354505548
338053,136.0,1893.0,103.0,0.254109905469173
228207,1920.0,14.0,57.0,-7.69945547749955
213738,1224.0,5.0,55.0,4.42288837177639
358428,1885.0,677.0,108.0,1.26366671780893
194576,1902.0,1910.0,176.0,-2.51535821667376
66405,1875.0,147.0,12.0,-3.15963164781144
336972,1879.0,85.0,103.0,2.75035247771078
327220,147.0,195.0,101.0,-3.192285602309
367707,1878.0,1927.0,180.0,-3.99097770978261
64428,163.0,1560.0,10.0,0.0195128114903733
263766,1902.0,1892.0,73.0,10.0616289783961
251667,948.0,1892.0,71.0,7.0020255833279
357852,1902.0,1910.0,108.0,-2.26516461307758
412646,1909.0,1890.0,114.0,-10.1257237386574
248631,72.0,788.0,70.0,1.83217732963052
111214,948.0,150.0,167.0,-6.43109531823969
45869,1909.0,748.0,6.0,-2.16352324402474
416882,1430.0,136.0,114.0,0.464417488689721
211979,3.0,1888.0,178.0,-0.900024837807791
103314,82.0,1894.0,173.0,-2.8945393893882
200085,1915.0,1894.0,54.0,-11.5942779986008
425706,83.0,1923.0,115.0,-0.401423739702131
367382,15.0,1918.0,180.0,0.476055573894452
423564,1879.0,146.0,115.0,1.17560229546528
100968,136.0,18.0,173.0,6.2274042176583
423004,1909.0,1883.0,115.0,1.44769393215903
12680,27.0,5.0,2.0,17.1914582816673
161427,47.0,1890.0,168.0,7.76902019187021
190895,655.0,1875.0,175.0,9.18012232337924
368518,195.0,788.0,180.0,-3.99478689602594
220033,47.0,1890.0,56.0,4.88502135175925
186848,47.0,1900.0,175.0,-8.50468399780887
367701,1880.0,5.0,180.0,10.2976238821909
326031,1875.0,1897.0,101.0,-5.25145761969355
58603,82.0,1224.0,9.0,-0.53842243516297
188884,1901.0,1921.0,175.0,-2.01264500554627
373794,1889.0,1671.0,109.0,-0.37593074638524
272082,1899.0,18.0,179.0,1.02609362706042
207363,1331.0,1902.0,177.0,-2.46717118852719
75355,83.0,1560.0,13.0,-0.0171278409762468
434665,1893.0,1910.0,116.0,-16.30063331369
69350,27.0,147.0,12.0,-5.21890208800052
86499,1885.0,1904.0,172.0,5.24167238544477
230800,1560.0,17.0,58.0,-0.767539676366371
64771,1926.0,15.0,10.0,-0.940057411383637
229568,1885.0,13.0,58.0,11.6500171113816
168600,101.0,1917.0,51.0,-3.12851461851556
71412,1885.0,1882.0,13.0,1.29369394883353
16678,20.0,1875.0,3.0,-11.8125226192718
45766,147.0,1910.0,6.0,0.886633501661368
60738,72.0,17.0,10.0,-0.527651061598
26050,164.0,1896.0,4.0,-0.632531879973087
212442,1925.0,3.0,178.0,-2.02811230522357
6781,27.0,195.0,1.0,3.3977768122399
247376,1899.0,17.0,70.0,-4.57235266666956
176050,1430.0,15.0,52.0,2.37078781543142
62322,82.0,150.0,10.0,0.946689335827792
226027,655.0,160.0,57.0,10.7039525041648
332047,1891.0,1883.0,102.0,0.911079291204882
234597,1913.0,1911.0,60.0,-1.50489754496446
299998,1671.0,11.0,98.0,1.6838629787406
34020,14.0,1890.0,166.0,-3.3527392889337
244774,544.0,1224.0,69.0,1.90309862675899
236671,1897.0,1920.0,60.0,-0.185718835449296
318694,1915.0,1916.0,99.0,9.62541379471088
95479,1888.0,120.0,44.0,-3.61698982490254
52169,163.0,1892.0,7.0,0.518912876142476
111537,101.0,72.0,167.0,-0.205875993383424
216399,604.0,1892.0,55.0,-1.15982824975737
340552,1876.0,1559.0,103.0,4.64195512512227
389951,160.0,1891.0,111.0,3.22902345707104
200156,1337.0,72.0,54.0,-10.7414956137208
264670,27.0,1914.0,73.0,-3.28268677060921
333091,948.0,3.0,102.0,-0.651117752264103
7482,3.0,1905.0,1.0,0.294140382166969
371807,1926.0,1890.0,180.0,3.36978877325081
184827,82.0,195.0,174.0,-1.98224734317268
401828,1914.0,1902.0,112.0,-1.32905169690647
258242,17.0,1923.0,72.0,2.66319190247658
415230,1878.0,1331.0,114.0,5.64164576338414
113726,788.0,1902.0,167.0,-12.3622875202351
205490,48.0,72.0,177.0,2.88402460358524
287146,1910.0,1902.0,77.0,5.47209203573716
68493,163.0,1880.0,12.0,-6.86471375807362
250500,655.0,1560.0,70.0,0.0238542741710345
206383,1926.0,1875.0,177.0,3.93201529211523
260832,48.0,1910.0,72.0,-2.9769523901844
233632,1922.0,1902.0,58.0,-2.28703771903806
637225,1903.0,1902.0,74.0,1.346699367192739
16373,85.0,1900.0,3.0,-5.06153218975778
31619,1898.0,1907.0,166.0,-1.8655012997591
261576,164.0,1914.0,73.0,-3.45153063508847
250335,3.0,120.0,70.0,-0.380084473392393
247856,1559.0,1922.0,70.0,1.73556538122663
235024,1879.0,1560.0,60.0,-1.86030000089979
416203,163.0,131.0,114.0,-0.220076896736037
260487,1876.0,1878.0,72.0,-6.95942684660422
7745,82.0,147.0,1.0,2.49568574056044
54910,1881.0,1923.0,9.0,-1.10310554916668
50357,83.0,1332.0,7.0,-1.91656487609263
357534,1912.0,72.0,108.0,-1.8470846376517
281226,1913.0,1559.0,75.0,1.38464586107635
268390,748.0,1914.0,74.0,5.4889706435222
60230,72.0,1921.0,10.0,-8.19655353350235
226486,1877.0,1909.0,57.0,2.47363617169763
8047,1925.0,83.0,1.0,1.57850937401582
274244,164.0,1892.0,179.0,2.71330289324338
33802,1926.0,1900.0,166.0,1.58593527354723
390820,604.0,1671.0,111.0,9.27917210736146
328933,14.0,229.0,101.0,3.14263838788817
426192,1920.0,1914.0,115.0,9.47608835905339
314708,1920.0,1876.0,186.0,3.88475400398234
276190,1926.0,1342.0,179.0,-1.99133569777255
62328,47.0,1898.0,10.0,4.31872653914545
107855,1899.0,1893.0,45.0,-0.570873059233882
186470,48.0,1882.0,174.0,17.219157804562
186553,655.0,15.0,174.0,10.9055703648422
165231,1906.0,1917.0,168.0,-7.15641497816974
221868,655.0,150.0,56.0,-4.5609192730711
206560,1905.0,20.0,177.0,11.6189007335605
211116,1337.0,1904.0,178.0,-9.11865362220086
435187,131.0,18.0,116.0,-14.1415747622795
259584,163.0,1892.0,72.0,-4.89328613745481
47038,27.0,544.0,6.0,-1.25531087085521
11428,1342.0,1183.0,2.0,-0.456789579695714
282655,1896.0,17.0,77.0,1.57990732646507
222613,83.0,1927.0,56.0,2.52665162587862
180600,1926.0,27.0,53.0,0.830002263638099
211756,229.0,1912.0,178.0,3.96658161466155
12704,163.0,1348.0,2.0,-2.9011575847632
269244,1342.0,47.0,74.0,1.72880861658851
6622,82.0,72.0,1.0,-8.40325348160262
389130,604.0,47.0,111.0,4.21323490964063
183701,1887.0,5.0,174.0,4.80715430345153
275351,20.0,1884.0,179.0,-1.51986273257963
100217,1925.0,1882.0,44.0,23.6856321642701
426919,544.0,1877.0,115.0,9.77943702562099
75564,655.0,1925.0,13.0,4.9602881512036
275397,163.0,11.0,179.0,2.2513270857982
275220,83.0,1875.0,179.0,-1.87363797379822
345018,604.0,1893.0,104.0,3.69780546981514
263207,1899.0,1910.0,73.0,0.807096081802335
52695,604.0,1917.0,7.0,1.34404927180912
275162,1924.0,146.0,179.0,-0.483550454702911
257945,1431.0,1910.0,72.0,-0.464217147085013
277991,1224.0,788.0,75.0,-1.69279064870002
6240,1881.0,17.0,1.0,0.897113792615651
281592,1337.0,1922.0,75.0,-10.9263860157579
263819,1671.0,5.0,73.0,0.702278843419158
173276,1902.0,1912.0,52.0,-4.88743333773212
256486,85.0,1914.0,72.0,0.182369636287505
357197,1909.0,1923.0,108.0,-0.0954540751402662
17272,163.0,1431.0,3.0,-2.71038569011877
243052,1896.0,18.0,69.0,1.20028095455084
208606,136.0,1885.0,178.0,-6.48231023441218
214870,1893.0,1910.0,55.0,4.11491221249257
66409,1431.0,1348.0,12.0,-1.48125395790036
11801,1925.0,164.0,2.0,-2.62958974386736
200710,229.0,1431.0,54.0,7.25534274815616
334826,604.0,1915.0,102.0,-1.6637973260581
253062,147.0,1348.0,71.0,-1.86630177401985
326021,1884.0,150.0,101.0,0.80975796109878
370401,1920.0,1331.0,180.0,-10.6412295571942
310381,1883.0,1888.0,186.0,-2.90807522462736
359412,1877.0,1183.0,108.0,3.59263786581612
256125,1908.0,788.0,72.0,-1.1660001070669
370698,1332.0,1891.0,180.0,0.604300087570712
258764,1915.0,1906.0,72.0,-3.79219353701944
284135,1917.0,131.0,77.0,-0.126824960785609
177417,150.0,1882.0,53.0,0.360865480494892
212108,14.0,1878.0,178.0,-0.609607180860321
205713,82.0,1892.0,177.0,-4.51975226684981
70969,948.0,136.0,13.0,-4.24162875028724
45870,1183.0,677.0,6.0,-0.95247069905822
113646,27.0,1881.0,167.0,-14.2358084167957
195066,163.0,788.0,176.0,-0.821027371077884
326808,1916.0,18.0,101.0,2.067061232576
191265,1337.0,1671.0,175.0,4.28783181786915
86972,1671.0,788.0,172.0,0.652740943944112
96340,1879.0,1907.0,44.0,-3.55180371230572
264951,1877.0,5.0,73.0,2.16976576056537
201567,1877.0,677.0,54.0,-1.91314859355705
43786,101.0,1914.0,6.0,2.08114860379014
101661,1880.0,47.0,173.0,-0.0484965602428181
176933,1891.0,1900.0,53.0,11.014481075713
108584,1915.0,1901.0,45.0,-3.95150476954862
4917,1431.0,1347.0,1.0,1.67093023025522
75553,82.0,1876.0,13.0,2.41235461050214
104263,160.0,1884.0,173.0,-5.44942445214836
186403,655.0,1890.0,174.0,4.80160305824237
397207,1888.0,1896.0,112.0,2.22939152941685
260797,544.0,3.0,72.0,1.02498876128505
647827,748.0,1902.0,116.0,-1.885895432400575
96001,1878.0,146.0,44.0,-2.8036640778736
187344,1559.0,1348.0,175.0,8.21141155374733
243433,3.0,47.0,69.0,-9.73449414165084
262332,1183.0,85.0,73.0,-0.274349267149026
340019,48.0,1905.0,103.0,8.03118200091324
54534,83.0,150.0,9.0,9.02035340766702
277748,1886.0,1881.0,75.0,4.96219055028272
210489,1876.0,1894.0,178.0,-5.55617002921362
10057,15.0,1914.0,2.0,0.831809100965598
433959,13.0,5.0,116.0,1.18099459533533
168400,1898.0,1347.0,51.0,-4.42821113785552
103470,229.0,195.0,173.0,-1.66473751841838
70951,1900.0,1889.0,13.0,-1.04936420083434
168217,1885.0,195.0,51.0,-6.13666069289223
161081,1910.0,1901.0,168.0,-2.75774019748662
417670,1883.0,1928.0,114.0,-4.81596938889199
286955,544.0,14.0,77.0,5.50817289465371
68814,83.0,1896.0,12.0,-7.72007166302239
112017,1887.0,788.0,167.0,-0.267694679378113
260195,163.0,147.0,72.0,2.05227907903078
192363,1894.0,195.0,176.0,6.16928041978734
9197,1904.0,1908.0,2.0,3.37177692458855
315041,48.0,14.0,186.0,-10.5987516722524
176381,15.0,1928.0,52.0,-0.0968017094907913
313349,83.0,195.0,186.0,-6.6327799885195
250455,1430.0,1882.0,70.0,-0.323633767541631
300618,948.0,1921.0,98.0,0.408150717058629
171577,1431.0,1882.0,52.0,-2.44372923928781
96586,1900.0,1890.0,44.0,1.9100811383852
372107,1560.0,1902.0,180.0,-1.25476245948372
102685,72.0,15.0,173.0,1.03278593006171
75602,120.0,1928.0,13.0,0.858425079451442
275651,3.0,1879.0,179.0,4.93523445173548
241620,1909.0,1918.0,69.0,9.64674259631739
114141,1430.0,1431.0,167.0,5.52736733382621
107944,1900.0,1224.0,45.0,-2.00279890364586
50937,1903.0,1922.0,7.0,2.43947949137529
96155,1909.0,1901.0,44.0,-12.739476160318
223003,163.0,14.0,56.0,3.56604212920559
321755,1671.0,131.0,100.0,-0.0940335406074625
250117,1925.0,1224.0,70.0,-5.62694758956107
316937,3.0,1899.0,99.0,-1.31466914063654
220088,1888.0,1897.0,56.0,0.740264749092946
167944,1879.0,1331.0,51.0,-4.41331465791581
372819,948.0,604.0,109.0,3.42601890254916
277393,1913.0,1911.0,75.0,0.0595369613594588
5467,1347.0,1901.0,1.0,-1.73089361907133
212079,1337.0,1927.0,178.0,-9.80940425457933
388599,195.0,1912.0,111.0,2.62743685543613
102570,136.0,1331.0,173.0,1.13539506109205
230341,948.0,1917.0,58.0,0.375780427029924
265134,544.0,1875.0,73.0,4.03762527942444
273368,1900.0,1348.0,179.0,-1.13891868057132
396745,1909.0,11.0,112.0,-3.81298576609604
280315,1926.0,1431.0,75.0,0.717390790761451
425060,5.0,1914.0,115.0,1.05910607378894
232056,1925.0,604.0,58.0,3.41762499239841
166124,748.0,1431.0,51.0,-4.27242533302052
248825,1876.0,72.0,70.0,2.79230879351257
168290,1875.0,1348.0,51.0,-3.66198005481741
30180,1875.0,131.0,166.0,-2.45187843406689
87442,1879.0,1890.0,172.0,3.88703422993724
246467,1886.0,17.0,70.0,-2.85278974906144
24837,1878.0,1893.0,4.0,-0.644916984009435
63376,48.0,1431.0,10.0,-2.87595196222318
335346,655.0,136.0,102.0,-3.46050754143252
200590,1876.0,1880.0,54.0,2.88457625931863
276254,1924.0,1560.0,179.0,-0.262743206032029
414452,1888.0,13.0,114.0,-0.851304722752969
12081,1925.0,604.0,2.0,0.803326426370459
14677,1888.0,1224.0,3.0,3.87999429942867
435232,1913.0,1887.0,116.0,-0.125972799683545
266955,1886.0,1904.0,74.0,-2.29034307898011
72394,1559.0,1897.0,13.0,-3.13827256875832
5810,1559.0,164.0,1.0,3.92615096203649
87444,1885.0,18.0,172.0,8.98833634592209
169156,229.0,1894.0,51.0,4.60163004494952
265148,655.0,27.0,73.0,0.412790534681614
63619,1915.0,1879.0,10.0,-0.989213111881042
203398,1905.0,1898.0,177.0,11.1817724676044
247100,1889.0,150.0,70.0,0.441112397309204
226322,1926.0,788.0,57.0,1.77006089173922
374473,101.0,17.0,109.0,2.77453910888215
317101,1888.0,788.0,99.0,-0.792990405862088
222550,163.0,136.0,56.0,4.24786259668059
46162,1342.0,1919.0,6.0,2.40445183245205
388051,229.0,1431.0,111.0,6.55236733698484
273946,164.0,1671.0,179.0,7.5925649073466
413454,1891.0,1927.0,114.0,0.595472093990626
52099,1906.0,1891.0,7.0,-0.61985398679679
229265,1884.0,1893.0,58.0,2.47386524184642
232127,83.0,1875.0,58.0,-13.2040334370929
269957,83.0,1892.0,74.0,6.13327337881603
220825,1924.0,85.0,56.0,-3.43709902110952
224655,1881.0,1883.0,57.0,-5.03031950190911
286248,1926.0,1912.0,77.0,-0.506963435107018
199235,1883.0,1904.0,54.0,-1.13473338433562
8469,1924.0,3.0,1.0,-5.5974599650279
212919,1671.0,1908.0,55.0,13.9915677049965
193651,1911.0,1921.0,176.0,-4.78581958949051
436822,1906.0,1891.0,116.0,-3.03237880948399
31891,544.0,160.0,166.0,1.22781710565032
179652,1924.0,229.0,53.0,10.1296858741806
256371,1875.0,1892.0,72.0,0.0117341045378712
88091,1876.0,47.0,172.0,-0.58984444258088
330858,1903.0,1893.0,102.0,0.35565651424661
182542,1908.0,1910.0,174.0,3.3358147572511
195782,163.0,11.0,176.0,-2.37246030146569
258192,1889.0,1897.0,72.0,1.68217943088467
390534,1926.0,1927.0,111.0,-5.03908783133735
203459,1431.0,17.0,177.0,-3.31351528382361
344187,27.0,1894.0,104.0,-11.7161638371414
400091,48.0,1331.0,112.0,-2.80753793400536
182433,1430.0,47.0,174.0,6.76210400011189
391153,1877.0,85.0,111.0,3.55427936533581
236399,677.0,1901.0,60.0,-2.78007758391598
257009,147.0,1922.0,72.0,-4.18076870918342
15073,85.0,150.0,3.0,-14.5177342138455
249374,604.0,163.0,70.0,2.39356903975333
245997,72.0,1911.0,70.0,-0.0790713194720011
317163,948.0,146.0,99.0,-0.751874873346262
258981,1876.0,1901.0,72.0,-5.33940167542866
201957,1919.0,85.0,54.0,-2.29529851823821
206334,160.0,1896.0,177.0,11.5964177865038
427438,1924.0,1332.0,115.0,-3.15453221773911
87249,72.0,1881.0,172.0,1.17532009553512
375426,1915.0,1881.0,109.0,-1.67544742090833
53290,1924.0,677.0,7.0,15.0351025949241
417039,1906.0,1671.0,114.0,-7.53493629459063
212179,160.0,948.0,178.0,6.21394711309827
183478,101.0,1890.0,174.0,-0.319231234585053
397327,1892.0,677.0,112.0,0.945868740395335
398162,101.0,1918.0,112.0,0.809382253093991
222238,20.0,13.0,56.0,4.01102449593804
233469,27.0,1890.0,58.0,-2.12664121621662
187276,1894.0,18.0,175.0,0.157110110377977
398809,101.0,72.0,112.0,9.27923455071898
43833,1888.0,195.0,6.0,-0.386735763933133
54832,85.0,1887.0,9.0,3.89696624778637
17376,27.0,1904.0,3.0,-0.947833785091069
208760,1880.0,1908.0,178.0,5.40050568094e-05
237975,229.0,27.0,60.0,0.208566447676395
32889,160.0,1891.0,166.0,-3.6864565504263
105228,160.0,1882.0,173.0,25.6304141869325
104905,1342.0,120.0,173.0,2.18656106545677
114037,20.0,1914.0,167.0,-16.2827707675888
268165,146.0,150.0,74.0,10.3989761327311
278478,1886.0,18.0,75.0,-1.6391707975639
270740,48.0,147.0,74.0,19.2242234789571
417051,3.0,136.0,114.0,-3.26991966449663
54541,1888.0,1921.0,9.0,-0.192559969473837
101363,1883.0,1897.0,173.0,-2.9393846586736
326023,748.0,120.0,101.0,2.66903446889683
324947,83.0,748.0,100.0,0.612851060165368
413497,1431.0,1901.0,114.0,1.71545985788163
314791,160.0,1900.0,186.0,1.7145198004216
334790,1876.0,18.0,102.0,3.7735620555039
26391,85.0,1888.0,4.0,-1.53592010021591
212258,1332.0,1903.0,178.0,-3.58680080649208
165392,655.0,136.0,168.0,8.41079334182209
220136,85.0,1898.0,56.0,2.2370285601936
327490,1897.0,1224.0,101.0,0.808362124886043
248235,1331.0,1918.0,70.0,-5.30387978372356
314460,1919.0,1430.0,186.0,-1.25620173391364
16685,1337.0,72.0,3.0,-17.2448408970533
54940,131.0,1892.0,9.0,1.67814776866633
194622,1559.0,15.0,176.0,0.135310012667913
273436,1559.0,1348.0,179.0,-4.18547085766457
424736,1347.0,1885.0,115.0,0.0269416298366974
302812,20.0,1883.0,98.0,9.20235890788725
252345,1430.0,1332.0,71.0,-0.833434127097256
314624,1926.0,83.0,186.0,0.865704149969253
376732,229.0,136.0,109.0,-0.290068773696253
3831,1885.0,1671.0,1.0,-0.0896465335512402
12694,20.0,1895.0,2.0,-1.07224324990868
170635,604.0,83.0,51.0,4.03865501315809
399290,150.0,1348.0,112.0,-0.52064296178154
423217,1900.0,1914.0,115.0,0.729676093563898
169741,229.0,1347.0,51.0,-4.7520328544952
235879,748.0,1896.0,60.0,1.15299744726841
278620,948.0,1877.0,75.0,-3.97259197712409
277919,1671.0,1897.0,75.0,-2.47671509658124
62175,1347.0,1899.0,10.0,6.29288944117071
320270,1431.0,1902.0,99.0,-9.66995775290781
204380,85.0,1916.0,177.0,-1.09414976100631
222102,1342.0,1896.0,56.0,1.51727732949082
338183,1889.0,1890.0,103.0,1.22783925001643
227269,229.0,1879.0,57.0,-9.49610002745045
322645,5.0,1923.0,100.0,1.27724678620864
368333,1889.0,13.0,180.0,1.67692503074551
274347,1917.0,1923.0,179.0,0.455165723080074
270505,655.0,1348.0,74.0,0.776200462220556
192760,1879.0,1892.0,176.0,-1.94219282803261
96960,1877.0,150.0,44.0,0.796435928581957
66226,47.0,677.0,12.0,-1.7571138948835
45127,1348.0,18.0,6.0,3.73141889670913
274976,655.0,1881.0,179.0,-3.60567546876058
434274,120.0,1895.0,116.0,-1.92352871336579
47073,1926.0,1918.0,6.0,4.56985619307206
170831,544.0,1671.0,51.0,1.4613804511214
46698,1905.0,17.0,6.0,0.134956894646949
376241,229.0,13.0,109.0,1.81788709689107
212574,82.0,1928.0,178.0,-8.79149079567998
323799,655.0,1916.0,100.0,8.48242462173792
222896,1905.0,1560.0,56.0,0.960875469436881
259895,48.0,1896.0,72.0,3.26733347192485
113615,48.0,229.0,167.0,-0.637561873441597
58324,1876.0,1895.0,9.0,3.45008276539379
54416,1893.0,1431.0,9.0,4.76246581243565
111917,1899.0,1912.0,167.0,-2.74228339734573
259840,604.0,1904.0,72.0,-1.30904280292116
422814,1224.0,1918.0,115.0,1.51898594585779
183761,1912.0,1921.0,174.0,-11.1607470208159
215048,1893.0,1892.0,55.0,-3.38240703723816
72994,164.0,1224.0,13.0,0.155130966740577
31027,3.0,1899.0,166.0,-4.50789545056139
200160,1876.0,1183.0,54.0,-3.29019885905454
341370,1916.0,1927.0,104.0,-1.28229258809741
261550,1907.0,1901.0,73.0,-4.07435600218891
88667,163.0,1885.0,172.0,4.30859774682705
268797,1902.0,1923.0,74.0,1.58700033964588
59197,1905.0,1921.0,9.0,-7.37719555417478
267493,147.0,1918.0,74.0,-3.30883215359496
369254,1671.0,1331.0,180.0,1.77606032359348
178647,1914.0,1927.0,53.0,1.29758910571904
236171,1916.0,677.0,60.0,9.19999781180233
172576,1907.0,1917.0,52.0,-0.143153404010691
356985,1926.0,1560.0,108.0,0.256116525782595
50399,120.0,1922.0,7.0,4.68349114132001
242358,101.0,1431.0,69.0,-0.181915911752786
303850,20.0,1895.0,98.0,-0.102556842013852
181675,14.0,1928.0,53.0,-3.65931414863936
376193,544.0,1905.0,109.0,4.65432267054852
262673,1903.0,195.0,73.0,-2.23768003656131
206515,160.0,1912.0,177.0,16.7672794240838
115066,1920.0,1876.0,167.0,10.046823791008
197303,47.0,1888.0,54.0,-0.702262865611829
167770,1430.0,1910.0,51.0,3.89029307138723
88074,677.0,1923.0,172.0,-0.27618868705828
230709,136.0,1875.0,58.0,-2.70142272387732
68189,1925.0,1907.0,12.0,-4.44364859786152
274896,1877.0,1909.0,179.0,0.843955550494377
237944,1926.0,1896.0,60.0,1.11932251627158
61219,1331.0,1908.0,10.0,-0.392340636482604
3850,1885.0,120.0,1.0,-0.951234848035268
209987,1900.0,1890.0,178.0,-9.53327952651691
254887,27.0,1905.0,71.0,1.94509420154034
253662,1913.0,1919.0,71.0,15.3687301884765
326527,948.0,1886.0,101.0,0.386030086710776
345899,48.0,1560.0,104.0,6.95958616078595
269517,1337.0,1881.0,74.0,-10.6232135743686
328282,1897.0,83.0,101.0,1.44814138970925
111568,1894.0,1912.0,167.0,1.42487720132221
225157,1888.0,788.0,57.0,-8.96770041509823
56861,1891.0,15.0,9.0,-4.59400770636894
166025,1886.0,1928.0,168.0,-2.54909257726417
178667,1902.0,11.0,53.0,0.394262478523767
48943,1906.0,1910.0,7.0,11.0150861221663
203076,163.0,1332.0,177.0,-0.750725106736758
248692,1876.0,1919.0,70.0,14.0306127845992
372613,136.0,1909.0,109.0,2.94181989122832
266542,1879.0,1886.0,74.0,-0.34694002754336
96624,101.0,1897.0,44.0,0.422485876614765
56454,1894.0,15.0,9.0,-3.12682693174726
167393,147.0,1922.0,51.0,5.74081137426595
231965,48.0,1913.0,58.0,-2.2839576172811
31170,1878.0,1908.0,166.0,-2.83144716141329
198660,1875.0,1224.0,54.0,0.149852273962643
219677,1902.0,20.0,56.0,5.70631483336071
344926,544.0,1347.0,104.0,1.4806099630864
417317,544.0,1900.0,114.0,7.2605880871165
164442,229.0,1431.0,168.0,4.30204126390709
322857,1560.0,1901.0,100.0,-1.1278789073254
171439,101.0,1896.0,52.0,7.42504199806761
400172,1430.0,1906.0,112.0,5.6702195748145
189029,1559.0,146.0,175.0,-3.81123131332775
250647,229.0,1878.0,70.0,0.166886456284674
224717,14.0,1887.0,57.0,5.54605323980119
10472,20.0,1887.0,2.0,-0.618060179726309
314777,1926.0,1671.0,186.0,-0.757225258983086
237842,604.0,1918.0,60.0,-0.506679995638248
189795,1877.0,1919.0,175.0,-2.05338658846436
207281,1919.0,1921.0,177.0,2.39826702368415
370100,1342.0,195.0,180.0,-6.31176710402191
281167,655.0,1927.0,75.0,13.8442524734439
180510,655.0,1904.0,53.0,6.52760141893374
225647,1224.0,1918.0,57.0,-1.1451325841679
103621,27.0,1875.0,173.0,0.330603522165402
24445,1887.0,1890.0,4.0,2.34443465351063
213984,1884.0,1917.0,55.0,-3.24401074401376
372445,1559.0,1921.0,109.0,3.28627831533151
223652,1903.0,1881.0,57.0,5.34841242250122
214406,1894.0,1916.0,55.0,4.09392171215236
179709,48.0,72.0,53.0,2.01036232119774
161552,1890.0,1922.0,168.0,0.458406735503725
236212,85.0,1900.0,60.0,2.05333584619973
329187,14.0,1892.0,101.0,-7.0746825132836
372088,1919.0,1902.0,180.0,2.86732362859167
103720,1920.0,1880.0,173.0,-5.7435099529059
427787,655.0,14.0,115.0,-0.450972924774717
62086,1347.0,677.0,10.0,-1.77648659401808
191852,1900.0,1928.0,175.0,-5.44508996041384
55429,47.0,15.0,9.0,-3.75692727310329
346388,1917.0,1928.0,104.0,-2.62290371475632
342957,1881.0,1224.0,104.0,0.400046164635548
69612,1920.0,1927.0,12.0,-22.9080075612249
73342,163.0,85.0,13.0,3.80720950676881
161845,1912.0,1908.0,168.0,1.09653519226849
33359,1332.0,1888.0,166.0,-2.49516476449525
184243,136.0,1912.0,174.0,-1.1295883317356
164790,1915.0,677.0,168.0,0.376277573314364
196417,1905.0,1886.0,176.0,-1.37341931256268
328481,1337.0,788.0,101.0,-5.68627414964967
13704,1921.0,1928.0,2.0,24.1350357822396
181281,163.0,1878.0,53.0,-2.64266210425888
237507,1906.0,101.0,60.0,18.8672955822151
221983,27.0,1889.0,56.0,-2.03290275311079
14347,1888.0,1921.0,3.0,0.76130591548536
344052,1915.0,47.0,104.0,-10.7594286791692
89452,1920.0,1889.0,172.0,1.5022381396523
58189,1924.0,1896.0,9.0,-3.33378753746389
51111,146.0,1903.0,7.0,1.0526365457617
193139,1875.0,164.0,176.0,0.302148019145698
276374,1913.0,15.0,179.0,-3.87844721615983
322704,1879.0,1927.0,100.0,-2.50093127610175
317757,1885.0,1893.0,99.0,-0.262269442962263
319158,655.0,1918.0,99.0,3.81200758760841
327578,1881.0,131.0,101.0,-1.99355944532481
300827,1559.0,11.0,98.0,1.77841678745417
50040,1895.0,1911.0,7.0,4.15307799682062
273611,1877.0,1898.0,179.0,-0.931260668564424
30726,147.0,1348.0,166.0,3.96746509502875
64088,27.0,13.0,10.0,-6.33349763422471
69019,604.0,101.0,12.0,21.032818128427
98636,1925.0,1909.0,44.0,17.8645044710583
26466,164.0,18.0,4.0,-3.62441153923572
49450,1348.0,1923.0,7.0,2.64130358544788
109310,1924.0,20.0,45.0,1.54078913799828
278145,1899.0,1894.0,75.0,3.68261761058486
265707,1925.0,948.0,73.0,8.41541567555935
326329,1875.0,1895.0,101.0,1.79672281716909
29407,1876.0,1899.0,166.0,8.8340943021884
424813,147.0,1903.0,115.0,1.30747475738762
114262,1920.0,101.0,167.0,25.8672647989308
209877,47.0,1881.0,178.0,-10.1244660561888
268167,147.0,1909.0,74.0,14.8040992343346
283620,948.0,1919.0,77.0,1.56897608488311
5276,1887.0,150.0,1.0,5.38131812240551
315455,120.0,1892.0,99.0,-2.18603972673064
234114,164.0,1916.0,60.0,-0.565707266011477
343212,1922.0,1927.0,104.0,-4.64152597378665
191117,160.0,48.0,175.0,-4.33047556225132
256630,1887.0,13.0,72.0,3.97627001703195
26233,948.0,160.0,4.0,2.31349809558444
278162,1342.0,1910.0,75.0,2.29698171730411
168354,47.0,1914.0,51.0,-9.42751377561943
221717,1337.0,1431.0,56.0,-4.34541772434118
372808,748.0,1892.0,109.0,6.04914314414862
270786,163.0,1888.0,74.0,2.36516738768863
55003,1875.0,147.0,9.0,0.700423131637556
189666,1915.0,788.0,175.0,-5.06749880820649
257810,1913.0,1911.0,72.0,-0.743312667994407
27829,1919.0,18.0,4.0,2.07237603409911
43527,1897.0,195.0,6.0,-35.1964508606013
18253,1876.0,748.0,3.0,-3.0738301959126
428003,48.0,1902.0,115.0,-2.37465743238859
102217,1560.0,1894.0,173.0,2.25562223990329
16522,1876.0,1919.0,3.0,6.54586592630274
336407,1883.0,1881.0,103.0,-7.79325883868902
235135,1878.0,1884.0,60.0,2.02125265622116
61751,1337.0,1332.0,10.0,-8.4147750057925
111117,1891.0,1910.0,167.0,1.04028040739862
168051,1881.0,1896.0,51.0,-4.7236916752375
235569,1904.0,1893.0,60.0,1.18895031864367
166135,1884.0,1911.0,51.0,-0.125962360558784
417085,1924.0,1886.0,114.0,4.02189497345922
63831,1924.0,1915.0,10.0,-6.31615522885243
182874,136.0,18.0,174.0,-0.856905058256939
170646,1337.0,748.0,51.0,-10.2004030592021
179671,604.0,1898.0,53.0,-14.6618125418992
263049,1900.0,1895.0,73.0,-0.228549157172834
264096,604.0,1923.0,73.0,-0.0590268605296243
302527,160.0,1899.0,98.0,12.1699461055608
326729,82.0,1332.0,101.0,-7.48846251000148
415162,948.0,1560.0,114.0,6.32265174319044
275680,27.0,1348.0,179.0,2.52029062931456
328496,82.0,14.0,101.0,-7.86774072556752
45668,3.0,150.0,6.0,2.68927075867053
184552,1337.0,1875.0,174.0,-4.19228749684254
345010,83.0,1884.0,104.0,0.164472473537265
198591,1877.0,1911.0,54.0,-1.30962993863913
66118,1904.0,1900.0,12.0,1.66379333820956
279271,1891.0,1900.0,75.0,-3.43323240211075
98140,3.0,85.0,44.0,5.81668111108344
334811,229.0,1905.0,102.0,4.53856675409274
416701,1430.0,1895.0,114.0,1.43136399667813
259203,48.0,1916.0,72.0,-1.23918832853077
267912,1905.0,1887.0,74.0,7.35656350766116
74693,1876.0,147.0,13.0,2.99845162994078
72892,1898.0,15.0,13.0,-0.902457496555898
237764,1919.0,677.0,60.0,7.02919454157344
340603,20.0,748.0,103.0,1.46093335376156
47610,544.0,1886.0,6.0,2.84421111246047
249291,1919.0,1880.0,70.0,-3.49724961672196
336424,1889.0,1883.0,103.0,-5.04491852063365
336046,20.0,1902.0,102.0,0.904870476725715
32241,1919.0,1907.0,166.0,0.222785114162102
264746,1876.0,11.0,73.0,12.1609456461541
245926,1879.0,1888.0,70.0,1.69368576031619
256421,1905.0,1347.0,72.0,-0.0270756030720794
340468,1905.0,1912.0,103.0,-1.44951233141014
31166,1901.0,1923.0,166.0,-2.46562403164025
398109,1183.0,1907.0,112.0,6.27305974257136
249162,1925.0,1909.0,70.0,12.8722779947854
317382,1331.0,11.0,99.0,-4.73710765376291
340362,1915.0,1430.0,103.0,-2.49894731327827
18614,48.0,3.0,3.0,-15.1940797357394
194477,1183.0,195.0,176.0,5.50904932810989
211687,82.0,1905.0,178.0,-11.6521530264001
214197,948.0,1913.0,55.0,-3.15334714629503
85487,1893.0,788.0,172.0,4.36476372164311
72122,1916.0,1922.0,13.0,0.433101544816575
433840,1899.0,1887.0,116.0,3.39948521978677
264873,1342.0,1891.0,73.0,-2.19050629415591
182434,1883.0,1882.0,174.0,2.54672447453354
66847,1908.0,1917.0,12.0,-0.128352849230165
188555,1896.0,1918.0,175.0,-2.52092179363523
50957,1902.0,1906.0,7.0,4.20151028366647
370669,1905.0,11.0,180.0,1.86547843221343
27389,27.0,131.0,4.0,2.01427174033999
426495,655.0,1347.0,115.0,1.10503992686997
399587,83.0,1894.0,112.0,-2.50721719987767
375090,27.0,1919.0,109.0,5.72284245217649
65721,1886.0,1671.0,12.0,-2.20827680098001
216549,655.0,1895.0,55.0,-5.30464232769072
337041,1916.0,1918.0,103.0,9.34306821974259
172090,1884.0,1897.0,52.0,3.04526343737213
65030,5.0,1902.0,10.0,-1.98946841715195
260791,229.0,15.0,72.0,-0.778857864912081
56771,1883.0,1560.0,9.0,-0.396290289369535
208325,150.0,1916.0,178.0,3.79780803706346
30488,1183.0,1881.0,166.0,-5.86711202584059
301850,1907.0,1890.0,98.0,0.756785378965518
328520,1342.0,47.0,101.0,8.54450554216631
268502,1897.0,1224.0,74.0,4.09518415584
268868,1332.0,1347.0,74.0,-5.11976968978352
7951,1342.0,1927.0,1.0,3.38449550718867
216357,1905.0,1431.0,55.0,-0.940580346124605
336650,1884.0,195.0,103.0,5.09460153688666
7687,544.0,1348.0,1.0,2.17350295363726
217848,1876.0,1902.0,55.0,10.6130216729934
183615,1894.0,1923.0,174.0,-0.36230743698814
57570,1924.0,1901.0,9.0,-0.973846402107386
273360,1891.0,1560.0,179.0,-1.04022127045327
27549,20.0,11.0,4.0,-8.12838207581324
344812,48.0,146.0,104.0,8.67750690498774
99898,1876.0,748.0,44.0,2.6810242699072
253862,655.0,1919.0,71.0,-7.19706818819568
231520,1913.0,1904.0,58.0,-11.8781699322275
53561,1430.0,1902.0,7.0,-3.3462357603441
15470,1875.0,195.0,3.0,-3.477842400366
6849,229.0,1885.0,1.0,6.86643648797777
256476,1904.0,1910.0,72.0,5.3774594233764
200672,1925.0,604.0,54.0,-2.20384949225762
376302,1342.0,1879.0,109.0,-2.90595948753749
335087,1924.0,1912.0,102.0,6.64692323444913
388066,131.0,1918.0,111.0,-0.895952649210216
85853,1894.0,1890.0,172.0,4.09939418833725
204189,1909.0,1901.0,177.0,-13.4027487874011
250482,27.0,1882.0,70.0,-2.63622138361914
75720,1925.0,1928.0,13.0,2.86829988608588
340464,544.0,1927.0,103.0,-0.37191780326954
31511,164.0,1348.0,166.0,-1.31270024653288
8343,14.0,1922.0,1.0,1.29791939931251
285206,1332.0,1881.0,77.0,-1.12777165448947
328814,1919.0,1881.0,101.0,0.664910128523598
178677,1431.0,1887.0,53.0,-3.03692381825233
75224,1924.0,748.0,13.0,-5.15722176046567
262551,1224.0,1927.0,73.0,0.391922122588553
333761,1925.0,47.0,102.0,9.41020750279412
284885,604.0,1922.0,77.0,0.849545874975527
248984,1337.0,1907.0,70.0,-4.22348575226822
335911,677.0,1902.0,102.0,5.01203468636895
28573,3.0,748.0,4.0,-0.532846303176317
415739,604.0,1898.0,114.0,-6.62701831754985
316755,147.0,47.0,99.0,1.40686799507136
208510,1431.0,1911.0,178.0,6.56432930972608
251493,163.0,1887.0,71.0,6.60990555650575
228175,1924.0,3.0,57.0,-5.26532280658694
61965,164.0,1347.0,10.0,-0.621946875829639
33933,163.0,1882.0,166.0,1.49028063642361
172320,1879.0,1893.0,52.0,-2.18802738866467
172857,136.0,146.0,52.0,-3.35437278999461
300391,1893.0,1908.0,98.0,13.356024466032
210209,1889.0,677.0,178.0,-11.0857895609506
324996,163.0,1342.0,100.0,-1.48890020780383
341223,655.0,1928.0,103.0,-5.33273105190277
249461,1919.0,17.0,70.0,0.758892954799331
166418,1898.0,1890.0,51.0,-5.24996803754434
55919,1875.0,1911.0,9.0,-2.67302865239353
315682,948.0,1892.0,99.0,0.652699208463909
43651,1897.0,1913.0,6.0,-13.8452992988082
319920,655.0,748.0,99.0,-4.54326457898869
314228,1906.0,147.0,186.0,2.21163723362953
322606,1900.0,1348.0,100.0,-6.32351743058321
375486,1919.0,229.0,109.0,8.27900413715349
31062,47.0,17.0,166.0,-5.32066794666067
313105,163.0,82.0,186.0,3.95757056390434
234583,147.0,72.0,60.0,3.47419860677295
256251,1888.0,1917.0,72.0,-1.56342551833665
187759,72.0,1917.0,175.0,2.49686275782267
86281,1894.0,1911.0,172.0,-1.71895192456552
321980,1891.0,748.0,100.0,-1.59348313486753
400708,160.0,1879.0,112.0,-5.31385784171441
416193,1913.0,17.0,114.0,-1.68938300662076
203849,1875.0,1895.0,177.0,0.619463510450212
252570,1884.0,17.0,71.0,-8.18216226603418
301217,1888.0,1431.0,98.0,0.288596125935451
319939,1924.0,1900.0,99.0,3.82717405090852
236827,1337.0,1894.0,60.0,-1.35868514130595
206169,1913.0,1906.0,177.0,13.4533980552702
414037,1559.0,1911.0,114.0,-0.75774969813367
211068,1915.0,1892.0,178.0,-5.78533576885579
398914,1183.0,1900.0,112.0,4.10341913628147
278946,1902.0,3.0,75.0,10.4551087088329
17823,1342.0,1430.0,3.0,3.13783843334363
58472,1913.0,1888.0,9.0,0.0544446546894356
320820,1896.0,5.0,100.0,3.83496084907486
96736,1896.0,1922.0,44.0,2.26430699234093
15800,1899.0,1431.0,3.0,-1.60506506433772
212597,13.0,1928.0,178.0,-10.1973058425465
275708,229.0,27.0,179.0,-3.7974693268209
313199,1877.0,1894.0,186.0,-5.66167410315933
300331,1891.0,1224.0,98.0,0.37209357859455
303973,1924.0,544.0,98.0,8.68177334215942
235303,1896.0,788.0,60.0,-0.458548963617609
67347,1889.0,1671.0,12.0,0.28913394866482
88663,544.0,1914.0,172.0,-9.23899444466627
279886,1337.0,164.0,75.0,-5.64292915143447
43505,101.0,1907.0,6.0,-1.22567078572847
203998,146.0,1916.0,177.0,4.21921880591078
259443,14.0,1914.0,72.0,-1.69318410724622
101854,1900.0,1908.0,173.0,5.29999653622608
32354,83.0,195.0,166.0,-1.88004789896994
303898,1913.0,13.0,98.0,1.89660917608817
58617,27.0,1912.0,9.0,-3.63270643023052
211913,1430.0,1886.0,178.0,1.8426302769462
390485,83.0,1224.0,111.0,-0.934226332453333
170983,544.0,1882.0,51.0,-2.7447444433743
260263,1925.0,1927.0,72.0,-6.72488077336188
436030,3.0,1183.0,116.0,-3.42292146917104
75520,1913.0,1890.0,13.0,-1.12184537739311
329767,27.0,1895.0,101.0,-2.97923165079874
359343,1901.0,1914.0,108.0,5.92292865187999
336096,1889.0,1897.0,103.0,-7.3121722762984
215284,748.0,195.0,55.0,-4.49761673680566
101800,748.0,1918.0,173.0,6.73424375557545
56580,1898.0,1921.0,9.0,2.35859851719757
17118,160.0,1913.0,3.0,3.15919497262329
318846,1913.0,101.0,99.0,3.81934450211513
313899,3.0,11.0,186.0,8.45078821725432
72463,136.0,1907.0,13.0,1.86644086386708
161278,1900.0,5.0,168.0,3.20882942628006
390538,544.0,1927.0,111.0,4.79772917422803
212982,146.0,1908.0,55.0,-1.32054697181497
11490,1919.0,1923.0,2.0,0.417284172696188
50555,82.0,1910.0,7.0,6.46092432839855
326654,1887.0,1224.0,101.0,4.79599331568751
374842,1904.0,15.0,109.0,-3.65073456797232
226121,163.0,47.0,57.0,-1.41928383844334
97920,748.0,120.0,44.0,-10.8276852555167
322377,1878.0,1918.0,100.0,5.12685951450893
317094,1896.0,1560.0,99.0,-1.33493614919579
375591,1925.0,1914.0,109.0,1.2037747318821
271793,1888.0,11.0,179.0,1.67637926385375
263863,1920.0,85.0,73.0,2.95317535020312
223779,72.0,1888.0,57.0,8.41040809063332
436644,655.0,604.0,116.0,4.94362430182672
106908,1879.0,1885.0,45.0,1.19415686050544
246432,1892.0,788.0,70.0,-0.26904208235589
437372,48.0,1224.0,116.0,-1.60821841970387
425109,131.0,18.0,115.0,7.19558598104687
177542,136.0,1914.0,53.0,-0.743934577799928
181555,1901.0,1902.0,53.0,-2.54958916259152
164327,1913.0,1879.0,168.0,-9.33813005216571
48629,1885.0,1889.0,7.0,-8.72743667135567
247991,1878.0,15.0,70.0,-0.933055345432451
62269,136.0,1888.0,10.0,-2.11298287880587
367102,1876.0,1898.0,180.0,7.31233217999295
58105,14.0,1889.0,9.0,0.890745597903319
7964,655.0,1920.0,1.0,4.71886957467747
206087,3.0,17.0,177.0,-0.214279128698653
301225,5.0,1921.0,98.0,-1.07622820045996
283725,164.0,13.0,77.0,-4.39410475719048
282280,85.0,18.0,77.0,0.0912713805112285
28403,82.0,1912.0,4.0,3.48725683582501
173098,1908.0,13.0,52.0,-1.39349618955124
206963,604.0,948.0,177.0,11.861313546109
277276,1880.0,1890.0,75.0,0.425172162047421
184227,47.0,11.0,174.0,2.23622974739951
235805,1879.0,1921.0,60.0,-2.19068083276298
178205,1879.0,1892.0,53.0,-4.32363953015891
236332,1431.0,131.0,60.0,-3.44553605396442
172700,101.0,1916.0,52.0,-2.9435612057164
321313,1183.0,1889.0,100.0,2.45914027208674
66654,1879.0,120.0,12.0,-0.884040241294348
194170,1560.0,131.0,176.0,-1.36788014519214
415566,1905.0,72.0,114.0,-0.393169665963678
176455,1559.0,1928.0,52.0,2.16294045719755
320137,48.0,15.0,99.0,-10.397704610617
18102,604.0,1927.0,3.0,-2.18411641767911
43251,1876.0,150.0,6.0,9.67616096037236
56827,13.0,1923.0,9.0,-1.27964013053846
338676,1331.0,1890.0,103.0,0.435019896074511
56119,1886.0,1883.0,9.0,-0.525878166906781
48608,748.0,1896.0,7.0,-1.46406117185694
110451,1913.0,1928.0,45.0,-4.48747393120688
361219,160.0,948.0,108.0,0.772837343773725
171422,1901.0,1927.0,52.0,-3.94752523298776
57731,48.0,1431.0,9.0,6.49994211892575
217063,82.0,1671.0,55.0,-28.6527570594033
58750,20.0,1927.0,9.0,-0.918263528340707
390752,1919.0,1878.0,111.0,0.668566025520643
324113,14.0,1431.0,100.0,-1.89402063251171
345757,1876.0,1671.0,104.0,0.712173461346577
216888,20.0,13.0,55.0,-3.40488282492187
24353,1904.0,5.0,4.0,2.38030563155401
286177,27.0,147.0,77.0,3.05500108566208
33406,1332.0,136.0,166.0,-2.16420517278004
57566,1926.0,1914.0,9.0,4.99907440203949
434691,1889.0,11.0,116.0,0.537166670365283
251637,1348.0,5.0,71.0,-1.72620253129027
101139,1877.0,1910.0,173.0,-1.24199032061348
246555,1904.0,788.0,70.0,-1.79324614396541
189160,1903.0,1917.0,175.0,5.50036792099754
182948,101.0,47.0,174.0,6.24290461961444
222662,655.0,1560.0,56.0,0.734288803081733
18182,1876.0,1671.0,3.0,-19.9781615728719
28505,1919.0,1882.0,4.0,-0.658368838681071
15863,1671.0,1901.0,3.0,-2.06984201249707
43379,1911.0,1901.0,6.0,-0.909796590115384
52601,1919.0,1918.0,7.0,11.9287313376432
360465,160.0,1895.0,108.0,-1.02229640894481
241996,748.0,1921.0,69.0,-5.0861195385494
367804,1879.0,1224.0,180.0,3.7542342936743
60676,1887.0,1907.0,10.0,-0.855453827678113
206306,20.0,1348.0,177.0,-12.7876204384486
105554,1920.0,1928.0,173.0,-0.703255372023387
417605,20.0,1902.0,114.0,-2.58811115582928
314726,1925.0,1560.0,186.0,-0.036651411927274
238691,1924.0,1878.0,60.0,0.619279977046649
320911,1879.0,1895.0,100.0,0.0724744820972543
219972,1902.0,1332.0,56.0,5.95747864098347
285055,544.0,195.0,77.0,-2.07899872068157
361307,1920.0,1921.0,108.0,-33.9410558867338
99726,82.0,1671.0,44.0,-22.9492891582763
208284,1560.0,1892.0,178.0,2.49119959806834
112782,1875.0,195.0,167.0,-9.34885795317849
164322,1877.0,1331.0,168.0,-22.1801716041759
47934,1905.0,1900.0,6.0,-0.164003013836004
416189,1906.0,101.0,114.0,9.98504005299076
272013,1183.0,18.0,179.0,-0.138177282501574
198058,1909.0,1431.0,54.0,-3.02711565527115
229059,1559.0,1927.0,58.0,0.227835952191308
85962,1903.0,1904.0,172.0,2.76186608862635
47479,1919.0,1917.0,6.0,-0.752086606052024
179902,604.0,1914.0,53.0,-2.90630385451226
227139,1924.0,1895.0,57.0,2.9843149848588
223893,1893.0,1912.0,57.0,-1.79070454286773
85636,101.0,1921.0,172.0,16.6721587646242
371803,1925.0,1911.0,180.0,6.33241881275466
205865,1332.0,17.0,177.0,-2.32773220265873
436263,1905.0,1875.0,116.0,0.865592924299453
202410,1908.0,1914.0,177.0,4.3927217243684
188001,1879.0,1348.0,175.0,-5.21354207605138
165986,655.0,1928.0,168.0,-1.87633866587721
336378,1902.0,1431.0,103.0,12.1867098226965
196536,1925.0,83.0,176.0,2.59759429303912
323693,1913.0,195.0,100.0,-1.62577066352958
415329,1886.0,1881.0,114.0,-0.983505874519095
206742,655.0,1888.0,177.0,8.15878025112497
314507,1920.0,1927.0,186.0,-27.4206748713084
17034,544.0,1916.0,3.0,-0.201495957678913
86680,1891.0,1431.0,172.0,6.84229796003936
87825,1331.0,1927.0,172.0,2.63122897446583
283430,1183.0,150.0,77.0,8.47924970861312
88506,82.0,1907.0,172.0,-3.12330396213687
238208,1877.0,147.0,60.0,5.9553698080809
315172,1893.0,1928.0,186.0,11.3960828512413
165339,82.0,120.0,168.0,4.64624547931208
106147,1331.0,1914.0,45.0,-2.32678363945557
426272,48.0,1913.0,115.0,-1.20711144504553
174192,604.0,1908.0,52.0,4.23793913078411
425912,655.0,1894.0,115.0,6.42623993577377
57888,1926.0,655.0,9.0,0.624716208753395
371264,1924.0,1912.0,180.0,10.3363276349546
310209,1894.0,677.0,186.0,-2.79621845103082
332347,1893.0,1901.0,102.0,1.82758353672335
174505,1332.0,1881.0,52.0,-3.15295008322141
231558,1342.0,82.0,58.0,3.73048749279902
374790,13.0,131.0,109.0,2.69846418563259
322753,1895.0,1904.0,100.0,-5.54863046662682
255248,1926.0,120.0,71.0,-2.23466025533581
216048,1926.0,1901.0,55.0,-4.94005171558787
75677,1902.0,1902.0,13.0,-1.84799344717909
189213,948.0,1907.0,175.0,1.70137650728656
110766,1889.0,1911.0,167.0,-0.413259175734381
245475,1925.0,3.0,69.0,-3.68482005785694
345355,1926.0,27.0,104.0,-0.527383002828409
178318,146.0,1923.0,53.0,-3.13281873789203
192633,17.0,677.0,176.0,5.53508982855396
172187,1891.0,1885.0,52.0,4.45382552576861
373404,1890.0,1927.0,109.0,0.513165205102158
113064,1908.0,11.0,167.0,0.396313067264806
311172,83.0,150.0,186.0,5.16269593845341
325858,1183.0,1900.0,101.0,-3.34354850181003
215224,1875.0,1911.0,55.0,-3.02364851304152
390947,544.0,677.0,111.0,0.426249704735966
62349,101.0,147.0,10.0,11.6131930256295
62354,1331.0,1892.0,10.0,-9.04437052286545
228228,1925.0,1337.0,57.0,-1.74375240431949
28352,3.0,1888.0,4.0,3.93897216918942
338873,163.0,1908.0,103.0,-2.35744732584901
161281,1891.0,1904.0,168.0,-3.33404702779768
256397,1889.0,150.0,72.0,-0.20522198378001
88394,20.0,1883.0,172.0,-10.3773360116091
416237,544.0,1347.0,114.0,-5.2970999765479
367549,85.0,1560.0,180.0,-2.53737771161002
276983,1895.0,1918.0,75.0,3.98373123480817
5066,1887.0,1882.0,1.0,0.63277271797801
243708,27.0,1875.0,69.0,-1.50000530100099
192507,72.0,1892.0,176.0,-2.15954374579372
55638,1893.0,1907.0,9.0,-2.68429353240033
95592,1891.0,1895.0,44.0,-5.16649334320678
261004,1347.0,1928.0,72.0,-2.68818548635163
178106,1889.0,1911.0,53.0,8.40147508488728
376496,1915.0,1888.0,109.0,1.13099939305025
268650,147.0,1908.0,74.0,-3.92604819072907
274667,1925.0,195.0,179.0,-8.36798730723604
321014,1896.0,1224.0,100.0,-5.25730025353567
14083,1183.0,146.0,3.0,-1.48226085581066
177817,1332.0,1910.0,53.0,-6.78025844678567
312196,1899.0,13.0,186.0,-1.74041821400095
314363,1876.0,1888.0,186.0,3.05054766961147
397186,195.0,1560.0,112.0,0.438414434464759
33730,160.0,1560.0,166.0,-2.21840015772342
438239,83.0,1928.0,116.0,-5.64262508122689
332081,1892.0,18.0,102.0,2.52703269013139
90196,14.0,1890.0,172.0,-2.53533710076329
25411,948.0,1903.0,4.0,2.29107621723163
168928,3.0,1908.0,51.0,3.98366960501963
170221,1906.0,1895.0,51.0,1.5325654483337
279004,1348.0,1911.0,75.0,0.0331081043306652
227059,604.0,101.0,57.0,20.9984165197369
181260,1876.0,1903.0,53.0,-1.9321306284212
203816,1896.0,1918.0,177.0,2.23157000865417
90424,163.0,1902.0,172.0,-0.12749882364313
214012,1884.0,120.0,55.0,18.8125624517977
370687,27.0,1879.0,180.0,-3.53891630855818
437413,27.0,13.0,116.0,-6.63547444799393
63495,1876.0,1896.0,10.0,4.84592914381649
13272,229.0,1924.0,2.0,4.0382536740751
425126,1896.0,1910.0,115.0,2.3307662513312
65753,1902.0,1919.0,12.0,6.60459535234063
238680,655.0,1890.0,60.0,-3.5250996538214
167604,1894.0,1882.0,51.0,-2.93479689487548
249960,1926.0,1875.0,70.0,-0.695796674925616
74792,3.0,1917.0,13.0,-3.04518347859976
109229,1906.0,1893.0,45.0,11.7309508223283
178355,18.0,788.0,53.0,1.60396257076181
224559,146.0,1907.0,57.0,-1.2197193718998
219135,1910.0,788.0,56.0,-7.32748271558342
252109,1916.0,1914.0,71.0,10.9071481514335
260262,3.0,1927.0,72.0,1.66866152447827
73739,48.0,72.0,13.0,-4.15738896902936
359027,1887.0,1898.0,108.0,0.225232361050378
219395,1431.0,1922.0,56.0,7.85274211748196
332270,1904.0,1882.0,102.0,-3.6816181218956
18794,1914.0,1928.0,3.0,1.63653493831798
26417,1886.0,150.0,4.0,2.41715879379743
236558,1880.0,5.0,60.0,-0.559741767188739
97740,1912.0,72.0,44.0,7.3569149079015
62467,11.0,788.0,10.0,-2.14624706901707
372308,1879.0,1914.0,109.0,-0.1071693640687
46910,1920.0,1895.0,6.0,3.40325963478572
29990,195.0,1918.0,166.0,5.06457122773153
241232,1183.0,1331.0,69.0,2.20888484898532
335939,1893.0,1928.0,102.0,9.00836715029975
281587,20.0,1922.0,75.0,-2.1283197232748
171813,1878.0,1910.0,52.0,-2.4402910671998
218114,1886.0,1910.0,56.0,3.00154030164857
203541,748.0,1914.0,177.0,1.26149306061658
10650,1904.0,1224.0,2.0,2.65453849571147
61665,146.0,1895.0,10.0,6.977678337827
359411,229.0,85.0,108.0,-6.02818173159127
230152,101.0,146.0,58.0,1.03533079929767
360235,1430.0,11.0,108.0,0.855557724850822
433768,1902.0,163.0,116.0,-0.34471855486805
170662,1876.0,748.0,51.0,1.10121431832115
186758,1890.0,1902.0,174.0,-1.54180773523987
304576,3.0,677.0,98.0,1.09643301809624
257233,1560.0,1917.0,72.0,0.278757611264759
326661,5.0,1892.0,101.0,-3.09946359151145
271902,1882.0,1892.0,179.0,3.89619200621219
208810,1879.0,150.0,178.0,1.09740178335433
341175,120.0,1928.0,103.0,-0.950375869116833
412844,1888.0,1893.0,114.0,-0.0904782864719138
4508,1898.0,677.0,1.0,0.0302972104878241
334067,160.0,164.0,102.0,1.17539113679924
161019,1902.0,20.0,168.0,0.03719079185933
233262,1919.0,1337.0,58.0,-21.0794174418259
281439,163.0,1900.0,75.0,2.82084960723535
246536,1880.0,1927.0,70.0,-0.522086206699957
104488,544.0,1877.0,173.0,20.4762894125157
3897,72.0,1918.0,1.0,2.79478745333446
426383,1925.0,163.0,115.0,15.3690922421153
13042,3.0,120.0,2.0,-0.409987635890486
16378,677.0,1901.0,3.0,2.12287986151897
252641,1897.0,1893.0,71.0,3.98916882448477
220372,1183.0,1910.0,56.0,-9.09892539424445
102156,164.0,1923.0,173.0,-0.977783111561202
54726,1559.0,1881.0,9.0,-0.870755484151902
205481,1915.0,1881.0,177.0,0.667268270014964
33516,1337.0,1912.0,166.0,-7.90938076739175
375919,1430.0,1431.0,109.0,2.34633013595683
106815,1671.0,1923.0,45.0,-0.492569771318365
368731,1331.0,1916.0,180.0,-14.7267777378984
104278,1919.0,677.0,173.0,-4.4100986591633
427625,160.0,1890.0,115.0,5.44107334598209
49769,1878.0,15.0,7.0,-1.58806412584188
237340,1430.0,1916.0,60.0,5.63885078142143
176090,1877.0,748.0,52.0,0.189307315506935
189629,1924.0,1908.0,175.0,0.969094625455553
87999,1902.0,1892.0,172.0,3.23773919629315
204212,1902.0,1332.0,177.0,0.55453672891959
109618,1925.0,544.0,45.0,4.57820499919683
398119,1886.0,1888.0,112.0,-3.14038618243229
7370,229.0,150.0,1.0,10.6942472848805
335204,1919.0,1917.0,102.0,-2.67815610778783
194547,1893.0,1900.0,176.0,2.07524950405535
335730,83.0,1908.0,102.0,4.26360484572274
260173,1877.0,1559.0,72.0,-7.6693914505573
3517,1880.0,1889.0,1.0,-2.23058788625242
270976,82.0,15.0,74.0,0.0485317087346845
111203,146.0,1923.0,167.0,-1.01429718129614
436324,1332.0,1881.0,116.0,-1.01011623266649
16735,1925.0,1919.0,3.0,-3.04794254665632
193020,1224.0,1892.0,176.0,5.78529155817014
188326,1878.0,1896.0,175.0,1.25248763446761
423099,1889.0,164.0,115.0,-1.09431233981004
360205,1920.0,131.0,108.0,-2.31586598084659
321766,1559.0,1881.0,100.0,-3.08450339389667
185809,1905.0,1918.0,174.0,6.30939428409417
31662,1903.0,1911.0,166.0,4.46787007904745
244568,1920.0,1877.0,69.0,0.462058483131272
388176,1906.0,1910.0,111.0,6.62285098928862
162264,1899.0,1882.0,168.0,0.664760017862934
322564,147.0,1927.0,100.0,4.1974593526321
208147,1348.0,1224.0,178.0,1.12587932061495
285247,1924.0,72.0,77.0,-0.371303084899378
273895,85.0,1922.0,179.0,-1.40009017088632
177600,1910.0,1918.0,53.0,-1.07634294296281
58835,1924.0,948.0,9.0,8.28776546258015
268899,85.0,1917.0,74.0,7.27090645063599
15060,1891.0,1901.0,3.0,3.47279538981529
245300,544.0,1890.0,69.0,-0.724798464677955
174895,82.0,1916.0,52.0,4.71995366167747
423033,101.0,1875.0,115.0,1.96244416414774
216991,160.0,48.0,55.0,17.4621490883253
27545,1906.0,11.0,4.0,-0.359220484128145
229731,1891.0,164.0,58.0,-1.63314045641057
359724,27.0,1907.0,108.0,-2.00782086913988
367301,136.0,1903.0,180.0,-2.94440083310556
48130,14.0,47.0,6.0,-11.9693677302057
277701,1904.0,11.0,75.0,-4.36414448190265
47912,3.0,1878.0,6.0,-1.27867524459475
13386,1876.0,85.0,2.0,7.93967229422443
168919,1926.0,85.0,51.0,0.136945810775213
48655,1348.0,13.0,7.0,3.22314039289436
276823,1875.0,1912.0,75.0,-4.98934597261648
51522,229.0,788.0,7.0,7.44332598054234
216515,1430.0,1879.0,55.0,5.17175329116347
243295,948.0,160.0,69.0,2.20346897815099
345443,544.0,1430.0,104.0,-3.69519491671933
256215,1331.0,1917.0,72.0,-6.02182716846939
424266,1908.0,1923.0,115.0,2.94944189319859
250848,1913.0,1890.0,70.0,-3.08606772024677
180658,1905.0,147.0,53.0,-4.4284559498316
224271,1908.0,131.0,57.0,-3.96857592538487
175228,229.0,20.0,52.0,2.20789681730015
258449,1888.0,1882.0,72.0,-1.50316306102143
44919,1559.0,1897.0,6.0,3.7592299581425
286491,1919.0,1559.0,77.0,-2.77606079212966
280919,1919.0,147.0,75.0,-6.43638769731833
61485,1183.0,1896.0,10.0,5.8732294938527
286122,1430.0,5.0,77.0,3.64529626544654
176350,1332.0,1921.0,52.0,-6.51072241407213
48534,1342.0,1910.0,7.0,7.87720450610947
245491,1924.0,14.0,69.0,2.76331365630352
257132,147.0,1898.0,72.0,0.227070928114968
193802,14.0,1899.0,176.0,0.350962765258903
435331,1883.0,1911.0,116.0,2.18468623243776
51078,1224.0,1927.0,7.0,-0.791786192084748
277149,1901.0,1914.0,75.0,-0.991250272392048
300321,1901.0,1892.0,98.0,-0.259755068987637
425026,1887.0,1912.0,115.0,0.694155430304119
177869,1894.0,1927.0,53.0,-0.239621611762811
260196,1905.0,1917.0,72.0,-5.51551512552546
115452,1905.0,47.0,167.0,-12.2806996906603
400218,1925.0,163.0,112.0,20.4953043655442
438089,1877.0,1337.0,116.0,-10.9198510644236
299793,1922.0,1921.0,98.0,-5.28781371064331
285506,1332.0,1904.0,77.0,-3.61567748670494
95788,1884.0,11.0,44.0,-7.66353043533205
67235,85.0,1882.0,12.0,-0.318654287475379
4355,1347.0,1910.0,1.0,0.741292483411098
254823,655.0,1896.0,71.0,5.88476329646343
338755,5.0,1918.0,103.0,3.58824869705234
413969,1909.0,1882.0,114.0,-1.80108684569069
285467,1876.0,1880.0,77.0,-2.53192866182794
12343,544.0,1893.0,2.0,15.2041150953516
186211,1913.0,1927.0,174.0,-10.4083950880857
230650,1896.0,1909.0,58.0,17.0563657587813
423314,1875.0,195.0,115.0,1.11613065225756
111257,1880.0,1897.0,167.0,-0.506291935607258
97068,1899.0,120.0,44.0,-14.9966802085373
269716,163.0,1909.0,74.0,8.58274697252209
52246,1925.0,101.0,7.0,5.97256701481599
16209,150.0,164.0,3.0,9.56174015463925
270301,229.0,1918.0,74.0,7.99840591134459
54305,1881.0,1896.0,9.0,-5.30755577218355
427637,14.0,85.0,115.0,9.61012376176806
315983,163.0,1899.0,99.0,7.4150488739802
328065,1917.0,17.0,101.0,-4.14003070197492
168294,47.0,1883.0,51.0,-6.92370220899777
49221,164.0,1892.0,7.0,-4.04925927021145
58083,1915.0,677.0,9.0,4.80697824909946
216716,544.0,13.0,55.0,0.76444273352234
304160,1920.0,1888.0,98.0,2.96406290670509
63955,20.0,1895.0,10.0,-1.7951595560002
434400,146.0,1914.0,116.0,2.77269442308751
272464,1183.0,1895.0,179.0,2.63218576833195
25823,146.0,13.0,4.0,4.07217837185142
266824,1894.0,1892.0,74.0,-1.6596972473034
285332,1342.0,1881.0,77.0,5.82641387562516
278350,1887.0,1671.0,75.0,2.0350291380999
198878,101.0,1875.0,54.0,-0.40019023267936
368103,120.0,11.0,180.0,7.42025684873143
316395,1900.0,5.0,99.0,-0.959657047804615
342165,1909.0,1911.0,104.0,-2.7529072216436
423670,1337.0,1911.0,115.0,7.10104425796078
27701,1924.0,11.0,4.0,1.87013585437022
401092,82.0,1224.0,112.0,3.37331203121525
173596,1879.0,1903.0,52.0,-0.0091876684466155
322673,1888.0,1882.0,100.0,2.73924953615544
317278,1878.0,1892.0,99.0,-0.325997296537534
99613,604.0,1917.0,44.0,-4.16080488551716
183066,1893.0,1889.0,174.0,-1.30946194511766
225077,1347.0,11.0,57.0,4.01875152795931
110926,72.0,150.0,167.0,-2.39062930201959
46051,1337.0,1923.0,6.0,-6.33753794102935
223375,1894.0,1347.0,57.0,13.8137807178581
248699,1926.0,1922.0,70.0,3.837809285208
245711,1896.0,1902.0,69.0,-0.764680122962437
198726,1897.0,1920.0,54.0,0.579247717526553
99404,604.0,1877.0,44.0,8.56608157160928
248493,1878.0,1921.0,70.0,-6.24677176436342
224081,1912.0,18.0,57.0,1.99988822748063
114778,20.0,1917.0,167.0,-4.99154658910787
389284,1926.0,1894.0,111.0,2.45991779472039
372169,1899.0,1928.0,180.0,7.24360269011895
268346,136.0,1917.0,74.0,5.64563279346045
434549,748.0,195.0,116.0,-3.29513341864215
5788,1878.0,120.0,1.0,-2.27558569370301
44501,1889.0,1894.0,6.0,-2.06683263259018
238939,1898.0,1902.0,60.0,-6.29451860588155
238261,1906.0,120.0,60.0,1.11773266916926
28427,604.0,83.0,4.0,2.25278800183636
312631,1183.0,1918.0,186.0,6.22797341679634
391190,1916.0,1928.0,111.0,-7.408081126061
18832,1915.0,1928.0,3.0,2.36312819513393
162821,1183.0,150.0,168.0,9.46063869553888
275516,1877.0,5.0,179.0,2.71008530925815
260149,82.0,13.0,72.0,-4.20411832024717
67888,1904.0,1560.0,12.0,0.62505732818711
167093,1887.0,1922.0,51.0,-3.97739764115299
12025,1342.0,5.0,2.0,-7.75975124118814
232240,1876.0,1879.0,58.0,-33.3222564691996
196459,82.0,120.0,176.0,6.83972410057577
71736,1671.0,1923.0,13.0,-4.31266105747602
417161,544.0,1342.0,114.0,3.75191456530027
624426,146.0,1902.0,69.0,2.3865191629495044
71120,1348.0,13.0,13.0,-0.686179431976192
262705,147.0,788.0,73.0,-14.9795634026781
279445,1904.0,15.0,75.0,0.693824362869748
280526,1924.0,1891.0,75.0,-4.09182293716049
68290,20.0,1883.0,12.0,-5.13711550134426
114344,1905.0,544.0,167.0,6.50586954064818
51489,14.0,1875.0,7.0,3.19545236915654
344727,14.0,1916.0,104.0,3.25442878298681
172115,1885.0,1907.0,52.0,4.54745571899671
12209,83.0,1891.0,2.0,-2.04690397238926
331066,948.0,1908.0,102.0,-3.55646732922294
400547,163.0,1884.0,112.0,-3.54430015587655
259843,82.0,27.0,72.0,-13.183362536605
215568,1905.0,1923.0,55.0,1.99627090108125
17798,14.0,5.0,3.0,1.28099528549047
252970,948.0,1884.0,71.0,2.29820828301381
55724,72.0,1893.0,9.0,-0.618702306853928
371177,1876.0,147.0,180.0,8.3781530436947
89488,1905.0,1918.0,172.0,7.13522876228906
272285,1894.0,195.0,179.0,-1.36568549568353
414023,1898.0,1914.0,114.0,1.09599057414931
222696,1926.0,948.0,56.0,0.987300801699363
268019,1913.0,150.0,74.0,-1.06393849679205
198819,948.0,1908.0,54.0,-2.93995571250916
24526,1899.0,1927.0,4.0,0.944997719311836
198351,1889.0,1927.0,54.0,1.58735150128507
110613,1559.0,1909.0,167.0,-0.387174137036922
318388,604.0,229.0,99.0,1.06320569511683
317744,1897.0,11.0,99.0,-1.52949670990265
98321,14.0,1183.0,44.0,-0.944251875377047
68592,604.0,1913.0,12.0,10.720855746619
315846,101.0,1878.0,99.0,-1.4090044798202
173982,163.0,1347.0,52.0,-2.48730507587971
176820,1881.0,677.0,53.0,2.84246014244875
163543,1895.0,47.0,168.0,3.0227611303383
376920,1876.0,15.0,109.0,6.13653618040128
57284,1906.0,1883.0,9.0,1.0132583934097
339514,1342.0,5.0,103.0,-2.97193633871759
642315,1183.0,1902.0,2.0,2.88101265291664
97700,948.0,1895.0,44.0,3.4048376695293
360393,1877.0,1891.0,108.0,-0.532139782944718
219429,150.0,1912.0,56.0,6.75411089448016
241911,1893.0,1914.0,69.0,0.423374563933407
283989,150.0,1896.0,77.0,-0.622155961090753
85399,14.0,1332.0,172.0,-0.484829350173781
14057,1183.0,13.0,3.0,2.91297878508177
163700,160.0,1899.0,168.0,8.0148681863308
360137,82.0,1889.0,108.0,0.663086574197831
217729,1923.0,1928.0,55.0,2.78906645623593
241631,1904.0,1907.0,69.0,-0.992658723960673
336029,1882.0,1902.0,102.0,-2.04807405474648
320718,1894.0,1916.0,100.0,0.701194425354123
247139,1560.0,1918.0,70.0,0.707084384951361
196294,48.0,1559.0,176.0,-3.77106134225538
174945,83.0,17.0,52.0,-0.0983421978020815
212652,5.0,1902.0,178.0,0.629614006010146
187210,1889.0,1897.0,175.0,-1.81516115720147
299848,164.0,5.0,98.0,3.16654954667639
90366,1908.0,1928.0,172.0,-9.96385504458005
321999,948.0,1348.0,100.0,1.73116236859471
52005,20.0,17.0,7.0,-13.0520236714822
7638,1876.0,1905.0,1.0,5.49297349263641
317407,1891.0,1881.0,99.0,1.66534303013146
71125,1912.0,147.0,13.0,2.81329829188618
166367,47.0,1901.0,51.0,3.67127391377099
106644,1899.0,1888.0,45.0,0.789961649505471
170423,1877.0,1559.0,51.0,0.465313634019402
54948,948.0,195.0,9.0,1.29850481060887
630126,1894.0,1902.0,72.0,11.927887249512
371535,82.0,1912.0,180.0,-4.92413315162147
194601,948.0,1337.0,176.0,-1.54175043722605
434233,15.0,131.0,116.0,-1.34134917260715
219632,1880.0,18.0,56.0,-27.5103208951029
202658,47.0,120.0,177.0,20.7648028730727
195749,48.0,1892.0,176.0,-4.69236622923662
246057,1559.0,1912.0,70.0,0.700567926675156
68174,1919.0,72.0,12.0,0.503733810572267
630803,1671.0,1902.0,57.0,5.582215100588965
4720,164.0,1900.0,1.0,0.307688411360784
332837,83.0,1899.0,102.0,1.72457335884913
52317,1905.0,1896.0,7.0,1.95827716003503
285565,3.0,163.0,77.0,-1.68940309796814
170672,1430.0,1927.0,51.0,3.57568723843182
101617,1893.0,1224.0,173.0,-2.48964296071091
322102,1884.0,131.0,100.0,1.09604557996231
276999,1894.0,195.0,75.0,-3.92414495004957
71859,1878.0,15.0,13.0,-0.65160793974319
335957,1877.0,1902.0,102.0,2.53126217968955
426924,1877.0,1904.0,115.0,3.25917591080857
390269,1342.0,1430.0,111.0,-0.290604146347384
264934,1430.0,544.0,73.0,-1.49142986108256
235301,195.0,1331.0,60.0,-2.75687920412224
427066,3.0,1912.0,115.0,-2.7568045375702
232491,1919.0,1889.0,58.0,-5.51448792831311
272092,15.0,1901.0,179.0,-7.2706422095647
75489,1925.0,3.0,13.0,3.55991692469554
6611,1876.0,164.0,1.0,9.52157642339568
401425,20.0,1903.0,112.0,-0.534627586023692
241035,136.0,120.0,69.0,-3.8008723615344
193239,1183.0,1888.0,176.0,4.21655003046871
71417,82.0,1887.0,13.0,8.32364568862115
314954,1919.0,1900.0,186.0,1.83150685049976
267389,1331.0,1890.0,74.0,0.9736067592002
217792,3.0,1928.0,55.0,3.84920564769053
399815,1876.0,1883.0,112.0,-5.82973098714556
107846,1899.0,1921.0,45.0,-0.163399975507358
70753,1916.0,1892.0,13.0,7.91986433039308
207877,1907.0,788.0,178.0,-1.42698782240151
163568,1908.0,1907.0,168.0,0.842151399425455
218434,1897.0,1905.0,56.0,-6.95539812457081
229304,72.0,164.0,58.0,-0.685006305546888
313329,544.0,164.0,186.0,6.48648151524163
170417,160.0,48.0,51.0,-3.72117440691171
165278,160.0,147.0,168.0,1.40376480526238
328857,229.0,1887.0,101.0,-1.31793788149228
268376,1897.0,1347.0,74.0,-5.49634137444845
176888,131.0,677.0,53.0,2.80355913513438
180351,1877.0,1884.0,53.0,-5.06284608092516
236081,1879.0,15.0,60.0,-6.89863652262908
114476,1924.0,13.0,167.0,-3.46213218156654
15189,72.0,1890.0,3.0,6.83137362410229
334892,1913.0,5.0,102.0,3.32569725034218
46856,1906.0,1884.0,6.0,-5.6502209486953
16789,1925.0,788.0,3.0,-2.5636107801535
329517,14.0,544.0,101.0,1.56480105311847
224364,1348.0,1914.0,57.0,-1.06605939550021
204139,748.0,1348.0,177.0,0.317672826290311
72040,1875.0,1897.0,13.0,-0.62288788257705
345883,655.0,1332.0,104.0,-0.517986892411824
319258,48.0,1896.0,99.0,16.3565300670495
390086,27.0,18.0,111.0,2.22273717320118
337160,47.0,1892.0,103.0,0.82984212738113
202966,1891.0,1922.0,177.0,3.5605617958388
286313,1342.0,1559.0,77.0,-3.47102034914822
207304,1337.0,1921.0,177.0,-16.2626627933503
262487,1891.0,18.0,73.0,1.6869843510592
102447,1892.0,1890.0,173.0,0.483692878475548
189464,948.0,1331.0,175.0,2.89447103724609
326122,1884.0,1921.0,101.0,-0.574835721935439
47693,14.0,1882.0,6.0,8.08591144935322
247657,136.0,1560.0,70.0,9.54045214243092
175782,1926.0,1920.0,52.0,-4.78967215620697
414250,1920.0,1911.0,114.0,4.0271939158046
242056,1903.0,1921.0,69.0,9.60539015308235
251068,1897.0,1906.0,71.0,0.799133914319874
234265,1893.0,1923.0,60.0,-3.15267328730857
101864,1875.0,5.0,173.0,-1.72201873164677
303222,1332.0,1885.0,98.0,-3.93707291630902
246194,120.0,1889.0,70.0,-8.28756858630172
64017,1877.0,1224.0,10.0,2.76726437686796
7562,3.0,13.0,1.0,1.81236041294798
237045,1925.0,229.0,60.0,9.8165954437984
262862,1347.0,17.0,73.0,-1.58650612091309
213128,101.0,150.0,55.0,-5.76974890212859
273384,1900.0,17.0,179.0,0.81038367260767
368091,1908.0,1916.0,180.0,-2.40274931222256
225991,1884.0,18.0,57.0,2.77372968977662
90018,3.0,1900.0,172.0,-5.83001096980351
330677,1926.0,1902.0,101.0,5.66265732455363
66544,1559.0,1917.0,12.0,2.59061291759849
271994,1559.0,1896.0,179.0,-4.50007737395248
196210,1905.0,1918.0,176.0,0.150890086557743
642642,1878.0,1902.0,102.0,2.54205395708304
281879,14.0,1928.0,75.0,-4.06851476203785
358140,1875.0,1888.0,108.0,-11.9003211594737
55982,1884.0,748.0,9.0,-0.677387036215881
191726,655.0,3.0,175.0,-2.37285153851707
375322,1905.0,1883.0,109.0,13.119861131897
341215,1910.0,1928.0,103.0,-0.166886434995023
397142,948.0,164.0,112.0,9.88221199057973
235319,101.0,1918.0,60.0,5.00594629020221
168278,101.0,1911.0,51.0,1.81642366453116
234801,1893.0,120.0,60.0,6.05205735132477
336750,11.0,1918.0,103.0,-4.59902017202864
229256,101.0,1909.0,58.0,3.27822955940878
231048,1895.0,1883.0,58.0,-2.62349306787917
236041,27.0,1899.0,60.0,1.73959717823876
274068,195.0,1671.0,179.0,0.156480947316885
212407,27.0,1560.0,178.0,-0.858024312808051
182157,85.0,1922.0,174.0,2.3504869965236
45413,150.0,1923.0,6.0,-1.19608689943213
438049,82.0,85.0,116.0,3.58370956684893
103037,1900.0,788.0,173.0,1.47808717680016
261130,1903.0,11.0,73.0,-2.61344785981545
62363,1886.0,1224.0,10.0,5.50030486124941
185695,229.0,27.0,174.0,4.75275353844509
31638,5.0,18.0,166.0,-12.3362696842479
338316,164.0,1901.0,103.0,1.53233439539893
434343,1887.0,195.0,116.0,0.702953976022935
254910,27.0,1895.0,71.0,7.05314707217155
230313,101.0,195.0,58.0,-16.3499906486082
337383,1909.0,1888.0,103.0,3.89738959496176
312725,146.0,1908.0,186.0,-3.61438791782441
374399,1900.0,1889.0,109.0,2.20456543915287
105485,1927.0,1928.0,173.0,1.30766036687868
397593,1895.0,1898.0,112.0,3.36422952459785
259987,1919.0,1895.0,72.0,-7.720758426184
367774,1902.0,948.0,180.0,-3.20873587816402
18115,82.0,1224.0,3.0,2.58308983859245
232291,160.0,1893.0,58.0,27.0890032594478
227315,229.0,27.0,57.0,-2.23468698137988
253745,229.0,1883.0,71.0,-4.03671780940741
196108,48.0,1875.0,176.0,3.07140009949291
320141,1877.0,18.0,99.0,0.854569842948435
259724,1906.0,1896.0,72.0,-9.00229972996282
4943,5.0,18.0,1.0,-9.10960421336541
277821,1886.0,1912.0,75.0,0.132875471921682
28756,1926.0,1903.0,4.0,-5.11466354593194
369414,1889.0,1898.0,180.0,-1.25372483920438
104126,544.0,1892.0,173.0,-3.33400333089167
276736,1928.0,1902.0,179.0,8.27137880119422
316046,1885.0,150.0,99.0,5.57260376093698
251314,72.0,11.0,71.0,-6.45250562588283
55205,47.0,677.0,9.0,1.56336885043709
398182,1892.0,1901.0,112.0,0.980321844797267
198189,1886.0,1897.0,54.0,-3.72150177467231
275101,1332.0,131.0,179.0,-7.4389399731914
257391,1224.0,1901.0,72.0,4.16382088365395
15860,1897.0,27.0,3.0,2.91858246237207
235328,1894.0,1918.0,60.0,0.0084449559266556
265450,160.0,1927.0,73.0,-5.70313022956391
303721,14.0,1348.0,98.0,0.702851555787067
332947,1885.0,1898.0,102.0,-4.12359656456887
28015,1915.0,1905.0,4.0,2.38454788218564
15349,1879.0,1921.0,3.0,-3.50424913384912
241090,1912.0,1331.0,69.0,-1.11634855467132
166752,101.0,1904.0,51.0,5.60693638390365
314627,48.0,83.0,186.0,-6.98442655208719
170347,1925.0,1917.0,51.0,-4.40933793684721
319592,1913.0,1912.0,99.0,-1.62403868829117
323816,1430.0,146.0,100.0,6.2508786811885
323317,1876.0,788.0,100.0,0.613213774631608
435900,1904.0,131.0,116.0,-1.81790793533299
259545,1919.0,1884.0,72.0,2.15161664013944
397993,1885.0,1927.0,112.0,0.481889599192846
258641,1926.0,160.0,72.0,-4.20601871136119
64949,120.0,1928.0,10.0,-1.76221190628488
55423,1903.0,1881.0,9.0,9.74209973455333
265676,1919.0,1878.0,73.0,0.805396034373733
269239,160.0,1183.0,74.0,-0.274335949748878
62768,1905.0,1894.0,10.0,-13.0373918207788
50577,195.0,1922.0,7.0,5.4677098013354
165307,1925.0,1927.0,168.0,-2.38688563897888
343411,13.0,1927.0,104.0,2.61055985384264
336787,85.0,677.0,103.0,1.31872846461455
220733,1881.0,1331.0,56.0,-3.85943090841752
168883,1919.0,47.0,51.0,1.22573837724009
211051,1332.0,1885.0,178.0,-0.0764147326942204
223839,1907.0,1918.0,57.0,0.532512858532076
222897,604.0,1903.0,56.0,4.41404004320254
48539,1894.0,1892.0,7.0,1.12049862412347
96785,1904.0,15.0,44.0,1.18631752941239
261172,1909.0,1921.0,73.0,13.858221429975
247271,1884.0,146.0,70.0,-4.29051312074818
318273,83.0,164.0,99.0,0.0072241809183784
312299,147.0,1224.0,186.0,5.01928777908726
108234,72.0,131.0,45.0,3.23231696549958
434938,1899.0,1331.0,116.0,0.0850191848111618
266494,101.0,788.0,74.0,-4.99469144057205
339891,1332.0,1879.0,103.0,-9.1250406485243
374964,1431.0,17.0,109.0,2.92963675203989
4215,1183.0,5.0,1.0,1.39730865553147
199048,1880.0,195.0,54.0,-1.38484822361358
345924,1924.0,948.0,104.0,-0.687363511157252
373258,1342.0,1887.0,109.0,1.37453306082799
275561,1906.0,1889.0,179.0,3.1199361714977
283433,1897.0,1911.0,77.0,-5.97892461158471
281646,1332.0,1560.0,75.0,-2.44948126233865
174123,27.0,47.0,52.0,-1.19020456170419
87006,1224.0,131.0,172.0,-0.920995977379371
310812,1891.0,11.0,186.0,2.1210808964765
438289,48.0,1928.0,116.0,-7.44701986673157
210416,229.0,1922.0,178.0,3.66239529915019
190925,1913.0,1905.0,175.0,3.95443647687524
56647,1900.0,5.0,9.0,1.22903564901644
375325,163.0,1894.0,109.0,1.992825057063
115274,20.0,1900.0,167.0,-22.0943596831922
631454,120.0,1902.0,98.0,-0.1264986418878149
58988,83.0,1337.0,9.0,-1.64796273787198
249772,27.0,544.0,70.0,2.43641788046072
320273,14.0,1902.0,99.0,1.8440320387555
203910,1559.0,131.0,177.0,-3.15692333365734
184082,83.0,1910.0,174.0,-0.789541500428434
65946,948.0,655.0,12.0,-0.285191188459224
343570,1907.0,131.0,104.0,-0.0955848683613143
301908,13.0,1923.0,98.0,-1.04380147825351
316727,1348.0,1907.0,99.0,15.1343365606618
312819,146.0,5.0,186.0,-4.71584230813005
25495,1877.0,1910.0,4.0,-1.26408415343188
271196,1906.0,1900.0,74.0,-4.81332849102875
34190,1917.0,1902.0,166.0,4.27253978625804
283411,1909.0,1883.0,77.0,-1.9328640655953
264642,1925.0,1913.0,73.0,0.394986403962549
225166,1342.0,1898.0,57.0,0.650549160033677
110280,1332.0,1908.0,45.0,0.432294875759733
222290,48.0,544.0,56.0,5.93095903620246
49776,101.0,11.0,7.0,-3.80759707885588
68280,1342.0,1894.0,12.0,-12.1870940666263
275267,160.0,131.0,179.0,-2.2736174499108
396944,164.0,1882.0,112.0,-1.74259954542944
89553,1915.0,1888.0,172.0,-1.05127665208241
311877,1897.0,1331.0,186.0,-9.42567087645518
400698,3.0,1896.0,112.0,-6.16578840115523
113845,160.0,1914.0,167.0,7.66154946040841
177928,748.0,1348.0,53.0,0.608905263415094
85560,1887.0,1909.0,172.0,-1.75714432882568
197894,1183.0,1431.0,54.0,-1.48687967137414
318401,1905.0,1881.0,99.0,-2.06012807131359
98793,1915.0,1909.0,44.0,-3.7238734892285
304709,1342.0,15.0,98.0,6.50859489172711
437231,1920.0,1879.0,116.0,-6.57697728249236
183947,1559.0,147.0,174.0,2.1034536251841
334165,1926.0,1909.0,102.0,1.64122224363804
358970,1889.0,131.0,108.0,5.98329143401603
283715,1183.0,1886.0,77.0,3.20195147304396
246675,1878.0,1907.0,70.0,0.828752445503428
243839,229.0,1909.0,69.0,6.27639257853599
181624,3.0,1928.0,53.0,6.78204795224735
106800,1559.0,748.0,45.0,-0.0547275199680173
71348,1912.0,1887.0,13.0,-2.70493874242361
62486,1893.0,1914.0,10.0,-1.50342087871835
221643,1876.0,101.0,56.0,2.73186942979607
98352,1920.0,1919.0,44.0,-2.98575639548968
56858,1884.0,47.0,9.0,-1.0797565916423
50966,748.0,17.0,7.0,-1.20880091509823
59012,1913.0,1876.0,9.0,-1.09164309778801
644572,948.0,544.0,167.0,-6.238798236977805
345395,1913.0,1905.0,104.0,-3.07845496846609
175628,1913.0,1888.0,52.0,-0.903158586387762
55839,47.0,1909.0,9.0,-0.761492696266466
194205,1911.0,1890.0,176.0,0.445655434355739
106230,1909.0,1900.0,45.0,16.0835549003829
89866,604.0,1342.0,172.0,-7.28604783085289
262858,101.0,47.0,73.0,-0.344039163129357
192686,1183.0,150.0,176.0,14.6539499693695
192129,101.0,1891.0,176.0,5.78914618644017
254606,160.0,101.0,71.0,6.0490543707869
388539,1917.0,1923.0,111.0,-2.14864863558342
214229,1886.0,1560.0,55.0,-1.39823475205535
179287,1895.0,195.0,53.0,-4.88449726236455
315015,48.0,15.0,186.0,0.233423026544426
299966,1891.0,1927.0,98.0,1.84149356092138
33333,544.0,1912.0,166.0,3.09228681673069
45344,1559.0,11.0,6.0,4.05879610468875
415638,160.0,1894.0,114.0,5.66181619306369
279455,147.0,1889.0,75.0,0.75613128312424
396767,1183.0,1894.0,112.0,3.09309052653992
209400,136.0,47.0,178.0,2.27405735379251
267240,101.0,1903.0,74.0,7.4349016637981
29239,195.0,1921.0,166.0,0.419947169064016
234824,17.0,1918.0,60.0,1.05295988760952
73046,1893.0,1896.0,13.0,0.424492173698369
17321,1913.0,1891.0,3.0,7.7227009488688
236181,1912.0,1910.0,60.0,6.40583651303681
56924,1897.0,1920.0,9.0,7.26830119010832
236779,1926.0,1183.0,60.0,-0.967590055416235
196373,1925.0,147.0,176.0,3.26021446044889
25993,13.0,18.0,4.0,-3.0707531444603
275621,3.0,1915.0,179.0,1.73616418808661
229722,131.0,1923.0,58.0,-1.92782785323099
325501,604.0,1928.0,100.0,6.76869339709667
330094,3.0,1920.0,101.0,-4.99346536087352
95683,1891.0,1904.0,44.0,-8.6701442856443
226252,1925.0,1894.0,57.0,6.5782148308833
174487,160.0,1898.0,52.0,-22.0815280044399
320844,1885.0,146.0,100.0,-0.0882298182701098
178042,1900.0,5.0,53.0,-0.744888255357463
113736,20.0,195.0,167.0,0.623899719464052
414111,1559.0,1881.0,114.0,-4.91380829259615
274254,1888.0,1881.0,179.0,0.88660758325609
248188,1898.0,1916.0,70.0,-2.65650728256644
285681,1876.0,1891.0,77.0,0.373000300601
223703,1897.0,1914.0,57.0,10.5734459621891
302931,1924.0,72.0,98.0,-2.86869536913581
186479,83.0,1922.0,174.0,-6.58343651615869
44820,1893.0,147.0,6.0,-4.52066998146799
68630,1337.0,1916.0,12.0,0.611532980508902
28138,1924.0,1224.0,4.0,0.362434251046707
198850,1903.0,1901.0,54.0,4.81471977231333
280105,3.0,1916.0,75.0,17.6622604972713
436427,1915.0,195.0,116.0,2.98961014226237
255513,1915.0,1337.0,71.0,-7.13291853687231
233906,1899.0,1907.0,60.0,2.62345852642559
229732,146.0,147.0,58.0,4.06191475789159
89468,604.0,1889.0,172.0,-0.190991374141923
323481,604.0,195.0,100.0,-5.85602255254038
346407,1337.0,1928.0,104.0,-5.67105102203801
359507,1876.0,14.0,108.0,0.412958050671349
47800,83.0,20.0,6.0,2.38700812031928
341620,1671.0,15.0,104.0,-1.02329493077024
167028,1888.0,677.0,51.0,-1.21370385168223
114873,1877.0,1888.0,167.0,-1.00163603688284
190745,604.0,1918.0,175.0,0.497589955145086
70027,20.0,1900.0,12.0,-9.22399505959956
45130,136.0,1890.0,6.0,8.82138231949063
176526,1898.0,1902.0,52.0,-10.8432392862674
57079,14.0,1923.0,9.0,-0.244567027931958
310286,1881.0,13.0,186.0,-4.43890660868534
415123,11.0,1890.0,114.0,-0.440159954925617
217131,20.0,1671.0,55.0,6.776585186525
255265,655.0,136.0,71.0,-6.13846942629391
247081,11.0,17.0,70.0,-1.54541462764376
397359,1559.0,1885.0,112.0,2.51837525343572
260635,544.0,1911.0,72.0,-2.67944130090812
313903,1342.0,101.0,186.0,-2.72530663670571
68645,27.0,1906.0,12.0,13.7143406281688
98083,101.0,147.0,44.0,6.64011205764688
327067,1908.0,1911.0,101.0,0.736793202488552
166562,1347.0,1885.0,51.0,1.84593900801895
346174,1876.0,1560.0,104.0,-1.86067750211689
286466,544.0,1920.0,77.0,2.10402733757526
265387,1913.0,1886.0,73.0,0.731280723800549
344299,229.0,195.0,104.0,-2.46385494636841
31310,1878.0,164.0,166.0,-6.66403232750362
423447,1903.0,1911.0,115.0,-0.545698083382757
53072,1925.0,748.0,7.0,-1.14130965470852
321520,72.0,1898.0,100.0,-5.35339942237862
55876,1888.0,1901.0,9.0,-1.63712517298881
424182,948.0,1896.0,115.0,0.562801633864864
218534,1891.0,1896.0,56.0,0.204716576369834
202236,1896.0,1928.0,54.0,4.57279836886537
200338,1905.0,1881.0,54.0,-6.96124421323408
199113,101.0,1917.0,54.0,-0.805981005840524
319784,1926.0,1342.0,99.0,-15.837424109165
53371,83.0,1430.0,7.0,9.17803478590521
198135,1895.0,131.0,54.0,2.69208107933195
333953,1905.0,1907.0,102.0,-6.92094363968726
282900,131.0,677.0,77.0,-6.82865009437048
204557,1889.0,13.0,177.0,-10.5354989491063
416372,48.0,11.0,114.0,-5.52063548606256
330275,48.0,1876.0,101.0,7.04559109023888
415765,83.0,1331.0,114.0,-1.49049114694878
86666,1900.0,13.0,172.0,-0.548449602455891
105464,20.0,1902.0,173.0,-3.89676781214207
186614,1924.0,1337.0,174.0,6.795432685248
17582,1905.0,1896.0,3.0,-3.44584366051512
16777,604.0,788.0,3.0,-1.38266628963343
330251,1342.0,1876.0,101.0,-13.0242095511439
170916,82.0,20.0,51.0,-3.65305755686668
213720,1900.0,1916.0,55.0,-3.77880607157938
207267,1913.0,1890.0,177.0,0.214386904403179
225955,1879.0,147.0,57.0,7.69257170802347
220820,544.0,85.0,56.0,4.73108268370775
203124,1875.0,1878.0,177.0,-7.97195403780822
218311,1883.0,195.0,56.0,3.16108773879927
311896,13.0,1560.0,186.0,18.9852481530772
282657,1902.0,1332.0,77.0,0.855977755567921
341506,1898.0,1890.0,104.0,2.11304325798663
115513,1876.0,1928.0,167.0,-2.07609234600052
315283,1909.0,1224.0,99.0,-3.69155370428294
165058,1913.0,1918.0,168.0,2.78110413085485
285697,1337.0,1891.0,77.0,-10.3614195178027
49605,146.0,1927.0,7.0,-1.21015768202864
187057,72.0,1912.0,175.0,1.3632308370767
359940,1925.0,1914.0,108.0,15.430618336814
316089,1878.0,146.0,99.0,1.73750368948724
87930,1893.0,1890.0,172.0,4.37038175344974
68703,1926.0,163.0,12.0,10.3806424328924
374278,1880.0,1883.0,109.0,-2.04523683157403
48205,1430.0,1928.0,6.0,6.20188683308463
624216,1893.0,1902.0,51.0,11.63399721989486
344375,1337.0,1883.0,104.0,4.11522951112998
371020,3.0,1915.0,180.0,-1.00263447182889
335004,1919.0,147.0,102.0,0.0758745761963764
329785,1919.0,20.0,101.0,-1.0274118084561
114788,1919.0,1224.0,167.0,-0.209380541228608
220065,195.0,5.0,56.0,-16.9200619364399
46145,1342.0,82.0,6.0,-5.35332959438168
217037,27.0,1917.0,55.0,-5.15566246774284
224279,1897.0,1876.0,57.0,-2.23004063520564
24121,1903.0,1897.0,4.0,-0.495463640548406
48904,147.0,1904.0,7.0,2.68401952245141
88598,544.0,1909.0,172.0,24.9076438183064
210118,1888.0,164.0,178.0,2.85763277141501
74282,1876.0,1904.0,13.0,0.201803030179947
231310,47.0,72.0,58.0,2.87339854370698
66772,146.0,788.0,12.0,0.446977781221676
236467,120.0,1224.0,60.0,-2.66696609620285
199833,1919.0,1887.0,54.0,0.385173811486864
182833,748.0,1347.0,174.0,-4.25110183600641
243469,655.0,18.0,69.0,-0.607804752126209
109837,1924.0,1920.0,45.0,0.65120243814002
275369,27.0,1896.0,179.0,-1.97377968704239
186522,27.0,1560.0,174.0,-3.29022496938807
253919,544.0,18.0,71.0,-0.0991372495549261
215385,1885.0,1888.0,55.0,-4.06654733651808
278012,1886.0,1917.0,75.0,6.63165947172944
4469,1875.0,120.0,1.0,2.5795682369737
333741,1342.0,47.0,102.0,-15.5550581741536
265627,1926.0,1342.0,73.0,-2.78570863513221
279003,1880.0,788.0,75.0,-6.03088633310718
57849,1337.0,1891.0,9.0,0.0765622515038796
390484,1919.0,1917.0,111.0,-11.9252851757897
341879,1560.0,1911.0,104.0,3.9790571098309
237699,163.0,1891.0,60.0,-0.476757278201478
279202,1886.0,1882.0,75.0,-2.13025142910221
255051,1926.0,1559.0,71.0,3.59369086112493
219810,47.0,1898.0,56.0,-3.37412028948874
163575,1887.0,15.0,168.0,0.37362788100184
335709,1915.0,1900.0,102.0,2.08716242670532
46761,1913.0,101.0,6.0,7.50292701864097
203791,1897.0,1337.0,177.0,-10.0823689768069
255716,655.0,14.0,71.0,-2.56312175342068
314221,1342.0,1348.0,186.0,0.216125867835313
300868,1894.0,131.0,98.0,-0.761526034170103
337356,1893.0,788.0,103.0,6.26092041057084
161132,1889.0,72.0,168.0,-0.199770675077233
85849,1879.0,18.0,172.0,7.68617244598887
190604,1342.0,1891.0,175.0,-5.15138631575881
246636,1919.0,150.0,70.0,0.313644527405251
321637,1909.0,13.0,100.0,-3.10785831139018
345434,1924.0,1348.0,104.0,-4.23437422364314
202267,48.0,1928.0,54.0,-2.70030813215738
184885,655.0,1880.0,174.0,1.01847740653113
225455,1224.0,1922.0,57.0,-0.128631416101189
199654,1904.0,1910.0,54.0,0.4861298115964
321603,1879.0,1894.0,100.0,0.850644717132789
227933,1926.0,1900.0,57.0,6.4829243150981
25282,948.0,1878.0,4.0,-0.948285907015929
369612,85.0,1887.0,180.0,6.72805565189968
357996,1337.0,1887.0,108.0,-1.38206333254329
231241,1560.0,677.0,58.0,-5.85961109082397
342288,1894.0,1918.0,104.0,-0.443041846360411
208361,1883.0,1901.0,178.0,-4.5554929337889
51940,1342.0,146.0,7.0,-5.22586259193933
341847,101.0,120.0,104.0,0.387028787933533
388252,1916.0,18.0,111.0,7.52609840174115
254508,20.0,677.0,71.0,2.27817118015197
198634,1881.0,1911.0,54.0,-3.39933741727652
322843,195.0,1912.0,100.0,9.15655754380401
188718,1559.0,1911.0,175.0,4.66801842591929
103097,164.0,17.0,173.0,11.8228878279812
178828,15.0,1922.0,53.0,-4.64656401597746
220870,1337.0,788.0,56.0,-4.72444217435929
5312,1888.0,1908.0,1.0,1.69891301474947
58830,1925.0,1876.0,9.0,8.60646198617393
163230,1907.0,17.0,168.0,-0.528243997665103
102485,1892.0,1914.0,173.0,3.28270658372605
339610,83.0,1879.0,103.0,-1.40324358069152
277248,1881.0,1910.0,75.0,4.74779088022888
64637,604.0,1911.0,10.0,1.29351832954348
61611,72.0,1224.0,10.0,2.94024626149352
214155,1899.0,1888.0,55.0,3.9710624094388
115483,1892.0,1928.0,167.0,-26.9510190603732
424961,1887.0,72.0,115.0,2.00541806317467
236989,48.0,788.0,60.0,7.19683251917247
258855,1342.0,82.0,72.0,0.201355633402515
189476,1559.0,1883.0,175.0,2.18793670034107
193140,1884.0,1910.0,176.0,5.863743381382
107297,3.0,1898.0,45.0,1.77107499703707
201313,544.0,1348.0,54.0,3.90221568073202
173525,1912.0,1894.0,52.0,-0.767882485557412
195626,83.0,17.0,176.0,-5.25802408111336
217688,1332.0,1921.0,55.0,-6.88266936411798
267714,948.0,1883.0,74.0,1.52080570928522
177363,1898.0,1907.0,53.0,-2.32591248578891
64066,3.0,1912.0,10.0,2.8464390203044
283971,1891.0,1907.0,77.0,0.713949597766152
15370,1891.0,1927.0,3.0,-2.59375376325267
184979,1925.0,1914.0,174.0,2.56373566612956
278056,1916.0,1914.0,75.0,0.426690363716471
6143,1347.0,5.0,1.0,-1.51749032564695
417070,83.0,1671.0,114.0,-6.11336860233605
225096,136.0,1331.0,57.0,-0.803374005759473
427546,655.0,748.0,115.0,1.22118869833735
251391,101.0,15.0,71.0,-5.48339799570961
14335,1908.0,1892.0,3.0,-5.80593167643943
370647,1342.0,131.0,180.0,-0.422976895848492
70853,1875.0,1892.0,13.0,-0.156123924040171
49310,1347.0,18.0,7.0,-4.21592418259132
238325,1342.0,1888.0,60.0,0.629591755253395
179933,48.0,1913.0,53.0,-2.97773943868856
26235,1875.0,17.0,4.0,-1.02578230759104
267697,1431.0,1910.0,74.0,2.16266898761171
234647,1559.0,1911.0,60.0,0.461182593476918
375874,14.0,11.0,109.0,-6.49203610985104
433670,1916.0,15.0,116.0,-3.05534322045009
241907,1909.0,1914.0,69.0,0.0524168373002001
226872,604.0,131.0,57.0,0.445410946290789
272040,1883.0,1916.0,179.0,-1.01134174636678
252703,1885.0,1911.0,71.0,-0.916097246196179
47782,163.0,1671.0,6.0,-8.84730204404145
222184,163.0,1889.0,56.0,-5.57939427679062
70338,1907.0,1902.0,12.0,-4.02918869912741
228584,1891.0,1921.0,58.0,3.05529217607831
105717,1882.0,1890.0,45.0,-2.78656379102818
281783,48.0,1925.0,75.0,2.72344209337736
336890,1908.0,1910.0,103.0,7.7532420296511
219173,948.0,1878.0,56.0,-3.29571246598864
183719,1883.0,131.0,174.0,2.91469448530731
264416,1342.0,1885.0,73.0,-0.44817814336628
327974,1885.0,164.0,101.0,5.83101405815789
215758,1877.0,229.0,55.0,-3.19137973763534
162148,1909.0,1904.0,168.0,0.438822686287822
56264,1183.0,1887.0,9.0,3.87723582025239
357683,1903.0,164.0,108.0,3.3515422286719
273076,1882.0,1921.0,179.0,-0.0085357383447796
86859,1881.0,1882.0,172.0,3.09979097749715
215109,1183.0,1899.0,55.0,6.16348849908461
247588,195.0,1908.0,70.0,0.612098201155713
412863,1895.0,1671.0,114.0,2.51111201945153
196543,82.0,1882.0,176.0,2.55544723619761
12473,1876.0,544.0,2.0,7.34790477294916
96345,1880.0,1896.0,44.0,-10.5846772430011
104793,27.0,1430.0,173.0,3.19549511752968
434166,1891.0,85.0,116.0,1.07614217671384
255508,544.0,1900.0,71.0,8.28354916935973
360036,14.0,1916.0,108.0,-10.3622042537227
256664,1917.0,15.0,72.0,2.36771783459115
414720,1884.0,5.0,114.0,2.80482745289599
89729,1905.0,1671.0,172.0,-47.0013657684165
422993,101.0,1880.0,115.0,0.709508781774539
14765,748.0,15.0,3.0,-5.60274017409453
367202,1877.0,1899.0,180.0,-0.642055719902206
368442,1889.0,1927.0,180.0,-5.3158953048543
424083,1895.0,164.0,115.0,-1.46880571737993
367232,1916.0,5.0,180.0,8.18297315404771
103588,1926.0,229.0,173.0,-5.88016711590199
13043,1925.0,120.0,2.0,-4.76701220074429
49231,47.0,748.0,7.0,-5.92345871052097
16599,229.0,47.0,3.0,-0.0121774678456924
103457,544.0,195.0,173.0,0.999367292283918
310463,1880.0,1911.0,186.0,0.750303173665691
244067,3.0,5.0,69.0,-1.27968390409251
10061,72.0,120.0,2.0,3.74816456552242
248810,1906.0,1875.0,70.0,1.69691949575046
204861,1883.0,1347.0,177.0,-0.577911184015255
112603,1896.0,1923.0,167.0,-2.88035091267189
264093,655.0,195.0,73.0,-4.55030526367416
175107,655.0,17.0,52.0,1.12399716586216
179966,1915.0,1909.0,53.0,-4.59364535952233
314364,27.0,1888.0,186.0,0.0105768055484318
435991,160.0,1922.0,116.0,1.41762691680888
273690,748.0,1903.0,179.0,0.498402781683682
199679,677.0,1927.0,54.0,7.03647095194385
112997,1897.0,1892.0,167.0,-1.2185237875003
215504,544.0,1908.0,55.0,1.40391147039468
370497,1906.0,131.0,180.0,2.38413074802072
27053,604.0,1898.0,4.0,-7.6423893978032
368053,1891.0,150.0,180.0,-3.03328693804182
213790,1560.0,1923.0,55.0,-5.67345835922256
336213,1886.0,47.0,103.0,-2.02083294757733
342530,1883.0,1922.0,104.0,-0.0901485645624889
110055,1876.0,15.0,45.0,7.69915698204613
63830,1905.0,1348.0,10.0,-4.05456495718422
86967,85.0,1560.0,172.0,11.6250668787961
172630,1885.0,1224.0,52.0,-1.63226261347916
424092,1902.0,3.0,115.0,-2.68896298451615
100261,160.0,3.0,44.0,-2.59352515565593
222683,544.0,948.0,56.0,6.28914531479872
401783,1883.0,1928.0,112.0,-12.3825918984331
193820,150.0,17.0,176.0,-0.141172320044667
186109,1342.0,83.0,174.0,2.20910991159159
331264,1894.0,15.0,102.0,0.0010369447283308
64458,1919.0,1878.0,10.0,-1.46802529985083
390576,83.0,1559.0,111.0,-7.45096845444025
232149,1915.0,1914.0,58.0,-5.70603719303298
427884,1331.0,1928.0,115.0,0.514801329651456
311174,1902.0,1430.0,186.0,-2.03035336133996
434213,1877.0,1332.0,116.0,2.91430277594295
45764,85.0,1894.0,6.0,-3.49401199545211
333131,83.0,1910.0,102.0,1.71682859182899
337756,136.0,1890.0,103.0,-1.17519877286692
268832,1883.0,1892.0,74.0,2.4159455996018
55113,1560.0,1921.0,9.0,3.58802949435522
14213,1671.0,1910.0,3.0,2.14097495020421
344670,1876.0,146.0,104.0,3.55603799438779
195829,1920.0,101.0,176.0,7.42271176110337
284414,150.0,195.0,77.0,-3.05596543050852
75607,11.0,1928.0,13.0,-0.710375429446044
73014,1908.0,1910.0,13.0,7.63310529464176
344286,544.0,195.0,104.0,-2.54435097056378
437760,1430.0,1878.0,116.0,-1.60247881564802
434881,1879.0,677.0,116.0,-6.35919405459637
302278,1885.0,1917.0,98.0,-0.0678593739582001
264374,1924.0,1909.0,73.0,4.24938804143484
55847,147.0,150.0,9.0,1.22881995714306
32196,3.0,788.0,166.0,-10.6966234934907
13406,163.0,1882.0,2.0,4.69247300096694
320052,82.0,1337.0,99.0,-2.64264891470564
274965,1342.0,1916.0,179.0,-2.84788559311133
272598,1337.0,1910.0,179.0,2.19814191939561
14409,1912.0,147.0,3.0,-3.41918565986839
315679,1878.0,1889.0,99.0,-1.94905204351781
329129,1913.0,1916.0,101.0,6.25630677774215
221863,1913.0,1893.0,56.0,0.959424816081787
73463,1876.0,14.0,13.0,0.69416223409354
253035,1331.0,1882.0,71.0,2.77107460044252
101548,1898.0,1917.0,173.0,5.6057214255448
18067,1337.0,120.0,3.0,-14.1141540129276
262277,13.0,1901.0,73.0,5.34846600886201
281247,604.0,120.0,75.0,-0.222208691263839
50178,1898.0,1892.0,7.0,-0.700540726520427
324332,1925.0,1895.0,100.0,1.65836021196207
197499,147.0,1914.0,54.0,1.06759408319595
316698,1919.0,1898.0,99.0,0.583141865589129
390763,544.0,1560.0,111.0,1.27872328562822
316315,1183.0,1897.0,99.0,-0.548135407923083
206137,1926.0,1884.0,177.0,3.07528859858042
345212,229.0,1918.0,104.0,3.20799951580723
166987,1880.0,1890.0,51.0,2.42122264160323
208189,1895.0,1911.0,178.0,1.22157314987692
244574,1926.0,1896.0,69.0,0.373711399784035
65526,948.0,27.0,12.0,5.25862145310565
211742,1332.0,13.0,178.0,0.738742458632466
109922,20.0,748.0,45.0,-9.52721504311493
211228,82.0,101.0,178.0,2.19748280625907
229217,1903.0,1908.0,58.0,-3.70826758015581
71872,101.0,1883.0,13.0,-12.1112849278111
332419,1904.0,1892.0,102.0,-4.01754651047758
191433,1877.0,27.0,175.0,-3.04443017525446
414118,1881.0,13.0,114.0,-1.47635162047335
225366,1891.0,150.0,57.0,1.80644352104538
336628,1885.0,17.0,103.0,0.741919147517077
161157,1183.0,1921.0,168.0,3.76624479582073
111342,1895.0,1882.0,167.0,2.25051364311957
230828,85.0,1918.0,58.0,-3.26760185111258
61801,1886.0,1892.0,10.0,0.206600517229625
217411,3.0,1671.0,55.0,-11.0189971734908
331868,1891.0,72.0,102.0,3.42423059524834
332814,1908.0,788.0,102.0,0.0612092416944707
416998,163.0,1927.0,114.0,1.6042837100655
316398,146.0,788.0,99.0,-1.60943710162948
416376,3.0,17.0,114.0,0.0065550101462249
437780,1342.0,1876.0,116.0,0.388838792007668
237754,3.0,1884.0,60.0,-3.09815593789449
390769,604.0,1876.0,111.0,17.0820734357414
397610,146.0,11.0,112.0,2.60487228670365
257924,1900.0,1889.0,72.0,-0.132521437964969
275489,1925.0,1884.0,179.0,0.233736967246423
275900,82.0,1875.0,179.0,2.06165735863649
272012,146.0,11.0,179.0,4.71897854030402
202931,1878.0,1224.0,177.0,-1.51432932453306
68321,1919.0,1883.0,12.0,-2.80328357392256
209610,1559.0,1921.0,178.0,-9.3492682218515
342646,1886.0,150.0,104.0,-2.31484113292864
335865,1337.0,1921.0,102.0,3.10726640914619
26606,1887.0,1881.0,4.0,7.40158267655141
338073,1893.0,1887.0,103.0,-5.03593846393283
332472,1917.0,1910.0,102.0,-1.35204856305707
242106,1916.0,1911.0,69.0,6.22554308339436
227235,160.0,1904.0,57.0,3.13284255028161
97714,1897.0,1337.0,44.0,-4.89252719744414
326160,101.0,748.0,101.0,4.36009664124701
433986,1909.0,1882.0,116.0,-1.99201017701557
100704,1879.0,1896.0,173.0,11.7626524026084
275431,544.0,17.0,179.0,-1.62591729614316
236616,1899.0,147.0,60.0,6.95570843374143
165651,83.0,15.0,168.0,-2.27474946695932
198140,1909.0,1914.0,54.0,0.734061962175347
74440,3.0,1895.0,13.0,-0.113258995409803
211770,1876.0,13.0,178.0,5.74039476162733
231213,1431.0,1908.0,58.0,-3.88168577447907
177101,748.0,1910.0,53.0,-1.32688658724424
57206,1925.0,1894.0,9.0,8.1026192357285
207276,655.0,1910.0,177.0,3.26307216475587
372940,1880.0,1887.0,109.0,1.85424114750846
168999,20.0,1923.0,51.0,-4.81048716651094
211763,14.0,1888.0,178.0,4.32004371429377
333244,1914.0,1918.0,102.0,-7.32596334163686
90002,1877.0,1890.0,172.0,3.62535104446187
50392,85.0,1921.0,7.0,3.30068643738768
232787,544.0,1224.0,58.0,-11.7161653329414
373134,1901.0,1892.0,109.0,-1.43952479872097
270943,3.0,1342.0,74.0,-4.2731915831008
213456,164.0,18.0,55.0,0.218192334496425
11885,655.0,1909.0,2.0,9.09535543535229
100658,1895.0,5.0,173.0,-2.52645873386962
12386,160.0,101.0,2.0,16.7833751949145
332759,1894.0,677.0,102.0,0.401952287849944
44708,1880.0,1896.0,6.0,1.42845467671841
389764,82.0,1909.0,111.0,-4.74822661644421
162887,1881.0,1347.0,168.0,-2.92771536440805
185216,1924.0,1913.0,174.0,8.5231117857785
54378,1902.0,1923.0,9.0,-2.38041782185183
329602,83.0,1906.0,101.0,12.1783487667911
265079,160.0,13.0,73.0,-1.51168059786024
176437,1671.0,1928.0,52.0,2.29376657041604
399263,15.0,677.0,112.0,3.1139314549177
376685,160.0,1888.0,109.0,4.52662619183164
66286,1890.0,1923.0,12.0,2.39518185919906
434598,1876.0,1887.0,116.0,3.20159594644367
61796,1909.0,150.0,10.0,3.06690237667721
108188,1904.0,1892.0,45.0,5.32062124374767
13270,1913.0,1903.0,2.0,-0.403914921556992
258087,1895.0,1903.0,72.0,0.179813493252515
66576,136.0,1892.0,12.0,-9.35253308876249
242942,150.0,1910.0,69.0,-2.58904921216186
209113,1875.0,1896.0,178.0,2.36314522414635
26929,48.0,1923.0,4.0,2.32261017145453
388723,948.0,1560.0,111.0,4.72170124094416
165417,1925.0,83.0,168.0,3.72544338327353
110307,1924.0,1906.0,45.0,5.99931144072966
103871,27.0,1906.0,173.0,6.69150701662658
10251,1880.0,1912.0,2.0,-1.65511952496246
337557,101.0,15.0,103.0,-4.08691796469453
317727,748.0,13.0,99.0,-0.523912690214064
368872,1879.0,1921.0,180.0,0.517500952790514
8743,83.0,150.0,2.0,1.52001529395071
325055,82.0,83.0,100.0,5.03587785931665
333005,1885.0,1911.0,102.0,-2.97578339927972
177183,146.0,1917.0,53.0,-1.97204139417203
231273,1883.0,1888.0,58.0,-0.717197230350314
59831,1889.0,195.0,10.0,2.73516959399935
73824,1342.0,1880.0,13.0,1.11745101370862
114660,20.0,13.0,167.0,-1.17107427126741
74414,655.0,1895.0,13.0,4.8798424293529
231402,27.0,1919.0,58.0,-12.2416992392119
338950,1913.0,788.0,103.0,-1.46602461184874
243153,1879.0,1883.0,69.0,2.77608245089906
286996,1925.0,1910.0,77.0,-11.0659344899076
204683,1896.0,1916.0,177.0,3.04403596215171
358013,1907.0,17.0,108.0,-3.18264646800033
172947,1878.0,1903.0,52.0,2.20653086871107
180483,1342.0,1904.0,53.0,-1.58032327391248
332184,146.0,120.0,102.0,4.9431170650002
397351,5.0,1927.0,112.0,-4.51677493623383
174982,655.0,1347.0,52.0,1.30492398548872
65995,748.0,18.0,12.0,1.00350323870628
206016,655.0,1892.0,177.0,10.7079305011162
168424,1882.0,1910.0,51.0,4.93682355276673
47508,1913.0,1917.0,6.0,2.17617798880843
113224,1899.0,1883.0,167.0,-1.33633537986634
281820,1560.0,1902.0,75.0,2.28962290086681
169888,1926.0,11.0,51.0,3.82220073162914
335875,1926.0,1925.0,102.0,3.39580351902996
43747,1430.0,1898.0,6.0,2.78504833187624
344609,3.0,1916.0,104.0,5.0166147010704
164263,229.0,1901.0,168.0,0.576895404892758
342236,1887.0,1881.0,104.0,-1.84961356491804
48729,1891.0,18.0,7.0,5.31521207651245
277328,1897.0,20.0,75.0,-1.03863719401069
218318,1910.0,1922.0,56.0,11.1239974274654
424108,1908.0,13.0,115.0,2.30115899186078
107040,1887.0,72.0,45.0,3.23983778459488
367901,3.0,1332.0,180.0,-2.12621959195837
165674,655.0,1878.0,168.0,3.58067966533911
101391,147.0,72.0,173.0,7.26766361621529
399998,604.0,1909.0,112.0,10.2634387382304
231472,27.0,1894.0,58.0,-9.82200623451373
223517,150.0,1912.0,57.0,-0.852576333060495
18357,160.0,948.0,3.0,5.57855952135981
162889,1894.0,15.0,168.0,-2.74677501675873
399900,163.0,72.0,112.0,3.85752007575339
338054,1183.0,5.0,103.0,-4.31421218020571
329485,160.0,150.0,101.0,4.84891410245451
220777,1883.0,13.0,56.0,16.1680060238592
361301,14.0,1903.0,108.0,-6.83312259355693
181974,195.0,1671.0,174.0,4.71653103907925
8412,83.0,1900.0,1.0,4.48189828731117
324445,160.0,13.0,100.0,1.64123083730145
164918,1925.0,1879.0,168.0,-3.97072379111264
311820,1183.0,1889.0,186.0,-2.86509459734278
640927,136.0,1902.0,104.0,-3.332684108263617
87866,1902.0,13.0,172.0,5.14701594172843
369212,1897.0,1920.0,180.0,3.53068738426095
343954,1904.0,1881.0,104.0,-1.22433379935489
30261,1887.0,13.0,166.0,-2.67904463623494
106248,72.0,1907.0,45.0,-0.413550694055575
316561,1879.0,150.0,99.0,0.706439261499799
264756,20.0,1431.0,73.0,-5.39527388193236
71155,1897.0,1927.0,13.0,1.87114728974734
73145,85.0,1888.0,13.0,-12.2873265073273
67090,1888.0,1671.0,12.0,-0.577597889665878
205433,27.0,1907.0,177.0,-10.7811785614938
51353,1337.0,1923.0,7.0,-1.07946168176703
219011,146.0,1907.0,56.0,0.593079413658407
195365,1342.0,1914.0,176.0,-4.71597146549392
279573,1924.0,1899.0,75.0,13.6507203205416
273451,1895.0,1671.0,179.0,0.623806030599998
437478,604.0,48.0,116.0,4.80833540242839
25406,1560.0,1921.0,4.0,-2.53279165973623
414633,748.0,788.0,114.0,4.1833297264375
426038,83.0,1915.0,115.0,6.21437180765667
433742,146.0,1881.0,116.0,-2.61446445099765
371486,1906.0,1671.0,180.0,-8.96391261457862
64360,20.0,1559.0,10.0,-2.19003353134474
184203,5.0,15.0,174.0,-2.13240208171176
75370,83.0,1876.0,13.0,4.09204445753449
234346,1903.0,1917.0,60.0,-3.39751078292864
286457,20.0,1671.0,77.0,-15.3720676099306
399791,1337.0,1883.0,112.0,-3.64581156383769
274654,1920.0,82.0,179.0,1.79479702287438
194271,1888.0,1331.0,176.0,1.05508153736842
412745,1879.0,1909.0,114.0,8.48916697842115
286286,1926.0,544.0,77.0,0.163350005950063
167690,1878.0,1331.0,51.0,-0.502284838460384
397151,120.0,195.0,112.0,2.64368480062738
312516,1331.0,17.0,186.0,-0.573684186607654
103428,1925.0,1883.0,173.0,6.07361229024951
215491,163.0,1922.0,55.0,-0.807093971448231
249406,3.0,5.0,70.0,2.45468294901509
215336,1875.0,1671.0,55.0,-2.06354908269304
72230,1875.0,1331.0,13.0,-5.39423862049838
111711,120.0,1908.0,167.0,-2.51542536886333
281870,1919.0,1928.0,75.0,5.40022274518199
112486,1347.0,1914.0,167.0,2.70427728950765
162057,1904.0,788.0,168.0,0.283280636313679
257455,1907.0,1917.0,72.0,0.228789695905229
6215,1559.0,18.0,1.0,-4.24936714303781
15786,1891.0,1900.0,3.0,3.75270678733607
358603,3.0,1347.0,108.0,-1.4574189159633
274469,48.0,85.0,179.0,10.1990906426483
625350,1904.0,1902.0,172.0,-8.000181001053075
48624,1878.0,1912.0,7.0,4.8836133095625
49393,1899.0,1904.0,7.0,6.22796671512242
114714,655.0,1917.0,167.0,1.00206019293075
417349,160.0,1878.0,114.0,3.08188005990973
332117,1883.0,15.0,102.0,1.02478761093224
258718,1876.0,788.0,72.0,-0.334920721261601
232775,1925.0,1912.0,58.0,3.62847913066444
7959,1877.0,136.0,1.0,5.27696236931339
310736,1904.0,1881.0,186.0,4.27709282243803
212692,1924.0,1902.0,178.0,7.04207907490392
284317,1900.0,11.0,77.0,0.786425900497503
286214,1920.0,1912.0,77.0,-1.52932247932622
343295,1908.0,1917.0,104.0,6.40099746227658
232052,160.0,163.0,58.0,-7.01825781225703
206835,163.0,1886.0,177.0,5.36151627125643
285468,1877.0,1331.0,77.0,-6.67467161666313
73188,1884.0,1907.0,13.0,-1.13497522897682
317958,1903.0,1897.0,99.0,-1.70493510728418
183663,1909.0,1908.0,174.0,-11.9890417899718
221085,1926.0,1919.0,56.0,2.83636967949803
86503,748.0,1917.0,172.0,-3.4412276905889
190460,1915.0,1431.0,175.0,1.66266047821739
397726,1891.0,1927.0,112.0,0.118244414358887
320575,1337.0,1332.0,100.0,-8.85057044334916
357662,17.0,1890.0,108.0,1.8051695928592
248637,1875.0,1894.0,70.0,0.777359502636474
54437,147.0,1897.0,9.0,1.47396042530349
12064,1913.0,27.0,2.0,-2.46230234481114
221525,1913.0,1880.0,56.0,0.139391854334641
304692,544.0,14.0,98.0,1.25227447558247
162097,82.0,150.0,168.0,5.47244283278492
216149,1337.0,131.0,55.0,-7.14402191601623
180571,655.0,1877.0,53.0,3.98259155537212
88388,229.0,788.0,172.0,9.71808306038758
271396,136.0,1928.0,74.0,0.290682275067653
630188,47.0,1902.0,7.0,-8.523568521603226
230686,1886.0,1883.0,58.0,-0.949394945815676
202713,1888.0,1431.0,177.0,1.63735435040839
55147,1560.0,1895.0,9.0,1.3721698414038
326042,1348.0,13.0,101.0,2.31818321621529
370660,229.0,131.0,180.0,3.93131953012632
208772,1909.0,1903.0,178.0,8.16364692349127
18446,83.0,15.0,3.0,-18.546840850539
51858,1913.0,131.0,7.0,5.15185091457539
96203,948.0,1887.0,44.0,1.92753340578671
73011,72.0,1908.0,13.0,2.13487422969645
263059,1183.0,1880.0,73.0,-3.2609004385394
255800,163.0,1337.0,71.0,-3.20896450198342
235630,1894.0,1903.0,60.0,0.0793282149669752
220868,82.0,47.0,56.0,5.4757651819358
57298,3.0,18.0,9.0,2.88632121190451
174731,1925.0,1901.0,52.0,-3.7134364663038
397254,1559.0,1331.0,112.0,-2.35376798801246
360446,1337.0,544.0,108.0,-8.65436012534074
275444,1920.0,101.0,179.0,6.10246536249582
222757,1337.0,15.0,56.0,-4.42198955278459
322800,85.0,1909.0,100.0,-4.79269021388589
98937,1919.0,17.0,44.0,2.78653316301023
184679,160.0,1894.0,174.0,-0.245061275018794
221900,1906.0,1896.0,56.0,1.23783090825272
212020,1925.0,1886.0,178.0,-5.60500729941594
186537,1906.0,1908.0,174.0,-5.04672368656228
302339,1899.0,1916.0,98.0,0.585981213748451
197254,1887.0,1892.0,54.0,-3.18442925210703
254035,1920.0,164.0,71.0,-9.34108132561218
175083,1926.0,1893.0,52.0,9.72779630483006
237693,1925.0,17.0,60.0,-4.68836605342223
65381,1903.0,1912.0,12.0,-7.50671886117059
230914,1878.0,748.0,58.0,-0.406264870391701
253473,120.0,1347.0,71.0,6.79232574934179
4260,1560.0,1923.0,1.0,-6.22387953809615
97925,1889.0,1892.0,44.0,3.36747034215202
221138,1915.0,1883.0,56.0,3.03839257070234
276173,14.0,1927.0,179.0,6.55865668120154
371293,655.0,1917.0,180.0,-5.60990113841063
338768,1899.0,1897.0,103.0,-7.32822509070658
260826,163.0,14.0,72.0,1.31201207036273
319527,160.0,48.0,99.0,1.02441079387179
361138,1924.0,1342.0,108.0,-2.44928607562627
192017,1900.0,5.0,176.0,-1.29352054376029
57513,48.0,1926.0,9.0,0.896596004814012
317519,1894.0,1348.0,99.0,-0.320055145939278
424747,13.0,1560.0,115.0,1.96093422491418
282925,1559.0,1224.0,77.0,5.09214907916528
230033,1888.0,1916.0,58.0,0.0376159528661244
9284,1889.0,1923.0,2.0,-1.91528402314111
413091,1560.0,1895.0,114.0,-3.78008856759762
169147,544.0,82.0,51.0,12.4548513786518
199105,1894.0,1918.0,54.0,-12.2322002611099
368648,1348.0,1892.0,180.0,-3.80209011927802
247184,147.0,150.0,70.0,-1.16165158347969
256112,164.0,1900.0,72.0,1.23110625575166
317541,1880.0,1898.0,99.0,2.18257741427812
47277,229.0,1348.0,6.0,-2.93160856165967
315509,72.0,164.0,99.0,-1.09611963881052
311253,1883.0,1347.0,186.0,-3.54069877876541
335323,544.0,120.0,102.0,0.267232195210967
5893,146.0,1917.0,1.0,-0.447969751973678
248428,1431.0,131.0,70.0,0.0829194966602437
163241,15.0,11.0,168.0,0.626562133425576
223818,1895.0,677.0,57.0,-4.76235476003912
397604,101.0,1431.0,112.0,5.40304032316715
228269,163.0,1337.0,57.0,-14.7603920176279
346268,3.0,1337.0,104.0,-0.184208243440589
252693,1899.0,1431.0,71.0,-6.56628248744558
323508,655.0,1894.0,100.0,3.53513207022628
344741,1919.0,1885.0,104.0,-0.833908562908521
179895,655.0,1914.0,53.0,-4.47955739312194
229332,5.0,1923.0,58.0,-4.40666456048419
375799,3.0,1431.0,109.0,2.16556719251805
194189,948.0,1919.0,176.0,-1.10661999740848
226023,1924.0,160.0,57.0,6.96591191006795
255439,27.0,15.0,71.0,-5.80765127195414
5484,147.0,1911.0,1.0,1.8819939747488
204729,1431.0,11.0,177.0,3.01073573137481
184422,604.0,160.0,174.0,-5.62738689790655
329294,1915.0,1904.0,101.0,2.93492493223604
330008,14.0,120.0,101.0,-3.29657364064377
186836,1887.0,1886.0,175.0,-0.81534937023914
321899,85.0,1889.0,100.0,2.45914027208674
260491,3.0,1560.0,72.0,-0.998217746013004
337002,1889.0,1916.0,103.0,5.86459368047146
270776,1430.0,1912.0,74.0,1.43137737844854
6562,48.0,82.0,1.0,-9.12186411497975
375615,1905.0,1904.0,109.0,0.468627114073492
376849,229.0,1332.0,109.0,3.4493491668587
100620,1893.0,1887.0,173.0,-2.09983312914773
178795,1909.0,131.0,53.0,-9.92163243004912
10738,1894.0,1671.0,2.0,3.58691558309244
26872,1905.0,1183.0,4.0,-5.59287088983692
193174,1875.0,47.0,176.0,-3.01891546963335
317639,27.0,1898.0,99.0,1.29417531772382
264225,1905.0,1901.0,73.0,2.42603704692008
8328,14.0,85.0,1.0,4.67158859782084
168118,948.0,1878.0,51.0,-2.05744347356103
370890,82.0,1893.0,180.0,4.50336866447417
196659,160.0,1876.0,176.0,7.50218412501819
12989,1920.0,1927.0,2.0,-19.4103317613731
10718,47.0,131.0,2.0,-4.792762286629
317265,164.0,1224.0,99.0,-1.34282173420848
194109,748.0,17.0,176.0,-1.70730630719454
98690,655.0,1916.0,44.0,2.28541953040891
340133,1877.0,1896.0,103.0,2.11017718439041
217871,160.0,1902.0,55.0,2.38575567298405
216785,163.0,1430.0,55.0,-4.16009202962622
233521,229.0,1910.0,58.0,-5.36969343454501
319432,1430.0,13.0,99.0,5.29410904381099
368759,1899.0,1910.0,180.0,-4.40110828363655
70792,1909.0,1914.0,13.0,-3.68114039011553
412688,1559.0,11.0,114.0,-0.650451646710482
196481,3.0,1920.0,176.0,9.03158310985941
181478,1926.0,677.0,53.0,-11.3248042722385
25793,3.0,1332.0,4.0,0.243936127391453
208054,748.0,13.0,178.0,-2.05325936416021
373365,1894.0,1560.0,109.0,5.03999267797011
228116,1332.0,1560.0,57.0,-1.30372002634952
189104,85.0,47.0,175.0,-3.37203071408567
359575,1925.0,1907.0,108.0,-15.4930425631344
396996,1909.0,1921.0,112.0,24.8132752532103
109474,1906.0,5.0,45.0,0.168897152269569
73408,1342.0,1183.0,13.0,-2.42913620678674
18259,1877.0,83.0,3.0,4.09745490923935
183365,1348.0,1331.0,174.0,0.701020202253685
388345,748.0,1916.0,111.0,3.2280242834794
340487,163.0,1920.0,103.0,0.17173071887056
324812,655.0,1430.0,100.0,1.1569249283923
236713,1920.0,1908.0,60.0,1.74178034322664
102979,1559.0,1347.0,173.0,12.1239453089338
189964,1337.0,1901.0,175.0,-2.87170935204961
112580,150.0,1904.0,167.0,-7.41166076067795
214060,1902.0,1224.0,55.0,5.77846819631957
86970,1912.0,677.0,172.0,3.96024407649862
235641,1912.0,1909.0,60.0,0.656959634905018
258867,3.0,1894.0,72.0,-8.77533296129805
312379,1900.0,1918.0,186.0,2.41639597004439
65755,1878.0,1882.0,12.0,-5.60997258623745
87580,1892.0,1923.0,172.0,-11.1868594030121
331860,1347.0,1908.0,102.0,-4.93803231064425
260272,82.0,1224.0,72.0,-0.987805390062163
207057,1342.0,1890.0,177.0,-0.637595832556151
68981,48.0,1891.0,12.0,17.6111213451956
13373,544.0,1878.0,2.0,-1.37074667572204
390545,1877.0,677.0,111.0,1.22689028323317
437459,1906.0,136.0,116.0,-4.7934264661951
50827,164.0,1922.0,7.0,0.822248912416494
52467,163.0,1877.0,7.0,7.19163093335672
45070,1887.0,47.0,6.0,-5.89049756806751
188067,195.0,1431.0,175.0,11.1744079097044
390909,544.0,1911.0,111.0,9.67452526383065
5168,1888.0,677.0,1.0,1.29722504701131
271684,1914.0,1923.0,179.0,-0.529874332131343
51377,1920.0,1883.0,7.0,0.937792087688952
75150,604.0,1332.0,13.0,7.36884989576178
210947,14.0,146.0,178.0,2.24185820069307
340338,229.0,1559.0,103.0,5.50951507901022
330687,1921.0,1902.0,101.0,8.45491648836283
330436,48.0,1911.0,101.0,2.42893377067109
71774,1559.0,1914.0,13.0,3.69751151653195
49649,1904.0,1347.0,7.0,-1.61582433235716
334089,82.0,1881.0,102.0,-1.87729163806849
65505,1900.0,1911.0,12.0,5.37457191994522
46739,82.0,1891.0,6.0,-6.13411843687503
373919,47.0,17.0,109.0,-1.48949399943428
273047,1904.0,15.0,179.0,-5.77156168055243
229274,1889.0,17.0,58.0,1.62149847302168
238406,160.0,1886.0,60.0,0.25501462274659
217800,1559.0,1928.0,55.0,2.82338098770284
169361,1926.0,1880.0,51.0,0.162848659342696
192229,1887.0,1671.0,176.0,-0.829603729954071
202159,48.0,1925.0,54.0,3.51492671205554
222617,1430.0,1882.0,56.0,2.10644203645866
67420,1875.0,1883.0,12.0,-0.815967147278736
4524,1560.0,1907.0,1.0,4.64970024721057
109708,20.0,1917.0,45.0,-7.88033344628613
199791,85.0,15.0,54.0,3.74176135456512
214393,1898.0,1347.0,55.0,-12.0106136356021
54627,1909.0,1224.0,9.0,-2.1499344514589
195215,160.0,72.0,176.0,0.681964773190136
103522,604.0,788.0,173.0,14.199456884098
227820,83.0,1927.0,57.0,2.23835150212196
269998,14.0,11.0,74.0,0.0125627765427617
336075,164.0,1898.0,103.0,1.92881814688802
245527,544.0,1910.0,69.0,-5.11097590016431
629473,1893.0,1902.0,55.0,5.202713531434044
180323,163.0,101.0,53.0,5.50446089843334
249862,229.0,1904.0,70.0,-6.37472026375779
33051,1924.0,1918.0,166.0,2.10584333162536
206750,1906.0,1671.0,177.0,-9.82996865748017
268281,1878.0,11.0,74.0,-2.9064173527255
195634,83.0,1896.0,176.0,-5.21468774254216
285635,1919.0,1914.0,77.0,-0.638141615449135
220347,1912.0,11.0,56.0,-0.571597490371099
212403,1876.0,1560.0,178.0,0.562741746075806
346295,160.0,1925.0,104.0,-1.55311820553745
210931,1926.0,1901.0,178.0,-6.15826554497498
8104,1905.0,1882.0,1.0,3.84517086153038
198738,1899.0,1896.0,54.0,3.27908311809242
277940,1183.0,131.0,75.0,2.17608537669396
340586,604.0,83.0,103.0,-2.58491947770375
375619,48.0,1914.0,109.0,-6.85092605633231
343761,1902.0,948.0,104.0,0.747455764015024
5722,1920.0,1910.0,1.0,-20.946924383074
624421,1878.0,1902.0,69.0,-4.46407877063001
99433,1906.0,5.0,44.0,3.65685986504376
111725,1878.0,11.0,167.0,-1.3566642927668
195864,1926.0,1884.0,176.0,0.80460314977907
192098,1893.0,18.0,176.0,-1.50452164172882
333147,1880.0,47.0,102.0,3.54134845875542
267815,164.0,1916.0,74.0,6.97828197921071
412805,72.0,1922.0,114.0,2.94617649601587
263471,72.0,1912.0,73.0,0.0650746119225146
100752,1899.0,1927.0,173.0,0.0478437427846978
250578,655.0,748.0,70.0,5.3925349244505
278221,1885.0,1901.0,75.0,-1.03681506452102
104565,1915.0,147.0,173.0,11.9708874130051
32810,1925.0,1892.0,166.0,-2.97959109036596
237682,229.0,1891.0,60.0,1.70896801379116
182084,1901.0,1892.0,174.0,-0.429898462767713
111028,3.0,1332.0,167.0,-5.18293055015724
215053,1897.0,1224.0,55.0,-0.386082131892419
324938,163.0,83.0,100.0,-0.833500218286668
343251,1911.0,1917.0,104.0,-1.42294991759545
8073,1876.0,1927.0,1.0,-6.94617329897527
209891,1895.0,1903.0,178.0,-3.27721695998984
14441,1671.0,1882.0,3.0,-1.81147264145589
341484,1879.0,164.0,104.0,3.72759216061869
261996,1878.0,1917.0,73.0,-2.4335059775504
242414,27.0,1910.0,69.0,-14.3982970499618
50279,1894.0,1897.0,7.0,0.314682787073567
314514,1332.0,1912.0,186.0,-7.30649327456885
263901,229.0,1922.0,73.0,6.78515033772323
50442,47.0,1898.0,7.0,4.45158223946331
110695,1908.0,1914.0,167.0,-1.76826133391804
17754,163.0,1875.0,3.0,0.669068830177761
173501,150.0,1900.0,52.0,3.08713266077855
399955,48.0,1880.0,112.0,-5.30699025666508
247653,1559.0,1898.0,70.0,5.75003633842846
255006,544.0,544.0,71.0,-0.242393954570169
233460,48.0,677.0,58.0,-10.7339949669902
247052,150.0,1560.0,70.0,-4.05833794384656
216794,1905.0,1895.0,55.0,6.69992643185456
344752,20.0,1904.0,104.0,-4.19126734963091
274695,163.0,788.0,179.0,1.89928504463283
184170,1884.0,1894.0,174.0,0.0005663025106495
375354,3.0,18.0,109.0,4.0022068273043
321837,1904.0,1671.0,100.0,1.43967768053174
180086,1332.0,17.0,53.0,-3.00252139101396
13829,748.0,5.0,3.0,-6.15961852725597
301373,1431.0,1671.0,98.0,-2.62273201273958
255054,1877.0,1912.0,71.0,0.520679243718694
199931,1887.0,13.0,54.0,0.0488785816876768
75233,655.0,1671.0,13.0,7.69030166427206
223323,1885.0,1909.0,57.0,13.3035297790595
321297,1331.0,5.0,100.0,2.34201242333514
310476,1897.0,3.0,186.0,4.91606790300256
314502,1925.0,1927.0,186.0,-6.28373166951442
266016,27.0,1908.0,73.0,3.68862694185353
368065,1883.0,1560.0,180.0,-1.4981988366372
164733,83.0,1893.0,168.0,2.19942319702541
196848,1877.0,1878.0,176.0,-2.6697167498858
342004,1559.0,1914.0,104.0,-0.502696906000335
278515,748.0,1560.0,75.0,0.241040217240621
229959,948.0,1331.0,58.0,0.750822312743475
337302,47.0,1921.0,103.0,22.5917195106063
373796,1912.0,1887.0,109.0,2.21242949251831
57634,1905.0,1916.0,9.0,-4.06863438299497
314324,14.0,1888.0,186.0,3.20373872185433
322569,101.0,1431.0,100.0,4.18351498752838
260814,1919.0,1908.0,72.0,-2.5685030350303
340195,1876.0,1895.0,103.0,7.2027096687492
264475,229.0,1331.0,73.0,-15.4062308479185
228658,72.0,18.0,58.0,-1.15245779973801
437294,1919.0,1895.0,116.0,0.580106997830854
197562,85.0,1901.0,54.0,3.77563243024985
371369,83.0,136.0,180.0,-7.36753683113678
342700,146.0,1883.0,104.0,3.45189828097438
277772,1889.0,1910.0,75.0,10.0947240419209
280358,1905.0,1914.0,75.0,1.38921442426498
336902,788.0,1923.0,103.0,1.84199424737213
372778,164.0,131.0,109.0,0.877344930710934
30595,748.0,164.0,166.0,-3.45862591556647
373087,3.0,1347.0,109.0,0.892934951007776
358324,1431.0,1889.0,108.0,0.921404972688803
375890,544.0,1347.0,109.0,-0.199014490295924
248402,146.0,1910.0,70.0,0.912049893347518
43954,164.0,1331.0,6.0,-23.1445560624736
320106,1877.0,15.0,99.0,-5.90910075610273
46878,1925.0,150.0,6.0,13.0268189539634
34260,1430.0,1928.0,166.0,-2.92337635660815
253638,604.0,1922.0,71.0,0.256405824221235
212684,1896.0,1902.0,178.0,7.13753407108265
73439,1430.0,1923.0,13.0,-0.880081962833826
311644,1883.0,788.0,186.0,5.40126313072348
330764,1906.0,1902.0,101.0,0.720750325202571
163193,1902.0,1906.0,168.0,-0.146722679621305
260963,1559.0,1928.0,72.0,15.3884313557764
211293,229.0,1893.0,178.0,5.73462275448077
323109,1886.0,11.0,100.0,0.923757091164862
171444,147.0,1560.0,52.0,-0.513948655730911
100871,1887.0,1911.0,173.0,4.4460525012555
18561,27.0,1900.0,3.0,0.623842747133561
29444,1894.0,1882.0,166.0,3.23517028876806
70147,48.0,14.0,12.0,-3.26272734532322
14580,47.0,1896.0,3.0,2.05444379849606
359973,1925.0,1901.0,108.0,7.728261261922
53060,1342.0,748.0,7.0,-12.5452905274522
183855,1559.0,1883.0,174.0,1.89015199578695
213996,101.0,1882.0,55.0,3.54466764588221
10825,5.0,11.0,2.0,1.44218356355852
211156,27.0,1914.0,178.0,-2.41496391875346
68486,1920.0,1881.0,12.0,0.559271358307391
165803,27.0,1560.0,168.0,0.464944734939325
374139,1889.0,1918.0,109.0,-1.08128327180344
25088,1904.0,1897.0,4.0,-0.109320136985797
72521,1902.0,13.0,13.0,-2.33778069761177
372499,195.0,1890.0,109.0,5.23809178749957
9519,136.0,788.0,2.0,-0.445745225694534
400127,1332.0,1916.0,112.0,5.97381934458355
207101,27.0,85.0,177.0,8.07478941003131
304389,1920.0,748.0,98.0,2.20766941373506
247704,101.0,13.0,70.0,-0.522716140885021
399059,1895.0,5.0,112.0,-3.9129394134022
195330,48.0,1909.0,176.0,-3.90510657030594
316360,1889.0,1923.0,99.0,1.72874029417226
25650,948.0,1895.0,4.0,-1.48130197510812
230872,3.0,1347.0,58.0,-12.5560704859081
312011,948.0,164.0,186.0,1.20020146809044
233429,1337.0,1890.0,58.0,-29.5953723472468
74176,229.0,131.0,13.0,0.129543675371566
66194,85.0,1881.0,12.0,-6.00873540840738
166463,147.0,1927.0,51.0,1.35627086117595
7530,1924.0,1896.0,1.0,9.02929849861724
73683,27.0,1901.0,13.0,-4.52197805826241
69698,14.0,1559.0,12.0,-1.95454156930655
166811,150.0,1893.0,51.0,2.53219484487773
203457,677.0,788.0,177.0,-12.9308097240517
345487,1926.0,1224.0,104.0,3.8923921113508
15697,1917.0,15.0,3.0,-0.284881241215807
284049,150.0,13.0,77.0,-2.60649229948807
424529,1560.0,1889.0,115.0,-1.22074116855215
215229,195.0,1910.0,55.0,-0.312201583166047
331144,1905.0,1887.0,102.0,5.64424937793473
108869,14.0,1880.0,45.0,-0.639920786179324
168484,1183.0,195.0,51.0,-1.02884306245673
237809,1332.0,18.0,60.0,-3.06933496933379
186915,1902.0,788.0,175.0,-1.16882980465589
189682,1919.0,788.0,175.0,-0.0662946013859451
55792,1881.0,1671.0,9.0,-3.4304914256072
182663,1898.0,1907.0,174.0,-4.01671203866736
220084,948.0,1912.0,56.0,15.6424412177158
194813,229.0,160.0,176.0,0.267746924453254
114069,83.0,11.0,167.0,-3.89551386889883
30712,1900.0,1918.0,166.0,-3.29280505635607
331162,948.0,1332.0,102.0,-1.25398422082988
173348,948.0,1913.0,52.0,-3.02500184683077
106375,195.0,5.0,45.0,-2.27267975348011
74632,1337.0,5.0,13.0,-0.144006650057448
215487,604.0,1899.0,55.0,3.62455093106114
15444,1894.0,150.0,3.0,-4.82537977960596
161104,146.0,1904.0,168.0,-5.71116135586585
434823,1671.0,1927.0,116.0,3.68698954719939
329281,27.0,1891.0,101.0,5.41010156590542
274278,150.0,1916.0,179.0,-1.8158373009823
213166,1671.0,5.0,55.0,5.07604290499862
43720,1887.0,1883.0,6.0,1.94971570640235
246013,164.0,1898.0,70.0,5.80062122080944
373992,150.0,1671.0,109.0,4.87277752398209
343120,150.0,1671.0,104.0,0.402902784560121
101180,47.0,1907.0,173.0,-24.0175847588496
26325,1224.0,1882.0,4.0,4.06852467625126
97048,120.0,1898.0,44.0,-4.400921351457
109934,27.0,748.0,45.0,-1.25879471049722
32041,1920.0,1883.0,166.0,-1.22440610386809
8503,1342.0,15.0,1.0,15.5152059253957
414181,72.0,18.0,114.0,-2.32808801205483
195639,1342.0,131.0,176.0,4.08516437930861
322255,136.0,11.0,100.0,0.72279413852129
261363,164.0,1347.0,73.0,-0.756027480431487
12153,1332.0,1914.0,2.0,-1.42216822359022
216400,655.0,1892.0,55.0,2.29950397535448
72186,948.0,1883.0,13.0,5.29758414031554
199251,101.0,1897.0,54.0,0.182765666396391
257382,1331.0,1892.0,72.0,-9.86755270043208
172268,1878.0,1923.0,52.0,2.69550869069748
18666,1342.0,15.0,3.0,-10.551251239668
168295,146.0,5.0,51.0,-2.89915883764072
215004,1908.0,1892.0,55.0,3.24063901342506
33122,1332.0,1348.0,166.0,-4.15682956621506
344788,1920.0,146.0,104.0,0.174631943556007
341922,1897.0,1893.0,104.0,3.76200926783332
11902,655.0,1881.0,2.0,1.42880889346505
104208,1925.0,17.0,173.0,-1.54810145358114
302896,1913.0,1907.0,98.0,5.72287345838857
241634,1332.0,1347.0,69.0,-4.02072979699481
239005,604.0,1928.0,60.0,3.26119635622346
330684,1560.0,1902.0,101.0,0.367398270914357
75155,229.0,1332.0,13.0,1.64332087061313
71658,11.0,1890.0,13.0,0.652998592350934
211291,1342.0,17.0,178.0,0.246781595660718
101806,1347.0,147.0,173.0,-0.232821855568803
230266,1903.0,1907.0,58.0,3.19742703712689
201996,604.0,1882.0,54.0,-4.96555031285978
423409,1896.0,72.0,115.0,0.518788913301677
304687,82.0,1922.0,98.0,0.219841675054488
113742,1337.0,229.0,167.0,-10.3977651643175
227281,604.0,27.0,57.0,-0.485700909118411
178303,1910.0,1921.0,53.0,3.79095858621085
203410,136.0,1348.0,177.0,-3.44649239591675
221302,1332.0,195.0,56.0,4.51736827115649
205284,1925.0,1907.0,177.0,-11.8649898293915
336383,1183.0,1899.0,103.0,-8.93246043732531
100233,1924.0,677.0,44.0,6.4212753736311
214796,85.0,748.0,55.0,0.279416259252536
335702,160.0,1882.0,102.0,1.00682848529807
114357,1919.0,544.0,167.0,3.81516620732774
8237,655.0,748.0,1.0,8.08612665670389
206954,48.0,948.0,177.0,7.42921560453888
54561,1885.0,13.0,9.0,3.34894016082539
177591,1347.0,1183.0,53.0,-1.10498666401154
194061,3.0,1332.0,176.0,-2.31176359258953
369676,748.0,1911.0,180.0,4.37947991547453
69302,1876.0,5.0,12.0,0.235729918160397
160939,1183.0,85.0,168.0,1.10564222291477
87269,1886.0,1923.0,172.0,-1.50250024333664
336528,1875.0,1899.0,103.0,-4.52812669650151
387885,85.0,120.0,111.0,5.3179141359205
257638,1896.0,1671.0,72.0,0.681759848793785
176014,1920.0,1900.0,52.0,-3.07176836308867
433292,1916.0,131.0,116.0,11.1936013048636
221705,1905.0,1431.0,56.0,2.60892354681591
398963,20.0,1887.0,112.0,-0.536808268020144
194696,1183.0,1922.0,176.0,1.42217426369303
426490,604.0,1347.0,115.0,-1.22055107304597
107109,1893.0,13.0,45.0,3.9273053918166
70700,101.0,1886.0,13.0,-1.08141802039745
357752,1898.0,1907.0,108.0,-5.90241444725557
200107,1877.0,1907.0,54.0,3.62217144609008
372352,1899.0,147.0,109.0,4.00289665982649
193981,1909.0,1883.0,176.0,0.361595256405271
64681,3.0,677.0,10.0,-1.54549362843756
359541,163.0,1907.0,108.0,-5.72516935172883
373693,1912.0,1901.0,109.0,5.07784295118433
226452,1926.0,164.0,57.0,-0.013346530423833
247955,1893.0,1918.0,70.0,1.05807456039644
5590,1342.0,788.0,1.0,2.11773948961458
316455,948.0,1906.0,99.0,5.20429388181591
397866,1431.0,1886.0,112.0,1.65748032593057
4718,101.0,136.0,1.0,0.903056245588648
283245,85.0,47.0,77.0,5.52519697030167
204662,1903.0,1922.0,177.0,3.28554346998039
285781,604.0,1893.0,77.0,4.82312216721183
417062,1924.0,136.0,114.0,-7.64085631360989
33849,1905.0,1903.0,166.0,-0.42140600849395
273733,1889.0,1431.0,179.0,1.02057780389292
280846,544.0,1877.0,75.0,8.8526231189305
255589,20.0,1922.0,71.0,-6.48850306533636
425569,1902.0,1337.0,115.0,-0.388100186440512
10918,72.0,1907.0,2.0,-1.7807076558601
414236,1909.0,1224.0,114.0,-3.01553221623492
317765,1885.0,18.0,99.0,0.57896682500059
396696,5.0,1921.0,112.0,-0.23470370299398
170050,1919.0,1889.0,51.0,-2.6561643560751
323916,1919.0,1885.0,100.0,0.901023155864206
396730,47.0,1883.0,112.0,-1.47326729590002
103792,1920.0,1885.0,173.0,1.34990764148641
285246,1925.0,72.0,77.0,1.47476316932283
112198,147.0,1909.0,167.0,7.52477583112055
162052,1896.0,1901.0,168.0,0.0061196583996655
206729,655.0,1920.0,177.0,-0.731156461707867
319112,1905.0,18.0,99.0,2.22314036405261
24355,1903.0,15.0,4.0,0.699787533056608
280804,604.0,1879.0,75.0,-4.10037466855046
13189,27.0,1882.0,2.0,2.90211352330769
341006,160.0,14.0,103.0,-1.19175549161869
359384,163.0,85.0,108.0,2.05577745027743
10799,1916.0,788.0,2.0,-1.98401501987551
263718,72.0,1347.0,73.0,0.688869170868948
87987,1183.0,17.0,172.0,0.386657289243195
187994,136.0,11.0,175.0,-1.5843518270689
44130,1347.0,1911.0,6.0,1.55513598566102
367780,677.0,1927.0,180.0,-6.28713413401145
276153,655.0,83.0,179.0,3.30863875981692
331351,1879.0,150.0,102.0,3.97390581441236
259813,48.0,1905.0,72.0,-3.85469123943647
268302,1895.0,1348.0,74.0,-1.54162474125045
300854,1912.0,1882.0,98.0,0.537653528637883
230931,1560.0,18.0,58.0,-0.197828001340832
177278,72.0,748.0,53.0,-6.37048864194027
261679,1893.0,1882.0,73.0,0.015691681821874
368613,1917.0,1923.0,180.0,-3.48442776791145
53019,1876.0,1882.0,7.0,4.70288540809723
45778,1907.0,11.0,6.0,0.150452469771558
283307,147.0,47.0,77.0,10.3689071824039
221167,1876.0,1907.0,56.0,-3.20154443235282
218779,146.0,1890.0,56.0,20.4598070985907
69928,1876.0,1337.0,12.0,6.32323479090769
201464,1877.0,147.0,54.0,1.80978106046413
370248,604.0,1887.0,180.0,2.76079832541344
203847,1888.0,677.0,177.0,2.73524898824487
31242,1889.0,1904.0,166.0,-5.07316944832133
200820,1915.0,1431.0,54.0,2.27067484429618
375097,48.0,1908.0,109.0,-5.04305822168335
165380,27.0,1671.0,168.0,-17.5184329612904
10739,1896.0,1892.0,2.0,-2.88783906140907
312008,1904.0,11.0,186.0,2.92399244566271
88061,1888.0,195.0,172.0,-0.882940663615453
201071,1905.0,1889.0,54.0,-4.56362069041439
190566,229.0,17.0,175.0,-4.48137394025388
67139,1896.0,1224.0,12.0,-3.94722284190965
68834,1926.0,131.0,12.0,-3.0705394979226
51475,1926.0,82.0,7.0,8.65911592614266
331125,1902.0,1907.0,102.0,2.27430533062096
314021,1332.0,1889.0,186.0,-3.41735576500898
179175,1889.0,15.0,53.0,1.98484087793726
269861,229.0,163.0,74.0,8.90991203726115
113959,1876.0,131.0,167.0,12.9425473264499
255269,160.0,136.0,71.0,-1.64794056035313
338219,1879.0,1922.0,103.0,-5.5631298437435
340345,1915.0,136.0,103.0,-2.5917768198596
184959,544.0,1916.0,174.0,9.26365164362193
26424,1875.0,1884.0,4.0,-1.04613432008598
423779,748.0,1882.0,115.0,0.810994573755019
322834,748.0,788.0,100.0,3.95772242897961
370309,1342.0,1880.0,180.0,-7.97887317784659
223974,1903.0,1901.0,57.0,-3.37099159406594
261714,20.0,150.0,73.0,2.6797632012789
31058,948.0,15.0,166.0,-2.61782934499477
415672,1877.0,195.0,114.0,4.25808089126516
330332,48.0,1900.0,101.0,8.51159345928815
105423,1921.0,1902.0,173.0,4.20861633094558
323290,1905.0,788.0,100.0,-2.4460700110633
227438,14.0,13.0,57.0,2.96881518723175
389053,604.0,85.0,111.0,2.23346141444043
255640,1430.0,1560.0,71.0,-0.595335309007731
9607,15.0,17.0,2.0,-2.64726428419974
221265,1920.0,164.0,56.0,1.83030340070121
359322,1898.0,1914.0,108.0,2.79056069883685
266106,1560.0,1928.0,73.0,-4.12710927938596
205763,27.0,1916.0,177.0,-2.8794409838501
202071,1877.0,1337.0,54.0,-2.10893172290059
174791,1430.0,1904.0,52.0,-3.84366670711098
427901,1876.0,1928.0,115.0,5.94799328425238
113024,1895.0,1892.0,167.0,1.31739451824222
46540,160.0,1331.0,6.0,-18.8150603116936
426304,1430.0,1904.0,115.0,3.04486638591191
246448,1880.0,1331.0,70.0,-3.10921553741684
235961,1348.0,1921.0,60.0,-0.189941127147462
360146,544.0,1431.0,108.0,12.5057434146135
213469,1894.0,150.0,55.0,4.87248294090494
50737,1878.0,1891.0,7.0,4.6584680007328
50469,1183.0,1907.0,7.0,3.18148739382677
250136,1905.0,20.0,70.0,2.5270110069586
174162,229.0,85.0,52.0,-2.19454478605656
201480,1337.0,1224.0,54.0,-1.66850066123626
226497,229.0,1880.0,57.0,-3.77019801682178
242900,1900.0,1331.0,69.0,-2.18596839085656
234237,120.0,1348.0,60.0,2.55021662862917
95407,1898.0,1900.0,44.0,-7.82596384063208
163438,136.0,1348.0,168.0,-2.15349684023426
424013,1903.0,1671.0,115.0,1.87766786435674
225246,748.0,131.0,57.0,-0.0955756621762578
103813,48.0,1914.0,173.0,6.22747377854101
368043,1909.0,1923.0,180.0,-1.19967581173367
25531,1183.0,18.0,4.0,0.957595967144424
247571,748.0,1912.0,70.0,1.65619042145143
199516,1903.0,1348.0,54.0,2.9957563346073
7672,229.0,1348.0,1.0,1.52666378524379
162551,101.0,1908.0,168.0,-5.53228276343316
331627,164.0,1892.0,102.0,-3.8412570115344
328986,48.0,1916.0,101.0,2.55821429186973
360937,229.0,1430.0,108.0,-3.95708033880532
230360,83.0,1910.0,58.0,-2.90302777301712
33445,163.0,147.0,166.0,-0.590676177846116
74247,1906.0,677.0,13.0,1.53899540409008
437912,1920.0,1921.0,116.0,-22.7767482789404
266042,604.0,1910.0,73.0,-0.538143725581887
161507,1907.0,1892.0,168.0,0.79385792474557
164495,27.0,1914.0,168.0,7.03108707888229
102115,47.0,1917.0,173.0,-17.0265126721409
423232,1881.0,1916.0,115.0,5.59286354616845
242688,17.0,1923.0,69.0,-0.409042730945162
168543,948.0,1915.0,51.0,0.459081692441884
229331,47.0,1910.0,58.0,11.6819137465489
252882,1875.0,147.0,71.0,8.26421233813091
258833,544.0,1907.0,72.0,-14.1267056948958
46653,544.0,604.0,6.0,2.76361250126709
338630,948.0,1925.0,103.0,16.9170500970373
187757,13.0,1890.0,175.0,0.867280494118743
14446,1887.0,18.0,3.0,-6.16709165366954
424429,1908.0,1907.0,115.0,0.996978782878504
267415,1898.0,1922.0,74.0,-7.50884114791933
310423,1898.0,1911.0,186.0,2.39667418989825
301571,1894.0,1890.0,98.0,1.80357729068678
162448,1902.0,1882.0,168.0,0.0520927064556607
112712,1882.0,131.0,167.0,3.90338441312452
318904,604.0,5.0,99.0,2.64164315587436
205385,20.0,1883.0,177.0,-6.74155150282974
201801,1877.0,1900.0,54.0,-3.23336156784832
369003,1884.0,1895.0,180.0,0.808011766075876
337022,1880.0,85.0,103.0,-0.0524935211630179
193741,1902.0,1922.0,176.0,0.483442686127663
184587,1430.0,1183.0,174.0,-1.2951992334373
26438,1347.0,1907.0,4.0,-2.11380225818916
425367,1891.0,1922.0,115.0,4.63308874532946
336536,1881.0,13.0,103.0,7.29251773997887
53104,604.0,748.0,7.0,1.67622674346253
223814,1909.0,1922.0,57.0,3.16354862241529
275628,1924.0,1915.0,179.0,-3.72903003982097
174315,1925.0,1883.0,52.0,-11.0251376691796
10637,1894.0,1348.0,2.0,4.46373382295782
334916,1342.0,1879.0,102.0,5.48807758435284
201360,1906.0,1918.0,54.0,0.285734032091545
230087,1879.0,1909.0,58.0,5.84365618157544
44911,1331.0,1922.0,6.0,-5.3214899816922
316635,1885.0,47.0,99.0,12.8448008884714
9774,1332.0,1910.0,2.0,-0.986290712774404
16382,1904.0,1911.0,3.0,-5.36017989364229
360919,948.0,147.0,108.0,8.70178573093841
98106,1431.0,5.0,44.0,-12.8669900339539
178879,101.0,1560.0,53.0,4.10121076354802
228423,229.0,1928.0,57.0,-1.47321587633058
97737,1331.0,1224.0,44.0,-2.47239227841789
323234,1924.0,160.0,100.0,-3.25520657220593
13098,1920.0,136.0,2.0,-0.518155503814166
105120,1919.0,1337.0,173.0,-0.202846349585033
233337,1926.0,1911.0,58.0,-4.26597546684342
164984,1337.0,5.0,168.0,0.125349273771697
376450,1332.0,13.0,109.0,1.24677592896023
302863,27.0,1901.0,98.0,-0.401301831470728
111487,1911.0,17.0,167.0,-0.438225032613965
257098,1431.0,1671.0,72.0,1.32252166319862
202382,1885.0,11.0,177.0,0.324121016206841
214202,72.0,1224.0,55.0,-4.31472961250341
235168,1875.0,1885.0,60.0,-0.646086325504023
95448,85.0,1331.0,44.0,1.02783905782926
303731,1924.0,1896.0,98.0,6.12799865598496
198104,948.0,163.0,54.0,-1.21929695757392
259583,27.0,1896.0,72.0,-8.00551611621098
255758,1876.0,1921.0,71.0,2.20678676558298
303330,20.0,101.0,98.0,13.4265463775522
50729,136.0,748.0,7.0,8.19125921698321
284858,604.0,1899.0,77.0,-1.30863083872741
398083,1893.0,1908.0,112.0,8.46269713737411
109774,160.0,1927.0,45.0,15.6665967478047
258322,1899.0,1887.0,72.0,0.235019596996757
209757,1885.0,1909.0,178.0,16.3552320287379
338062,1911.0,1917.0,103.0,2.56275380557527
200219,1342.0,788.0,54.0,-8.36344504492556
332214,1896.0,1348.0,102.0,-1.64388909009101
303405,1905.0,1431.0,98.0,-0.445643219282756
32333,1924.0,164.0,166.0,3.67808732422858
200304,27.0,1901.0,54.0,-3.01727088337474
68322,1915.0,1901.0,12.0,1.57367349339728
203286,1886.0,1917.0,177.0,-0.939766039138862
369560,1878.0,1884.0,180.0,1.59789877644054
104371,48.0,1905.0,173.0,6.27253288263632
216812,27.0,1895.0,55.0,3.20398571478956
304932,1430.0,1902.0,98.0,3.11543749232861
192754,1183.0,1882.0,176.0,1.54913291132255
165703,48.0,1911.0,168.0,5.84006437071776
417709,1224.0,1928.0,114.0,5.22977781647823
50552,1559.0,47.0,7.0,-1.37161850748831
278834,1884.0,1923.0,75.0,5.55340737829852
10977,11.0,1921.0,2.0,1.18215966490777
281912,1894.0,1928.0,75.0,5.8380417117345
168989,1905.0,1923.0,51.0,-2.20942465562104
248080,1909.0,5.0,70.0,-3.63791472110493
282591,1892.0,1921.0,77.0,3.44328141490443
415308,1183.0,1224.0,114.0,-0.823415317075891
312833,1903.0,1914.0,186.0,-10.4137514568683
169386,1913.0,146.0,51.0,-0.662561319226937
369031,1908.0,1914.0,180.0,-5.10789888626823
332225,1878.0,1918.0,102.0,-2.16058243567811
248167,14.0,1347.0,70.0,-5.34427105351007
360229,160.0,1347.0,108.0,-0.049589561163522
276742,1915.0,1902.0,179.0,-5.9689849666088
285517,14.0,131.0,77.0,-0.0323737591439461
106487,1183.0,1224.0,45.0,0.847137724587822
111399,1886.0,1918.0,167.0,-2.34310671540263
229630,85.0,13.0,58.0,6.35065297406603
95826,1183.0,147.0,44.0,-2.99154144405152
85918,120.0,1882.0,172.0,1.32441120242745
198710,72.0,1927.0,54.0,-0.0093158115130139
256500,1881.0,1224.0,72.0,2.80281609246833
284512,1914.0,1921.0,77.0,2.92100654429267
170506,1926.0,1927.0,51.0,-2.6789887819044
357463,1903.0,1911.0,108.0,-2.83979456118097
223851,677.0,1890.0,57.0,3.42891358395841
104251,83.0,1893.0,173.0,15.5228228855575
109740,20.0,120.0,45.0,-3.58412465298513
115077,1877.0,27.0,167.0,-0.736788762590702
62779,160.0,1883.0,10.0,-0.296017109888745
11036,1886.0,18.0,2.0,4.2508557187954
280634,604.0,1895.0,75.0,0.58055495824168
189676,82.0,677.0,175.0,-1.65067687533819
325845,1892.0,1918.0,101.0,-1.03699636448681
237547,27.0,1891.0,60.0,0.315068169166206
232321,163.0,1893.0,58.0,17.954702229558
200345,1919.0,1881.0,54.0,-3.42258325972736
250082,1906.0,13.0,70.0,4.53152557931817
68515,655.0,1909.0,12.0,16.8219345708247
61063,1884.0,1898.0,10.0,-5.48309660232948
191287,1915.0,1559.0,175.0,-4.00676127143367
283001,1889.0,677.0,77.0,-1.86235210330689
438243,1915.0,1928.0,116.0,-4.46444848287343
43301,1883.0,1881.0,6.0,-0.810490881716753
205216,1876.0,14.0,177.0,9.96653477787679
190102,14.0,229.0,175.0,0.775547080189074
44184,82.0,150.0,6.0,5.64518824042252
86176,131.0,1890.0,172.0,-0.623808680623606
165569,604.0,948.0,168.0,5.69672323406325
11090,1224.0,1923.0,2.0,0.0519460222769697
63109,1430.0,229.0,10.0,-0.981779261525301
336199,1347.0,5.0,103.0,5.53564468214465
372555,1914.0,1892.0,109.0,1.21632215787903
113100,1875.0,47.0,167.0,-5.46255832691006
114127,20.0,1891.0,167.0,-16.0440259604006
211057,655.0,163.0,178.0,10.7447675022314
191995,1927.0,1902.0,175.0,-11.5763978386834
7709,1877.0,1224.0,1.0,-0.231322168426061
624475,1671.0,1902.0,52.0,0.1947163639854805
225743,1882.0,1921.0,57.0,0.575958201177802
329837,20.0,1918.0,101.0,-1.90441649383088
216553,1332.0,544.0,55.0,1.75447114522608
49768,1886.0,1908.0,7.0,1.74404598259282
194637,1904.0,1331.0,176.0,2.02333883306934
433680,47.0,1912.0,116.0,2.21271391320931
29091,85.0,1928.0,4.0,-7.14785247926928
169207,3.0,18.0,51.0,0.620466798176918
67510,1897.0,14.0,12.0,-0.613602996748324
325764,1431.0,1923.0,101.0,4.81659368047744
101398,1886.0,1892.0,173.0,-1.84173268438342
86258,1916.0,15.0,172.0,-2.35176073860694
18681,604.0,1910.0,3.0,-1.29163759531813
198683,3.0,1911.0,54.0,1.10810741949008
338113,1560.0,5.0,103.0,-0.547456276651211
12459,229.0,20.0,2.0,-4.47795905393272
192305,85.0,1348.0,176.0,-1.01298027415767
273399,1898.0,195.0,179.0,-0.761219069426064
338839,1331.0,15.0,103.0,-8.5834823982848
188676,1880.0,11.0,175.0,0.639595502213401
423864,1885.0,1912.0,115.0,8.63340102124763
252930,1891.0,1331.0,71.0,-3.7129880366987
180325,1877.0,1893.0,53.0,0.544429954897859
51151,164.0,1890.0,7.0,2.20023405403396
204895,1897.0,1913.0,177.0,4.86305624163127
25100,146.0,18.0,4.0,0.81018951534455
280301,1926.0,146.0,75.0,10.6382383271487
225116,1887.0,1348.0,57.0,-4.43939119978162
361456,20.0,1890.0,108.0,-11.2973558360682
18606,20.0,1908.0,3.0,-4.75089722786314
191628,1430.0,1922.0,175.0,-0.539372515037979
202474,72.0,150.0,177.0,-3.02926024701078
278913,1911.0,18.0,75.0,6.98539307331815
217558,655.0,1906.0,55.0,1.37487194680484
196603,1430.0,1882.0,176.0,0.0580437971051625
417469,1915.0,1876.0,114.0,1.85343814335452
275645,1924.0,1879.0,179.0,12.2098705048758
15899,1885.0,1911.0,3.0,5.35032072749904
275969,1342.0,147.0,179.0,15.6322163735477
414442,27.0,1911.0,114.0,1.95794569544193
217328,82.0,1430.0,55.0,-2.43009420754174
322143,101.0,1922.0,100.0,-2.01320711423996
639581,1879.0,1902.0,99.0,0.776950380508248
208930,136.0,72.0,178.0,-4.18181141858471
368748,72.0,1927.0,180.0,-7.33996722402652
320867,1901.0,1927.0,100.0,0.49072082621011
213764,1224.0,1923.0,55.0,0.340485863863155
12770,1905.0,13.0,2.0,2.37953696910552
337386,120.0,18.0,103.0,-4.82907653580084
173288,136.0,1899.0,52.0,1.17546081216197
47657,1920.0,1886.0,6.0,-0.746127057711878
224259,1183.0,120.0,57.0,-4.56160972049384
209785,1879.0,1889.0,178.0,-7.30628790158041
370589,1905.0,17.0,180.0,-13.7929834960646
166841,1880.0,1922.0,51.0,-0.45398377116716
179305,229.0,160.0,53.0,-0.658015339824453
169391,163.0,1880.0,51.0,3.47436787704114
63715,14.0,1879.0,10.0,17.5624412213656
170471,1919.0,1430.0,51.0,5.82296792947365
318178,160.0,1883.0,99.0,-7.42110372628394
260543,655.0,1671.0,72.0,4.59257960434975
85840,1183.0,147.0,172.0,2.96833826199009
389485,544.0,1909.0,111.0,-4.96049115667564
275437,3.0,11.0,179.0,1.22156947175893
57679,27.0,131.0,9.0,-0.0868850796845306
283488,150.0,1900.0,77.0,3.24803347326687
265555,48.0,136.0,73.0,0.882277562266361
211469,1906.0,1889.0,178.0,-12.5543119963233
246112,1895.0,788.0,70.0,-0.128191732806352
109017,1915.0,17.0,45.0,-4.43103899024122
315576,164.0,1922.0,99.0,4.29204901224981
425287,101.0,1671.0,115.0,-3.29637609071802
85618,1897.0,1331.0,172.0,-1.3972106316686
186372,83.0,15.0,174.0,7.29520762951134
218540,1894.0,1882.0,56.0,-1.39985275517252
189537,136.0,15.0,175.0,-4.05019511435112
26820,1877.0,1883.0,4.0,1.48490185257317
164343,1337.0,1880.0,168.0,-4.70139833461537
331398,1559.0,146.0,102.0,1.32764186698093
223345,1878.0,164.0,57.0,3.18873054927492
242981,1884.0,17.0,69.0,-1.15064161814514
414322,1904.0,11.0,114.0,-2.99415540595949
65852,1885.0,1922.0,12.0,6.66704455726103
371531,163.0,83.0,180.0,1.90568060478804
218074,13.0,15.0,56.0,-6.0934874542736
324517,1926.0,27.0,100.0,3.94475826070028
199614,72.0,1908.0,54.0,-25.1094001015369
237856,1926.0,1905.0,60.0,0.040880967575739
4734,1183.0,1890.0,1.0,-6.37034618483796
343231,1348.0,1914.0,104.0,-4.24142753040893
13135,163.0,1342.0,2.0,3.43079828709714
34193,1881.0,1902.0,166.0,-2.62441330974711
170643,160.0,83.0,51.0,2.8630870788459
185776,1925.0,1348.0,174.0,0.0316786711557081
232224,27.0,1904.0,58.0,-14.8551237712057
220912,14.0,1923.0,56.0,-0.44824396448078
45921,27.0,47.0,6.0,-6.30335418924884
163903,1920.0,1919.0,168.0,-1.79553198360383
3554,1183.0,1878.0,1.0,-6.12332935667956
389013,1886.0,1897.0,111.0,-3.40668620670869
26010,1906.0,1911.0,4.0,4.83675155448246
188241,1911.0,1224.0,175.0,-2.10191319382634
211608,1342.0,1896.0,178.0,3.12544156089112
434607,1899.0,1224.0,116.0,-0.611367620201383
101463,1559.0,1914.0,173.0,-1.58809750467601
369961,1332.0,1894.0,180.0,-3.83810666360485
242233,11.0,1910.0,69.0,3.03926213026309
180337,1906.0,1893.0,53.0,5.8241279431818
225694,101.0,131.0,57.0,-17.8830181189215
270837,1926.0,120.0,74.0,-3.05091683153261
321759,748.0,1896.0,100.0,3.29567047276651
311327,1889.0,1910.0,186.0,-1.17633403713493
112668,85.0,1560.0,167.0,0.868156140693157
49748,1899.0,1348.0,7.0,-1.86464709378342
316586,1331.0,1894.0,99.0,-0.253157282498441
243285,146.0,13.0,69.0,0.389441774357584
25418,18.0,1910.0,4.0,1.78006398163353
337255,147.0,1881.0,103.0,-5.42023906138632
48638,1895.0,1890.0,7.0,6.55793864385448
242251,136.0,1899.0,69.0,-5.99180630244497
199165,1909.0,131.0,54.0,1.05332901390697
183199,1879.0,146.0,174.0,-3.09257049801091
112453,1431.0,18.0,167.0,3.50028028715224
337678,1909.0,1901.0,103.0,-5.82821173420565
326877,948.0,1875.0,101.0,1.21017602723239
243091,1347.0,147.0,69.0,2.26825223436116
11482,1915.0,14.0,2.0,-7.752997868336
247117,101.0,1331.0,70.0,-0.677141997047923
318163,1430.0,1875.0,99.0,0.530764325689625
246571,1224.0,1917.0,70.0,-1.60172313386805
15184,1907.0,788.0,3.0,10.6382178018664
9656,1908.0,1914.0,2.0,1.74412880586687
176049,1926.0,748.0,52.0,-9.51201050584931
250431,1877.0,83.0,70.0,-0.0782680442520993
376817,1924.0,1342.0,109.0,3.44413079592244
230925,1887.0,1894.0,58.0,-4.32876194181071
5029,1877.0,1332.0,1.0,-3.80744118274237
435287,163.0,150.0,116.0,3.99765409188144
232324,1926.0,1891.0,58.0,-2.36202219875183
286447,604.0,1888.0,77.0,6.13332766966566
310202,85.0,1895.0,186.0,4.40417754592324
398965,748.0,1912.0,112.0,2.32452803277911
175681,1919.0,1224.0,52.0,-1.13039179269098
400452,655.0,17.0,112.0,1.73970440261354
181760,1886.0,164.0,174.0,-4.91230024321267
284727,1883.0,1911.0,77.0,0.903738178436872
73067,1893.0,1331.0,13.0,-0.0756719928410879
109751,1876.0,1886.0,45.0,0.823662713726918
198216,1895.0,1890.0,54.0,0.76008436713607
242076,1331.0,1910.0,69.0,8.27031417605259
10223,15.0,18.0,2.0,-2.34626547112097
317354,1894.0,1912.0,99.0,-0.0592784227858659
228983,1899.0,195.0,58.0,-1.47403689604916
226707,27.0,1916.0,57.0,5.81034014067938
45312,1902.0,1896.0,6.0,-0.566457760034714
13455,83.0,1908.0,2.0,-0.954179353778024
240934,85.0,147.0,69.0,0.311759741467598
316540,1895.0,1904.0,99.0,-1.68857300717306
17299,27.0,1914.0,3.0,0.333381380761941
244642,1905.0,1895.0,69.0,4.37326571897341
369523,1880.0,1923.0,180.0,-0.736662126018384
103486,163.0,788.0,173.0,-15.0373094219032
319935,1337.0,15.0,99.0,-5.90161852119816
320544,13.0,17.0,100.0,-3.0712014678998
6434,20.0,1923.0,1.0,-1.30782439215947
219800,1879.0,1892.0,56.0,-1.32295260851513
96028,1899.0,1900.0,44.0,-9.62005765009397
314839,20.0,1903.0,186.0,-7.90862475561447
102904,1895.0,11.0,173.0,-0.223045855625602
369057,1884.0,1907.0,180.0,7.43722634260012
412951,1899.0,677.0,114.0,-2.60303283650416
318502,1332.0,195.0,99.0,-4.40728518726626
285507,27.0,1916.0,77.0,13.5678492905448
325339,1332.0,1890.0,100.0,-1.83599591751329
399454,13.0,1927.0,112.0,5.99865712180004
214492,948.0,195.0,55.0,0.515101195753897
273366,1875.0,15.0,179.0,3.85499528434549
67113,72.0,1908.0,12.0,1.08247344822102
300283,1875.0,1895.0,98.0,0.824851320635882
251726,1886.0,1897.0,71.0,-2.22741412078471
241056,1900.0,1917.0,69.0,0.891895030987506
274203,1879.0,15.0,179.0,2.41392468712791
359608,48.0,195.0,108.0,-0.462383414438549
90321,1883.0,1928.0,172.0,-10.9781461998947
85905,1893.0,1348.0,172.0,0.222367439554485
328887,27.0,229.0,101.0,8.33017596254029
161154,1902.0,5.0,168.0,-0.740991522591779
389424,655.0,164.0,111.0,1.07873187124483
109176,1926.0,17.0,45.0,-0.208441339687144
319266,82.0,1895.0,99.0,0.367198881526929
70990,1883.0,1923.0,13.0,2.73604796738992
260586,3.0,1671.0,72.0,-8.30067493244361
253960,20.0,1881.0,71.0,-6.42377465077184
423665,1903.0,1916.0,115.0,5.06749920735377
7355,1877.0,11.0,1.0,7.28011208460769
647783,1883.0,1902.0,115.0,1.167604799261489
223399,1893.0,18.0,57.0,-9.05685040846572
48196,15.0,1928.0,6.0,2.83416625986932
192412,1895.0,17.0,176.0,-1.61986134753098
345713,82.0,120.0,104.0,0.701323796694534
281709,1915.0,1890.0,75.0,-4.87284416282661
86033,1918.0,1923.0,172.0,-1.63059008661464
98370,160.0,82.0,44.0,6.63089833088045
208782,5.0,1922.0,178.0,1.94251745459146
340814,1905.0,1337.0,103.0,-1.31774910863663
54185,1887.0,1923.0,9.0,0.310134746728665
86914,1885.0,1910.0,172.0,-3.84188649352689
216948,1876.0,1888.0,55.0,-6.04143745918989
265100,229.0,1879.0,73.0,1.81037316404077
314204,27.0,1905.0,186.0,0.981489787139258
189671,1876.0,788.0,175.0,-7.87150501499955
209679,1889.0,17.0,178.0,1.12269152094069
400415,160.0,5.0,112.0,11.2327836016037
259799,1924.0,1918.0,72.0,10.3700315569356
357623,195.0,1914.0,108.0,-1.64758155724551
277186,1898.0,1921.0,75.0,-0.458741399775231
206533,1924.0,1224.0,177.0,6.77942016574102
112423,131.0,677.0,167.0,-2.43681594464243
24303,1888.0,1331.0,4.0,2.02786149225863
222783,1342.0,1878.0,56.0,-6.90250537916589
181295,604.0,1878.0,53.0,-0.66467425564209
61225,136.0,1912.0,10.0,-2.37025901360138
417132,27.0,1927.0,114.0,-3.59494058888245
256348,1891.0,1881.0,72.0,1.83264236263969
341780,1348.0,1918.0,104.0,0.674245122689645
423785,14.0,1898.0,115.0,2.23081441516427
191348,1906.0,748.0,175.0,5.29940689206653
164932,3.0,13.0,168.0,-1.10485206543459
369728,1888.0,195.0,180.0,-1.67246171757036
376946,604.0,748.0,109.0,10.9050002562945
266642,1893.0,1898.0,74.0,0.157804219167936
242068,1883.0,164.0,69.0,2.1552135553015
107284,150.0,1897.0,45.0,-0.429769431089316
161813,948.0,604.0,168.0,2.6602069954413
8245,1332.0,15.0,1.0,13.9682283306036
189260,1881.0,1889.0,175.0,-0.406122062524359
416872,1924.0,1559.0,114.0,5.27997488208421
178246,1183.0,1883.0,53.0,-2.20097252656044
336271,1899.0,1888.0,103.0,-0.889691143615072
313538,1332.0,1916.0,186.0,-5.58288018746481
281348,83.0,1927.0,75.0,-8.10228390206618
237003,1337.0,1883.0,60.0,4.57079739888905
434448,85.0,1914.0,116.0,5.64925261423195
230318,146.0,1894.0,58.0,-4.20229860751321
172155,1560.0,1887.0,52.0,11.0159131225471
213542,1891.0,788.0,55.0,-2.36811226902026
52302,1430.0,1896.0,7.0,-6.17232597583435
162569,1183.0,15.0,168.0,-1.39376976907087
234211,146.0,147.0,60.0,0.324571774109779
244379,1924.0,1884.0,69.0,1.1771819693916
181354,1906.0,1900.0,53.0,-4.37450802242718
302319,1878.0,1916.0,98.0,0.146276859603032
317380,1886.0,1907.0,99.0,-2.18977142752731
224348,1878.0,1888.0,57.0,9.81713607816792
97215,1880.0,15.0,44.0,2.69756584627085
314951,160.0,1903.0,186.0,-1.07312536560517
72550,1430.0,1887.0,13.0,-2.70585059758167
15061,1895.0,788.0,3.0,1.87820385208023
55887,948.0,1922.0,9.0,0.269295867651215
389542,1925.0,1914.0,111.0,4.41453558697391
278309,1906.0,1899.0,75.0,3.29424333970354
66162,1892.0,1923.0,12.0,-0.653004677516755
173135,72.0,1896.0,52.0,-2.95329456699972
162315,1909.0,1911.0,168.0,-4.2247052551561
178804,1875.0,1224.0,53.0,-2.08445672730183
331141,948.0,677.0,102.0,0.974493010973357
57372,27.0,1875.0,9.0,-4.21838789341295
62527,47.0,1902.0,10.0,-7.64714579643204
286792,1924.0,1878.0,77.0,-0.650133042169462
12575,1924.0,1896.0,2.0,2.44024658084914
86057,1903.0,17.0,172.0,-1.51539410581699
269099,1879.0,1904.0,74.0,-3.04482294324414
415282,1899.0,120.0,114.0,2.84177308628766
339805,163.0,17.0,103.0,-0.829729144974933
60388,47.0,150.0,10.0,-4.96998141172224
50299,1918.0,1923.0,7.0,0.431277351519872
249863,1926.0,1904.0,70.0,-0.222359160343874
343220,13.0,1921.0,104.0,2.35660826528406
49922,1342.0,1347.0,7.0,2.70993641540347
196506,83.0,1671.0,176.0,-9.92110575774693
179382,83.0,1919.0,53.0,-3.84473821934868
434780,1912.0,1896.0,116.0,-5.4192392418998
286399,1332.0,1886.0,77.0,-6.27334916544891
359872,544.0,1926.0,108.0,-0.227961640148989
7140,1919.0,101.0,1.0,21.3970120560456
103250,1911.0,788.0,173.0,-0.888587257102632
329920,1915.0,136.0,101.0,-3.57412135297057
437076,14.0,1889.0,116.0,-3.85020808271015
368332,101.0,1909.0,180.0,-4.35494982380822
58367,3.0,27.0,9.0,-4.69143099522394
370098,1913.0,164.0,180.0,5.26487930981696
361222,655.0,948.0,108.0,-8.83023961856268
225063,1897.0,195.0,57.0,-47.5925550260338
45335,1331.0,1889.0,6.0,-0.693310535957505
44296,120.0,1890.0,6.0,7.01710360146946
390796,163.0,1671.0,111.0,-10.3660651401554
57275,655.0,788.0,9.0,5.17542688079195
72913,1903.0,1347.0,13.0,4.58654537270684
376795,14.0,1927.0,109.0,-0.870295845874841
256081,1897.0,1914.0,72.0,-1.71884322278995
111094,11.0,677.0,167.0,3.57217379807462
332263,47.0,1909.0,102.0,-1.43207158436647
225866,1904.0,1907.0,57.0,-4.87623469573643
110325,1925.0,15.0,45.0,4.1032300685388
271913,1883.0,1896.0,179.0,2.3262465707141
389887,20.0,677.0,111.0,-2.57150477489564
192273,1348.0,1901.0,176.0,3.30207950265373
318808,1913.0,1892.0,99.0,-1.35354946336729
64208,229.0,1430.0,10.0,-3.92479795789085
319518,1915.0,1430.0,99.0,4.78261161957881
63089,1877.0,1916.0,10.0,0.94376518107214
372379,14.0,150.0,109.0,1.04675311343522
344071,1925.0,85.0,104.0,-0.124479988554141
316004,136.0,1224.0,99.0,-5.66586473265746
275488,1924.0,1884.0,179.0,3.25505234371916
344242,655.0,1907.0,104.0,-3.66317735981439
367369,164.0,1900.0,180.0,-2.22466691441132
313987,14.0,1896.0,186.0,-1.15847881627361
324845,1925.0,1927.0,100.0,-8.13257708856564
232369,14.0,1893.0,58.0,9.43003865982235
248017,1559.0,1907.0,70.0,0.670024429054119
109951,655.0,1342.0,45.0,5.89280014507085
224620,1882.0,1914.0,57.0,1.44134095683574
63484,20.0,11.0,10.0,-8.82863780848221
236951,14.0,1875.0,60.0,-0.803525634076493
70984,17.0,1901.0,13.0,-3.34585419972184
310313,1875.0,1892.0,186.0,2.25426947127903
256808,195.0,1347.0,72.0,-0.609884583171571
249192,48.0,1926.0,70.0,5.10734402019996
74552,1920.0,1915.0,13.0,-3.69594661421511
324388,3.0,1905.0,100.0,4.47270050887749
375443,82.0,195.0,109.0,5.97764836238196
229180,147.0,1918.0,58.0,1.38017246692787
175367,1924.0,13.0,52.0,-9.85167622001966
162233,1331.0,15.0,168.0,-1.37212424871615
187466,1879.0,1671.0,175.0,-3.54188025348869
326331,1891.0,1918.0,101.0,0.931675726409727
313046,1906.0,1875.0,186.0,-0.608295367222436
193287,1560.0,1888.0,176.0,-1.74135639324111
88856,14.0,1892.0,172.0,-2.16951274207561
241995,1894.0,1904.0,69.0,5.69296354084306
68243,655.0,1923.0,12.0,-0.937119087713992
11147,27.0,150.0,2.0,-1.67335830484297
226136,1926.0,47.0,57.0,17.8256133855794
188414,1880.0,1921.0,175.0,-7.87493518625557
284006,1919.0,1899.0,77.0,11.7491422412182
203168,1896.0,1910.0,177.0,1.63314900464656
24660,147.0,1904.0,4.0,1.53509772719328
176529,83.0,1902.0,52.0,0.44465697636429
74804,48.0,1917.0,13.0,0.0655472592767862
280098,82.0,1331.0,75.0,0.123251034166127
88224,1915.0,1894.0,172.0,-2.18535645832317
167535,1888.0,1910.0,51.0,0.527551630400199
330465,20.0,1900.0,101.0,-8.78356507516443
312532,948.0,1907.0,186.0,1.82766442949863
327570,1899.0,1331.0,101.0,-3.26432283987783
398388,82.0,1898.0,112.0,5.85677883622253
252807,164.0,1917.0,71.0,-0.929488700345472
321159,1875.0,1878.0,100.0,-2.51871345532412
103812,1924.0,1901.0,173.0,0.209397531395917
315691,1331.0,1901.0,99.0,0.557951086103844
187944,1183.0,1910.0,175.0,-4.08497194517924
112617,1909.0,1888.0,167.0,2.32835301624611
172259,164.0,1898.0,52.0,-1.10939238879954
344402,1906.0,164.0,104.0,-3.09114899381344
191306,163.0,83.0,175.0,0.18505071641226
218212,1183.0,1908.0,56.0,-0.0026783341375844
401798,3.0,1928.0,112.0,-1.01826538834142
105506,15.0,1928.0,173.0,-1.52097165486925
219799,1912.0,1348.0,56.0,-1.72538713566855
231508,20.0,1183.0,58.0,1.39691771155029
7048,1337.0,1892.0,1.0,6.31760244500815
171783,1891.0,1908.0,52.0,1.400754991333
340237,1877.0,1917.0,103.0,-0.827346756589226
358910,1882.0,1927.0,108.0,-6.70724794260576
207354,1912.0,1902.0,177.0,-8.7481122360079
87369,1879.0,1883.0,172.0,4.61543849144679
262389,72.0,150.0,73.0,0.419840070461217
194648,1348.0,788.0,176.0,-3.22364202030218
175251,1332.0,18.0,52.0,-1.34137637199434
284558,1902.0,131.0,77.0,2.63006448938257
274202,1898.0,1224.0,179.0,-3.43058632242951
256865,1889.0,17.0,72.0,9.72986521076091
89634,1919.0,1224.0,172.0,0.404348192907966
417756,1894.0,1928.0,114.0,-2.48339340423407
324579,229.0,1348.0,100.0,-5.65149337553466
216211,544.0,163.0,55.0,1.33366544572579
48772,27.0,1887.0,7.0,3.1197993625575
223991,85.0,1888.0,57.0,5.44077504135522
223751,1898.0,1914.0,57.0,2.40978791579862
55897,1671.0,1916.0,9.0,-2.91848070865049
67255,14.0,1910.0,12.0,10.9130506161097
232896,1332.0,120.0,58.0,-18.6851262962166
45260,20.0,120.0,6.0,-0.884480258960194
102718,1880.0,120.0,173.0,2.14409893113593
227194,544.0,1905.0,57.0,-7.7722862473098
218960,1904.0,1331.0,56.0,7.1055086881457
33989,1926.0,1906.0,166.0,-0.0048024138518467
274700,544.0,82.0,179.0,8.39905471302315
312817,1559.0,150.0,186.0,2.24047462321942
164024,1876.0,1901.0,168.0,-9.30256141503646
375539,3.0,1881.0,109.0,-1.5810621615854
206655,27.0,1886.0,177.0,3.29688124776047
96759,72.0,1903.0,44.0,-0.018931368446593
273482,13.0,1923.0,179.0,-0.179890075020668
214712,1917.0,1921.0,55.0,4.64101024471631
372619,1908.0,1918.0,109.0,7.30510602591651
102339,101.0,1884.0,173.0,1.43892350982732
324706,1876.0,1888.0,100.0,-1.01413327413869
266783,1880.0,1895.0,74.0,4.80735359857085
268234,1886.0,1907.0,74.0,-2.81970950485086
53310,20.0,1908.0,7.0,3.23772033743576
246157,748.0,1347.0,70.0,-1.25227336246339
367494,1885.0,1923.0,180.0,0.665177539461795
60133,72.0,1917.0,10.0,-1.33170977508044
370715,1430.0,677.0,180.0,0.863982699719683
114311,1342.0,1884.0,167.0,1.09405580230521
45524,1910.0,1922.0,6.0,2.31959416269189
377226,1920.0,15.0,109.0,6.06143198934348
323605,83.0,1907.0,100.0,2.6916617939773
412713,1889.0,17.0,114.0,0.463256389952905
180834,1926.0,48.0,53.0,0.301082354873789
58438,1919.0,13.0,9.0,-2.36199827398815
423320,1183.0,1893.0,115.0,0.740286502955218
200041,27.0,788.0,54.0,-3.87058814362757
318922,1926.0,655.0,99.0,3.54484245028206
435793,1891.0,1908.0,116.0,-1.38255231122423
304721,229.0,1910.0,98.0,-1.43548130833723
101135,1560.0,1331.0,173.0,-0.802589296385035
278961,1895.0,1882.0,75.0,5.60429538417589
15311,1891.0,1895.0,3.0,-7.28961765059905
6331,1924.0,160.0,1.0,-0.183940301103927
426850,160.0,13.0,115.0,-1.92557102728181
375970,1920.0,1892.0,109.0,1.38595564461986
107218,1904.0,1890.0,45.0,12.3118550170309
301375,1895.0,1888.0,98.0,-3.31879226477802
257066,1885.0,11.0,72.0,8.78951962580365
247577,1898.0,788.0,70.0,1.67894798591757
259890,604.0,1879.0,72.0,-14.776325312336
435373,1902.0,1905.0,116.0,4.48449399997868
18880,1887.0,1928.0,3.0,0.565680308570917
304927,1908.0,1902.0,98.0,-8.00123457191629
15176,1899.0,677.0,3.0,0.688916457277767
322073,1878.0,164.0,100.0,-3.9281347539794
435573,1875.0,15.0,116.0,1.25704350735731
192789,1347.0,1911.0,176.0,-2.1383268567715
367379,1890.0,1892.0,180.0,-1.10241258964585
162125,1889.0,1890.0,168.0,4.16354127141703
414483,164.0,1331.0,114.0,-12.9447019364437
247252,1909.0,1921.0,70.0,5.46422502206985
333902,14.0,1875.0,102.0,-2.33655194937416
71272,1883.0,1224.0,13.0,-2.82304249203313
327960,1888.0,195.0,101.0,-3.16190187104424
104411,1924.0,1896.0,173.0,9.81840713235591
337769,948.0,1910.0,103.0,3.38405809791842
166791,1878.0,1898.0,51.0,0.704171135755298
223512,1904.0,1923.0,57.0,-2.35374626359181
254728,1924.0,1905.0,71.0,-0.236023784594039
67963,85.0,120.0,12.0,0.0417837981687632
227171,1877.0,1915.0,57.0,-9.59158429742826
251870,948.0,1901.0,71.0,-2.37851440297086
165117,604.0,1224.0,168.0,-0.187961649440139
96724,101.0,1927.0,44.0,0.673144027636223
57446,1877.0,1916.0,9.0,0.943305904756611
198230,82.0,1911.0,54.0,-0.502138202281038
204808,1888.0,1914.0,177.0,2.00711790678732
68126,1876.0,1923.0,12.0,-5.45297184485742
284397,1898.0,1347.0,77.0,-7.00978641915765
333552,1875.0,1890.0,102.0,1.30366560150369
30388,1902.0,1910.0,166.0,1.71424000580319
68881,14.0,1891.0,12.0,1.12740210441268
25805,1896.0,72.0,4.0,-0.621830995920082
373319,1879.0,1892.0,109.0,-2.51195121336554
316122,14.0,1332.0,99.0,-3.74729502422589
61646,1875.0,1883.0,10.0,8.69128178569307
367310,1894.0,1881.0,180.0,-0.10275704915016
389684,48.0,163.0,111.0,12.965827771151
284477,150.0,1882.0,77.0,-0.283330155302989
43519,136.0,1908.0,6.0,-8.01189683596475
199133,1900.0,1560.0,54.0,2.32280979993497
301847,1888.0,195.0,98.0,0.472496042734714
33043,1926.0,1918.0,166.0,4.11428177278267
265899,229.0,1882.0,73.0,-3.23540804362659
437320,544.0,1348.0,116.0,-2.49603810585265
203820,150.0,15.0,177.0,5.95719571627052
412927,1337.0,1332.0,114.0,-8.39853876179232
100537,1905.0,150.0,173.0,2.4714735576712
215318,47.0,150.0,55.0,1.3896567355761
99350,1920.0,1915.0,44.0,-3.18036844240909
282892,1891.0,11.0,77.0,1.53470986502541
8391,48.0,1903.0,1.0,17.3744300046308
17802,14.0,1905.0,3.0,1.04886346928855
51643,1924.0,72.0,7.0,13.4461066130671
251248,1895.0,1907.0,71.0,20.8702439401326
224566,1882.0,15.0,57.0,20.0619064153997
270128,48.0,17.0,74.0,-3.96444838856946
180851,1919.0,120.0,53.0,-5.89368621288271
283152,18.0,788.0,77.0,1.1104903072966
27615,83.0,1431.0,4.0,1.86775024553599
205748,1342.0,5.0,177.0,1.44569181045991
211492,3.0,1918.0,178.0,0.894067224088538
175531,1920.0,1912.0,52.0,4.0063483157903
88090,1920.0,18.0,172.0,3.39396580889896
99406,1876.0,1348.0,44.0,-19.1362897334236
323721,3.0,1880.0,100.0,-2.0205076729846
271923,1560.0,1347.0,179.0,2.62555914656117
361686,47.0,1928.0,108.0,-5.38451500632202
9337,1559.0,1331.0,2.0,1.3880987827198
270335,48.0,1915.0,74.0,-11.4664162955534
43324,1884.0,1910.0,6.0,-3.9874955790937
214514,1895.0,1224.0,55.0,7.15521770194983
227070,1915.0,1893.0,57.0,4.08859641718383
648619,1885.0,1902.0,54.0,0.56614113772033
212843,1888.0,1893.0,55.0,9.81839125697243
371879,82.0,1903.0,180.0,10.7456956009729
67729,1895.0,18.0,12.0,-2.08841174790728
326199,1912.0,1887.0,101.0,-2.55930359498475
172710,147.0,1882.0,52.0,4.59997000476419
217799,1183.0,1928.0,55.0,-1.50025485561254
237352,1915.0,1909.0,60.0,-16.216647249875
192421,164.0,788.0,176.0,-1.31328850100778
214944,47.0,17.0,55.0,-2.97869151757585
28832,27.0,1890.0,4.0,-9.47320863328255
279320,1891.0,1885.0,75.0,2.85330018169552
263470,72.0,1922.0,73.0,-11.6636346241557
107018,85.0,147.0,45.0,2.99903710481957
243392,83.0,1919.0,69.0,0.967208061358595
416484,1924.0,1895.0,114.0,0.391606701045181
233331,1925.0,1878.0,58.0,-3.88294890331892
197424,1880.0,1902.0,54.0,-0.437425530972992
206108,48.0,101.0,177.0,16.6931456781979
424899,150.0,677.0,115.0,-1.90937514693581
196900,1924.0,1903.0,176.0,8.97011008010773
242329,13.0,1923.0,69.0,0.223750305068811
332789,1875.0,17.0,102.0,4.43904150973568
60268,1899.0,1911.0,10.0,-2.17922192758428
13900,147.0,1887.0,3.0,2.89199476711476
201981,82.0,1904.0,54.0,-0.812463406514402
102860,101.0,150.0,173.0,-6.63227369108728
373350,1895.0,1901.0,109.0,3.3087458611457
98675,1925.0,1916.0,44.0,-1.96340298238454
63285,1876.0,1916.0,10.0,-2.54290059916246
262152,1903.0,677.0,73.0,4.98790336295576
340548,604.0,136.0,103.0,-7.12691756089593
202116,83.0,1430.0,54.0,3.53936329435356
167995,1887.0,1921.0,51.0,-4.18520485149663
286132,163.0,1430.0,77.0,3.94732324280542
302026,101.0,17.0,98.0,-1.24929544473357
15868,1912.0,1889.0,3.0,0.646662705091233
261963,1875.0,15.0,73.0,8.7213442959264
14141,1560.0,131.0,3.0,-2.94755161596257
60674,1878.0,1900.0,10.0,5.08677360122116
178429,147.0,1927.0,53.0,2.56926883225154
204879,1903.0,1897.0,177.0,-4.16671584643204
243804,1430.0,229.0,69.0,-3.17648706479542
11684,1906.0,1907.0,2.0,-9.32505177561412
268869,1893.0,1907.0,74.0,-8.67915610995475
47488,1915.0,1917.0,6.0,4.52866495372507
299850,1183.0,1331.0,98.0,1.15372446997847
314340,82.0,1915.0,186.0,-7.26101097338629
315962,1878.0,195.0,99.0,-0.127332208361311
180379,604.0,150.0,53.0,28.3918774237848
339859,544.0,11.0,103.0,1.93526708856461
438326,1881.0,1902.0,116.0,0.891334309214688
192338,1894.0,5.0,176.0,-0.891715470153077
57400,1924.0,1887.0,9.0,-5.68214612083028
172938,1331.0,1908.0,52.0,5.02848831441739
55066,1882.0,1927.0,9.0,-3.47145364520726
212970,1900.0,1927.0,55.0,-0.741979868550401
192650,1671.0,1918.0,176.0,2.21059377098163
282098,131.0,1922.0,77.0,-2.17949030633509
315630,120.0,1908.0,99.0,-2.47242437513439
301167,1897.0,1882.0,98.0,-3.9283730740018
16199,146.0,1917.0,3.0,-8.98043013684485
258754,83.0,1904.0,72.0,-0.0342579095072007
165863,27.0,1908.0,168.0,-2.60961253526096
370039,163.0,1919.0,180.0,3.24459876222513
268995,120.0,1916.0,74.0,-3.41140919879907
267811,1884.0,1892.0,74.0,5.36530413985554
303576,48.0,150.0,98.0,14.1598467969564
413448,1559.0,195.0,114.0,-0.400236719729066
327785,1907.0,1224.0,101.0,1.08866996204154
191323,1925.0,83.0,175.0,1.46432264175062
68758,1913.0,1885.0,12.0,3.30764201068167
101754,3.0,1911.0,173.0,-17.9054056340971
64444,1926.0,1332.0,10.0,-0.701680190326565
227411,1876.0,1918.0,57.0,7.51348499940572
201152,160.0,1904.0,54.0,-1.2428062813533
260410,14.0,1927.0,72.0,1.15793926414532
184255,1878.0,85.0,174.0,-0.875196056045995
269797,20.0,1916.0,74.0,-7.60944776747758
323167,1880.0,1890.0,100.0,0.503486774315381
56040,147.0,1927.0,9.0,0.549720933482526
434652,1884.0,1914.0,116.0,1.44122117821131
184300,1885.0,147.0,174.0,3.32104053138259
427610,82.0,1560.0,115.0,-1.87391024906533
56178,1892.0,18.0,9.0,-0.315736649962173
106704,164.0,1908.0,45.0,-7.28564313060319
26751,1924.0,1922.0,4.0,0.269993451454574
335309,1906.0,1671.0,102.0,-7.60142444547914
400257,1342.0,1431.0,112.0,-4.84189425238886
10688,677.0,1910.0,2.0,-0.083097785444467
361705,1894.0,1928.0,108.0,12.5601674876113
268840,1875.0,1904.0,74.0,-1.82112409411109
399525,27.0,1919.0,112.0,-1.18457135954988
268087,948.0,1342.0,74.0,-4.53258961116883
195372,1913.0,229.0,176.0,-4.47193359895653
331480,136.0,1921.0,102.0,4.89481254714306
215864,1913.0,1331.0,55.0,-7.37214610861508
201875,1925.0,1671.0,54.0,-7.79741494237869
438012,604.0,1882.0,116.0,3.91339562445503
208890,1902.0,1911.0,178.0,-0.0082554568294782
185172,229.0,1431.0,174.0,3.94369995630101
346443,195.0,1928.0,104.0,3.25858747959046
337783,1888.0,11.0,103.0,5.47049740309318
416746,48.0,1889.0,114.0,1.94145930287843
11872,1925.0,1881.0,2.0,-1.49153440275116
192211,5.0,1914.0,176.0,-0.0804889645893347
642646,150.0,1902.0,102.0,0.9830371031902164
234867,1888.0,748.0,60.0,-2.86050947538816
28185,1915.0,136.0,4.0,-1.52817725499123
31562,1879.0,1890.0,166.0,-0.225067674037677
168658,14.0,1898.0,51.0,-1.11719823300109
344062,48.0,160.0,104.0,-8.72537795127242
357397,748.0,164.0,108.0,-3.1450932714908
434278,1879.0,1224.0,116.0,-1.63104558481091
359282,1889.0,1921.0,108.0,-3.21136213019735
25796,1896.0,1927.0,4.0,1.21931957258286
186169,1877.0,544.0,174.0,-0.922732334083497
111104,146.0,1911.0,167.0,-0.789349467497653
177441,1912.0,1911.0,53.0,-1.40800921970243
286404,14.0,1886.0,77.0,-5.20937996342212
417599,1430.0,1902.0,114.0,0.3358936472109
56327,948.0,1925.0,9.0,1.54752163262424
335666,1919.0,85.0,102.0,1.22856142784695
286827,1913.0,85.0,77.0,2.14921853652116
102120,147.0,1889.0,173.0,10.7111504849209
302043,72.0,1671.0,98.0,2.25498346608654
56901,948.0,1907.0,9.0,-1.48021362714525
303216,48.0,604.0,98.0,4.6263662585587
190435,1919.0,1879.0,175.0,-4.59876765432651
63709,1913.0,1906.0,10.0,4.98268066733292
104368,229.0,1905.0,173.0,5.13152900148475
181647,85.0,1928.0,53.0,-8.69560881674524
399523,229.0,1922.0,112.0,0.419402851006311
198440,1875.0,1884.0,54.0,-1.63375529395905
11746,1877.0,72.0,2.0,-1.53230509205654
59021,1337.0,1900.0,9.0,-1.01256791222293
65408,1880.0,1895.0,12.0,1.21197185639922
323494,1920.0,788.0,100.0,-0.568256440873436
17273,3.0,1913.0,3.0,2.95870529746063
372620,1893.0,1927.0,109.0,0.35015454643948
9076,85.0,1898.0,2.0,1.17347519819893
216542,1430.0,544.0,55.0,4.2434254803223
111834,195.0,1901.0,167.0,2.60307331096955
281444,544.0,748.0,75.0,4.41724486665792
426476,1913.0,1891.0,115.0,-5.01859904328083
227245,1920.0,1915.0,57.0,-2.23239661886537
53147,1342.0,1921.0,7.0,-10.2163095915554
243474,160.0,1883.0,69.0,-3.78279776677892
60344,1900.0,1911.0,10.0,0.322659531374227
56112,20.0,1347.0,9.0,-4.54674385462805
171880,1875.0,1904.0,52.0,-0.409526908257831
232207,27.0,1431.0,58.0,5.62244053927295
29418,1183.0,1922.0,166.0,-4.98901454175403
285956,1430.0,1889.0,77.0,-8.18235408657016
314964,1906.0,1560.0,186.0,-4.42911343387866
17760,604.0,1877.0,3.0,-2.47850018658574
225941,1885.0,5.0,57.0,1.22130585006334
54912,1878.0,11.0,9.0,1.46669765684209
49335,1431.0,11.0,7.0,1.54256837752587
205251,163.0,1907.0,177.0,-8.97552779001627
30982,1914.0,1910.0,166.0,-0.0080255806103018
14933,1878.0,195.0,3.0,5.35979737959777
425466,120.0,1916.0,115.0,3.20132468294975
200024,20.0,788.0,54.0,-5.59750451682458
60176,146.0,1886.0,10.0,-0.109825479667902
166180,1671.0,1331.0,51.0,0.309793389894822
341912,147.0,17.0,104.0,3.41205365558522
299885,85.0,788.0,98.0,-4.84506246494667
301916,47.0,1348.0,98.0,0.434982850089785
189384,748.0,1917.0,175.0,-0.530432662880031
18513,1905.0,1900.0,3.0,-0.456309229839454
164319,1919.0,1880.0,168.0,5.62241881083496
49412,1885.0,788.0,7.0,7.59758906272395
177852,948.0,1887.0,53.0,-4.31267736262249
216683,229.0,13.0,55.0,0.727857631573102
237964,544.0,1875.0,60.0,0.353866053762152
326184,147.0,1923.0,101.0,2.62722536302
286554,27.0,1927.0,77.0,-9.98996318080898
216023,14.0,1904.0,55.0,-0.105917967146735
284099,1903.0,1911.0,77.0,-1.63705150669787
272167,1913.0,1347.0,179.0,-3.66134469555615
232311,48.0,17.0,58.0,-4.99696992138221
242596,1879.0,1900.0,69.0,0.106716065831864
17230,655.0,146.0,3.0,-0.806510929321327
86773,146.0,1886.0,172.0,-13.0912346034072
175803,1913.0,1559.0,52.0,-5.60001907874511
209065,1891.0,1892.0,178.0,-1.89574269154059
161647,1901.0,1918.0,168.0,-0.286720032332607
270478,1915.0,1905.0,74.0,-0.492134306093813
200914,163.0,1895.0,54.0,-5.31919533122686
243846,655.0,1926.0,69.0,2.25814242633526
66311,47.0,748.0,12.0,-14.7628289495194
280381,83.0,1896.0,75.0,0.750199834823233
108963,1430.0,1892.0,45.0,-1.0889749648192
302694,604.0,1907.0,98.0,-3.06247869986267
177285,1908.0,15.0,53.0,-0.347495465141554
220406,1882.0,1910.0,56.0,1.03242605141054
389363,1926.0,1898.0,111.0,-4.65104632089368
241138,1884.0,677.0,69.0,4.54223241644221
71619,1879.0,1918.0,13.0,-4.85475858441495
193495,1337.0,1899.0,176.0,2.00299797525187
315362,1897.0,1923.0,99.0,-0.486036282455888
262289,120.0,1331.0,73.0,1.89594482550121
182584,1875.0,1917.0,174.0,4.45759573067639
264063,1332.0,72.0,73.0,-0.219224755865475
276551,544.0,3.0,179.0,-2.52403457764305
225697,1916.0,1918.0,57.0,4.85721561686581
167108,1898.0,1918.0,51.0,-0.0946487874500889
369654,1910.0,1922.0,180.0,1.96212050106602
16279,1331.0,1882.0,3.0,5.75140494940281
344292,48.0,195.0,104.0,-0.920594799618338
257180,1884.0,195.0,72.0,4.07368352640539
303849,1430.0,1895.0,98.0,-0.969920970012239
241916,1907.0,1892.0,69.0,-5.10529512326607
267666,948.0,14.0,74.0,-7.35265768948916
327425,72.0,788.0,101.0,-0.24020683774454
285427,604.0,1914.0,77.0,-1.5917196911085
101151,1671.0,1224.0,173.0,1.37294086966499
367550,1885.0,15.0,180.0,-0.644631066529476
163329,1884.0,13.0,168.0,-0.066131376822075
175239,1877.0,1905.0,52.0,0.619467011256842
238433,48.0,83.0,60.0,-12.218460220195
361613,1920.0,1928.0,108.0,-0.294053178570334
178904,1888.0,164.0,53.0,0.47035262506939
299790,101.0,1910.0,98.0,3.02831391935391
338694,85.0,1921.0,103.0,-2.40880123939994
260276,1877.0,1888.0,72.0,1.20950243719185
328352,1348.0,5.0,101.0,4.7295604312436
4977,146.0,1889.0,1.0,0.466470137212328
368579,948.0,229.0,180.0,2.56639790717862
218789,1903.0,18.0,56.0,8.45129501133908
336406,1888.0,677.0,103.0,3.09357344623669
361479,1919.0,1890.0,108.0,-5.34598770440862
388546,20.0,1911.0,111.0,12.5960904865269
33593,1342.0,83.0,166.0,-2.73734514424645
326914,101.0,1890.0,101.0,10.3827205647238
113244,1889.0,1883.0,167.0,1.33086739229924
373198,1224.0,1901.0,109.0,1.29261848205522
635304,1671.0,1902.0,73.0,1.8803510300409
212473,1342.0,15.0,178.0,-15.4781369717249
331120,146.0,72.0,102.0,0.334421774997336
249616,1920.0,17.0,70.0,2.20068611434896
389012,1884.0,1331.0,111.0,11.4982912415605
191677,82.0,1913.0,175.0,-0.541424019520021
368963,1897.0,1898.0,180.0,-3.35708357064744
336163,72.0,1903.0,103.0,-2.8942531086634
285189,655.0,229.0,77.0,-0.351468594033241
55257,195.0,788.0,9.0,-3.94378521112383
193803,1909.0,677.0,176.0,-1.56174558956324
373066,1883.0,1671.0,109.0,2.37893595243939
313620,1924.0,146.0,186.0,-0.766255195397774
74145,82.0,1891.0,13.0,-4.384153614175
106570,1875.0,1921.0,45.0,-2.14891412600656
246329,1897.0,677.0,70.0,2.40582216199185
181775,1884.0,1911.0,174.0,2.90506683546939
208588,83.0,1347.0,178.0,-4.60439385822565
175049,1924.0,1892.0,52.0,1.00383315471208
231875,48.0,1881.0,58.0,1.78329688264642
247878,1183.0,1899.0,70.0,14.907775631578
232386,229.0,150.0,58.0,-1.37870468025353
191893,1893.0,1928.0,175.0,12.9429388110566
272443,15.0,131.0,179.0,1.9452664504837
209326,47.0,1921.0,178.0,31.6066372679264
98139,1925.0,85.0,44.0,3.88006078382785
359001,1903.0,1900.0,108.0,4.18970422375567
279148,1903.0,1911.0,75.0,9.66633316836665
335171,604.0,48.0,102.0,3.27170149394457
170156,655.0,1877.0,51.0,8.37467744782233
196049,1924.0,1904.0,176.0,7.99661979583266
46297,1337.0,1881.0,6.0,-8.39581447634968
276707,1919.0,1928.0,179.0,6.65414625746016
247348,101.0,1560.0,70.0,-2.94146537399993
106426,1897.0,1921.0,45.0,-10.1652560463807
164825,27.0,18.0,168.0,-2.30522284768347
44149,101.0,1918.0,6.0,0.892243668518097
369740,120.0,1224.0,180.0,2.33147403766996
110217,48.0,1882.0,45.0,7.49932487411295
217572,1342.0,1903.0,55.0,-0.873443069649033
310748,1559.0,1892.0,186.0,1.11980151088782
361619,164.0,1928.0,108.0,4.85670226550365
219671,5.0,18.0,56.0,12.7450440373114
51495,160.0,1894.0,7.0,15.6863191068262
51907,1337.0,1909.0,7.0,-10.8351749862177
273926,1898.0,1896.0,179.0,-25.813998678657
206203,1924.0,20.0,177.0,-2.59062316864458
425825,1926.0,1907.0,115.0,-2.83300933660461
244726,163.0,1224.0,69.0,1.54345762760885
61075,1899.0,85.0,10.0,5.53592855032116
358931,1902.0,1922.0,108.0,0.354465492566894
44817,1883.0,1671.0,6.0,3.61029788280552
233160,27.0,1878.0,58.0,-4.54036090811011
326327,120.0,1914.0,101.0,0.157313005288268
113413,1915.0,72.0,167.0,-1.25454029162858
247566,164.0,1890.0,70.0,0.235451531518008
412633,1560.0,1911.0,114.0,-1.89488566603325
245613,120.0,1928.0,69.0,-2.77857903497588
100287,1924.0,1906.0,44.0,5.46075759596348
399507,160.0,85.0,112.0,0.24404516386818
223958,1887.0,18.0,57.0,6.65384210096634
267636,146.0,1892.0,74.0,2.9293971299457
44938,948.0,1918.0,6.0,5.43653144046747
281192,1920.0,1888.0,75.0,7.73166780089883
16405,1888.0,1431.0,3.0,8.7499508910999
283124,1895.0,1922.0,77.0,-0.955654437229479
104086,1877.0,1892.0,173.0,-0.710494560894349
235566,120.0,1900.0,60.0,2.5715694649672
208905,164.0,1900.0,178.0,-7.43160703725557
397203,1923.0,1927.0,112.0,3.86506846985681
16388,47.0,15.0,3.0,-7.62096892195925
230227,1342.0,150.0,58.0,-10.6098759769415
360561,1920.0,544.0,108.0,-9.54187460782085
61420,1347.0,1224.0,10.0,-0.959510339874926
184774,655.0,1898.0,174.0,0.346860193790437
68938,1342.0,1892.0,12.0,-6.65608667777632
372627,1671.0,1918.0,109.0,0.42843921566257
271727,1898.0,17.0,179.0,-1.0808050305198
226967,1332.0,677.0,57.0,2.61767042676141
16626,1906.0,1894.0,3.0,-3.76981422857315
215446,1894.0,1896.0,55.0,-10.2177545176201
64693,82.0,1903.0,10.0,-1.87325471261968
49325,1906.0,1927.0,7.0,3.15092848138395
64625,48.0,1890.0,10.0,5.90299097579561
313239,27.0,1907.0,186.0,-3.56342850479576
13755,655.0,1902.0,2.0,-0.124272966705471
161399,1884.0,1908.0,168.0,-4.61424863853885
331874,1901.0,1927.0,102.0,-0.0256881898097318
45384,101.0,1348.0,6.0,-3.2249609840031
105576,1896.0,17.0,45.0,-0.746785559006833
24838,1921.0,1918.0,4.0,25.843750965414
416831,3.0,1224.0,114.0,7.72956921565532
376675,655.0,1920.0,109.0,-2.67966848818932
241168,1914.0,1918.0,69.0,-1.67219333605086
180240,1342.0,1895.0,53.0,6.5597883098563
193761,1875.0,72.0,176.0,-2.87968962756657
241117,85.0,13.0,69.0,-0.826427837498763
242840,1879.0,17.0,69.0,1.0737358161682
18391,655.0,1900.0,3.0,-3.34565121971386
223055,1926.0,1925.0,56.0,5.70500288576934
301540,1560.0,1907.0,98.0,0.606503128626665
183368,164.0,1901.0,174.0,-3.98093085258316
58545,27.0,1917.0,9.0,-6.95764384873058
25001,1896.0,1888.0,4.0,0.965589816921116
359969,1342.0,1331.0,108.0,-2.85598714770408
166637,1903.0,1921.0,51.0,5.9562447289671
416476,14.0,18.0,114.0,0.245077354330727
435407,1342.0,150.0,116.0,2.88307234630299
59204,655.0,1925.0,9.0,7.16375179848427
269700,3.0,1885.0,74.0,-1.53403839843811
183917,11.0,788.0,174.0,-1.46303310367978
276488,655.0,1906.0,179.0,1.01494487411949
323489,1926.0,1923.0,100.0,-0.2562367653449
258918,604.0,1919.0,72.0,-5.74004894545077
53074,3.0,748.0,7.0,-4.56318939008239
70059,604.0,1903.0,12.0,8.02241808443682
218853,47.0,788.0,56.0,7.49528210472348
99833,544.0,1886.0,44.0,5.00439459813915
427151,1926.0,48.0,115.0,3.15629174613487
59970,47.0,1907.0,10.0,-2.74786520206881
630152,948.0,544.0,72.0,-0.0453774350314
325692,120.0,1895.0,101.0,-1.41352975128643
259373,1337.0,1892.0,72.0,-9.60005574048617
321346,18.0,1922.0,100.0,0.736382785959412
30639,85.0,1898.0,166.0,-4.99910330378471
243650,1332.0,164.0,69.0,0.121157809338085
32125,160.0,195.0,166.0,1.07260277643747
424699,1903.0,1917.0,115.0,1.83192911292116
181645,1913.0,1902.0,53.0,-3.69945073851006
105917,1885.0,1888.0,45.0,3.46434896099891
301274,1879.0,748.0,98.0,3.47872729375953
67800,1902.0,1915.0,12.0,3.05671757104619
323778,82.0,1331.0,100.0,-5.31059256614912
323944,1332.0,1885.0,100.0,0.775993838854634
170809,1905.0,1906.0,51.0,8.36942950944932
183528,948.0,120.0,174.0,-2.19634881939407
339833,1877.0,101.0,103.0,0.667225319497586
367183,1902.0,788.0,180.0,3.90872548604593
28226,20.0,1917.0,4.0,-4.70148000610936
108204,1899.0,120.0,45.0,-3.87065011227322
48928,1881.0,1923.0,7.0,-2.8673663584669
368751,1878.0,1888.0,180.0,-0.264207524285453
14094,1884.0,131.0,3.0,5.22665112243578
178331,1347.0,1224.0,53.0,10.7335523046877
88754,1915.0,1909.0,172.0,-0.945277598756668
61728,1912.0,1890.0,10.0,-2.75691562828385
210708,3.0,229.0,178.0,-8.32808779037385
414264,1885.0,1882.0,114.0,-0.488396947329926
257597,1337.0,1332.0,72.0,-4.98975280112833
188557,13.0,1922.0,175.0,-6.40852427328043
30738,120.0,1886.0,166.0,3.74076868725522
170450,83.0,1886.0,51.0,2.75391771166232
250279,1337.0,20.0,70.0,5.20770509042895
198869,1347.0,1892.0,54.0,0.316126361313034
245923,1891.0,1895.0,70.0,3.01799854356285
49717,1671.0,1922.0,7.0,-1.78227527131157
169315,655.0,164.0,51.0,-0.345126587774614
208631,1895.0,1348.0,178.0,0.100957192895747
222382,1919.0,1917.0,56.0,-0.42655299611681
73094,948.0,1890.0,13.0,0.986205978340918
228814,120.0,5.0,58.0,3.05020872202914
367286,147.0,1903.0,180.0,2.32327753316715
29212,131.0,1921.0,166.0,-1.71788628776796
44995,1883.0,1911.0,6.0,1.22444004475593
46838,1926.0,655.0,6.0,1.74503865503922
13597,1337.0,47.0,2.0,-10.19902540122
230627,1342.0,1887.0,58.0,-8.3687222419212
108517,1926.0,1923.0,45.0,6.49224569744936
415850,1877.0,1885.0,114.0,16.0555707352185
250032,48.0,1889.0,70.0,0.519934870567888
240902,1885.0,1431.0,69.0,-3.0072799405719
14981,47.0,72.0,3.0,6.72233931458874
180696,1924.0,1889.0,53.0,-15.3856436653577
197435,1912.0,1889.0,54.0,0.728476315922805
435902,72.0,1898.0,116.0,-6.1234045346678
321842,1880.0,1923.0,100.0,-1.53420668247907
87207,1902.0,1922.0,172.0,1.14292304018835
357094,948.0,1918.0,108.0,-0.426311812081081
206100,163.0,101.0,177.0,19.708649151633
278112,1878.0,1348.0,75.0,1.52344437352209
270225,1919.0,677.0,74.0,0.660411297054442
187388,146.0,1907.0,175.0,-0.94136420656197
264251,27.0,1875.0,73.0,2.80598692653646
174059,1886.0,788.0,52.0,-0.397000170234103
340747,1905.0,15.0,103.0,-2.48144807547124
29876,136.0,1560.0,166.0,2.69485265296288
193516,1331.0,11.0,176.0,1.31044258517999
279763,1876.0,1183.0,75.0,7.58985887453644
190064,1926.0,1880.0,175.0,-3.51795131245967
234332,85.0,748.0,60.0,-0.451411272482054
31980,1877.0,1908.0,166.0,-3.11883311410549
336665,1908.0,1890.0,103.0,-5.24654506373493
30981,1881.0,1347.0,166.0,4.53131781992129
316863,131.0,1892.0,99.0,0.905380588710776
261582,131.0,1921.0,73.0,0.396188203598977
273269,150.0,195.0,179.0,1.99517615197733
114655,1332.0,1918.0,167.0,1.04804248285569
86781,1878.0,1886.0,172.0,2.05774381810644
325725,948.0,677.0,101.0,-2.35845546534297
97489,1902.0,1898.0,44.0,3.64313178493304
247964,136.0,1903.0,70.0,4.88963928836517
221789,1924.0,1893.0,56.0,3.84868443264803
205057,1894.0,1888.0,177.0,-0.678859747569881
274668,3.0,195.0,179.0,-3.30810749863346
301502,1899.0,1560.0,98.0,-0.492932977792715
161400,1897.0,1917.0,168.0,0.648475433322458
163865,604.0,1907.0,168.0,-0.355050743724373
341239,948.0,1928.0,103.0,2.32323792552812
50057,1904.0,1908.0,7.0,-0.925655514252022
115473,1877.0,1928.0,167.0,-17.8052616008003
98724,1924.0,1901.0,44.0,-3.13889364180431
235002,72.0,1224.0,60.0,-4.86253055726572
195209,1913.0,1331.0,176.0,-25.2655812703538
330202,160.0,1342.0,101.0,3.36104508421362
182791,5.0,1901.0,174.0,1.57677723458871
220721,1903.0,1331.0,56.0,-2.25821059743489
204262,1911.0,131.0,177.0,-3.0578972819743
397794,72.0,1900.0,112.0,-0.876250474908899
67233,120.0,1224.0,12.0,0.540262242467385
194664,147.0,150.0,176.0,8.1953819459149
43564,1671.0,1927.0,6.0,-0.689588516315743
225344,13.0,1916.0,57.0,-7.16378604778313
209231,85.0,1895.0,178.0,1.77498799930549
250888,1905.0,47.0,70.0,-6.80777418787362
375429,83.0,1901.0,109.0,3.13165497913222
72640,1894.0,5.0,13.0,3.99815845354187
64749,1905.0,1890.0,10.0,-3.4488416446474
108931,20.0,1885.0,45.0,-9.83119609205688
416566,1342.0,13.0,114.0,9.50598692366665
266670,1890.0,1914.0,74.0,4.44228300360483
32120,1925.0,1894.0,166.0,0.149390893910178
224107,5.0,18.0,57.0,-4.26614366925557
377054,1905.0,1922.0,109.0,-0.975255770606036
269184,1876.0,1919.0,74.0,5.61125049167405
285499,20.0,1909.0,77.0,-18.0743662180207
196300,1877.0,1912.0,176.0,-2.94203188250353
212641,1915.0,1902.0,178.0,-0.0084003618275957
107678,1911.0,1914.0,45.0,0.621724930443642
9313,47.0,1904.0,2.0,6.61794138741093
198412,1893.0,1881.0,54.0,3.2842575551457
249525,1915.0,1431.0,70.0,1.12576652105842
189725,1919.0,14.0,175.0,-0.513252386759738
73669,1876.0,1883.0,13.0,6.6780087960596
426339,83.0,1880.0,115.0,-4.17656345821642
331147,1889.0,1897.0,102.0,0.128620499867025
203746,1902.0,1920.0,177.0,2.03329817731272
361046,1915.0,1559.0,108.0,-3.33220797898752
317518,1885.0,1883.0,99.0,5.77288340440991
99142,1925.0,11.0,44.0,-9.21688052848936
49089,1885.0,1917.0,7.0,4.73043888262587
30295,1912.0,1883.0,166.0,-3.91639030686815
24295,1884.0,1331.0,4.0,-0.200062354523993
370643,83.0,1896.0,180.0,-1.57562306335041
240750,1880.0,1887.0,69.0,-4.0518747946608
179593,604.0,788.0,53.0,-12.7733415825192
220104,1183.0,1875.0,56.0,-6.30418626262805
319842,229.0,1560.0,99.0,-1.4521959162473
267066,1912.0,1671.0,74.0,-2.86593405982604
234987,1892.0,1890.0,60.0,-2.28710738675906
27370,14.0,1909.0,4.0,-0.833546458883714
99209,1906.0,544.0,44.0,2.84651832270093
285774,1925.0,150.0,77.0,10.174880785733
253255,748.0,1893.0,71.0,2.47451509971848
210217,1886.0,1903.0,178.0,2.30053804893634
111322,1183.0,1914.0,167.0,6.77193686381658
189352,1883.0,195.0,175.0,0.30075534654411
319756,1876.0,1927.0,99.0,-3.16386638524226
340535,1919.0,1671.0,103.0,1.509563875212
268745,1559.0,1560.0,74.0,-3.43382112301383
371202,1876.0,1918.0,180.0,1.44579197366316
315296,1183.0,677.0,99.0,3.90123135684699
67005,147.0,17.0,12.0,-5.82757820413671
102653,13.0,1916.0,173.0,-0.459398931197695
64349,1926.0,1886.0,10.0,-1.18247242984022
270481,1430.0,1895.0,74.0,1.4559592982925
236830,1906.0,1894.0,60.0,-5.10551609252405
312958,20.0,788.0,186.0,-5.13472965980324
218618,1347.0,1880.0,56.0,-3.43644469176541
212902,1224.0,17.0,55.0,0.526192007114378
170118,3.0,1896.0,51.0,-2.99790014085665
102790,1908.0,1910.0,173.0,7.80681796574074
186129,48.0,1886.0,174.0,16.4665914177676
327848,1183.0,1886.0,101.0,2.21256370376776
342395,1892.0,677.0,104.0,-6.00137035710385
55640,1889.0,18.0,9.0,3.76469018407656
416195,83.0,1896.0,114.0,-4.51793736699877
371263,544.0,544.0,180.0,-2.42151513149165
237969,1920.0,1879.0,60.0,-2.36310055965149
331150,1909.0,72.0,102.0,-0.97605744684065
301728,150.0,18.0,98.0,0.414695255056268
58174,544.0,1915.0,9.0,0.742796843449409
425952,27.0,164.0,115.0,1.18587538090315
171289,1909.0,1928.0,51.0,-4.41280117590187
198419,1889.0,1898.0,54.0,0.126004599727793
205489,1913.0,1901.0,177.0,-5.44349712735754
229647,1348.0,1908.0,58.0,-2.90557737480033
397870,1559.0,1897.0,112.0,-1.92378151144605
174083,13.0,1910.0,52.0,1.98098914533119
86612,1878.0,18.0,172.0,-0.503563902767953
285177,1919.0,1907.0,77.0,6.02665058523206
261959,1884.0,1927.0,73.0,-1.04571077026316
245350,544.0,677.0,69.0,-4.41211501409124
179351,1342.0,1906.0,53.0,-5.286355612078
242479,1909.0,150.0,69.0,-1.60068932659869
317878,47.0,120.0,99.0,0.681636410013769
264969,1925.0,1895.0,73.0,-1.6428794837815
190387,1430.0,1914.0,175.0,-2.10045439213165
425107,1884.0,1895.0,115.0,-0.45795358849571
111779,1224.0,11.0,167.0,0.127266566068868
231779,3.0,164.0,58.0,-7.75803508185548
372360,1889.0,195.0,109.0,-2.88665768930293
303888,1925.0,1348.0,98.0,-2.03561283177801
436446,544.0,1926.0,116.0,-2.08753414063736
64324,14.0,1430.0,10.0,0.920098176705907
68283,1876.0,164.0,12.0,0.710314469583368
282840,1900.0,17.0,77.0,-0.447559069757463
251048,101.0,1901.0,71.0,-0.191561251314513
246189,948.0,1894.0,70.0,0.111082131784253
398156,1883.0,1890.0,112.0,-1.97710838185286
317012,1183.0,1904.0,99.0,0.34438687130979
303433,1919.0,1896.0,98.0,0.940772415557178
358777,1917.0,1921.0,108.0,-11.250026146388
52080,48.0,1347.0,7.0,-2.12961331158373
436747,82.0,131.0,116.0,0.92873174248765
85791,163.0,1332.0,172.0,2.12516120209264
207716,1224.0,1918.0,178.0,-0.771704249426987
216827,160.0,1348.0,55.0,-17.2173634059023
49818,1883.0,1921.0,7.0,1.12133822585449
200829,1915.0,11.0,54.0,1.53764794209333
214965,1879.0,1348.0,55.0,-5.40034261803526
270196,1913.0,1893.0,74.0,-1.95100960069217
210983,1913.0,1875.0,178.0,-3.06777550069377
168685,72.0,1881.0,51.0,2.49676565792494
210328,1909.0,677.0,178.0,-2.45932753208654
164691,14.0,677.0,168.0,1.99011382882073
433538,136.0,1875.0,116.0,-2.98701886889278
58418,14.0,1888.0,9.0,-2.50053193702351
204485,1880.0,1907.0,177.0,-2.50513540940121
195083,1926.0,1919.0,176.0,-1.28526804704181
168263,47.0,1896.0,51.0,1.28992677646308
369442,1905.0,1347.0,180.0,7.53821525100448
425594,18.0,1922.0,115.0,-0.63810590353351
172054,1878.0,1917.0,52.0,-1.26595461881112
390875,1915.0,1337.0,111.0,-11.0266669191927
194614,1877.0,1332.0,176.0,1.50207584208541
315127,1909.0,1928.0,186.0,-0.888232648828327
180019,1877.0,1431.0,53.0,9.90386232072732
34276,1904.0,1928.0,166.0,4.61837034456767
388583,1883.0,120.0,111.0,1.54524551956347
435095,146.0,1922.0,116.0,2.00866085856021
368394,1559.0,1888.0,180.0,20.0119117505687
230865,1898.0,1881.0,58.0,4.9627784385479
88772,27.0,1916.0,172.0,-8.18468356397043
228795,1559.0,1918.0,58.0,-1.19625249984905
339045,1919.0,1183.0,103.0,3.00065329287294
203980,1899.0,1885.0,177.0,11.4297502402002
281630,604.0,1903.0,75.0,2.28819985048238
107881,1331.0,1895.0,45.0,-2.24284474365106
216999,20.0,1224.0,55.0,-1.07167647732847
53050,1924.0,948.0,7.0,19.2911244006605
280813,1926.0,1896.0,75.0,-5.90061959729131
188778,1895.0,1922.0,175.0,1.07545583040362
164359,1919.0,1916.0,168.0,0.019255067182484
168837,948.0,1882.0,51.0,-4.77462234021266
14254,1887.0,1922.0,3.0,9.11855224934862
224591,1884.0,1900.0,57.0,3.68928022767513
284519,13.0,1916.0,77.0,2.15570135157321
175909,1906.0,1927.0,52.0,-10.165763218337
31985,160.0,1183.0,166.0,0.269378346594904
71286,1348.0,11.0,13.0,-2.39663047112361
325755,948.0,1901.0,101.0,0.64348702796633
34300,160.0,1928.0,166.0,6.23838095005682
424454,948.0,1926.0,115.0,3.68888292258239
317792,1883.0,1910.0,99.0,0.491155508241018
177436,1895.0,1671.0,53.0,-15.7609934456138
371046,1925.0,1896.0,180.0,3.63090607778421
399372,1224.0,1918.0,112.0,-0.99957901271056
178601,15.0,131.0,53.0,3.35592053874914
183360,18.0,1918.0,174.0,0.150019510771639
279094,1671.0,1893.0,75.0,3.63451527505839
171894,1889.0,1881.0,52.0,-2.74865496171144
6034,748.0,1348.0,1.0,0.507203821401338
360953,20.0,1886.0,108.0,-6.18763981851195
197471,1347.0,1875.0,54.0,-1.56931617837013
72102,101.0,131.0,13.0,-4.76985696891768
222881,1926.0,1882.0,56.0,-5.84375979401162
319956,1915.0,1337.0,99.0,0.835924952081633
273438,147.0,1888.0,179.0,5.90635959430888
373740,72.0,11.0,109.0,1.132780177822
325920,14.0,1899.0,101.0,-4.48376673472476
167247,1883.0,1896.0,51.0,7.12683841779802
68338,1919.0,1901.0,12.0,0.207745822955567
58549,1915.0,1917.0,9.0,2.64427954178702
51288,1337.0,788.0,7.0,-0.473718575586669
283878,748.0,1907.0,77.0,0.516145494003639
74158,83.0,1896.0,13.0,-6.25080500181465
286303,1876.0,136.0,77.0,9.62150200511022
188500,1559.0,1910.0,175.0,-3.34390503768496
194426,1902.0,1332.0,176.0,0.432079585575521
276084,1924.0,120.0,179.0,-2.03100260174231
71029,1922.0,1923.0,13.0,-6.46469904890266
231325,1881.0,17.0,58.0,-2.39550309052515
4422,1916.0,1911.0,1.0,1.47131909170549
44927,1337.0,1898.0,6.0,0.752974798482771
424940,164.0,1923.0,115.0,-2.25564241724759
101529,1560.0,1923.0,173.0,1.76332362564701
280077,1920.0,1916.0,75.0,14.6545521467545
243049,1888.0,677.0,69.0,4.60512081500956
263473,150.0,18.0,73.0,7.52513357737353
222026,160.0,1904.0,56.0,1.0465922626586
226137,655.0,47.0,57.0,17.1458387804912
216472,3.0,17.0,55.0,1.31769420654323
284351,120.0,1901.0,77.0,4.41500748534506
357502,1891.0,1909.0,108.0,19.369165419032
74929,655.0,147.0,13.0,3.07204641331227
338468,11.0,788.0,103.0,-4.72866176691798
263584,1671.0,1900.0,73.0,1.33971588228822
13735,1927.0,1902.0,2.0,-9.10441639691718
51971,229.0,146.0,7.0,3.08248873396302
167985,1885.0,5.0,51.0,1.36969767498512
181403,1915.0,1560.0,53.0,-2.74828844314936
334643,1924.0,17.0,102.0,0.83352870491509
211555,1332.0,1348.0,178.0,-0.203136684884635
333851,1877.0,82.0,102.0,2.22491241745489
207940,164.0,11.0,178.0,-7.37832399082353
286954,1925.0,14.0,77.0,0.855556677008061
115125,544.0,748.0,167.0,5.23789807838231
178175,1907.0,11.0,53.0,-2.48369848062903
113089,1902.0,3.0,167.0,-4.9667873727764
114381,27.0,18.0,167.0,6.52444801033762
5326,1889.0,1560.0,1.0,0.114111321858858
304039,544.0,48.0,98.0,9.93674195037923
196497,48.0,120.0,176.0,7.88804392878868
247921,1903.0,15.0,70.0,-1.79880806123382
191474,229.0,948.0,175.0,5.06545947322468
340760,604.0,1924.0,103.0,11.8032121632169
253300,150.0,1897.0,71.0,4.0895575962209
237260,544.0,1914.0,60.0,4.74202629306554
423172,1559.0,1883.0,115.0,2.31420525346294
164489,1919.0,17.0,168.0,4.48595380793074
30256,147.0,131.0,166.0,3.57312369627278
239054,1914.0,1928.0,60.0,-10.3387900658129
236946,1920.0,788.0,60.0,-12.9755728429043
25941,1879.0,11.0,4.0,-3.55144349686488
230229,1895.0,1916.0,58.0,-1.83797274184718
255918,1905.0,1928.0,71.0,-5.77642004567153
27858,1913.0,18.0,4.0,0.0911091129319979
187336,195.0,1331.0,175.0,12.2939280035654
300173,1895.0,748.0,98.0,-0.0237115407819225
98644,83.0,146.0,44.0,4.32720230987025
314382,3.0,1559.0,186.0,-1.54070410716422
281545,1925.0,1911.0,75.0,2.60883108213133
372728,1900.0,1901.0,109.0,0.138478650176835
162587,1878.0,1921.0,168.0,-3.46696331564877
397905,1347.0,85.0,112.0,1.68495208165396
338748,1893.0,1911.0,103.0,1.95951650233941
321790,1920.0,17.0,100.0,6.31670933219242
217239,1337.0,1927.0,55.0,-2.51147461683384
275996,229.0,1430.0,179.0,1.92510377833464
164703,1920.0,101.0,168.0,8.52260472411442
423555,948.0,1899.0,115.0,6.76611771335633
88378,1905.0,1883.0,172.0,-0.773357280281909
48626,1891.0,1909.0,7.0,11.4478232839184
284483,147.0,1883.0,77.0,-0.0967248548094253
275689,48.0,1877.0,179.0,3.29654496937605
271232,82.0,1913.0,74.0,-4.56319349001138
388483,1901.0,1914.0,111.0,-5.21338547369582
46580,1920.0,27.0,6.0,1.80262849184669
238218,20.0,1224.0,60.0,-2.53426663389196
229398,136.0,1927.0,58.0,-3.08258291003208
200598,1919.0,1909.0,54.0,-0.237865032984912
7887,27.0,1917.0,1.0,-2.29771788723843
335000,1876.0,147.0,102.0,0.923518484552828
109067,163.0,150.0,45.0,3.56089565976021
200084,1919.0,1894.0,54.0,-9.69831219951779
415345,1331.0,1923.0,114.0,-5.40619871199061
9938,1900.0,17.0,2.0,-5.12079130772308
339352,1342.0,1881.0,103.0,-9.38636079729767
359386,1920.0,85.0,108.0,3.53259408773367
59994,1224.0,1882.0,10.0,3.13511023850898
185013,1925.0,1901.0,174.0,2.88400118805686
265998,1924.0,1906.0,73.0,-1.10613973706951
210320,948.0,1332.0,178.0,4.6839729515744
231672,1332.0,164.0,58.0,-4.23295783118223
642573,146.0,1902.0,112.0,3.3142244454977696
164043,655.0,1898.0,168.0,-0.814217387827775
45071,1894.0,13.0,6.0,-2.56832068211557
12798,48.0,1912.0,2.0,4.71830419973779
248599,85.0,1348.0,70.0,3.07738831441891
181038,1925.0,83.0,53.0,4.73262102743704
112262,1909.0,1914.0,167.0,2.89916500231738
191361,1876.0,748.0,175.0,5.12235186346719
342366,1431.0,1671.0,104.0,1.45982962380949
89160,1337.0,544.0,172.0,-16.875545128314
338154,20.0,1347.0,103.0,-2.05055267916328
162190,1430.0,150.0,168.0,4.27137971213815
176869,136.0,1889.0,53.0,4.9737429851767
422849,1891.0,5.0,115.0,0.974779434425445
325346,1430.0,1890.0,100.0,-3.62565893953209
16581,604.0,1183.0,3.0,2.01115539022448
248908,229.0,1923.0,70.0,-0.364014653487207
31914,1342.0,1922.0,166.0,-2.38488313527557
231535,1905.0,72.0,58.0,-7.53626976693429
437357,1920.0,1224.0,116.0,2.17275913802744
345356,1877.0,13.0,104.0,1.23000889860804
372381,1893.0,788.0,109.0,-1.89667482471837
277175,788.0,1923.0,75.0,0.743689832191845
328450,1920.0,1922.0,101.0,-5.60837806294483
15637,1897.0,1919.0,3.0,3.52528925512021
174937,1876.0,17.0,52.0,1.63696074841086
105031,1925.0,1560.0,173.0,3.82991846389528
191582,229.0,1878.0,175.0,-0.644555451029191
303206,1905.0,1909.0,98.0,-5.67030561810795
176189,655.0,1882.0,52.0,-2.12818052224839
267674,17.0,1922.0,74.0,7.36347105944734
99195,1924.0,1884.0,44.0,10.2906870800607
317113,1671.0,1916.0,99.0,-0.281381739795997
344881,1337.0,101.0,104.0,2.79469979368416
70276,17.0,1928.0,12.0,-3.93945779331067
52275,229.0,150.0,7.0,2.69501162129497
96636,1895.0,1224.0,44.0,1.6980703445876
64692,604.0,1882.0,10.0,6.35940737411687
33004,1876.0,544.0,166.0,0.698253264657963
164754,1337.0,544.0,168.0,-7.46129239968483
238410,655.0,1886.0,60.0,2.84781592019951
106827,1904.0,1922.0,45.0,6.18056697730418
8168,655.0,1876.0,1.0,9.72036115451301
273684,1897.0,1893.0,179.0,4.28056241413957
55460,1331.0,1910.0,9.0,-5.63851860837557
187728,1916.0,5.0,175.0,2.1792458038219
65241,1879.0,1884.0,12.0,2.27847854568136
301318,1894.0,1909.0,98.0,-4.02218871181075
243986,27.0,1885.0,69.0,1.21804983866504
228387,20.0,1902.0,57.0,3.81937300857528
274143,1889.0,677.0,179.0,-2.31859693312767
369120,164.0,1904.0,180.0,5.83290159322669
251752,147.0,18.0,71.0,3.12276229338486
423456,948.0,150.0,115.0,0.972088504089934
164186,1342.0,1881.0,168.0,-12.3949771353323
113801,3.0,1885.0,167.0,-11.173726139574
313823,1926.0,1892.0,186.0,1.77373863244812
98941,1919.0,1914.0,44.0,11.2883607609007
26948,604.0,1894.0,4.0,3.3362506918569
211092,229.0,146.0,178.0,-7.63905053256679
340640,20.0,1882.0,103.0,-4.08948707065203
13411,20.0,1900.0,2.0,-9.72896183148782
240841,17.0,677.0,69.0,-11.4768370432155
301951,195.0,1927.0,98.0,0.554818813618127
52091,1924.0,1347.0,7.0,-7.49378173273726
217401,27.0,1337.0,55.0,-5.70238103658787
331534,748.0,1908.0,102.0,0.440858023262549
328016,1331.0,147.0,101.0,4.47271370752989
338652,1897.0,1905.0,103.0,-2.37544274068702
68028,1876.0,1919.0,12.0,10.9163689076369
265362,82.0,1888.0,73.0,2.21148027684964
388123,11.0,18.0,111.0,8.19707690946011
63487,544.0,1347.0,10.0,2.53228696255745
206908,163.0,1876.0,177.0,6.73737317481901
192533,1885.0,164.0,176.0,-1.79849554767812
397758,147.0,1908.0,112.0,-0.726858936552207
188002,1903.0,677.0,175.0,-0.280816359314843
179162,1875.0,120.0,53.0,-2.22451161028336
170628,1920.0,136.0,51.0,8.3889249465745
273652,47.0,15.0,179.0,-13.874013916989
388994,150.0,1898.0,111.0,-3.21491474692466
96919,1887.0,1431.0,44.0,6.03022369379767
189758,1332.0,1183.0,175.0,-3.01084575124976
263515,1908.0,1917.0,73.0,-1.36121438925072
321586,1875.0,1903.0,100.0,-3.86197376996669
177490,1909.0,1901.0,53.0,-6.93852284650062
102110,1430.0,1347.0,173.0,-0.893065809738367
169773,1919.0,11.0,51.0,-3.90954498101866
389362,1926.0,229.0,111.0,3.36484313947631
263331,1909.0,1224.0,73.0,-4.06743160393822
207214,229.0,3.0,177.0,-0.91696158253201
434992,677.0,1923.0,116.0,-4.28613895104391
179663,1926.0,1898.0,53.0,-12.5876530753879
249154,1913.0,146.0,70.0,-3.87481509926493
389800,1924.0,131.0,111.0,1.20546073817762
97527,1922.0,788.0,44.0,0.632780690034335
15467,164.0,1904.0,3.0,-8.75851244273255
376119,1876.0,677.0,109.0,6.68615559840255
263185,1885.0,1903.0,73.0,5.58147490386393
326375,948.0,147.0,101.0,5.32074614253549
373730,17.0,1901.0,109.0,-7.57371145398923
172312,1890.0,1892.0,52.0,4.42481994918855
172483,85.0,150.0,52.0,2.35239161504689
214286,1883.0,17.0,55.0,3.89053441286888
62102,1875.0,1560.0,10.0,-1.07905434820465
29051,83.0,1902.0,4.0,2.6052698396197
7416,14.0,1896.0,1.0,-4.92216892356511
115401,27.0,1908.0,167.0,1.52723532886087
71845,1892.0,17.0,13.0,-40.9153127822514
282547,131.0,1892.0,77.0,-4.15875740246024
160941,1348.0,1882.0,168.0,-0.220867754392456
376178,655.0,1918.0,109.0,6.38265686198969
241530,1431.0,1917.0,69.0,2.74087344622192
264326,1913.0,1915.0,73.0,0.17908247165574
200992,1915.0,1893.0,54.0,2.37316680306162
265477,1915.0,1912.0,73.0,-5.62041974800416
633811,164.0,1902.0,12.0,7.734382988537764
250532,160.0,948.0,70.0,1.6444581209723
95741,136.0,1892.0,44.0,3.58688273895364
228090,1876.0,1922.0,57.0,-2.76405059366763
64982,1929.0,1902.0,10.0,-7.31281979033541
162191,1912.0,1890.0,168.0,-1.83680432376223
56285,195.0,1907.0,9.0,2.53977840051184
167783,136.0,47.0,51.0,0.228742994541142
167616,1886.0,1894.0,51.0,3.05435382380042
377000,1905.0,1337.0,109.0,5.52782648547823
113800,544.0,1885.0,167.0,6.82619234720255
113745,1906.0,195.0,167.0,0.959601714220718
200503,544.0,1885.0,54.0,13.6058092701988
425047,1431.0,147.0,115.0,-1.08146083051391
181139,1919.0,1878.0,53.0,-7.26325206331001
387972,1897.0,195.0,111.0,-44.7527107525017
207452,788.0,1928.0,177.0,3.44737616521776
11028,1881.0,131.0,2.0,12.60312712804
416879,163.0,1559.0,114.0,1.10738558892283
340686,229.0,1560.0,103.0,5.02061283029836
253457,85.0,1910.0,71.0,-1.236534119501
166230,1431.0,1927.0,51.0,-0.466971550644782
6668,1342.0,1913.0,1.0,6.52564791610303
57018,1924.0,1908.0,9.0,0.152331276905218
54980,83.0,1911.0,9.0,0.139466700498704
186808,1348.0,11.0,175.0,3.14787234251681
51734,1905.0,195.0,7.0,-1.31334339053446
221232,1925.0,1887.0,56.0,2.68242444206719
401135,1337.0,1671.0,112.0,7.82058268521959
227628,20.0,1886.0,57.0,1.93967550827774
231561,1920.0,1919.0,58.0,-1.92580735992734
97040,1911.0,1224.0,44.0,-4.94282393085557
229367,1431.0,1894.0,58.0,4.49482503310571
341127,1908.0,1902.0,103.0,-6.8944293001683
205525,1430.0,1331.0,177.0,-5.84426695377957
87389,101.0,1901.0,172.0,3.84368256900071
255586,1332.0,1922.0,71.0,2.59716121901868
27611,1926.0,5.0,4.0,3.2971390194523
312810,1885.0,11.0,186.0,2.82145902876564
185060,1332.0,1916.0,174.0,1.90630785895955
249354,48.0,604.0,70.0,15.868587041827
178251,1903.0,1224.0,53.0,-5.3425028797751
375837,20.0,101.0,109.0,12.6774715535245
198225,85.0,1918.0,54.0,-1.0199867292736
5771,1908.0,1914.0,1.0,2.06547267242613
339393,1925.0,1916.0,103.0,-0.114761736393051
285109,1924.0,1923.0,77.0,6.67267937161629
259845,655.0,1904.0,72.0,-2.87769800917908
344202,1906.0,1894.0,104.0,-7.86596617941252
336131,1905.0,150.0,103.0,2.70937880497339
66872,1904.0,1892.0,12.0,0.373151931526079
57040,82.0,1894.0,9.0,-1.46695261131134
435226,3.0,150.0,116.0,-0.686931302571776
416770,3.0,1430.0,114.0,3.61649639619353
15778,1897.0,83.0,3.0,-5.16619788923363
344986,1332.0,1884.0,104.0,-8.27080141964364
104245,20.0,1879.0,173.0,0.531568945574942
361534,82.0,1919.0,108.0,6.45976585615294
275953,604.0,1430.0,179.0,4.62712074034155
97152,1559.0,1903.0,44.0,-6.48724414239559
195521,655.0,163.0,176.0,8.02757403210555
271977,1559.0,136.0,179.0,0.636625943018933
277466,1912.0,1347.0,75.0,14.6932875086549
339472,163.0,5.0,103.0,-3.11734498270241
162899,1875.0,1901.0,168.0,-3.38745302140939
114576,1342.0,1430.0,167.0,3.16917866746677
332481,1905.0,1911.0,102.0,5.49886637148477
67630,1883.0,1922.0,12.0,5.02138418746084
163812,27.0,1923.0,168.0,-2.06599087392736
233002,1924.0,120.0,58.0,-0.631760360105228
177828,1878.0,1898.0,53.0,-10.4822490332248
69248,27.0,1348.0,12.0,-18.0226097206728
194419,1893.0,1224.0,176.0,-2.07725349955295
374114,85.0,17.0,109.0,1.13066197547484
219789,1910.0,1923.0,56.0,-6.38948128948499
194809,544.0,160.0,176.0,-0.0395500565101636
279959,82.0,1883.0,75.0,0.143063728079413
27571,1876.0,1431.0,4.0,6.91685050241277
300960,82.0,1887.0,98.0,2.77699056890116
399092,1892.0,1914.0,112.0,1.62506924175999
9760,1909.0,1431.0,2.0,4.35537161571662
247767,1899.0,1885.0,70.0,3.22460453299595
180089,163.0,1431.0,53.0,0.619426190099682
86856,1879.0,195.0,172.0,4.79064855263622
60050,1917.0,1927.0,10.0,-13.8538633482784
370458,1877.0,1331.0,180.0,-10.7091710245523
435600,1889.0,1883.0,116.0,-7.22916910660737
374372,195.0,18.0,109.0,-5.53300288648116
302582,82.0,14.0,98.0,-0.99064693132098
267873,1904.0,1922.0,74.0,6.36868882692479
286067,163.0,1877.0,77.0,1.23312339145814
329135,229.0,163.0,101.0,8.85552498613123
219363,1911.0,1923.0,56.0,-5.12626440238261
361678,1905.0,1928.0,108.0,2.67719441145375
229509,1891.0,1431.0,58.0,3.6993698691007
55112,146.0,1560.0,9.0,-1.19757038571493
343145,1342.0,1911.0,104.0,-6.37317032849357
415771,83.0,1901.0,114.0,2.3743569906048
229270,1912.0,1895.0,58.0,1.54601397782084
232700,1915.0,147.0,58.0,-2.08200863884252
271786,1909.0,1897.0,179.0,2.36847454009862
219117,1912.0,1347.0,56.0,1.08273666403803
339625,1924.0,5.0,103.0,8.86521106994643
103393,20.0,1894.0,173.0,0.489309244324657
193782,1902.0,5.0,176.0,0.242741254870745
105457,1881.0,1902.0,173.0,-0.63234486300684
98406,48.0,1919.0,44.0,4.7509174922454
427825,229.0,1910.0,115.0,-1.87400378026624
236535,101.0,1903.0,60.0,4.75262259062513
239073,1922.0,1902.0,60.0,-1.74926821018257
14494,1914.0,18.0,3.0,0.201103367877442
63781,1924.0,1918.0,10.0,12.9299298730221
311837,1559.0,1922.0,186.0,-1.53672230052135
12241,20.0,1891.0,2.0,-1.75174820167502
373401,13.0,1914.0,109.0,-6.81661139530575
339473,82.0,1885.0,103.0,12.3678226293867
282677,1885.0,1884.0,77.0,-2.43003877967824
95677,1183.0,18.0,44.0,-7.30288213431115
433374,1895.0,1890.0,116.0,-1.17351239183624
229503,1909.0,1348.0,58.0,0.963184413814969
412734,1905.0,150.0,114.0,3.96516681681458
264366,3.0,1909.0,73.0,0.862792889458713
319400,163.0,1912.0,99.0,5.10286912508328
278962,948.0,1915.0,75.0,9.5779031732871
5256,120.0,11.0,1.0,3.30973749250152
321955,72.0,1892.0,100.0,-5.17817973862284
3625,1908.0,1901.0,1.0,0.45460788553272
250323,3.0,1888.0,70.0,1.88834325853802
88569,48.0,1880.0,172.0,1.54559379687608
328374,1885.0,788.0,101.0,7.60517860134407
273211,1898.0,1918.0,179.0,-0.0639736824688891
6387,160.0,1908.0,1.0,-3.22181760465088
359642,604.0,1894.0,108.0,5.01601858678594
206542,3.0,1224.0,177.0,4.80076034702543
195442,1913.0,131.0,176.0,1.26471965391565
85581,948.0,18.0,172.0,-1.17367919620373
242622,1900.0,677.0,69.0,0.739282179768144
341639,101.0,1884.0,104.0,3.60592234667212
49511,1560.0,1889.0,7.0,-5.58335304852792
14675,146.0,15.0,3.0,-4.04613478398342
387886,948.0,27.0,111.0,8.45571219895198
100940,1331.0,1882.0,173.0,2.20015952023163
390050,14.0,1896.0,111.0,-1.08656505523807
46925,1926.0,11.0,6.0,-2.24429638079205
274118,14.0,150.0,179.0,0.961294576452603
372146,147.0,1928.0,180.0,3.08491939088121
29803,147.0,1895.0,166.0,6.04567315779735
195956,1876.0,18.0,176.0,7.51544178365334
367660,948.0,1183.0,180.0,0.844676935956794
168327,47.0,1923.0,51.0,1.52569079754371
25241,748.0,1431.0,4.0,1.65641152434465
197325,1889.0,1886.0,54.0,-1.94834225353602
279636,163.0,1183.0,75.0,4.00026173409868
342466,677.0,1890.0,104.0,2.33323643849316
433232,120.0,131.0,116.0,0.487629308916058
367468,1899.0,1882.0,180.0,5.76957390010476
220589,1922.0,1921.0,56.0,-9.04864341197136
209724,1431.0,1560.0,178.0,-4.90517099157556
313505,1915.0,146.0,186.0,3.03235785952001
192268,1912.0,1916.0,176.0,0.831367711645171
261798,1348.0,1331.0,73.0,3.11240095767395
376647,14.0,1912.0,109.0,-2.13475039252584
105620,1342.0,1347.0,45.0,0.114671938726647
370019,27.0,1183.0,180.0,-3.23977125581079
249915,1926.0,1896.0,70.0,-2.05337270872474
197067,1887.0,1928.0,176.0,2.09294273111084
74495,3.0,1918.0,13.0,-5.45451647139146
29778,1348.0,1918.0,166.0,-4.33174880835291
26351,1900.0,17.0,4.0,-0.196970338654892
227830,1925.0,1332.0,57.0,8.36607689712316
227630,27.0,1430.0,57.0,14.4508677621546
242399,1903.0,17.0,69.0,3.5902076199704
65997,1896.0,1907.0,12.0,-3.48348056007246
416883,20.0,136.0,114.0,-7.7157081337094
312082,136.0,1878.0,186.0,7.80113647126695
114080,1913.0,1891.0,167.0,-0.0864664471833958
185937,604.0,48.0,174.0,-9.51479437077478
243030,147.0,1895.0,69.0,5.54670679475561
235715,1899.0,1904.0,60.0,8.98427937597627
236175,1559.0,131.0,60.0,1.38973792299134
345070,163.0,1891.0,104.0,-4.65899500058597
65634,1671.0,1921.0,12.0,-1.0926858954142
376694,3.0,1888.0,109.0,6.49212997876205
5171,1902.0,1890.0,1.0,-3.57649907284583
370565,229.0,146.0,180.0,-0.593640160349166
224127,948.0,27.0,57.0,1.00517453651316
46506,83.0,229.0,6.0,1.68386446415936
326504,1904.0,131.0,101.0,-6.54549179525694
228708,1891.0,1883.0,58.0,1.8456780130547
17517,1926.0,101.0,3.0,3.13416621397457
328720,1332.0,1883.0,101.0,-1.88669730995011
217221,1920.0,1886.0,55.0,2.1721234148568
277764,1917.0,1882.0,75.0,1.78041932680675
387955,1337.0,1898.0,111.0,5.45644172233276
328058,1887.0,1889.0,101.0,4.2411956622246
397582,1894.0,72.0,112.0,3.28611978605308
96984,101.0,15.0,44.0,2.17527755896847
426355,229.0,163.0,115.0,18.4798758484998
164118,160.0,1887.0,168.0,-1.56722900411894
338341,948.0,18.0,103.0,8.04124356840063
173481,1904.0,1896.0,52.0,-4.20655713863777
180559,160.0,1896.0,53.0,-2.53608880594315
200910,1913.0,1884.0,54.0,-5.67119015569032
413717,1904.0,1917.0,114.0,-6.19216325878813
225325,1897.0,1922.0,57.0,-6.87780734174681
236697,544.0,85.0,60.0,-1.66528537871971
323878,1876.0,1880.0,100.0,-1.41845104606959
71617,1895.0,1910.0,13.0,-1.0941335963814
24189,85.0,1921.0,4.0,-8.71816115871132
300442,1915.0,1332.0,98.0,-5.01192190407943
232492,544.0,1918.0,58.0,2.10183681375938
106925,5.0,1922.0,45.0,-1.17586961125267
259485,1919.0,1879.0,72.0,6.55316097365816
56693,1904.0,1881.0,9.0,6.96108312993914
391144,229.0,1925.0,111.0,10.1919008835941
276335,1915.0,1903.0,179.0,8.2193343885183
58037,48.0,1884.0,9.0,9.75441304988775
182318,1883.0,1881.0,174.0,2.27813945641658
416384,544.0,11.0,114.0,-6.26881925136695
287117,1889.0,1928.0,77.0,2.49485163402525
13151,1905.0,1882.0,2.0,3.58780909867336
253844,1920.0,788.0,71.0,0.532413734937626
30913,1875.0,1927.0,166.0,4.63705286815608
192428,1883.0,1927.0,176.0,-2.98658332335322
165013,1915.0,1905.0,168.0,5.76269097097926
339233,1876.0,1875.0,103.0,9.40305319337724
63342,1925.0,604.0,10.0,7.09699771428243
191968,1900.0,1902.0,175.0,-10.2045024829499
437627,1925.0,120.0,116.0,-1.68830504345576
346220,1924.0,1906.0,104.0,0.781005482939788
24123,27.0,1899.0,4.0,2.2995514996775
369405,3.0,1911.0,180.0,3.70194290238218
25869,85.0,1907.0,4.0,0.481741462010437
437539,160.0,147.0,116.0,-0.180079849933858
107850,1912.0,147.0,45.0,1.63271598096174
204438,1902.0,1882.0,177.0,12.7602589995143
323452,1920.0,82.0,100.0,5.49233620723189
251738,1875.0,1671.0,71.0,-2.74483893075789
228773,1560.0,788.0,58.0,-2.28355586028933
7873,1342.0,147.0,1.0,-2.94056054572934
52510,1877.0,1879.0,7.0,-0.918237676059677
188052,1880.0,1348.0,175.0,-6.78934305073898
360645,1920.0,1896.0,108.0,-4.66204221845167
188980,11.0,1890.0,175.0,-1.53686110324903
238728,1913.0,1876.0,60.0,-0.483867356643085
326396,20.0,1347.0,101.0,-1.29114086222764
206586,1337.0,136.0,177.0,-16.4804188323061
50378,47.0,17.0,7.0,5.33991408743556
204183,1893.0,1914.0,177.0,0.0550142634938851
75675,1917.0,1902.0,13.0,-5.15205123035195
389767,14.0,1914.0,111.0,5.15059204625082
165780,1332.0,1560.0,168.0,-2.45720526009215
205226,1906.0,1894.0,177.0,4.35439078561793
253243,1891.0,1921.0,71.0,12.0913684593143
162402,1878.0,147.0,168.0,-6.90061583972097
171008,1920.0,1903.0,51.0,3.61661776294439
70150,1925.0,14.0,12.0,-3.14006885485235
277977,1331.0,1886.0,75.0,1.30488095397491
108393,83.0,14.0,45.0,6.98133390774763
56557,1348.0,1921.0,9.0,2.31354974434708
170027,1430.0,1889.0,51.0,-0.511805560868856
389309,48.0,788.0,111.0,-5.83623672803437
165558,1915.0,15.0,168.0,9.92520798118635
331866,131.0,1901.0,102.0,-10.8704687900205
264591,1337.0,1892.0,73.0,3.25643598532963
367217,1903.0,1912.0,180.0,1.56549243965576
272752,1431.0,1916.0,179.0,1.84484740256524
256893,1891.0,1911.0,72.0,5.08281293404701
110092,3.0,1921.0,45.0,-3.83092260842313
246411,1895.0,1918.0,70.0,4.6255923411457
8187,1342.0,1900.0,1.0,-4.66088463865312
178896,11.0,1892.0,53.0,-24.1222155311556
162660,1889.0,1909.0,168.0,2.93344570051565
193031,1896.0,1331.0,176.0,2.01126189767927
104288,1332.0,544.0,173.0,-13.2665570317665
55557,147.0,1895.0,9.0,-1.1027914364596
67869,1885.0,1923.0,12.0,0.311288466526884
16034,1909.0,1908.0,3.0,-8.78719158548354
337304,1903.0,1671.0,103.0,6.75658975461131
170489,82.0,1671.0,51.0,-30.3632683859183
175908,1430.0,1927.0,52.0,2.38519446513143
318153,1876.0,1923.0,99.0,-1.81860170354626
346456,163.0,1928.0,104.0,0.626668426259051
371389,20.0,120.0,180.0,-1.2841152116627
415968,14.0,146.0,114.0,-12.1581646901224
330390,1337.0,1903.0,101.0,-0.894700428962491
10138,47.0,1896.0,2.0,-0.682760344622892
373529,164.0,1893.0,109.0,0.722703838582473
253365,1925.0,748.0,71.0,4.10240245888334
258226,1882.0,1910.0,72.0,0.9047674546204
162420,5.0,11.0,168.0,1.64788695917174
66689,1891.0,1331.0,12.0,2.04953795214557
228214,163.0,15.0,57.0,1.71318276401272
322175,1885.0,1903.0,100.0,7.12180056585991
265820,1925.0,1890.0,73.0,0.115475264384782
342257,1888.0,1910.0,104.0,2.69152444568644
335108,1332.0,1888.0,102.0,-1.71960999647608
256344,948.0,1431.0,72.0,3.50074424500874
192043,1879.0,72.0,176.0,-0.515749887496239
222011,1342.0,13.0,56.0,1.87689403530709
29435,1183.0,11.0,166.0,-0.217533919515434
400901,160.0,1912.0,112.0,14.2726475283991
375704,1332.0,1904.0,109.0,-1.15858111586493
436927,3.0,1893.0,116.0,-7.42659007249053
337396,146.0,1910.0,103.0,1.65055146811936
10928,1875.0,13.0,2.0,0.641813197122572
69691,229.0,136.0,12.0,-5.2516639729047
44635,1559.0,150.0,6.0,2.14115063567174
424904,1887.0,1897.0,115.0,1.74176114356596
96674,1347.0,1927.0,44.0,0.469043549393061
274692,655.0,1923.0,179.0,3.32951064459154
258551,150.0,18.0,72.0,-6.5831584988371
31637,131.0,11.0,166.0,4.12845012972163
322804,1884.0,72.0,100.0,-13.1286135628218
231341,1559.0,1890.0,58.0,10.2163358106506
222372,1905.0,1917.0,56.0,-3.29218494217668
312390,1880.0,677.0,186.0,-2.13749591738722
314878,604.0,1890.0,186.0,-2.96682540375923
341680,136.0,131.0,104.0,-0.727014357993974
271470,1904.0,1928.0,74.0,2.09858250581847
188528,1900.0,131.0,175.0,3.20753077384759
218068,1559.0,1916.0,56.0,8.39807751778707
198653,948.0,147.0,54.0,1.74890018187422
204082,1893.0,1898.0,177.0,-1.28004601584218
194030,1887.0,677.0,176.0,-2.27976403206774
98913,1332.0,17.0,44.0,1.9872097022567
249823,27.0,1889.0,70.0,0.52618828285782
208313,1887.0,1921.0,178.0,3.81309026338624
106684,1886.0,1927.0,45.0,3.70733856034862
169065,1913.0,1904.0,51.0,0.151218865255196
107972,1899.0,788.0,45.0,-5.50334436710195
171272,1921.0,1928.0,51.0,32.8175938671501
43787,1893.0,1882.0,6.0,-3.2739481838763
375167,1915.0,14.0,109.0,0.621289485658944
369701,1910.0,788.0,180.0,-3.07963359804926
390577,48.0,1888.0,111.0,0.217733030443094
427577,1919.0,1903.0,115.0,-0.541093072991939
28329,27.0,1912.0,4.0,-1.91174367428119
314909,1905.0,1900.0,186.0,-2.02012271093532
12601,544.0,1904.0,2.0,0.561850004972726
276496,1913.0,1922.0,179.0,-0.935502356064648
172044,120.0,1900.0,52.0,-2.31179480433493
253708,544.0,47.0,71.0,5.73428158158178
179564,3.0,82.0,53.0,-3.80075590209026
230083,1903.0,1893.0,58.0,0.414801759034583
165534,1925.0,1560.0,168.0,0.554422383631126
225782,1904.0,15.0,57.0,-6.57890838434247
318195,82.0,1896.0,99.0,-1.22687023139992
337207,1671.0,1882.0,103.0,1.52470297939241
328792,1337.0,1881.0,101.0,-5.28730675042353
281332,1430.0,1927.0,75.0,2.37672586488544
112874,1224.0,1917.0,167.0,7.9937752581032
50112,150.0,1903.0,7.0,6.41576996651957
642519,195.0,1902.0,3.0,5.3501817039471256
165731,1332.0,1900.0,168.0,-10.7395753692451
339378,229.0,1926.0,103.0,14.5402587765581
179906,604.0,1913.0,53.0,2.91233541561046
32034,1906.0,1894.0,166.0,-6.03470094536562
113915,1342.0,5.0,167.0,-10.6068570980918
189826,655.0,195.0,175.0,-4.94702516797775
248250,1894.0,164.0,70.0,16.1069185432447
226186,160.0,1883.0,57.0,1.23780040286484
436867,1924.0,1892.0,116.0,-0.839096694499423
178473,120.0,1881.0,53.0,2.56199253312138
203617,1879.0,1909.0,177.0,-1.67468439920233
368682,1875.0,72.0,180.0,4.69394468284591
274894,1919.0,1331.0,179.0,-30.8508222406528
181237,82.0,1878.0,53.0,-10.9516787517589
101189,72.0,1911.0,173.0,0.750791979926397
224594,1881.0,1921.0,57.0,-2.53652832487652
253822,1342.0,1919.0,71.0,4.82777607906922
326624,1891.0,1900.0,101.0,-2.21821527880212
231496,1906.0,1875.0,58.0,-5.88434090421793
330995,101.0,147.0,102.0,6.7144134001932
104768,1919.0,1886.0,173.0,-12.1373795958502
372533,150.0,788.0,109.0,-3.38515952292749
164008,1337.0,164.0,168.0,-7.7332854391051
222708,83.0,1903.0,56.0,-0.595839137109121
397077,146.0,1348.0,112.0,1.02997311422829
272428,1902.0,1342.0,179.0,-0.834540323800986
427054,1430.0,13.0,115.0,0.68342715868026
434813,1896.0,15.0,116.0,1.29801681445262
48542,1903.0,1917.0,7.0,4.23806879546528
62248,3.0,1332.0,10.0,0.97176850453255
110873,195.0,1914.0,167.0,9.72134081117239
400217,544.0,146.0,112.0,3.05500033411618
230357,1879.0,1914.0,58.0,-4.32536860885837
253106,1887.0,1921.0,71.0,10.4841118959372
105398,655.0,1925.0,173.0,12.0468773521406
342311,136.0,1922.0,104.0,-6.0868856703612
237177,20.0,195.0,60.0,-8.18749471259381
372124,788.0,1902.0,180.0,-2.14469681204222
10495,1331.0,1895.0,2.0,4.43675566436147
217841,1911.0,1902.0,55.0,-6.64734377662079
197460,131.0,18.0,54.0,3.03997994563459
30521,1895.0,1922.0,166.0,-2.67392273947064
398341,1893.0,1896.0,112.0,0.700267983004096
252769,120.0,1560.0,71.0,10.1720838885678
215216,1902.0,83.0,55.0,4.68527761362482
96044,1897.0,27.0,44.0,-2.71133235927652
26131,72.0,150.0,4.0,-4.90080849474779
178358,1885.0,1890.0,53.0,4.17434027777844
436849,1337.0,1431.0,116.0,-10.4040394941629
423783,1431.0,1882.0,115.0,3.39257517312084
266920,1903.0,1907.0,74.0,-4.00435792420973
60997,1889.0,1927.0,10.0,6.37156895484335
244244,1906.0,1884.0,69.0,-1.88040273501509
66626,1224.0,1918.0,12.0,0.331634321857232
239089,1431.0,1902.0,60.0,-7.1771666551405
301442,47.0,1918.0,98.0,10.0656900380389
327978,3.0,150.0,101.0,-2.12390208506717
69139,655.0,1918.0,12.0,5.13498093354438
61888,1919.0,1911.0,10.0,6.1148450220474
6489,1332.0,1183.0,1.0,-0.450062533874415
437693,1926.0,83.0,116.0,-2.09785860678488
375773,160.0,146.0,109.0,3.89909508169445
268014,1875.0,1911.0,74.0,0.102523093949456
251110,748.0,1897.0,71.0,5.36510518008345
401739,1897.0,1928.0,112.0,-3.00181278050861
249035,1332.0,1901.0,70.0,-7.0558155798631
88570,1915.0,229.0,172.0,-8.2475829561408
246059,85.0,1890.0,70.0,3.02742852035984
173497,1885.0,1911.0,52.0,-1.87901016714022
86078,5.0,677.0,172.0,2.29173768085417
285978,1924.0,1918.0,77.0,12.3066721501519
375788,14.0,1892.0,109.0,-1.6183427584524
398140,136.0,1671.0,112.0,-1.6594499720749
233545,82.0,1876.0,58.0,6.79861213154982
279817,83.0,164.0,75.0,-7.02722972882963
314039,655.0,1918.0,186.0,1.60600475074387
59222,1929.0,1902.0,9.0,-10.5134582254585
273922,1224.0,1916.0,179.0,1.82132049656052
29097,1910.0,1928.0,4.0,3.61548475438812
100771,1560.0,1888.0,173.0,-4.15089363556197
416425,229.0,150.0,114.0,-5.90454638023744
270031,1877.0,131.0,74.0,0.858131882552089
200479,655.0,1909.0,54.0,-4.4574660748033
203713,1897.0,1921.0,177.0,-4.32783133552558
388773,1348.0,13.0,111.0,-14.5788568015688
361109,20.0,748.0,108.0,-6.94503905151964
189661,1925.0,1922.0,175.0,-1.45316186328707
166197,1908.0,788.0,51.0,-6.98859103391804
188582,1878.0,85.0,175.0,3.85002535253093
214917,147.0,1896.0,55.0,-7.83316471945952
114528,1925.0,1877.0,167.0,22.1850723973265
201693,1920.0,1886.0,54.0,-1.67537467819243
264970,544.0,1895.0,73.0,0.0780732003169192
389988,20.0,1893.0,111.0,9.44104667756804
201973,1920.0,1882.0,54.0,-1.57745970530132
188619,1893.0,1898.0,175.0,-1.21538467876089
5741,1898.0,1896.0,1.0,-16.0377678325622
260049,1905.0,13.0,72.0,-6.39907322837
88014,1912.0,748.0,172.0,-0.246337644079671
282211,1885.0,1888.0,77.0,0.10762366136633
67756,47.0,131.0,12.0,4.43911889660614
113386,27.0,14.0,167.0,4.28258986390575
325995,195.0,1224.0,101.0,0.0149012405738838
95455,1890.0,1922.0,44.0,-5.08063341927392
210775,1920.0,72.0,178.0,-2.87493288924438
111895,1347.0,1894.0,167.0,-7.17857923011007
3730,1907.0,1921.0,1.0,-0.0483678922384245
201795,1924.0,1876.0,54.0,3.83243468881691
52584,1915.0,147.0,7.0,1.33473033766481
346424,1878.0,1928.0,104.0,2.39071610524315
281309,1906.0,748.0,75.0,5.58519556205211
205462,1906.0,1881.0,177.0,8.42325386431583
45199,163.0,120.0,6.0,-0.27616951056729
357248,1183.0,17.0,108.0,2.02788192129708
250100,14.0,1888.0,70.0,-2.24024842476179
31135,146.0,120.0,166.0,2.0371928574501
300201,1886.0,1894.0,98.0,-1.84057699884366
332155,1902.0,27.0,102.0,5.91767832906646
268729,677.0,1922.0,74.0,3.3410465333269
271892,11.0,1910.0,179.0,12.0173232836879
214223,1886.0,15.0,55.0,1.58033540772768
25790,150.0,1897.0,4.0,0.34742402115449
282567,1878.0,15.0,77.0,-7.1698132558736
87917,1885.0,5.0,172.0,0.190723144592147
216307,160.0,131.0,55.0,-1.1300524818418
269055,1909.0,1921.0,74.0,23.1172928897341
44438,47.0,1348.0,6.0,-5.0305014838449
369535,1902.0,1560.0,180.0,-7.90047465619088
346151,544.0,1882.0,104.0,2.84165600614538
264534,1430.0,131.0,73.0,8.5991625239965
86724,1347.0,1922.0,172.0,0.669496015616576
115017,788.0,1928.0,167.0,-9.26061424151025
300209,1899.0,1671.0,98.0,-1.90521243904992
188330,1431.0,1922.0,175.0,-7.46091699211836
15974,1878.0,1887.0,3.0,1.20080535594004
318123,1913.0,14.0,99.0,3.25095154261321
357032,1909.0,1893.0,108.0,10.6257355178106
15919,1183.0,1878.0,3.0,-7.82212613397417
61053,1900.0,1908.0,10.0,-0.544757992965939
373488,1431.0,1916.0,109.0,2.76090142735417
178402,13.0,1882.0,53.0,2.17772740699345
400929,1430.0,1888.0,112.0,6.90266720592994
193009,948.0,164.0,176.0,2.48608307926532
197787,1893.0,1347.0,54.0,4.93123979047776
215937,229.0,1880.0,55.0,-10.0514900591956
373239,1909.0,1882.0,109.0,-0.151441075175287
414314,1885.0,164.0,114.0,0.561997178461861
400369,1905.0,1891.0,112.0,7.15402481950495
341717,195.0,18.0,104.0,-1.65352276736806
312378,1331.0,1911.0,186.0,-0.8824884396481
186101,27.0,1671.0,174.0,-9.26456436987147
224661,146.0,150.0,57.0,2.62913140591957
369830,1877.0,1922.0,180.0,5.5122102554166
206715,1877.0,1888.0,177.0,4.69296445367296
106613,1879.0,1918.0,45.0,0.606178926287821
168812,1902.0,1876.0,51.0,0.873144071320678
183832,5.0,1910.0,174.0,3.64830094328595
9597,147.0,15.0,2.0,-0.716428441351701
223341,1875.0,17.0,57.0,3.05975554221131
277057,1671.0,1331.0,75.0,-0.358713498094607
245865,1559.0,1887.0,70.0,0.957830305779618
325030,1920.0,1560.0,100.0,-0.191181069187041
72285,47.0,1917.0,13.0,-5.75550967804649
58203,3.0,1896.0,9.0,-3.49370910249217
329436,1342.0,1891.0,101.0,-16.3925937137891
183115,1897.0,1877.0,174.0,-10.7473652294728
214737,1884.0,1348.0,55.0,0.942245743182994
206302,48.0,13.0,177.0,1.23011597972206
424237,1882.0,1910.0,115.0,5.51514498673233
372849,1875.0,146.0,109.0,-2.97182048343461
163821,1906.0,1894.0,168.0,-3.84870037130739
328211,1875.0,1900.0,101.0,-1.74399265955413
95888,83.0,1887.0,44.0,6.53393934086576
371542,655.0,1886.0,180.0,5.24556855684218
110161,1924.0,1878.0,45.0,1.65106451624189
215964,1913.0,146.0,55.0,4.5880584562075
164639,655.0,1893.0,168.0,25.1056755439739
226117,1919.0,788.0,57.0,-2.25020339178687
209929,1904.0,1896.0,178.0,-1.15864135053652
46642,1342.0,146.0,6.0,5.93888270561001
70842,1893.0,120.0,13.0,-8.75901679923354
246335,1885.0,1890.0,70.0,-0.178303049459707
113147,1880.0,1896.0,167.0,-7.87404594219011
49854,1671.0,1901.0,7.0,-1.22467263287592
335918,82.0,1928.0,102.0,1.07804567261274
168721,1891.0,1914.0,51.0,-0.879157762784328
5132,1899.0,1911.0,1.0,-1.72594636835952
188265,1885.0,1894.0,175.0,-2.0935949772291
338969,3.0,47.0,103.0,-7.76291051412871
203248,1881.0,18.0,177.0,-3.22909026459122
109540,1915.0,147.0,45.0,14.0433624605349
162498,120.0,1896.0,168.0,-4.65587755276805
324171,163.0,1892.0,100.0,-0.20893039218865
341696,1884.0,1916.0,104.0,-0.469163836469241
264302,1906.0,1331.0,73.0,-18.9062644479449
337206,1348.0,1927.0,103.0,1.99204431553719
163370,1888.0,1927.0,168.0,-0.22973690744501
229640,1431.0,1927.0,58.0,3.99211760885522
399338,1903.0,1923.0,112.0,-0.01048527142125
339032,1919.0,72.0,103.0,8.60626943205325
87924,1881.0,1907.0,172.0,-6.17820696017428
327316,1560.0,1895.0,101.0,2.31123847772534
287007,82.0,1876.0,77.0,-0.474612864044115
166014,948.0,1928.0,168.0,0.392220606108095
46239,1905.0,1907.0,6.0,-15.2992132879669
57342,1913.0,1883.0,9.0,3.55724963288359
373548,1919.0,164.0,109.0,4.40932973851528
372339,1559.0,1671.0,109.0,0.101070977725871
314380,1915.0,136.0,186.0,4.12914291861476
234641,1880.0,1560.0,60.0,-3.96425756817442
324458,1925.0,1904.0,100.0,-1.79009039829039
213926,1883.0,13.0,55.0,1.26629366610125
212797,1897.0,1348.0,55.0,-3.43803778920234
230277,1881.0,1883.0,58.0,3.54226766643673
6760,1906.0,1331.0,1.0,-14.5104562255712
425306,72.0,1921.0,115.0,0.198120419012212
261511,47.0,1348.0,73.0,-9.76842440361392
177793,136.0,1904.0,53.0,-2.46324780380504
46122,1924.0,1907.0,6.0,-8.57191371010652
27703,1877.0,1891.0,4.0,-1.38559285239759
344759,655.0,604.0,104.0,2.69761115636706
13929,1893.0,17.0,3.0,-1.97586395084215
340313,1332.0,1888.0,103.0,-0.595508157495303
208127,147.0,1910.0,178.0,-1.07582696406381
318653,27.0,1909.0,99.0,-2.22440932785907
3516,1879.0,788.0,1.0,-2.94931762024353
85687,1908.0,11.0,172.0,-1.34077930157294
191934,1348.0,1928.0,175.0,-4.53925747254101
194882,3.0,1922.0,176.0,1.68629736223526
166396,1559.0,136.0,51.0,4.35479406817121
67059,1900.0,1923.0,12.0,1.81083492198374
4856,1903.0,1921.0,1.0,2.99002061732844
16702,83.0,1183.0,3.0,-3.14680933245054
426003,1926.0,1898.0,115.0,-4.91001660244833
228694,1224.0,1890.0,58.0,1.86773661820973
108613,160.0,229.0,45.0,3.26132907385816
267202,1910.0,1927.0,74.0,2.26069666689275
209543,1913.0,1910.0,178.0,-2.94340195643946
377302,14.0,1928.0,109.0,8.17677715047118
15893,1891.0,1904.0,3.0,-4.09908369377387
265553,160.0,136.0,73.0,2.65699638160914
114577,1342.0,1348.0,167.0,-50.2656338618496
187850,1882.0,1901.0,175.0,-17.1617976976111
267852,1887.0,1914.0,74.0,6.04349973446275
112990,120.0,13.0,167.0,-0.0060541880638253
310733,85.0,1888.0,186.0,-10.808529799067
633548,146.0,1902.0,108.0,1.6921731611274466
112737,1882.0,1923.0,167.0,-0.200934002650523
96836,1891.0,1883.0,44.0,2.05222194844399
270534,1913.0,147.0,74.0,-1.37153941209042
320700,13.0,1224.0,100.0,-3.84660236762154
201722,160.0,1342.0,54.0,-7.36610796666052
105750,1881.0,1923.0,45.0,-4.93914029355324
413463,1560.0,1908.0,114.0,-0.995624393489225
275787,83.0,13.0,179.0,1.84016103029338
216602,20.0,1889.0,55.0,-10.0090886453455
275846,229.0,1224.0,179.0,1.26219031875411
64087,1906.0,1888.0,10.0,-1.30827119528776
169294,48.0,72.0,51.0,1.71821557259429
4827,1891.0,85.0,1.0,4.01880065490763
209814,1912.0,1922.0,178.0,0.57654932021559
57896,1924.0,1892.0,9.0,-4.12800684505943
70835,1897.0,17.0,13.0,1.46824877927449
314900,82.0,20.0,186.0,-1.44846050878992
11870,14.0,229.0,2.0,16.4945404053745
323664,160.0,164.0,100.0,-3.91372723674672
209116,20.0,1332.0,178.0,2.87031806674744
59267,1908.0,1902.0,9.0,-7.38584472720799
279930,1924.0,18.0,75.0,8.81069871338757
112341,1912.0,1887.0,167.0,-0.335482767722299
172807,948.0,1901.0,52.0,-3.73082089227943
101687,146.0,164.0,173.0,-1.22187977255033
57881,1876.0,1879.0,9.0,4.23209019768043
111165,1671.0,1911.0,167.0,3.01869336519274
205163,163.0,1183.0,177.0,-4.4828770535647
338774,85.0,1917.0,103.0,0.744076519994249
415885,83.0,146.0,114.0,-14.34060691152
303207,14.0,131.0,98.0,4.52386909367903
314114,604.0,13.0,186.0,-5.63878994239656
324950,1926.0,1886.0,100.0,0.849586180027597
237479,20.0,1914.0,60.0,-2.29740451091352
66562,1902.0,27.0,12.0,-1.6147650046543
437782,1919.0,1878.0,116.0,-0.92649210329047
279146,1899.0,1910.0,75.0,15.9901858722682
284469,85.0,1921.0,77.0,-2.77369946935626
280818,1920.0,1875.0,75.0,4.14487755031
102353,1882.0,1921.0,173.0,-1.57019142273856
51755,160.0,1885.0,7.0,12.0334036884214
374884,1879.0,1900.0,109.0,1.76721606386289
259670,1430.0,1893.0,72.0,-1.14809996293536
208934,948.0,85.0,178.0,-0.501335715963732
70633,147.0,195.0,13.0,-3.82482447733002
247003,1897.0,1882.0,70.0,-5.22159172053656
57182,1906.0,72.0,9.0,-3.37328902006929
333817,1924.0,1883.0,102.0,-5.56023650873863
9831,1875.0,1912.0,2.0,-0.341110504498747
195110,20.0,1883.0,176.0,-2.14038678994785
415494,3.0,47.0,114.0,0.770768055001437
315392,1560.0,1907.0,99.0,-0.712825243811447
193014,101.0,164.0,176.0,0.123182163853949
258872,1342.0,1919.0,72.0,-11.6634093083504
211183,48.0,131.0,178.0,-9.89622334609068
264882,3.0,101.0,73.0,6.11726666132309
433830,1883.0,1331.0,116.0,-3.11116615807864
180034,1913.0,1914.0,53.0,-3.81378903276458
257583,72.0,1914.0,72.0,-1.25680280965524
12609,3.0,13.0,2.0,1.04152959695573
212287,1337.0,85.0,178.0,-7.22847738889122
177105,948.0,163.0,53.0,-2.24623357274725
330062,1877.0,136.0,101.0,-0.435650889628662
325202,1913.0,15.0,100.0,-8.02697189186196
261001,1916.0,1928.0,72.0,1.38901399810928
104709,1905.0,136.0,173.0,-4.9498834364337
198707,85.0,1921.0,54.0,-15.4347960175445
436661,229.0,163.0,116.0,11.5506526380727
426013,1924.0,18.0,115.0,-3.1495562769405
191558,83.0,15.0,175.0,1.63735294277051
311024,150.0,11.0,186.0,10.7029367293431
166787,1899.0,1923.0,51.0,0.636746153106459
243046,1891.0,72.0,69.0,0.738501019950784
184342,1896.0,1917.0,174.0,0.261189405093258
248199,948.0,1920.0,70.0,-0.392138397782651
330570,544.0,1906.0,101.0,1.23042795592467
45675,136.0,1886.0,6.0,4.89172314500271
45336,1904.0,1892.0,6.0,-2.29405038550152
218336,1347.0,136.0,56.0,5.81264233463622
69786,1337.0,1882.0,12.0,-0.324192549096977
66572,1902.0,1911.0,12.0,4.06735707210385
331781,1331.0,17.0,102.0,2.7790640189966
319462,1925.0,1224.0,99.0,-0.597454701182313
389985,1906.0,1893.0,111.0,3.31264807224739
241822,1887.0,1897.0,69.0,0.780094892758398
272404,147.0,1892.0,179.0,0.729702024021886
169489,1925.0,1901.0,51.0,2.1687932958444
371770,1905.0,1903.0,180.0,9.03338961835957
25781,1898.0,1881.0,4.0,-0.795680976425088
325424,229.0,1910.0,100.0,-1.72771264764093
161680,1887.0,131.0,168.0,2.44410925837514
370711,604.0,5.0,180.0,4.70834165426384
270831,1925.0,136.0,74.0,-10.6109401152292
113280,1920.0,1922.0,167.0,-0.298636319554651
373192,136.0,1875.0,109.0,-12.3934253533638
268836,1889.0,1224.0,74.0,-3.18098099880148
282943,1183.0,1875.0,77.0,1.21312669089098
414227,1559.0,1900.0,114.0,-1.3497264502344
633745,1899.0,1902.0,10.0,1.255559994312715
335467,163.0,1876.0,102.0,9.29365136144842
5919,1881.0,1908.0,1.0,5.17763119378748
209846,147.0,1895.0,178.0,1.52339798811234
198016,146.0,1887.0,54.0,1.02271274414316
107995,164.0,1224.0,45.0,-1.80048089880098
417437,1919.0,1900.0,114.0,6.95806395033561
196361,1905.0,1917.0,176.0,-8.43454965949216
244249,1926.0,1892.0,69.0,3.46171241713247
328256,163.0,1899.0,101.0,12.7802388174595
58014,14.0,1893.0,9.0,-0.302652403537066
26969,1920.0,1894.0,4.0,5.51201609854187
60656,136.0,1879.0,10.0,0.841320704331552
312468,1902.0,1877.0,186.0,-5.50871712952778
52503,1924.0,1877.0,7.0,18.2329871083786
360747,229.0,1889.0,108.0,-2.69419353183833
246900,1347.0,1910.0,70.0,0.580814999204189
99887,1430.0,748.0,44.0,-0.53567259733893
217449,1925.0,1890.0,55.0,1.87560459021288
322187,83.0,1910.0,100.0,2.74180836632848
57128,163.0,1883.0,9.0,5.41617580378406
201347,1342.0,1912.0,54.0,-3.05860150705737
329265,229.0,131.0,101.0,5.24533537760905
53122,1915.0,1903.0,7.0,-3.43701635552916
209049,1895.0,1890.0,178.0,-1.19392599833239
164402,604.0,163.0,168.0,10.343663522235
47796,1877.0,1560.0,6.0,-3.29719421137081
369100,1882.0,1890.0,180.0,-4.62361394054697
433692,1885.0,1882.0,116.0,1.01347892907174
170315,48.0,1224.0,51.0,1.85249730977694
25353,948.0,1431.0,4.0,-1.16073128554337
253807,163.0,1923.0,71.0,3.919790494082
271434,85.0,1928.0,74.0,-3.62774391479185
163351,1903.0,1923.0,168.0,2.97965190046617
51125,1878.0,1890.0,7.0,-1.39852357333438
261611,101.0,1878.0,73.0,11.9162843367549
259126,1906.0,229.0,72.0,-4.47463864204959
220724,1908.0,1922.0,56.0,-5.20716135350519
3660,1912.0,1921.0,1.0,6.08298122733732
338641,948.0,1431.0,103.0,2.00507062585188
252588,15.0,1892.0,71.0,-5.49625992479816
310546,1883.0,677.0,186.0,8.55584409389752
52197,1337.0,677.0,7.0,3.35493103718066
184860,82.0,1881.0,174.0,-7.98898532877406
169588,48.0,604.0,51.0,-2.9205876030093
287102,1559.0,1928.0,77.0,2.90897127259673
211869,1905.0,1917.0,178.0,-3.98612878255586
357180,1894.0,677.0,108.0,-4.13445694129499
427955,14.0,1902.0,115.0,2.67616504570983
300992,147.0,677.0,98.0,-0.692081830262453
253435,1894.0,1914.0,71.0,-1.50642122062966
416598,3.0,1896.0,114.0,-2.39769317365173
192410,1889.0,1916.0,176.0,1.94928594689101
57083,83.0,14.0,9.0,0.0075997980390757
259699,48.0,150.0,72.0,4.07764441382408
104656,1906.0,1888.0,173.0,-3.80722379398415
96072,1431.0,15.0,44.0,2.53399677722565
85431,1891.0,1910.0,172.0,-0.0291596152498248
335215,1915.0,1917.0,102.0,1.16661289521273
206278,1913.0,1889.0,177.0,-10.3144545010084
414762,1331.0,1921.0,114.0,-2.77968442972502
231484,604.0,18.0,58.0,-2.23162772503923
260950,163.0,1902.0,72.0,7.34660979071228
220680,1879.0,1887.0,56.0,-2.12458998037461
191549,1920.0,677.0,175.0,1.22086539739955
391298,1889.0,788.0,111.0,4.29642807779147
336402,1896.0,18.0,103.0,11.4596789823738
45797,1902.0,1927.0,6.0,0.391658677787337
178651,1889.0,13.0,53.0,15.5807403060969
161062,1880.0,1914.0,168.0,-0.377629618879371
279611,604.0,1922.0,75.0,-1.74410435876221
86796,1183.0,1907.0,172.0,4.17024060277866
339895,83.0,1893.0,103.0,2.40252832528468
322919,1224.0,1910.0,100.0,0.594085554995771
105527,160.0,1928.0,173.0,-0.258231290053701
269567,14.0,1331.0,74.0,-11.9320866387351
313831,1924.0,150.0,186.0,6.1856203783619
224238,1903.0,120.0,57.0,-0.0707218987900416
252535,1887.0,1560.0,71.0,-3.18614017969876
88453,1926.0,1898.0,172.0,0.0992380450290115
101673,1896.0,1347.0,173.0,0.610569975508777
226310,1905.0,1883.0,57.0,1.75767636741206
185648,655.0,1879.0,174.0,0.0518781798079617
225728,1893.0,5.0,57.0,-6.599910958017
52062,3.0,131.0,7.0,1.41564806869036
329422,229.0,11.0,101.0,1.04025783666248
248682,604.0,85.0,70.0,-3.763913511088
209681,1904.0,1900.0,178.0,2.41829714087776
65497,136.0,1887.0,12.0,3.05566933439356
10764,1894.0,1901.0,2.0,-0.196018283547002
62451,101.0,1431.0,10.0,3.5972361988195
336803,1183.0,1922.0,103.0,0.0086873942366643
30915,1183.0,1885.0,166.0,16.7584124283658
178778,18.0,1923.0,53.0,-3.40412214498189
6784,1913.0,1915.0,1.0,9.51365348992577
112273,1908.0,1910.0,167.0,-0.390876131353509
425468,1431.0,1922.0,115.0,-0.623273561775922
325111,1919.0,15.0,100.0,-10.7604555892245
57243,1925.0,82.0,9.0,8.63364153133311
51088,1891.0,1887.0,7.0,-2.33939634564991
438223,1906.0,1928.0,116.0,1.87899977156574
102186,1879.0,131.0,173.0,0.943585443058055
436805,27.0,1891.0,116.0,-4.55343191670142
100792,47.0,11.0,173.0,-0.57871532363909
390257,3.0,544.0,111.0,1.22431245642328
216030,48.0,1916.0,55.0,-11.090754581348
212614,27.0,1928.0,178.0,-0.4291062179434
237410,1337.0,1885.0,60.0,-3.45514914637819
209832,1902.0,1342.0,178.0,2.03574838199528
218799,1912.0,1889.0,56.0,-3.32188758833367
370576,1926.0,1431.0,180.0,2.92116193641491
260051,163.0,1224.0,72.0,-1.09831133400685
314169,1924.0,1875.0,186.0,-3.15905163242976
61176,1560.0,1886.0,10.0,1.85614824485343
372725,1883.0,120.0,109.0,-1.59385028862572
175023,1915.0,1884.0,52.0,-4.03110224859657
247093,47.0,1916.0,70.0,-1.44627948767665
178781,1431.0,1927.0,53.0,0.892835455439199
228933,101.0,1910.0,58.0,-5.69996682260247
413475,1909.0,1888.0,114.0,4.97305201298728
376383,229.0,1348.0,109.0,-3.3489823232106
166552,1559.0,13.0,51.0,-0.717343910043138
357400,164.0,11.0,108.0,-11.0119088887784
368404,47.0,1922.0,180.0,-0.467811632850618
167177,1884.0,1917.0,51.0,-0.476150346056939
271784,1431.0,1923.0,179.0,-1.38857488999635
74555,160.0,13.0,13.0,1.04118300424064
199274,1671.0,1922.0,54.0,1.9459502972648
192785,85.0,1927.0,176.0,0.610372683648216
367328,1894.0,1904.0,180.0,-4.73030375179684
101341,164.0,1907.0,173.0,-3.81389726424478
273251,1878.0,1887.0,179.0,-4.19373575109068
252978,1878.0,17.0,71.0,1.53239837567673
300034,1886.0,1904.0,98.0,-4.70229419283161
64185,1915.0,120.0,10.0,5.87309080304817
89795,82.0,1912.0,172.0,3.62233952702388
633646,1884.0,1902.0,9.0,-1.7723232870454049
389160,1430.0,1894.0,111.0,2.51005392305967
262213,1912.0,1892.0,73.0,-3.92104309720986
268786,1887.0,1897.0,74.0,1.63460822760066
265990,544.0,1906.0,73.0,-4.36993622095778
217432,1332.0,1903.0,55.0,-2.23673946015558
27315,48.0,1913.0,4.0,7.7673624932121
104407,160.0,1904.0,173.0,-10.4987759157928
325207,3.0,1890.0,100.0,0.871092585465839
95745,1877.0,1910.0,44.0,6.94484952666501
343036,1347.0,15.0,104.0,-0.852111770595353
172361,1904.0,1914.0,52.0,1.74504103999712
28180,1876.0,136.0,4.0,-5.62281562916036
99055,1926.0,5.0,44.0,1.3414789964949
56612,1898.0,1900.0,9.0,3.25560111976514
17689,82.0,27.0,3.0,-6.27976065504493
275226,544.0,1913.0,179.0,-0.933114613172341
390009,229.0,1884.0,111.0,3.3221191642048
63043,1924.0,1887.0,10.0,8.6597139170934
196847,20.0,1900.0,176.0,-3.23132543695699
48967,120.0,1900.0,7.0,1.98244014481618
74998,1332.0,1671.0,13.0,0.195319299599496
180870,544.0,147.0,53.0,11.6652804299996
50853,748.0,1907.0,7.0,-3.28917042504594
175315,604.0,1915.0,52.0,-4.97700432548831
105467,1890.0,1902.0,173.0,-1.01527551242787
437083,163.0,20.0,116.0,-4.04787338259341
267181,1224.0,1918.0,74.0,-6.69924403749715
346167,1342.0,1903.0,104.0,-1.13712781380823
7076,83.0,1879.0,1.0,-12.0175458195897
412772,1671.0,18.0,114.0,2.86449890795372
317832,1907.0,18.0,99.0,1.49089560185504
271911,85.0,1917.0,179.0,1.48299369788521
427479,1926.0,1876.0,115.0,4.25929428481911
62052,1910.0,1921.0,10.0,-0.388856737536305
167911,1903.0,1904.0,51.0,-0.760937841990717
358085,1885.0,1911.0,108.0,2.98701423023367
235874,1909.0,15.0,60.0,2.47242249161445
335764,1925.0,1906.0,102.0,0.609887396624125
185623,655.0,13.0,174.0,-0.761881399305112
226113,1877.0,1908.0,57.0,6.01750007132659
256898,147.0,1907.0,72.0,0.0499928787539492
310431,1337.0,1899.0,186.0,-0.890992672393795
99969,160.0,1560.0,44.0,4.11910440370297
50845,146.0,15.0,7.0,-2.10425282337426
180310,3.0,17.0,53.0,-0.959821126912245
263487,1875.0,1431.0,73.0,-0.123807496091276
98240,1926.0,47.0,44.0,-3.36300802739776
184950,48.0,1926.0,174.0,-10.4696552845595
63363,1926.0,146.0,10.0,-3.38552793986577
163366,1878.0,1917.0,168.0,-0.6468309321213
163133,1897.0,1918.0,168.0,-0.906602919139959
375574,1920.0,1914.0,109.0,2.59899326260442
49019,146.0,1888.0,7.0,6.00788419918903
96819,136.0,1886.0,44.0,3.9818227622707
218080,1559.0,1431.0,56.0,7.34098423296063
104643,1876.0,13.0,173.0,6.69796346235333
200580,83.0,27.0,54.0,-5.19015577704152
13212,3.0,1560.0,2.0,-6.20604158321455
72340,1892.0,1927.0,13.0,0.400193244141792
327698,1885.0,1910.0,101.0,1.18745080680188
330195,1332.0,1927.0,101.0,-4.53131472288646
179219,120.0,1886.0,53.0,-4.12204068252618
85679,1893.0,1916.0,172.0,-0.0677031819137074
26747,83.0,1923.0,4.0,4.64837395914228
89770,604.0,120.0,172.0,-8.29323895534936
331545,748.0,1347.0,102.0,2.20859659906633
187761,1898.0,11.0,175.0,-2.28405570043017
111648,1875.0,1885.0,167.0,2.50449062874629
425869,1925.0,195.0,115.0,0.888911397406518
274145,1889.0,1903.0,179.0,-2.22156978043261
14329,1886.0,1882.0,3.0,1.56400646753785
29150,150.0,1914.0,166.0,-1.66314794552351
195610,82.0,1909.0,176.0,-3.41404851882255
7556,1924.0,1904.0,1.0,5.85614919940119
374988,1895.0,1224.0,109.0,-1.34044482075139
223312,136.0,1888.0,57.0,16.1675228509317
168733,1880.0,85.0,51.0,0.907529801461248
375383,1925.0,229.0,109.0,3.60798529832362
342490,85.0,146.0,104.0,1.39899065446998
58658,655.0,120.0,9.0,3.70724963069374
235801,1885.0,1894.0,60.0,4.3883393866232
246419,1912.0,677.0,70.0,1.38448618203363
279176,195.0,1914.0,75.0,2.91405398116243
57869,604.0,5.0,9.0,9.47975042038459
101898,3.0,1899.0,173.0,-6.30965085795855
346435,1903.0,1928.0,104.0,-0.592451494404872
98820,1905.0,1909.0,44.0,-6.68546243265861
284178,1430.0,1347.0,77.0,0.432192816064503
229983,18.0,1927.0,58.0,-1.89873489554499
433507,1899.0,1895.0,116.0,-0.780933957770321
401340,1926.0,948.0,112.0,13.5056935816419
163881,1430.0,72.0,168.0,-3.63782711796943
174507,1877.0,1906.0,52.0,5.67650956470074
258771,27.0,14.0,72.0,-3.50475552620318
278867,14.0,1332.0,75.0,-3.8391664163442
374967,1899.0,1887.0,109.0,4.27449800172839
209011,1886.0,1897.0,178.0,1.1197444882388
58342,163.0,1889.0,9.0,1.91965607940563
164818,1332.0,1889.0,168.0,-6.49447736987967
377007,1924.0,1890.0,109.0,7.30478551569797
331615,72.0,1907.0,102.0,3.38050598427903
412791,1885.0,1886.0,114.0,0.165361520145919
46702,1925.0,1431.0,6.0,5.95597069066938
30542,1880.0,72.0,166.0,-6.39834326362787
266402,1902.0,17.0,74.0,-0.302325863111452
285510,1915.0,1916.0,77.0,4.86530792724261
373217,136.0,147.0,109.0,0.0991897330848363
425177,1431.0,11.0,115.0,-0.51135765842185
164423,1925.0,163.0,168.0,12.2111478143858
99288,83.0,18.0,44.0,-8.12019593979322
359531,655.0,18.0,108.0,6.35419637256068
326610,948.0,1331.0,101.0,-2.15302797874113
26594,1347.0,1331.0,4.0,-3.77785417159834
15479,1900.0,1560.0,3.0,1.09366396691268
303032,1924.0,1909.0,98.0,6.5663014614886
220216,1886.0,1883.0,56.0,-3.7258784790441
11714,48.0,1898.0,2.0,-4.17349081610021
424963,1916.0,1901.0,115.0,0.272039684225427
219031,1918.0,1927.0,56.0,-4.55771496816516
54558,1348.0,1922.0,9.0,-2.23995035036451
357058,1884.0,1896.0,108.0,-3.26604022313439
254278,83.0,1880.0,71.0,-1.42121636123794
325822,47.0,1916.0,101.0,-4.45237925857699
110339,1342.0,14.0,45.0,-14.0025874515178
186497,655.0,1906.0,174.0,4.48522544757543
265094,160.0,1879.0,73.0,0.980964549466622
253084,1880.0,1902.0,71.0,-12.04762036491
319648,48.0,1920.0,99.0,-12.0970248346275
248520,1879.0,1918.0,70.0,-5.66165953406068
241268,1875.0,1904.0,69.0,0.19216641915449
359112,1888.0,1922.0,108.0,-3.86942518575215
341322,1897.0,5.0,104.0,3.31101727671752
198963,1875.0,1890.0,54.0,2.21960783198757
184394,1891.0,1431.0,174.0,-0.785241462031947
173039,136.0,150.0,52.0,1.87903063103329
102983,136.0,1923.0,173.0,2.24134325326452
204799,1885.0,1671.0,177.0,-1.5662040212554
389953,1926.0,11.0,111.0,-4.68064649689516
331402,1894.0,1431.0,102.0,-2.88388157519061
170380,160.0,1559.0,51.0,0.728828356827596
33479,604.0,147.0,166.0,0.945593485455323
49865,1908.0,1916.0,7.0,-3.58738979517758
66483,1337.0,1332.0,12.0,-10.0372383667023
229139,1347.0,1884.0,58.0,-7.38295010865684
15260,1880.0,1902.0,3.0,-5.51466051514478
300027,1430.0,1347.0,98.0,-1.9534835151097
310520,82.0,150.0,186.0,3.97664981307613
335134,1877.0,1912.0,102.0,-1.88896316430918
53545,1921.0,1902.0,7.0,18.271589079551
272798,146.0,677.0,179.0,3.20541619342938
321389,150.0,1671.0,100.0,-1.42833609617112
12654,655.0,27.0,2.0,2.1362054802422
202734,13.0,1921.0,177.0,2.21058962475938
256247,1900.0,1916.0,72.0,2.91348662090362
26621,1337.0,1910.0,4.0,2.8390406154391
262899,1886.0,164.0,73.0,-1.36385522083152
185135,1915.0,1892.0,174.0,-9.11671615413337
223568,1875.0,1918.0,57.0,2.27957233728502
268982,1896.0,1560.0,74.0,-4.70187263864459
312056,1889.0,72.0,186.0,-2.76530909298591
161109,1912.0,1224.0,168.0,1.53889583535662
203601,150.0,131.0,177.0,-13.0365575404529
61694,1671.0,1901.0,10.0,-3.23426784366344
110688,1431.0,1887.0,167.0,2.35127248171457
194375,1879.0,5.0,176.0,-3.26083816419257
5733,1431.0,1889.0,1.0,2.09672597335029
229902,1888.0,1923.0,58.0,-5.38271451245181
27570,1919.0,11.0,4.0,0.355968738233367
252793,1912.0,1896.0,71.0,-2.4085970595745
415407,1926.0,85.0,114.0,-2.60516329080567
98604,1876.0,195.0,44.0,3.1909578661161
169323,1926.0,1887.0,51.0,4.7668524994185
389379,1877.0,1906.0,111.0,-1.63937767981106
113898,20.0,1916.0,167.0,-7.206058847789
48247,1910.0,1902.0,6.0,1.03754616671877
337328,83.0,1347.0,103.0,-3.9107422353812
63639,1877.0,1891.0,10.0,2.35367588544504
323646,1919.0,1875.0,100.0,-8.2372712362045
11373,229.0,1899.0,2.0,3.71703737681751
370650,163.0,131.0,180.0,3.53954584823584
342810,1431.0,1921.0,104.0,-0.522395558617526
67502,101.0,131.0,12.0,-1.71608932543538
170980,3.0,1882.0,51.0,0.0639815031171055
180441,163.0,20.0,53.0,-0.847736116596578
27205,163.0,1916.0,4.0,-1.69039475990966
29202,147.0,1904.0,166.0,10.53501521231
100366,655.0,1925.0,44.0,7.29862147738681
250362,655.0,136.0,70.0,-8.63959401635459
248545,1920.0,1899.0,70.0,1.76087006055726
284682,164.0,1893.0,77.0,1.01578229569393
108198,164.0,1431.0,45.0,-1.79543869163804
425830,544.0,1883.0,115.0,0.923943878478347
209652,1909.0,1927.0,178.0,-0.414473632669588
324180,655.0,1893.0,100.0,32.1345912090561
101300,195.0,15.0,173.0,0.601803627718269
325948,748.0,1898.0,101.0,-4.3118756672659
88519,1926.0,164.0,172.0,-2.8653257494646
207136,1919.0,1922.0,177.0,1.60517218908585
206576,27.0,136.0,177.0,-0.709415946787793
53182,655.0,1890.0,7.0,12.6385759871356
197503,1332.0,1911.0,54.0,-4.98846607687751
58804,1915.0,1878.0,9.0,3.85192502725529
114713,229.0,1917.0,167.0,5.02465993125125
423775,1875.0,5.0,115.0,1.79337775740758
261856,1904.0,1882.0,73.0,0.833873709213963
46853,1332.0,1884.0,6.0,-7.52135240255805
251319,1875.0,1900.0,71.0,0.263471212130886
310684,1559.0,1911.0,186.0,11.3916873874319
233380,655.0,1882.0,58.0,-10.7590630418543
71575,1183.0,1908.0,13.0,-0.183803015579622
277999,1899.0,1887.0,75.0,1.39146040260567
376781,163.0,1886.0,109.0,0.729456589867248
369083,1331.0,1892.0,180.0,-8.83659851880698
104030,1906.0,101.0,173.0,22.0176407537356
183690,1896.0,1560.0,174.0,1.61696521367499
323187,1903.0,120.0,100.0,-0.228175471662369
113778,160.0,1885.0,167.0,5.88381876263525
162967,1879.0,1891.0,168.0,1.27905568729661
278156,120.0,1912.0,75.0,-0.119556017145828
236583,150.0,1671.0,60.0,0.441394066818427
217797,150.0,1928.0,55.0,12.4222783616145
48004,3.0,1903.0,6.0,3.36764488663386
195823,544.0,11.0,176.0,-2.65718781156593
110114,1919.0,1903.0,45.0,11.5568533495504
256126,1893.0,677.0,72.0,-2.57490850932297
174273,1342.0,1883.0,52.0,0.93345070200602
106402,1559.0,1224.0,45.0,-0.882234482480112
250038,604.0,1889.0,70.0,-0.97842441700768
108621,14.0,1901.0,45.0,8.3899598853565
282429,1888.0,17.0,77.0,2.44619994213387
226987,1913.0,1884.0,57.0,1.68582347268685
368981,150.0,1908.0,180.0,-0.0385673234877976
51170,1900.0,1922.0,7.0,-2.12800242589575
435271,1892.0,1918.0,116.0,-0.713366610487632
73237,147.0,1895.0,13.0,-3.7983352464288
286941,1915.0,1890.0,77.0,-3.70792465843638
178183,164.0,788.0,53.0,-0.841561818498743
237482,1332.0,1914.0,60.0,-4.2267027439163
368832,1909.0,1916.0,180.0,-3.59848233440818
369884,20.0,788.0,180.0,-5.3367282683432
185024,48.0,1331.0,174.0,-26.7786810424885
87906,948.0,1907.0,172.0,15.0455830208612
317990,146.0,1893.0,99.0,-0.525517994066145
339463,1915.0,146.0,103.0,7.28962529880686
188306,1881.0,13.0,175.0,-5.14616671421035
236647,1332.0,1899.0,60.0,2.13274833491081
203119,1883.0,677.0,177.0,-0.0722523639440215
319813,1924.0,1332.0,99.0,-5.0313156060959
274519,1920.0,1183.0,179.0,-2.67210184805547
279994,229.0,1887.0,75.0,7.52971314902715
264715,1876.0,1891.0,73.0,-3.88639761131413
279400,1183.0,1884.0,75.0,-1.64240372229979
273303,1895.0,195.0,179.0,0.0828427563925373
13742,27.0,1902.0,2.0,-1.78521469637847
319926,544.0,1921.0,99.0,-4.37474219728148
390686,1876.0,748.0,111.0,-4.69846007439312
187861,1895.0,1892.0,175.0,0.815280240891456
103118,136.0,195.0,173.0,-5.30246284809925
389888,83.0,1431.0,111.0,3.40972270911424
181756,1887.0,1888.0,174.0,-2.28242817585576
302897,1430.0,1901.0,98.0,4.56970697243364
268246,1909.0,1910.0,74.0,-1.98068782755252
389746,20.0,17.0,111.0,-0.565388879829525
400038,1926.0,1916.0,112.0,5.60882895983208
218371,1893.0,677.0,56.0,-1.43132397376918
242475,72.0,1896.0,69.0,0.803589116109231
28429,1877.0,120.0,4.0,3.00345174091853
161867,1904.0,1921.0,168.0,0.162043900854172
237244,1342.0,1909.0,60.0,-8.02557352370125
16782,1926.0,788.0,3.0,-3.49121916653537
266075,82.0,788.0,73.0,7.32905227226782
231171,1902.0,1914.0,58.0,0.76795872394523
180603,604.0,1875.0,53.0,-6.63895506220791
334579,48.0,1892.0,102.0,11.5798733182418
280687,1342.0,20.0,75.0,-3.35476814556629
438252,1901.0,1928.0,116.0,-12.8599233940284
319455,1924.0,544.0,99.0,5.46413294162688
174762,1913.0,131.0,52.0,-2.97418110004795
229297,1887.0,1910.0,58.0,1.02679582397513
30448,1880.0,1907.0,166.0,-4.18050068391145
360358,544.0,1893.0,108.0,22.1430199693043
47285,1919.0,147.0,6.0,1.37933864685376
10672,1888.0,1914.0,2.0,6.53075925495496
426596,1926.0,1893.0,115.0,12.4351937274379
301718,1878.0,1888.0,98.0,2.34409911089798
237155,27.0,229.0,60.0,-1.19646024497638
435025,147.0,11.0,116.0,3.99880316822084
242675,1884.0,1894.0,69.0,-3.90995382073326
286568,1332.0,1927.0,77.0,2.44590597794456
107311,1332.0,1911.0,45.0,1.96832076828181
266532,1899.0,1904.0,74.0,6.15101132678659
376748,160.0,1886.0,109.0,0.736167035910873
15571,1559.0,120.0,3.0,-1.20873687178122
397377,131.0,677.0,112.0,3.09241544595417
235501,1889.0,164.0,60.0,0.333316918689198
336026,1927.0,1902.0,102.0,2.53808727328774
360313,48.0,1892.0,108.0,2.5957668117674
272046,1879.0,1903.0,179.0,-3.65716075719507
49027,164.0,195.0,7.0,1.51141009744495
111166,1909.0,1224.0,167.0,-3.22877277971905
24885,146.0,1893.0,4.0,-0.682453310964897
228147,1925.0,1906.0,57.0,0.659193004202848
33974,1876.0,1900.0,166.0,-0.825548594403622
375694,1906.0,1909.0,109.0,1.19922725038134
208667,1920.0,1899.0,178.0,4.65871709380824
367837,1895.0,1917.0,180.0,14.5853273666333
345782,48.0,1886.0,104.0,10.3893919008415
268471,1902.0,1430.0,74.0,2.62545177983689
414160,1897.0,1913.0,114.0,2.6969093099264
388469,948.0,1898.0,111.0,2.65287004957041
168539,1878.0,195.0,51.0,0.466358166431921
193011,1878.0,1881.0,176.0,-5.86993925143951
249124,1913.0,1915.0,70.0,7.78466053328098
172758,1915.0,1347.0,52.0,-1.18475380695875
209385,1898.0,1224.0,178.0,-7.78481136060488
236692,1926.0,160.0,60.0,3.19447824564373
274292,1893.0,1912.0,179.0,3.53208267051602
274666,1925.0,1894.0,179.0,8.78336915349207
57588,160.0,1331.0,9.0,-7.01247235608817
397009,195.0,1916.0,112.0,-6.05229590779413
191648,82.0,1337.0,175.0,-6.31549971760916
114386,163.0,1905.0,167.0,8.70423080467454
390901,48.0,1878.0,111.0,-5.68455386565668
255951,136.0,1928.0,71.0,5.64318643129929
235682,1902.0,1347.0,60.0,-0.634930364909802
433190,101.0,147.0,116.0,2.26920829715793
203393,146.0,1912.0,177.0,-0.870004227512718
261198,1900.0,1886.0,73.0,0.686259637137904
241226,1891.0,1927.0,69.0,-2.52838992847779
31120,82.0,1899.0,166.0,6.6557926522473
108011,1891.0,1893.0,45.0,-0.386089091351944
7681,1920.0,1889.0,1.0,-2.72201669002661
333418,1671.0,1347.0,102.0,-2.26158570548469
230430,195.0,1431.0,58.0,17.0898148268453
389890,1430.0,1884.0,111.0,-2.04340886816381
435689,195.0,1923.0,116.0,-3.51616353525663
226656,48.0,1913.0,57.0,9.71249850524505
303797,163.0,1896.0,98.0,0.827284069848287
43291,1331.0,1911.0,6.0,-4.82877819867231
233637,788.0,1902.0,58.0,-6.61702092207382
261072,1347.0,1886.0,73.0,0.494842109053517
66053,18.0,1918.0,12.0,-0.529630000712208
59020,1915.0,1922.0,9.0,-0.146020362647702
169615,163.0,146.0,51.0,-1.96799799819408
217806,1918.0,1928.0,55.0,-1.75868446674054
311592,1348.0,17.0,186.0,3.93992297633572
230738,1904.0,1922.0,58.0,-3.16680005873897
253709,1924.0,47.0,71.0,2.38905751729192
245662,1881.0,1928.0,69.0,2.82288883810016
322759,150.0,1923.0,100.0,-2.61016998590745
217660,1913.0,47.0,55.0,-8.90658034596249
328676,229.0,1923.0,101.0,-0.039504239684339
165961,1876.0,1902.0,168.0,9.33173830687819
212772,1560.0,1914.0,55.0,-7.79458160509743
95722,1430.0,1898.0,44.0,3.43594588543966
245546,1905.0,1921.0,69.0,-6.16507203101866
167731,1897.0,20.0,51.0,0.618875814083006
18042,14.0,1917.0,3.0,-0.0217653115152734
258112,1896.0,1921.0,72.0,0.534355745661472
12108,48.0,146.0,2.0,3.28144165107432
86169,136.0,1888.0,172.0,-3.37986850136249
300499,1878.0,1884.0,98.0,-0.688967859602682
181171,1925.0,948.0,53.0,-0.850184487491312
334151,1924.0,1881.0,102.0,5.35794211962529
274189,1889.0,1916.0,179.0,-0.769299667363571
217298,1915.0,1878.0,55.0,-1.16462795815638
70066,82.0,1913.0,12.0,11.5905345992911
99827,1913.0,748.0,44.0,4.92595815452153
359332,1894.0,1904.0,108.0,0.367285654931567
17924,1926.0,1912.0,3.0,2.43826345631798
204513,1883.0,1917.0,177.0,5.0878226721967
72264,1883.0,1901.0,13.0,6.93003107543446
27666,48.0,17.0,4.0,0.564324304599442
316739,1897.0,1560.0,99.0,1.65965642194732
333136,1347.0,147.0,102.0,2.86237684011231
357421,1347.0,131.0,108.0,4.357546599631
265339,1913.0,1888.0,73.0,4.74268932273397
329862,163.0,1917.0,101.0,-0.390428225794807
70704,1878.0,1331.0,13.0,-6.02459528891692
339115,1926.0,1894.0,103.0,5.40760266436684
416219,604.0,1347.0,114.0,4.04766258740795
269084,1884.0,1431.0,74.0,2.08461224766996
55890,1559.0,1893.0,9.0,-2.87073246240037
222833,655.0,1911.0,56.0,-1.42865652235742
627522,1883.0,1902.0,103.0,-2.8919593280107305
314322,544.0,1912.0,186.0,12.8567305580032
317654,1900.0,1887.0,99.0,-1.83607982944615
107462,1881.0,1895.0,45.0,-0.683317881320861
433442,1912.0,1901.0,116.0,0.649728136604898
97571,1893.0,1348.0,44.0,-1.0155320734173
376681,604.0,1920.0,109.0,-4.61920357849704
412802,1894.0,748.0,114.0,2.47985555795718
49363,146.0,1909.0,7.0,15.8347819341987
433303,1559.0,1900.0,116.0,-1.51297680389154
57439,1919.0,195.0,9.0,0.366545598694525
54766,1909.0,1908.0,9.0,-6.97603863672224
217036,1877.0,1927.0,55.0,2.58767718667951
112313,748.0,17.0,167.0,-0.362290290369732
32709,20.0,101.0,166.0,-0.80779698549442
106662,1884.0,1882.0,45.0,0.9664149377002
376095,1337.0,544.0,109.0,-5.13720903999504
8082,1905.0,748.0,1.0,7.63377253766444
338911,1906.0,788.0,103.0,5.87685613320365
52380,1925.0,1918.0,7.0,12.1110222084162
248775,3.0,47.0,70.0,-6.03321045166973
328801,1906.0,1881.0,101.0,-1.31355258021938
259420,1337.0,1914.0,72.0,-9.08975466899915
234051,27.0,1887.0,60.0,5.13187793160806
185668,82.0,1895.0,174.0,0.0049322216423973
413622,150.0,1923.0,114.0,0.299170899837187
301012,1886.0,47.0,98.0,-4.30859294639927
216928,1430.0,1888.0,55.0,-3.07289355088531
264017,160.0,1883.0,73.0,1.122732411641
215228,1348.0,1331.0,55.0,4.3439863141496
344220,229.0,18.0,104.0,1.67909874146729
165492,1920.0,1560.0,168.0,1.87367655211115
389188,20.0,1183.0,111.0,-5.69425651095949
286566,1877.0,83.0,77.0,-1.92197403717453
178905,1884.0,120.0,53.0,4.27715828222806
192398,1881.0,1908.0,176.0,-1.03398716822441
178674,163.0,1347.0,53.0,-2.95225988982344
202485,1887.0,150.0,177.0,1.68257337906033
338968,1925.0,47.0,103.0,11.9709623299532
182027,150.0,15.0,174.0,-3.76163776500719
112187,1896.0,1886.0,167.0,-0.0443982578973718
174388,1924.0,82.0,52.0,8.00840421380598
88322,1925.0,195.0,172.0,-2.4509565573896
189740,1905.0,1894.0,175.0,-4.93316112360731
57728,83.0,1914.0,9.0,2.65675024340731
321926,1886.0,72.0,100.0,-10.1179838600556
206971,1924.0,748.0,177.0,-2.38349419777304
115201,14.0,1337.0,167.0,-13.8027433517739
345629,1332.0,120.0,104.0,-4.22282850442495
374035,1889.0,1927.0,109.0,4.83118754421916
27363,1919.0,1885.0,4.0,-5.36431446796617
269317,160.0,18.0,74.0,2.70291188923186
373186,948.0,1918.0,109.0,0.661627619507455
86032,1881.0,1914.0,172.0,-1.07631912947489
211659,1342.0,1430.0,178.0,-8.02611125816665
360176,1915.0,17.0,108.0,0.317519348675447
338820,3.0,1347.0,103.0,2.45005142471978
211217,1906.0,1891.0,178.0,2.0049375667819
167665,85.0,1671.0,51.0,1.89961727898788
75213,82.0,1906.0,13.0,5.41370821647518
303891,544.0,1348.0,98.0,-3.64037144722489
325583,1914.0,1902.0,100.0,-3.90867987898297
388979,147.0,13.0,111.0,-10.3879050167181
361358,48.0,1911.0,108.0,-12.1089853841222
219858,147.0,1348.0,56.0,7.18814567570256
388762,1671.0,1910.0,111.0,12.0177920251852
373206,1183.0,1888.0,109.0,-2.59029340162864
68749,229.0,1431.0,12.0,4.3573391836432
231630,229.0,788.0,58.0,-6.54530035616396
187265,1917.0,1892.0,175.0,-7.91249866992308
103654,229.0,164.0,173.0,-10.4144619706576
56308,1900.0,1911.0,9.0,0.274365581338193
103435,544.0,1907.0,173.0,-5.10273516306834
331416,1896.0,1882.0,102.0,-1.63035677764532
267734,11.0,18.0,74.0,-14.3327414896559
230783,147.0,17.0,58.0,6.16976700001713
401586,1925.0,1906.0,112.0,2.21645863452633
434221,1899.0,1901.0,116.0,-0.849002457405649
26959,1925.0,1923.0,4.0,0.896385593925429
340065,1920.0,1915.0,103.0,-5.24089964835623
368019,1892.0,788.0,180.0,2.95461749883458
286790,1913.0,1337.0,77.0,-7.76635456546002
228812,1331.0,1889.0,58.0,7.8701553208637
259284,1913.0,1879.0,72.0,-10.0632065070516
176879,1878.0,1909.0,53.0,2.75488409738945
416575,655.0,1904.0,114.0,3.06803327290122
29826,1898.0,1331.0,166.0,-5.05050299536165
169042,655.0,18.0,51.0,3.13771749461383
201359,1430.0,1918.0,54.0,-0.192232800271684
437748,1337.0,1882.0,116.0,-7.32701043245131
241978,1899.0,131.0,69.0,0.283981402900008
426742,160.0,20.0,115.0,-4.05010259952579
166853,1883.0,788.0,51.0,-0.55686647419739
279870,1924.0,788.0,75.0,3.38030236456662
5239,1878.0,1897.0,1.0,0.559944463294629
113374,1924.0,47.0,167.0,12.3334227085625
278899,72.0,1916.0,75.0,-0.858838675270411
109295,1905.0,18.0,45.0,-4.1072697594075
264351,1925.0,1926.0,73.0,3.06331542444863
52516,1337.0,5.0,7.0,-0.0196354504751511
324875,1926.0,1920.0,100.0,1.63383790304872
285276,1915.0,1331.0,77.0,-10.9227550150193
74844,1920.0,1559.0,13.0,0.320189534909955
263442,1894.0,1916.0,73.0,5.13855661961632
398641,195.0,1927.0,112.0,0.766315170611884
181232,20.0,15.0,53.0,3.37933001724608
315801,1430.0,1887.0,99.0,-3.67799888833218
192850,1878.0,1903.0,176.0,-0.877337320366684
267312,1887.0,1916.0,74.0,-2.19879585032056
245161,544.0,1560.0,69.0,1.41313718944931
266499,85.0,1916.0,74.0,-3.89965172051802
203853,1431.0,1882.0,177.0,1.39472307093891
282184,948.0,1901.0,77.0,0.651560834371954
249245,1926.0,1914.0,70.0,1.69303709379611
248351,72.0,1897.0,70.0,-0.388501822786355
284530,1885.0,1900.0,77.0,3.05084314678608
185621,1926.0,13.0,174.0,-2.78432605960037
232095,83.0,1885.0,58.0,1.6103219211886
202803,1912.0,1909.0,177.0,-2.12818774959108
263143,1331.0,1894.0,73.0,0.269535999800122
278776,1911.0,13.0,75.0,-3.62682237212254
301961,1902.0,1430.0,98.0,-0.0952101939203115
13283,1926.0,748.0,2.0,-0.185333182931607
375106,604.0,1908.0,109.0,5.55874582063858
181004,1876.0,1671.0,53.0,-20.5898710025513
47678,1919.0,748.0,6.0,3.83727931435059
340143,604.0,1875.0,103.0,5.63636795862099
194472,47.0,1903.0,176.0,1.39781823849018
97119,1875.0,195.0,44.0,3.26877264010923
398092,1886.0,1348.0,112.0,-0.0222520114945349
179387,27.0,788.0,53.0,-2.73660804416943
56364,1902.0,1430.0,9.0,3.20997999056296
212096,14.0,1882.0,178.0,3.05437096827544
102859,948.0,18.0,173.0,1.40680824921676
343637,1879.0,1878.0,104.0,-3.47516401983421
100629,1183.0,1890.0,173.0,-6.31328585745821
57198,1920.0,1923.0,9.0,5.86618899262732
414445,163.0,1887.0,114.0,9.20441600914453
277436,1559.0,1879.0,75.0,-3.7400789122517
330512,20.0,1560.0,101.0,-6.38630577944172
168017,948.0,1431.0,51.0,-4.68502196843371
301310,1897.0,1920.0,98.0,1.2526411278482
220076,72.0,131.0,56.0,7.06597052886787
281028,160.0,544.0,75.0,-3.20543210235641
51950,1920.0,146.0,7.0,-2.94978538876719
24738,101.0,1671.0,4.0,-0.268676302271332
310350,195.0,1910.0,186.0,3.96746790754179
213884,1915.0,1887.0,55.0,6.21407927873245
245128,1430.0,1878.0,69.0,3.30414495453669
369074,1896.0,1560.0,180.0,-4.83347624849751
230340,150.0,17.0,58.0,-0.857163120260892
245189,1342.0,748.0,69.0,2.82515066461562
59325,1892.0,1928.0,9.0,-5.35287798270785
423017,1875.0,18.0,115.0,-0.618484173839928
95454,1895.0,1918.0,44.0,0.575661642777142
114238,48.0,1891.0,167.0,22.6033790482697
266413,1183.0,788.0,74.0,-0.524915637644908
86019,1895.0,1897.0,172.0,2.241303777414
373175,1881.0,1889.0,109.0,-3.01731980914126
214227,101.0,136.0,55.0,8.35784892788406
359016,1183.0,1921.0,108.0,4.48184839773226
241064,1886.0,1911.0,69.0,-5.6694961665395
250476,1919.0,1882.0,70.0,-3.06964799400844
185280,27.0,1431.0,174.0,1.65743210678433
194758,1875.0,1891.0,176.0,-7.45716701594424
202860,136.0,1891.0,177.0,0.408709463002211
426235,229.0,1914.0,115.0,-0.0254705992831253
336869,1885.0,1884.0,103.0,1.9288668124242
249410,48.0,1431.0,70.0,9.64854025257505
242105,948.0,1348.0,69.0,-2.94975483712007
315709,1879.0,1895.0,99.0,1.29878435540705
194883,82.0,14.0,176.0,-0.576387281421248
210977,160.0,1913.0,178.0,6.15398044771751
224809,1896.0,1224.0,57.0,-3.75810205561736
17322,1913.0,101.0,3.0,6.42058520067496
174996,1924.0,1347.0,52.0,-4.28806837585571
217422,27.0,1903.0,55.0,2.74294500041237
17841,655.0,1348.0,3.0,-7.70327586908867
99447,14.0,1905.0,44.0,-1.38342189877144
73863,229.0,1926.0,13.0,3.47834840037427
630173,1348.0,1902.0,7.0,-3.481381269880458
261559,1878.0,1887.0,73.0,11.4930439160182
188012,147.0,1224.0,175.0,-1.39690489323472
375370,544.0,1898.0,109.0,-4.55152483173891
100760,1183.0,147.0,173.0,-2.08028639558366
189539,1886.0,1923.0,175.0,-4.54950390625625
216984,1924.0,48.0,55.0,11.0524903438823
398299,11.0,1927.0,112.0,4.99242004469866
5704,1900.0,1921.0,1.0,1.27870464920459
87447,1560.0,1347.0,172.0,7.16071312026106
181807,1897.0,1896.0,174.0,-1.43897394893054
336655,1897.0,1917.0,103.0,-0.137939343491799
106523,72.0,195.0,45.0,7.4664935857002
435144,82.0,1887.0,116.0,1.33914896364896
316301,1878.0,1887.0,99.0,0.336485404990574
86490,150.0,1904.0,172.0,-0.724253430518415
425615,1875.0,1895.0,115.0,-0.719959435707574
71959,1895.0,1889.0,13.0,-4.69432736048604
400729,1926.0,1896.0,112.0,2.87332398160164
286384,655.0,1430.0,77.0,4.68855627111561
190027,160.0,1887.0,175.0,-1.11707512601414
52491,1342.0,1875.0,7.0,7.93411606580219
324115,27.0,1904.0,100.0,2.69484634656608
101875,1893.0,788.0,173.0,0.933322467207812
377100,655.0,1903.0,109.0,2.24725626011163
87313,1888.0,1912.0,172.0,1.06225731423329
300953,1883.0,1902.0,98.0,0.75952937968406
269383,655.0,195.0,74.0,-5.47144179299917
192526,1560.0,15.0,176.0,-0.375203136516122
388124,1560.0,1907.0,111.0,4.41960755659966
277375,136.0,1882.0,75.0,-2.23891083412082
208266,195.0,1900.0,178.0,1.71150095429608
181495,160.0,1910.0,53.0,-4.47264966242741
357663,1875.0,677.0,108.0,-5.41814713445086
26666,13.0,1927.0,4.0,0.737308865873874
193874,1875.0,1431.0,176.0,0.379884543418907
161189,1891.0,1882.0,168.0,0.654346679315076
256924,1348.0,1882.0,72.0,1.95988492596528
301240,1897.0,163.0,98.0,-2.66417562431393
340854,14.0,85.0,103.0,8.95241024032806
171696,1902.0,1337.0,52.0,1.28712675411801
243508,1924.0,1907.0,69.0,-6.82190456469777
55721,948.0,163.0,9.0,-3.21268692134446
370297,1877.0,1885.0,180.0,7.09441540159879
161099,147.0,1560.0,168.0,1.64877682753913
371175,83.0,1918.0,180.0,-2.15059365488556
257386,1183.0,1891.0,72.0,2.91524528592093
313541,1430.0,1916.0,186.0,3.98199773566002
243126,1183.0,1893.0,69.0,1.12170246542145
213108,1902.0,1905.0,55.0,1.07777635111729
179633,1919.0,1883.0,53.0,-7.14515543151195
327897,195.0,1901.0,101.0,-3.94439074601194
64606,1877.0,1921.0,10.0,-0.123097066589593
414435,1431.0,677.0,114.0,0.53271092465682
331202,1891.0,1560.0,102.0,2.6878135223362
264960,48.0,20.0,73.0,-9.14109033021933
318245,3.0,1894.0,99.0,-2.196583383047
191094,1924.0,1559.0,175.0,3.68176872741856
114101,160.0,1347.0,167.0,-29.880063117725
280833,544.0,1875.0,75.0,-8.33767245574302
340831,229.0,1878.0,103.0,-2.37645279231193
346272,1924.0,1337.0,104.0,2.40796576347052
319942,163.0,677.0,99.0,-0.951450763295585
332821,1881.0,1889.0,102.0,-3.00246878827672
171552,1897.0,948.0,52.0,-3.84610341112235
247738,1911.0,15.0,70.0,-1.73420793499003
258518,1183.0,1921.0,72.0,-0.469500699581448
389245,1925.0,1894.0,111.0,4.7231400224556
213583,131.0,1914.0,55.0,-6.08471921640725
185236,1919.0,101.0,174.0,17.632284754319
312514,1898.0,1922.0,186.0,-9.20536865278698
30500,1898.0,1347.0,166.0,-1.89791609104079
269673,604.0,1885.0,74.0,4.52457206953683
216205,3.0,163.0,55.0,-2.06745612631181
98003,147.0,1224.0,44.0,-15.4453556833942
304608,3.0,1882.0,98.0,5.65092258602528
216546,604.0,1895.0,55.0,-1.38691706456973
220857,229.0,1922.0,56.0,-0.467683762378082
313271,20.0,1901.0,186.0,3.81572980422525
11259,1878.0,18.0,2.0,-1.88080482905454
102325,1902.0,1331.0,173.0,3.9748790737523
302979,27.0,229.0,98.0,2.65407442609829
252048,1887.0,15.0,71.0,-3.10927385295191
213672,164.0,1897.0,55.0,-5.89816889327392
417177,1332.0,1878.0,114.0,-2.10019072101599
221752,160.0,1892.0,56.0,8.10050355359606
258301,1671.0,1917.0,72.0,-3.93382479649376
207750,147.0,1914.0,178.0,-8.96106106575428
24346,1895.0,1908.0,4.0,0.893189352575901
372024,1915.0,1921.0,180.0,-2.51740753734505
266660,1907.0,1224.0,74.0,-1.15495489651801
9180,1891.0,1224.0,2.0,-0.403582917660748
182958,146.0,1560.0,174.0,0.350358405173753
212746,1886.0,1917.0,55.0,1.63683421991233
107759,1347.0,1878.0,45.0,-1.52703686079766
243996,27.0,1916.0,69.0,14.0231266570655
327448,85.0,146.0,101.0,2.15426613057129
303979,82.0,1915.0,98.0,-1.29907728702169
25126,1919.0,1332.0,4.0,-0.580710589081985
367264,1897.0,948.0,180.0,-1.9635732313737
273082,1895.0,1896.0,179.0,1.11591418859788
174523,27.0,1875.0,52.0,1.8581321123622
203842,1900.0,1896.0,177.0,0.193711006309728
339750,1924.0,655.0,103.0,0.0864755521586631
211828,1430.0,136.0,178.0,-6.55551962371727
47954,1430.0,1900.0,6.0,1.57081521129234
205413,1337.0,1907.0,177.0,-16.2362859136788
257040,146.0,1911.0,72.0,0.127085433577442
261218,13.0,1882.0,73.0,0.196945011627391
109900,82.0,1882.0,45.0,3.26464238148279
204735,195.0,15.0,177.0,-8.5939744818504
206267,160.0,1915.0,177.0,0.381816621301577
32814,1905.0,1884.0,166.0,-2.1719847494833
208908,1893.0,131.0,178.0,1.81880111697797
284767,1908.0,1923.0,77.0,-3.8067657757141
250911,1898.0,195.0,71.0,-5.49062602901995
226511,1924.0,1880.0,57.0,4.52284685288039
281154,1430.0,1886.0,75.0,1.59166416537552
217857,788.0,1902.0,55.0,-5.23324293603021
331668,1904.0,1912.0,102.0,4.60881889001078
61101,1908.0,1907.0,10.0,-1.85904784537758
194294,1896.0,1348.0,176.0,2.12932403664531
29545,1913.0,1347.0,166.0,-4.24398670111217
253994,82.0,229.0,71.0,12.0598399548047
261339,1896.0,11.0,73.0,1.26779084342798
60720,748.0,1890.0,10.0,-0.696558024117788
436169,83.0,72.0,116.0,-2.1732367719361
237333,1905.0,1880.0,60.0,-3.67935766583378
176320,1342.0,14.0,52.0,-1.69608048571054
44918,1879.0,1880.0,6.0,-0.689663995586006
204765,948.0,83.0,177.0,6.61054800180856
236947,83.0,164.0,60.0,-1.71658514287939
331463,82.0,1910.0,102.0,3.71992832388628
376345,27.0,5.0,109.0,3.52308483205493
312474,72.0,1347.0,186.0,2.01925817365193
113168,1909.0,13.0,167.0,0.775647637462452
401252,1924.0,1342.0,112.0,2.13459898612073
232143,1876.0,17.0,58.0,2.79705508603312
32806,229.0,655.0,166.0,4.01429988477484
301723,136.0,1894.0,98.0,2.92538023186766
214267,85.0,1671.0,55.0,-9.70426449711249
336832,1887.0,1903.0,103.0,-6.41137100303166
235799,1885.0,788.0,60.0,6.94324591135306
286202,1925.0,1430.0,77.0,0.930246834400016
304769,1924.0,1925.0,98.0,3.56478413740136
332332,136.0,147.0,102.0,1.16829296508063
115396,1919.0,1908.0,167.0,-6.09781540370465
357052,164.0,1882.0,108.0,-3.22078262269516
52496,163.0,1896.0,7.0,-12.2561179334167
181797,13.0,131.0,174.0,0.398788696575871
227658,20.0,1912.0,57.0,-2.69395099377218
426158,3.0,1881.0,115.0,1.71794035279773
358974,1883.0,131.0,108.0,-7.39678082394044
341769,1878.0,1331.0,104.0,-0.779432062399273
226209,1919.0,72.0,57.0,7.74789564976657
200090,27.0,14.0,54.0,-7.16638554882589
300773,1560.0,1894.0,98.0,2.51059101549159
175106,229.0,17.0,52.0,-0.447743775955189
171640,1884.0,1893.0,52.0,-0.129286571836367
11558,1430.0,72.0,2.0,5.69630429369795
49793,1875.0,1907.0,7.0,1.89290918261109
62008,195.0,1331.0,10.0,-8.94306236717052
24792,1878.0,1897.0,4.0,-0.826919971555892
178386,1912.0,1882.0,53.0,-5.19942948955018
258146,1894.0,164.0,72.0,2.38814964488118
102261,948.0,11.0,173.0,-5.35682127927854
401825,1919.0,1902.0,112.0,1.143012870573
61195,948.0,1431.0,10.0,3.94779409427485
208815,948.0,1923.0,178.0,-3.04594670365883
210422,1915.0,1919.0,178.0,0.690796451282493
250352,27.0,1559.0,70.0,-1.08040377964544
161178,15.0,1922.0,168.0,0.291328891730223
240933,17.0,1921.0,69.0,-0.825038137992417
48596,101.0,164.0,7.0,10.8698581493587
324700,655.0,1917.0,100.0,-2.76464979773223
276912,1348.0,1907.0,75.0,-3.01724609479132
264227,1337.0,1881.0,73.0,8.0198492543263
72334,1183.0,1923.0,13.0,-6.28824878579471
205343,604.0,82.0,177.0,15.1240702004982
434796,1916.0,1918.0,116.0,-0.0616655845583526
416541,229.0,1905.0,114.0,6.51117387841773
63749,3.0,20.0,10.0,-0.760224789795827
423799,1898.0,5.0,115.0,0.122427652099674
54505,1183.0,1927.0,9.0,-0.524755428338504
246311,20.0,1347.0,70.0,-2.71879140643594
335433,1925.0,1342.0,102.0,-2.65668306461672
238098,14.0,13.0,60.0,4.17379865276004
167947,85.0,1914.0,51.0,7.14660540789333
29457,146.0,1909.0,166.0,18.8930969397566
56099,146.0,1887.0,9.0,-0.556998952591622
166368,1897.0,1915.0,51.0,-2.6128474581636
162576,1879.0,1431.0,168.0,0.0968726232301743
248594,1897.0,1332.0,70.0,-2.44778339507074
96975,1888.0,1892.0,44.0,-3.54586815567541
96427,163.0,1347.0,44.0,0.599974883293273
206375,1926.0,27.0,177.0,0.36104680371295
345807,229.0,83.0,104.0,-1.92532050907282
255246,229.0,120.0,71.0,0.398430579593777
170847,27.0,1903.0,51.0,-3.62030465101395
190984,83.0,147.0,175.0,-12.9512606655854
237461,544.0,1431.0,60.0,9.65781666739345
197848,146.0,195.0,54.0,-1.77752440524878
27837,1926.0,1918.0,4.0,3.76303053194331
256077,1903.0,1914.0,72.0,4.16944270017639
427520,48.0,1671.0,115.0,11.2918716366106
3851,131.0,1922.0,1.0,1.58729221476406
211750,1430.0,13.0,178.0,5.30579299517008
185820,20.0,1918.0,174.0,3.56169906547544
265380,1337.0,1224.0,73.0,7.34293976745588
89895,82.0,748.0,172.0,-2.99609723345124
329465,20.0,1879.0,101.0,-7.3189871135417
250683,1919.0,85.0,70.0,-0.25300372136024
3869,13.0,1916.0,1.0,6.76257050643096
221488,20.0,131.0,56.0,-5.11238916472467
169132,48.0,1923.0,51.0,8.79802493102382
230869,948.0,1883.0,58.0,-1.39993416301682
219871,1907.0,1916.0,56.0,-9.20558165187471
109891,1430.0,1559.0,45.0,6.21969368117145
413186,1884.0,11.0,114.0,-2.58775107017239
199758,948.0,1901.0,54.0,2.53423058042262
313194,1919.0,164.0,186.0,-1.2580795634536
52126,1337.0,1431.0,7.0,2.12983858799788
34065,1926.0,677.0,166.0,-0.183178814095121
334083,1430.0,1331.0,102.0,-22.5404051371121
371028,48.0,1904.0,180.0,3.07435510402636
226771,544.0,163.0,57.0,15.010308570195
114244,48.0,11.0,167.0,-34.1569140321735
345291,1332.0,1348.0,104.0,-6.36468324352177
28973,1915.0,1928.0,4.0,-0.382385809323658
161392,1902.0,11.0,168.0,-1.71579819896989
259362,1915.0,1892.0,72.0,0.310014525213481
265647,1920.0,1560.0,73.0,3.15817360367873
191625,1905.0,1900.0,175.0,-2.14366067996771
220654,120.0,1896.0,56.0,3.50490279426666
55413,1559.0,1900.0,9.0,3.18242718296433
301400,1891.0,1348.0,98.0,0.110113335563477
51872,1919.0,1909.0,7.0,10.6111331437574
160948,1876.0,1332.0,168.0,-7.90692102478633
435221,1891.0,18.0,116.0,0.963232433706325
250522,1877.0,1671.0,70.0,1.08956810108365
195357,604.0,1881.0,176.0,1.55592695073827
101546,1904.0,1918.0,173.0,-9.39797693419027
55168,1894.0,1927.0,9.0,-3.04702195138129
259296,1332.0,1880.0,72.0,-0.275350829214615
247558,1891.0,1883.0,70.0,-1.28792780620223
343934,1917.0,1882.0,104.0,-2.92600845728984
30809,1559.0,1911.0,166.0,9.49145561984673
340772,1925.0,1921.0,103.0,-6.17574198018432
334357,1877.0,1431.0,102.0,6.27727021203614
229982,120.0,1923.0,58.0,-2.93926497367308
315284,1902.0,1916.0,99.0,-2.19316510404718
286866,1876.0,1900.0,77.0,2.53615241406494
253947,655.0,1898.0,71.0,-29.6052776689613
33428,1906.0,1224.0,166.0,-2.87348217114021
271438,27.0,1928.0,74.0,-1.23332947508656
184091,136.0,1896.0,174.0,-0.112124152776555
235218,146.0,748.0,60.0,-1.15746630860273
179251,72.0,1898.0,53.0,-8.63350205024742
45105,136.0,1880.0,6.0,-1.18292915281081
340213,163.0,1889.0,103.0,-0.600966148834605
376845,1337.0,1878.0,109.0,3.97067143835039
264047,14.0,72.0,73.0,-1.11235453371295
98609,1877.0,1885.0,44.0,15.164445441267
185914,82.0,13.0,174.0,-0.894858315455033
245643,1919.0,1928.0,69.0,6.89893535696216
112706,1901.0,1918.0,167.0,1.54899882319485
74733,3.0,1430.0,13.0,2.39222540290587
166806,1895.0,1911.0,51.0,0.20688322739568
107411,1892.0,1922.0,45.0,-3.87008089182134
211605,163.0,1879.0,178.0,-1.02680704561997
368884,1907.0,131.0,180.0,3.23167675424989
103655,604.0,1887.0,173.0,-0.752803989115795
278193,1887.0,677.0,75.0,4.4066912899076
436858,229.0,655.0,116.0,6.40326563997608
74564,544.0,1879.0,13.0,6.44935875148266
213233,150.0,1907.0,55.0,2.74533083279893
373371,1912.0,1910.0,109.0,4.93332077564298
311491,150.0,1917.0,186.0,-3.47542982794847
264741,1877.0,131.0,73.0,3.39976901670255
11114,1915.0,1911.0,2.0,-1.04367433021205
107389,13.0,11.0,45.0,-3.06369050554208
311308,1559.0,101.0,186.0,5.66554667568751
226464,1924.0,164.0,57.0,6.84993950983561
51722,1906.0,195.0,7.0,-0.511954009701289
16971,544.0,1880.0,3.0,-4.01788622461149
303383,1337.0,11.0,98.0,13.7928961049244
60138,1876.0,150.0,10.0,5.30773536759895
66822,1881.0,1892.0,12.0,-10.5590524175403
113670,1920.0,72.0,167.0,-1.39286890853917
113124,120.0,1889.0,167.0,-2.09228933509079
332437,13.0,1901.0,102.0,6.83214098459979
389852,14.0,1891.0,111.0,4.58623982768244
99022,14.0,1891.0,44.0,-4.83251942034821
3633,1887.0,1898.0,1.0,0.3923587646483
161607,1903.0,1922.0,168.0,-0.208657243029156
45352,1902.0,1905.0,6.0,3.28040449042011
190424,83.0,544.0,175.0,-3.01000198818327
310398,120.0,1347.0,186.0,13.536666251295
187196,1916.0,1914.0,175.0,-9.63895056486122
103121,1898.0,1923.0,173.0,3.82301617708296
186674,160.0,1928.0,174.0,-0.475798992134752
399423,1902.0,1892.0,112.0,3.50317225410541
225397,948.0,1908.0,57.0,9.3605571973613
87697,1912.0,1889.0,172.0,2.86375692235003
69293,1430.0,5.0,12.0,-3.77587348482927
330079,1905.0,1430.0,101.0,3.9670735552579
253769,229.0,1907.0,71.0,-10.7487682931085
25035,150.0,120.0,4.0,-0.5152629673344
49294,1889.0,1224.0,7.0,2.73733492084809
113601,1342.0,1913.0,167.0,-0.267654751039435
12809,1924.0,1912.0,2.0,6.55307059247225
272531,1431.0,1889.0,179.0,-4.1007200787125
113240,1879.0,17.0,167.0,1.74383864670863
207882,1898.0,1882.0,178.0,7.84667923621742
339506,20.0,1880.0,103.0,-12.482122649755
183193,1879.0,1898.0,174.0,-0.784132315160209
211303,1915.0,1896.0,178.0,9.05429725334974
267737,1875.0,1918.0,74.0,2.51893995479264
286735,1925.0,1900.0,77.0,1.74812685729355
319987,604.0,1878.0,99.0,-3.75026277074373
341488,1893.0,1908.0,104.0,8.99004471260641
13216,655.0,1876.0,2.0,15.7330959037713
196391,1905.0,120.0,176.0,2.04140547429459
171629,1671.0,1921.0,52.0,0.349734459084624
223454,146.0,13.0,57.0,-0.643536409600616
167807,150.0,1904.0,51.0,2.65133826329041
399625,14.0,1894.0,112.0,-2.82146449384429
167138,1899.0,13.0,51.0,0.360070248709518
161835,1888.0,1881.0,168.0,0.63283208636025
300541,1331.0,1927.0,98.0,12.8563324142124
371105,1877.0,1896.0,180.0,5.13338390267475
44517,150.0,1921.0,6.0,2.21454131028227
26839,655.0,18.0,4.0,1.67954938893988
186170,27.0,1927.0,174.0,-6.09958581280124
28647,20.0,1903.0,4.0,3.45915293177991
195269,83.0,195.0,176.0,-4.58664010459687
50422,1879.0,1901.0,7.0,-5.10299496016258
32470,163.0,1885.0,166.0,1.01520858930784
205758,1430.0,131.0,177.0,-10.8397803594197
326242,1898.0,1348.0,101.0,1.60157170945042
61576,1918.0,788.0,10.0,44.7197378228777
109085,1430.0,1891.0,45.0,2.58270166559105
330939,17.0,677.0,102.0,2.17420381552084
426071,1905.0,1331.0,115.0,-20.0733805976546
63837,1926.0,13.0,10.0,-0.244145124092485
240650,72.0,18.0,69.0,0.0852084030461274
316170,120.0,1890.0,99.0,-1.60634566535788
185939,1332.0,1224.0,174.0,0.0587017369370773
249279,82.0,1885.0,70.0,-0.211445993828542
185180,1913.0,1885.0,174.0,-5.0155463172133
242738,1911.0,1923.0,69.0,-6.00708277417215
267098,85.0,1908.0,74.0,-3.58258429000401
56163,82.0,1887.0,9.0,8.52586672880865
388076,150.0,1224.0,111.0,-7.02695355465138
72170,1224.0,1890.0,13.0,0.810848938287505
225843,1896.0,1895.0,57.0,8.59320862565073
205024,1915.0,1899.0,177.0,8.67940695387842
396669,1877.0,1910.0,112.0,0.881689050824816
60127,1886.0,131.0,10.0,4.07385279698138
187003,1883.0,1927.0,175.0,1.18749901737677
176485,163.0,1902.0,52.0,2.69708969319098
373671,195.0,1918.0,109.0,2.01382300570846
15659,1880.0,1887.0,3.0,-4.78124268726611
115534,1885.0,1928.0,167.0,-3.11452337802366
400799,1906.0,1895.0,112.0,3.59409510285017
74884,1919.0,1224.0,13.0,-1.78709901674659
302564,82.0,47.0,98.0,-6.40688588071389
4830,1891.0,1900.0,1.0,-0.3715421122487
47922,82.0,1908.0,6.0,0.0879106400177587
62707,655.0,1183.0,10.0,4.18784902293485
388169,1875.0,1897.0,111.0,0.884422924033313
396783,1916.0,1882.0,112.0,14.7142530666734
74464,1342.0,20.0,13.0,-3.13340009826054
416535,1925.0,1905.0,114.0,1.63129405849205
33919,14.0,1922.0,166.0,-2.535608984617
213793,1348.0,5.0,55.0,-1.43870266097427
200949,48.0,11.0,54.0,3.22603836182588
423542,1888.0,1897.0,115.0,-1.07356911036205
11155,1907.0,1890.0,2.0,-2.35532475975992
323031,163.0,1887.0,100.0,3.24568208782597
264726,1337.0,11.0,73.0,4.81773683940845
64554,1332.0,15.0,10.0,-6.2065279377465
194241,1891.0,1914.0,176.0,2.71262842304509
368825,163.0,1332.0,180.0,-3.39052240575063
253963,1877.0,1906.0,71.0,4.04838209767436
374103,1183.0,1224.0,109.0,-0.163243893326578
311565,1902.0,1911.0,186.0,6.25113039942062
263418,150.0,1671.0,73.0,-2.27591858274504
195894,1926.0,1895.0,176.0,-0.568062084533051
373414,136.0,1888.0,109.0,-0.807116901917526
258300,1897.0,1922.0,72.0,-6.67489662395779
339785,1913.0,1431.0,103.0,3.099992860207
223137,1887.0,1928.0,56.0,-1.09914027414124
279661,1913.0,788.0,75.0,-8.565709150265
15450,1898.0,1901.0,3.0,2.14030537111956
260974,195.0,1928.0,72.0,13.9990264775093
193972,1903.0,1893.0,176.0,-1.02779015564059
88686,1924.0,1901.0,172.0,-3.7303813626363
24432,948.0,1430.0,4.0,1.8797543207626
302269,85.0,1560.0,98.0,-0.275670568268857
424100,948.0,3.0,115.0,2.09166760852417
317067,101.0,1923.0,99.0,0.676962586776542
209394,1888.0,120.0,178.0,5.3458878118969
46264,1876.0,1883.0,6.0,14.1564140195537
71971,1894.0,1910.0,13.0,5.48523396506317
286392,1906.0,20.0,77.0,-3.76575720884678
259776,163.0,20.0,72.0,-0.769862637060366
250984,150.0,1912.0,71.0,-3.6282019106527
51719,1337.0,229.0,7.0,-1.24971365616754
265698,3.0,1876.0,73.0,0.369692819079127
47855,544.0,1900.0,6.0,3.22195324686583
264357,1337.0,195.0,73.0,0.732473324414904
161956,1911.0,1923.0,168.0,1.06696119077161
265375,1430.0,1224.0,73.0,4.5157334888578
339174,1337.0,164.0,103.0,-2.385530174174
250794,229.0,3.0,70.0,-3.18680915232536
335815,655.0,677.0,102.0,2.02772832207488
258670,1926.0,85.0,72.0,-1.98118985674208
337098,1899.0,1921.0,103.0,0.356287268254697
28706,1876.0,85.0,4.0,3.83332586517809
332549,1886.0,1901.0,102.0,-1.05786831674467
167559,1560.0,748.0,51.0,-3.13323441464037
89449,27.0,147.0,172.0,5.33913232480684
286435,163.0,1920.0,77.0,4.47438372221371
112003,1183.0,1887.0,167.0,4.04988616382869
206059,655.0,17.0,177.0,-3.61415676010833
164808,1915.0,544.0,168.0,0.0967827519509024
273570,146.0,1671.0,179.0,-0.356997588393849
245383,604.0,1882.0,69.0,-0.343597990878593
244699,544.0,1430.0,69.0,2.18246219689494
27743,27.0,677.0,4.0,3.76771438718607
197879,150.0,1898.0,54.0,1.46754731212779
425013,1559.0,1914.0,115.0,-0.600065868579804
4831,1897.0,1915.0,1.0,1.75645276163459
165912,14.0,47.0,168.0,-12.1566477490257
180899,160.0,147.0,53.0,6.48114618209383
375217,1430.0,1183.0,109.0,1.1240558763543
318398,1906.0,1901.0,99.0,5.68496498258592
54774,1879.0,1927.0,9.0,-2.14327979622916
27288,604.0,1913.0,4.0,8.22424204706681
24675,1891.0,85.0,4.0,-0.106140055077263
314238,229.0,1348.0,186.0,-0.51542108356495
188874,1183.0,1560.0,175.0,4.89444549405625
62457,1906.0,150.0,10.0,5.32726607672263
66574,1431.0,1918.0,12.0,-0.0800587172605459
273329,1887.0,1895.0,179.0,-0.583112616223605
414277,5.0,1882.0,114.0,-1.13406536246775
100730,1912.0,1927.0,173.0,-3.03656605772636
184899,20.0,195.0,174.0,-2.45369378631129
344335,229.0,1919.0,104.0,-1.12663522671539
433917,1884.0,1883.0,116.0,0.609751505283243
29660,1904.0,1431.0,166.0,9.94172715165618
16146,164.0,1922.0,3.0,5.516093681356
59921,72.0,120.0,10.0,1.65979691859412
60520,1877.0,1332.0,10.0,-4.50552439733231
104067,27.0,1891.0,173.0,-9.78723409284805
644542,72.0,1902.0,167.0,-15.029918393512276
201194,1913.0,5.0,54.0,0.319482388074392
376112,1913.0,1906.0,109.0,3.85693698285722
234612,1902.0,1901.0,60.0,1.12605112649729
274432,1915.0,47.0,179.0,-9.58069334586489
213104,1905.0,1899.0,55.0,7.61281684084585
99285,1915.0,1889.0,44.0,-7.89070110734344
324909,655.0,120.0,100.0,5.98113544749416
231476,1876.0,14.0,58.0,-6.75856117487043
266500,1909.0,1431.0,74.0,0.850696308080022
161891,83.0,1332.0,168.0,-5.02771060119231
175323,1342.0,1918.0,52.0,-1.53711987333162
171707,1347.0,1887.0,52.0,-0.453054514705005
108956,1924.0,163.0,45.0,10.4690190720229
52630,1332.0,1918.0,7.0,0.324901933913916
426431,1430.0,17.0,115.0,-1.48073306380719
250899,544.0,1925.0,70.0,-1.79942191142759
245151,1877.0,1430.0,69.0,3.54831226651618
358238,1903.0,1907.0,108.0,-3.22597293483208
269975,27.0,101.0,74.0,1.77447042191381
275893,1926.0,544.0,179.0,4.75075740086577
388662,1905.0,1910.0,111.0,4.31146861523116
64633,1924.0,1878.0,10.0,-4.29694954615199
208270,1888.0,1914.0,178.0,-2.5986651729612
61391,1183.0,1917.0,10.0,-0.31921430049894
357209,1888.0,1917.0,108.0,-2.90286094845159
367078,150.0,1917.0,180.0,14.09548587624
310621,13.0,1927.0,186.0,7.29571205616752
25063,1879.0,1887.0,4.0,0.782115276758352
30117,1889.0,1890.0,166.0,-5.84770143082329
48648,1559.0,1890.0,7.0,3.40219508537637
173602,1905.0,1899.0,52.0,9.6799954827042
99819,1919.0,1671.0,44.0,2.73281107595675
200747,1913.0,1892.0,54.0,-5.20278297104867
371830,1905.0,85.0,180.0,0.881938854964239
102105,5.0,1921.0,173.0,0.408037096252905
368023,1894.0,1922.0,180.0,-1.43665953605062
47057,20.0,1889.0,6.0,-8.26525536102979
113036,1913.0,1347.0,167.0,-0.996687360284961
342347,1913.0,1898.0,104.0,-5.52972302348097
185702,1877.0,1904.0,174.0,1.26485157177156
89945,1342.0,1900.0,172.0,-0.836326595782319
107455,1885.0,1921.0,45.0,-2.33288086052452
232156,14.0,101.0,58.0,4.86618566641968
50864,1909.0,13.0,7.0,-2.59862101608163
69047,160.0,1884.0,12.0,3.92284811722977
226162,1877.0,1883.0,57.0,-0.213571419200303
414405,1886.0,17.0,114.0,-2.71717442359002
261578,150.0,1331.0,73.0,9.92183285190418
177743,1919.0,1910.0,53.0,-3.26283575384027
47867,83.0,15.0,6.0,1.73158074972978
206327,1337.0,1348.0,177.0,-7.47212729376707
163187,1883.0,1671.0,168.0,-0.128226774932677
3846,14.0,1887.0,1.0,8.79098334852125
5831,1331.0,147.0,1.0,1.68983779290187
424975,1893.0,1912.0,115.0,2.08613809635095
178760,1878.0,1431.0,53.0,4.57282291476033
311918,1885.0,1897.0,186.0,-2.32821278977871
322850,1893.0,1907.0,100.0,0.0746736355673158
107635,120.0,1910.0,45.0,0.786920337692105
248038,1886.0,1927.0,70.0,-0.257438629863707
8390,83.0,1922.0,1.0,-6.3480318104046
184986,1920.0,1885.0,174.0,1.0000703771245
66499,1893.0,1224.0,12.0,1.75971591343917
268524,748.0,1348.0,74.0,0.574460606967018
222237,1877.0,1348.0,56.0,-0.630362471604581
285588,83.0,1879.0,77.0,-2.92410592163078
100622,1881.0,1901.0,173.0,4.09197918945973
169076,1332.0,1875.0,51.0,-5.36391212026826
214281,101.0,1918.0,55.0,-2.98188861266773
320152,604.0,14.0,99.0,-3.00745264172631
162087,195.0,11.0,168.0,-4.23175939804054
191858,1905.0,1928.0,175.0,-8.68187575525576
433774,1331.0,1914.0,116.0,2.49871191238674
400384,604.0,655.0,112.0,6.47949091609862
103849,160.0,1913.0,173.0,0.519013386250247
204826,948.0,1894.0,177.0,4.63511518687032
66682,72.0,17.0,12.0,3.52226377399411
166483,1337.0,1899.0,51.0,2.44532048252732
197770,1922.0,1918.0,54.0,8.04943967105554
57540,48.0,1916.0,9.0,1.00604215889625
96357,3.0,1899.0,44.0,1.2940311146482
376224,544.0,1915.0,109.0,3.28267398248377
273294,101.0,136.0,179.0,1.19589740636687
344631,163.0,1909.0,104.0,4.14885305059466
9585,1878.0,13.0,2.0,1.85978723795429
27020,1332.0,164.0,4.0,2.45065826733278
58309,1913.0,1905.0,9.0,-10.1989862747761
233525,1919.0,1921.0,58.0,-13.7067753409605
316119,136.0,1917.0,99.0,-2.95850683730847
201708,83.0,1878.0,54.0,-0.634456519596118
5447,748.0,1904.0,1.0,-1.35975662752322
269625,1915.0,229.0,74.0,0.797710337914282
14025,1895.0,1897.0,3.0,0.628732281090273
318211,1905.0,72.0,99.0,-2.44972114323108
52117,604.0,5.0,7.0,5.66123774399958
234727,1902.0,1917.0,60.0,0.93464492054914
361196,604.0,1876.0,108.0,1.42451561856823
346259,1920.0,15.0,104.0,0.907462642783245
210868,1924.0,1909.0,178.0,13.3846352702432
273745,1559.0,1885.0,179.0,2.27667794297576
6417,1920.0,47.0,1.0,2.91955517430276
196177,1925.0,1348.0,176.0,0.971057965105462
252068,1879.0,1890.0,71.0,-0.552173527155354
341214,1892.0,1928.0,103.0,-6.52078556520669
400506,1906.0,1893.0,112.0,7.82105524866589
223071,677.0,1902.0,56.0,2.09994564632785
44673,1899.0,1900.0,6.0,-0.0906612362981648
24396,1183.0,1916.0,4.0,-1.11685429291621
320241,1924.0,1925.0,99.0,0.413294759550236
264445,163.0,1331.0,73.0,-7.71659440456011
258343,748.0,131.0,72.0,3.30664227202268
52899,1915.0,1559.0,7.0,-3.24887532715443
373616,1908.0,788.0,109.0,1.4041356868462
338872,604.0,1899.0,103.0,1.22124922536495
209281,1891.0,1923.0,178.0,-2.23147924029918
264431,20.0,146.0,73.0,5.96304058548306
179476,27.0,72.0,53.0,-3.33886117152197
178033,1898.0,1923.0,53.0,-5.4260008978124
161974,1885.0,1893.0,168.0,8.01152462690628
63775,655.0,1918.0,10.0,5.17336339144119
243209,1879.0,15.0,69.0,-2.0969851167727
224758,164.0,1331.0,57.0,-5.9928383208019
199561,20.0,1887.0,54.0,-0.0814747705862706
284758,1876.0,1887.0,77.0,-0.424279042040298
197340,101.0,1881.0,54.0,10.4680465590047
367349,72.0,1910.0,180.0,2.02192442027829
399953,1876.0,195.0,112.0,-0.806088367370486
168728,1884.0,1671.0,51.0,0.883846229794827
315446,1891.0,1923.0,99.0,-0.696574319179321
326148,1886.0,1916.0,101.0,-5.66641791229875
338957,1906.0,1923.0,103.0,3.30809565565332
396903,164.0,1348.0,112.0,1.58750649659786
225159,1886.0,1888.0,57.0,4.23632700853953
166775,195.0,1908.0,51.0,4.42544949711337
274882,20.0,1331.0,179.0,-32.3307760799688
164324,14.0,1880.0,168.0,3.88410973224898
256735,1560.0,1224.0,72.0,3.49162222726961
61362,1559.0,1892.0,10.0,-0.155356334307129
58122,163.0,1905.0,9.0,-5.41778271720892
268947,11.0,1921.0,74.0,5.71013737276568
371755,1925.0,1671.0,180.0,7.02476226396102
437913,163.0,1921.0,116.0,-14.2165892751616
86775,1891.0,1897.0,172.0,-6.30884471291966
235829,1880.0,1917.0,60.0,1.41173383803498
228419,1929.0,1928.0,57.0,-3.43407524351997
277484,147.0,1671.0,75.0,-2.28709713496344
322968,20.0,1887.0,100.0,6.88339282312938
69987,1913.0,1337.0,12.0,6.56679083269658
260521,655.0,948.0,72.0,5.45504121967686
337484,1431.0,1896.0,103.0,-2.32289211265484
212056,160.0,83.0,178.0,7.66749137967562
424741,948.0,1892.0,115.0,6.66189988405243
344554,1342.0,1880.0,104.0,-10.6805401898283
259656,1342.0,101.0,72.0,4.19331951661687
414789,83.0,1560.0,114.0,-0.206049739698042
344618,1342.0,1909.0,104.0,-9.59874500876162
345005,1920.0,1892.0,104.0,-8.45371326768084
244773,1337.0,1888.0,69.0,-5.50987951142251
27484,544.0,1913.0,4.0,8.95177231915973
72118,136.0,1893.0,13.0,-0.274478987951952
186794,1910.0,1902.0,174.0,0.838938923445394
427844,1926.0,1337.0,115.0,2.91021814413341
300667,1883.0,1917.0,98.0,-0.620046701677581
399037,1889.0,677.0,112.0,-2.98791146438707
239082,1894.0,1928.0,60.0,5.98074955464234
9943,1886.0,1901.0,2.0,-3.08492693967231
315066,1342.0,14.0,186.0,-24.1373038239511
341539,1909.0,1903.0,104.0,5.35543000283655
54391,1889.0,1898.0,9.0,-2.71464437767048
264500,14.0,1880.0,73.0,3.89735796234639
241509,1894.0,5.0,69.0,2.19331200836634
88487,83.0,1331.0,172.0,-1.07820365758738
242087,1897.0,1913.0,69.0,-1.03421889062916
210729,1337.0,1901.0,178.0,-13.1366841658239
209809,1878.0,47.0,178.0,-2.94285953404152
182222,1911.0,1917.0,174.0,2.23034688080042
253312,101.0,85.0,71.0,3.18420979775341
313440,1920.0,1914.0,186.0,-2.46443112732577
414682,1913.0,1911.0,114.0,2.6208389162958
59192,1877.0,14.0,9.0,-6.20010017619905
224386,5.0,1890.0,57.0,-0.389193600944244
417427,82.0,1903.0,114.0,6.63519098081332
187406,1875.0,1918.0,175.0,-5.22696753988189
372361,147.0,1923.0,109.0,-1.21637014742256
74786,1924.0,1224.0,13.0,0.740866513011065
48514,1671.0,677.0,7.0,-2.31407924582361
344970,27.0,1884.0,104.0,-1.63315082343214
335372,163.0,136.0,102.0,-1.46117489355415
400348,1915.0,1904.0,112.0,2.36185390098546
249682,48.0,101.0,70.0,8.72118260259808
64123,1925.0,1559.0,10.0,0.0602701073742852
45425,150.0,1900.0,6.0,2.36442507996501
329104,1337.0,1909.0,101.0,-1.90603609815581
314188,655.0,1875.0,186.0,-1.75044194754799
161482,1895.0,17.0,168.0,-0.721845320163018
169080,1905.0,72.0,51.0,-5.87397785571725
361440,1925.0,1903.0,108.0,-10.2357201464834
85727,1886.0,1901.0,172.0,-5.62886134982999
46557,48.0,1913.0,6.0,-4.44231206916442
24507,150.0,1890.0,4.0,-0.199383926510195
335081,1920.0,1917.0,102.0,0.0413622163060886
335983,229.0,1928.0,102.0,-0.172925122086224
108781,604.0,1881.0,45.0,8.87338819444069
284711,1882.0,18.0,77.0,-6.9893609841204
70343,1912.0,1902.0,12.0,-6.71419504693953
115471,163.0,1337.0,167.0,-9.55059413521355
74111,1924.0,5.0,13.0,4.19364913534584
184834,163.0,72.0,174.0,-4.69898706093642
334976,83.0,1905.0,102.0,-3.21982068189663
169044,229.0,1883.0,51.0,-3.74212915940149
31496,1912.0,1917.0,166.0,-1.48866118047467
253747,1926.0,1883.0,71.0,-1.7868511936872
17188,1906.0,1885.0,3.0,1.45461156103297
624461,146.0,1902.0,52.0,4.10148030683183
189113,147.0,1888.0,175.0,-2.79622303663262
253257,1891.0,150.0,71.0,-4.18807269161265
169520,160.0,1913.0,51.0,2.46036391312015
53573,17.0,1902.0,7.0,5.48726733534616
28160,1926.0,1917.0,4.0,-3.47425286292866
191529,1915.0,1903.0,175.0,0.411350521695699
360049,1919.0,1916.0,108.0,-5.36734387016185
330798,1895.0,1928.0,101.0,-3.97899912737132
321256,1883.0,120.0,100.0,2.35178755373301
259713,163.0,1884.0,72.0,-1.56808534531861
333930,1920.0,195.0,102.0,-3.72744251520684
12415,229.0,150.0,2.0,3.36149148407441
72441,1896.0,1914.0,13.0,5.1206006697448
28384,1919.0,1559.0,4.0,3.299804335415
58856,1920.0,1900.0,9.0,-6.70594584436303
17807,27.0,1905.0,3.0,-0.665119758593743
100234,1342.0,1903.0,44.0,-16.8567781581388
105174,655.0,1890.0,173.0,8.59543857319831
104355,1924.0,1905.0,173.0,2.88553088211522
360759,83.0,147.0,108.0,-4.26529491769678
196376,1332.0,120.0,176.0,-4.19223451904411
253503,1891.0,1916.0,71.0,-8.82128906370708
316962,1896.0,195.0,99.0,-0.957370426028779
70092,163.0,1903.0,12.0,-4.12826068247138
199028,1337.0,1911.0,54.0,-1.32609217331525
109773,14.0,1886.0,45.0,12.3189571731109
323776,48.0,1926.0,100.0,-0.735773208518041
45120,1885.0,1331.0,6.0,-0.178181201996791
284670,13.0,1890.0,77.0,-6.91044677488966
317613,82.0,1332.0,99.0,-7.99146810837713
437160,1877.0,1875.0,116.0,-6.90120830795869
25872,1894.0,1912.0,4.0,-0.552407986323122
217508,163.0,1882.0,55.0,7.65911099688134
188260,72.0,1560.0,175.0,-5.48491907442456
236915,544.0,1894.0,60.0,10.1605816216459
304185,544.0,1888.0,98.0,-0.38148998405686
275643,1430.0,1348.0,179.0,0.578495730757342
328735,1905.0,1907.0,101.0,0.623106874987897
263726,1559.0,1879.0,73.0,-10.1254114674111
399736,604.0,82.0,112.0,9.40043141189046
277598,136.0,18.0,75.0,2.33311553013153
194196,136.0,1879.0,176.0,-1.82374213847299
56196,1888.0,1331.0,9.0,-2.27184698665979
47998,83.0,1900.0,6.0,4.55748093514336
4005,948.0,1910.0,1.0,10.6426669469031
214108,1908.0,1901.0,55.0,7.23676823699307
237062,604.0,229.0,60.0,4.51699685125969
434190,1893.0,1892.0,116.0,-3.62617148390002
358643,1914.0,788.0,108.0,6.24633495482778
179962,1905.0,1916.0,53.0,-7.60038546501155
327020,948.0,1923.0,101.0,6.19434230404041
73597,1342.0,788.0,13.0,-0.534875029923014
340706,1924.0,948.0,103.0,5.46632715063739
27937,163.0,1877.0,4.0,-1.46421150434035
191531,544.0,1671.0,175.0,4.52368144098061
338997,1920.0,1883.0,103.0,2.50823109405873
367419,82.0,1898.0,180.0,2.33292088159951
312259,1879.0,11.0,186.0,1.9269773582951
24748,1331.0,1894.0,4.0,0.706158621909728
98014,748.0,1671.0,44.0,-1.24447757100864
207822,1899.0,1927.0,178.0,0.388538314881631
358682,11.0,1914.0,108.0,6.62932799134691
182325,1909.0,1224.0,174.0,-0.395199898807204
58580,83.0,1917.0,9.0,-1.02955036401387
112088,1881.0,1922.0,167.0,-2.13326097645137
162217,1559.0,1884.0,168.0,0.471163560480871
360225,1905.0,11.0,108.0,3.37720876802141
45007,1884.0,1912.0,6.0,2.16226175697097
32145,1926.0,1923.0,166.0,-7.40151542427912
340350,1342.0,1559.0,103.0,0.657892175811849
427356,163.0,136.0,115.0,-6.25902493647604
314578,1919.0,1559.0,186.0,0.476610428000056
328201,136.0,1912.0,101.0,2.88044726228722
337875,948.0,20.0,103.0,2.8091233460712
301477,136.0,131.0,98.0,1.05234759949182
172207,1912.0,1927.0,52.0,-3.09324168382512
211749,82.0,147.0,178.0,9.23106494560868
179585,1342.0,195.0,53.0,-2.45867028544447
232695,1919.0,147.0,58.0,-5.67121112716416
179810,1905.0,195.0,53.0,-6.90240073035485
184468,1915.0,1919.0,174.0,5.66849493775076
186601,1920.0,15.0,174.0,10.2871670440683
316242,1884.0,150.0,99.0,0.931262199975871
389834,1337.0,1891.0,111.0,-1.37520376684183
61061,1899.0,146.0,10.0,-0.700918642399799
166862,1899.0,147.0,51.0,3.40092658893187
169635,229.0,146.0,51.0,-4.72229195522699
639638,195.0,1902.0,100.0,-3.432904035327338
15930,146.0,1331.0,3.0,-1.32496126613706
85975,1903.0,15.0,172.0,-3.77386923985009
322580,1890.0,18.0,100.0,-9.71326943652793
204501,1886.0,1901.0,177.0,-6.60775367728422
341923,1902.0,14.0,104.0,0.728861053761983
57455,1915.0,195.0,9.0,0.180654457653333
5928,1893.0,11.0,1.0,1.88907690813469
66055,85.0,1893.0,12.0,-0.0238973331699588
374123,948.0,1898.0,109.0,0.0313534696751324
369300,101.0,1880.0,180.0,0.400921682977804
105229,48.0,1882.0,173.0,20.3112520875933
424143,72.0,150.0,115.0,-1.18046490873337
195641,1920.0,131.0,176.0,-0.300391942401766
301249,1909.0,150.0,98.0,-3.62127070885768
246290,195.0,1911.0,70.0,-0.713430942299463
341802,1883.0,1331.0,104.0,1.83407413252927
200604,1920.0,27.0,54.0,2.91049799625357
234280,1894.0,677.0,60.0,-4.79733095633191
433943,1895.0,72.0,116.0,-1.2278838814905
29458,1898.0,17.0,166.0,7.57993421727554
274014,11.0,18.0,179.0,6.82549495081743
284289,1915.0,1899.0,77.0,-3.45799987167876
313088,1919.0,1183.0,186.0,1.84180264583259
216395,20.0,677.0,55.0,-1.44543350224584
255630,160.0,1903.0,71.0,6.62297955006795
342872,146.0,1431.0,104.0,-2.73428089956805
104230,48.0,101.0,173.0,9.87313729103624
192971,164.0,1224.0,176.0,4.33163598771332
413180,1880.0,1923.0,114.0,-3.40155565569711
321176,1907.0,1921.0,100.0,-4.1235774278034
226870,1919.0,1879.0,57.0,2.84648495429954
286984,27.0,1921.0,77.0,-13.4882990808492
60025,1881.0,1895.0,10.0,6.27848079998811
276336,1337.0,15.0,179.0,3.04831335963279
320560,136.0,195.0,100.0,0.875193334244645
313579,1905.0,1885.0,186.0,2.63601295902708
73093,1183.0,150.0,13.0,7.62160143901235
310664,1909.0,1898.0,186.0,0.486117206985808
230483,1881.0,1895.0,58.0,13.3402110154134
331374,101.0,677.0,102.0,-7.55554245688186
188622,1920.0,1898.0,175.0,-1.23167744666336
331966,1559.0,131.0,102.0,2.1885023605084
275352,1332.0,1884.0,179.0,-4.71353371351654
286246,229.0,1912.0,77.0,8.72069908073701
344575,14.0,195.0,104.0,1.7754792084373
166498,1908.0,1923.0,51.0,3.71790976710637
265908,14.0,1560.0,73.0,2.10186791756783
90109,83.0,1876.0,172.0,4.19752678412571
192306,1900.0,18.0,176.0,4.02857649819767
251997,1912.0,1348.0,71.0,4.70507468842952
12979,604.0,1927.0,2.0,-4.19411339445591
203521,1886.0,1882.0,177.0,-1.61225278070964
323835,160.0,1914.0,100.0,-0.770367777481779
237619,1906.0,1884.0,60.0,-0.46664466625504
210891,48.0,1881.0,178.0,16.7103168625819
219015,1183.0,17.0,56.0,8.12892629908059
14173,677.0,1890.0,3.0,1.55574286562896
256548,748.0,1348.0,72.0,0.454508849503856
400032,1925.0,1885.0,112.0,3.33870245666086
107508,948.0,1917.0,45.0,18.1738571160688
639671,147.0,1902.0,101.0,1.2195822278014
171959,136.0,1922.0,52.0,-4.61126656418471
259003,160.0,229.0,72.0,-1.02297133099077
199862,1880.0,120.0,54.0,2.23068827661626
171767,1559.0,17.0,52.0,2.45357761787639
68497,1905.0,195.0,12.0,-12.9345763174139
86913,1898.0,5.0,172.0,-1.21582344331901
375573,163.0,1914.0,109.0,3.6242440127457
27902,229.0,13.0,4.0,0.485327299891251
234015,1911.0,1914.0,60.0,-0.699581312206934
163511,1893.0,1348.0,168.0,0.5650521632952
219893,146.0,1917.0,56.0,-10.7152205630195
357208,1896.0,1888.0,108.0,-9.19774634691837
194461,1898.0,1922.0,176.0,-5.21124649494283
237221,655.0,1926.0,60.0,6.81485784950339
369541,1342.0,1887.0,180.0,-1.72390514679236
300831,1559.0,1897.0,98.0,1.20991091968938
110413,1919.0,1928.0,45.0,3.01573359981014
245675,1882.0,1902.0,69.0,1.65918982639989
257407,1895.0,1917.0,72.0,0.863453923725871
340536,48.0,120.0,103.0,-2.15162583931849
238169,82.0,1875.0,60.0,-3.66496626952755
644421,1879.0,1902.0,175.0,-8.326067832045435
223885,1559.0,1347.0,57.0,20.4386111548773
344540,1915.0,229.0,104.0,-0.395452529935628
69710,229.0,1886.0,12.0,-1.30659754711781
317358,1899.0,5.0,99.0,-5.63567957808596
359273,1891.0,17.0,108.0,-7.49433424066005
250633,163.0,1890.0,70.0,-2.68807224487099
401403,1924.0,1900.0,112.0,1.51253231747251
342404,1887.0,131.0,104.0,0.872035798843062
74688,655.0,1348.0,13.0,5.54729095875733
325541,11.0,1928.0,100.0,-2.49758848575728
259805,1877.0,1895.0,72.0,-5.79446634971231
113523,655.0,1919.0,167.0,0.449146470871176
211115,1913.0,1885.0,178.0,2.91504946471883
90436,1913.0,1902.0,172.0,-7.75583695560973
112399,1431.0,788.0,167.0,-1.68777051377674
220809,1924.0,160.0,56.0,3.4480919085056
277636,147.0,47.0,75.0,0.768224807832474
88109,3.0,85.0,172.0,4.32381812380594
32172,160.0,1919.0,166.0,3.16696775166802
54320,120.0,1892.0,9.0,-4.5922996792736
223878,120.0,1889.0,57.0,8.39519199615576
279163,1183.0,1331.0,75.0,1.31684966261767
322970,146.0,1896.0,100.0,0.691829963762034
88539,20.0,1331.0,172.0,-11.0417842877095
269769,3.0,1331.0,74.0,-9.78212540205323
26981,1332.0,1883.0,4.0,4.19458114244111
73419,3.0,1183.0,13.0,-3.87570958025298
333695,1915.0,1919.0,102.0,8.5069260447013
222946,604.0,677.0,56.0,0.834150167883646
248655,48.0,160.0,70.0,15.9442466408577
324907,544.0,120.0,100.0,6.64398555494931
264099,1924.0,1919.0,73.0,11.1607275415339
423991,1904.0,13.0,115.0,-3.15584694195705
281831,1915.0,1902.0,75.0,-4.15879362468293
316917,1884.0,1897.0,99.0,2.20196613461581
43307,15.0,17.0,6.0,5.2003096157877
621829,1889.0,1902.0,168.0,-0.482779321714661
312782,47.0,1909.0,186.0,-7.28287949440468
264858,655.0,11.0,73.0,0.191935103541612
334214,1332.0,146.0,102.0,4.9024593890166
358273,1896.0,72.0,108.0,4.2439605022388
339345,544.0,1926.0,103.0,13.3867525270667
399406,1910.0,1890.0,112.0,-2.26876706806879
390006,1337.0,1896.0,111.0,-3.51182168531791
13670,1903.0,1928.0,2.0,0.152477879389885
59853,1912.0,1224.0,10.0,0.0321233451939601
29889,147.0,1921.0,166.0,-2.92365828810722
170296,1876.0,20.0,51.0,-3.20327934260853
8118,14.0,1878.0,1.0,3.90061306893206
6286,948.0,1911.0,1.0,2.63853836577749
332753,1224.0,1910.0,102.0,3.79775566304702
275890,1926.0,1917.0,179.0,-3.51451237127063
7872,14.0,1917.0,1.0,-3.37621517454722
89607,1877.0,147.0,172.0,2.92726542853004
373204,164.0,1907.0,109.0,-1.962303787967
67383,1904.0,13.0,12.0,0.685248671930898
198898,1887.0,11.0,54.0,3.78829197663714
367255,11.0,1927.0,180.0,2.92989584350656
397586,1183.0,1875.0,112.0,-5.92516915425707
227423,1925.0,1889.0,57.0,-1.63364017612823
250143,604.0,1559.0,70.0,0.528904687155711
198859,1889.0,1912.0,54.0,2.2637371527331
223103,1908.0,1902.0,56.0,-5.50516376585081
15695,1348.0,1908.0,3.0,-11.4912265951238
180878,27.0,1917.0,53.0,-7.94441496743878
358596,1883.0,17.0,108.0,-3.04637530043468
258873,1926.0,195.0,72.0,-11.8134616738085
228363,1914.0,1902.0,57.0,0.333362319210035
320473,11.0,1892.0,100.0,-14.955446752112
275869,1924.0,544.0,179.0,10.4485362370558
279106,1909.0,72.0,75.0,-2.4352308637046
211056,1913.0,1880.0,178.0,-16.1703483609277
336214,164.0,1904.0,103.0,-2.33405327295263
234337,14.0,1332.0,60.0,2.15497648892448
401167,229.0,136.0,112.0,-1.44574908103755
104379,163.0,1918.0,173.0,6.42349311161637
417682,3.0,1928.0,114.0,4.59600727376228
371905,20.0,1560.0,180.0,-8.29479626425267
342153,1903.0,13.0,104.0,-9.04263170940159
164195,1925.0,1881.0,168.0,2.11141926611346
105134,1876.0,1903.0,173.0,4.55112689068862
374730,11.0,1927.0,109.0,-0.455185453154099
414189,1903.0,1898.0,114.0,-5.0334427455664
222855,1430.0,1922.0,56.0,6.72700513112696
219730,1885.0,13.0,56.0,-3.71166909141099
254199,655.0,1331.0,71.0,-13.749568772285
345298,160.0,1879.0,104.0,14.5428653333552
187841,14.0,1898.0,175.0,-0.16007156881805
251138,948.0,1905.0,71.0,2.95497426210011
4036,1902.0,1927.0,1.0,1.79612356355812
102699,1915.0,1911.0,173.0,4.26270192176953
15325,1922.0,1918.0,3.0,21.5791832895251
62514,1875.0,1894.0,10.0,8.18039982181071
14162,1920.0,1899.0,3.0,4.21119354080116
107992,948.0,1914.0,45.0,8.00978276356023
427730,1924.0,677.0,115.0,-2.28984755121439
219573,1886.0,1894.0,56.0,-0.0486601089653864
196562,1430.0,748.0,176.0,0.906031145909792
388387,146.0,1907.0,111.0,11.4167734528886
26739,82.0,47.0,4.0,-4.09400891070875
278690,1897.0,195.0,75.0,-33.1911682705451
63876,160.0,1896.0,10.0,-2.27356027465912
49126,1893.0,18.0,7.0,2.58122184596792
264101,229.0,82.0,73.0,6.34682266647107
44139,1889.0,15.0,6.0,1.71349290023719
315822,1922.0,1918.0,99.0,0.354260011125389
17739,1920.0,1877.0,3.0,0.0954661082796094
106378,120.0,1898.0,45.0,-0.0058377793907963
188944,1879.0,146.0,175.0,-8.27238839037678
377249,48.0,1337.0,109.0,-5.30443418408582
329112,1905.0,1909.0,101.0,-5.26297786264445
268517,1893.0,1917.0,74.0,-4.72816842996669
210242,13.0,5.0,178.0,0.249390137253245
176600,1887.0,1886.0,53.0,-2.05142928504674
162879,120.0,1900.0,168.0,-0.155210134186945
270088,1913.0,1431.0,74.0,2.53680188488337
232958,82.0,1917.0,58.0,-6.45800445555707
69846,1342.0,677.0,12.0,-0.745349830813156
253323,1912.0,147.0,71.0,-5.58513260318386
108027,1881.0,1907.0,45.0,-9.71568434908166
369139,1891.0,1901.0,180.0,1.56371329587327
58491,1905.0,136.0,9.0,-3.77543420987189
18180,1915.0,1559.0,3.0,-3.97373348027697
426390,1332.0,1892.0,115.0,-4.72900481041772
261113,101.0,136.0,73.0,12.7687057459882
303906,1919.0,1918.0,98.0,15.3746104933672
340554,3.0,1886.0,103.0,-1.87734577832642
165137,1924.0,1917.0,168.0,1.99474087865341
316894,47.0,1896.0,99.0,-1.63136771804159
69206,1920.0,1915.0,12.0,1.30730145300923
250778,1919.0,1560.0,70.0,-4.5075622140018
207815,1880.0,1889.0,178.0,-0.439637683554122
303331,1915.0,1914.0,98.0,5.27590308705287
71767,120.0,11.0,13.0,0.620430009237674
101766,1881.0,1908.0,173.0,7.6159051771264
399768,1342.0,1894.0,112.0,-1.36639099321586
252852,1895.0,1901.0,71.0,-2.56095404833194
10038,1893.0,1923.0,2.0,-3.1659258951612
436730,1332.0,17.0,116.0,-1.92976846012027
107248,1917.0,1882.0,45.0,-3.90593445287361
376977,655.0,1921.0,109.0,-4.6520090742603
17862,160.0,1889.0,3.0,1.02176804998785
48465,120.0,1331.0,7.0,3.63605667747622
185410,160.0,11.0,174.0,8.33949167843699
88005,147.0,1431.0,172.0,-2.40849470006839
401187,655.0,1886.0,112.0,7.93689072929826
216653,48.0,1915.0,55.0,-0.272947701528465
113164,948.0,1331.0,167.0,5.07812182968473
12416,1926.0,1884.0,2.0,-3.15687594412796
281244,1919.0,1671.0,75.0,14.4694051509273
257804,948.0,1912.0,72.0,10.3766513846349
286474,1925.0,136.0,77.0,-2.5180715091134
266785,1909.0,1347.0,74.0,-1.10232964337193
426724,1906.0,1896.0,115.0,-1.95654422920898
359339,147.0,47.0,108.0,4.62287472435467
399311,1900.0,1916.0,112.0,2.12528840975108
318487,1926.0,1880.0,99.0,-3.38654091475955
86668,136.0,1900.0,172.0,-1.16561175116773
416675,229.0,1875.0,114.0,7.61607295514191
103670,82.0,1901.0,173.0,-5.03484551913233
320481,1897.0,1877.0,100.0,-7.91608132536249
275762,1920.0,1348.0,179.0,0.147544276390764
302577,544.0,1922.0,98.0,-0.677937312615122
43168,1897.0,1342.0,6.0,-4.32025028952102
327905,120.0,1890.0,101.0,-0.432941346132101
107507,147.0,1918.0,45.0,2.51730168653399
414239,1899.0,1331.0,114.0,-0.777217113494987
341461,14.0,150.0,104.0,0.724470824703891
259888,3.0,13.0,72.0,3.35029556764043
189586,163.0,1906.0,175.0,0.592407074425544
272045,1902.0,3.0,179.0,0.369915373628252
231002,150.0,1918.0,58.0,2.52039401668847
275519,14.0,544.0,179.0,19.9661303779809
212329,14.0,1900.0,178.0,2.22732744887711
251731,1904.0,677.0,71.0,-0.0643923413569387
248769,229.0,47.0,70.0,1.91529885475846
110880,1183.0,15.0,167.0,-0.293176652172809
359670,1877.0,229.0,108.0,0.736475101997494
415930,655.0,1916.0,114.0,-5.09979850848514
67070,1879.0,1904.0,12.0,2.42302149315998
264652,1906.0,1914.0,73.0,0.0816811108473282
112707,1559.0,1895.0,167.0,-2.34295264009116
169557,1915.0,1885.0,51.0,0.489203309713795
209004,1898.0,1347.0,178.0,4.33635693490126
195021,1915.0,1183.0,176.0,2.70700460008069
96081,1902.0,1907.0,44.0,-2.55915194255493
224272,101.0,195.0,57.0,-11.6393238979057
248514,1904.0,1908.0,70.0,-2.09971611463449
258632,27.0,47.0,72.0,-1.31072069505001
399074,1884.0,146.0,112.0,-3.51437743348004
3963,1347.0,147.0,1.0,2.99380052470948
374843,1896.0,1887.0,109.0,2.99473415859897
180340,20.0,1893.0,53.0,10.7357118010137
425016,1910.0,1923.0,115.0,0.0991191371503796
252678,14.0,1887.0,71.0,6.78567859746381
319485,27.0,1888.0,99.0,0.264647068154471
25179,1884.0,18.0,4.0,-1.46952728705989
223721,1909.0,1923.0,57.0,-7.0036964938543
253003,1879.0,147.0,71.0,8.26421233813091
70606,146.0,1887.0,13.0,3.14117551206114
106441,1888.0,1923.0,45.0,3.26445466852511
272294,1348.0,1890.0,179.0,-0.575112503659359
273281,1895.0,1882.0,179.0,0.595517008673439
176832,1331.0,1918.0,53.0,-3.65440394205727
194154,1909.0,1917.0,176.0,0.0130604648971944
371854,1920.0,1882.0,180.0,3.03382456108909
331600,1875.0,1882.0,102.0,-1.41137882712223
389827,1915.0,1891.0,111.0,1.7259733903923
236550,1875.0,1910.0,60.0,9.87066271559965
18157,1913.0,1559.0,3.0,-2.80014989119004
204037,1886.0,150.0,177.0,1.28935743100302
85807,27.0,1899.0,172.0,10.2091655591669
51661,1926.0,1887.0,7.0,6.80116528328076
185044,160.0,1913.0,174.0,1.32671794424105
273714,164.0,1890.0,179.0,5.73965824524069
50726,1897.0,131.0,7.0,4.29971024415043
181499,1926.0,1910.0,53.0,-5.16135914713119
322687,1895.0,1897.0,100.0,-4.03868873985889
193242,1897.0,1900.0,176.0,-1.52181298364551
49410,1897.0,1927.0,7.0,-1.12227880711836
226242,83.0,1183.0,57.0,-0.964623039161539
398605,1883.0,1900.0,112.0,1.49512420763674
269194,27.0,1919.0,74.0,0.662039967786026
373375,1891.0,1908.0,109.0,2.42673904467776
344173,655.0,47.0,104.0,9.4988482436567
59266,1347.0,1902.0,9.0,-8.05702969787563
171922,1559.0,1890.0,52.0,1.01985637802242
235082,948.0,1879.0,60.0,0.682459182406081
200168,82.0,164.0,54.0,-1.05892529876911
276577,229.0,677.0,179.0,-11.1021681572353
180987,1925.0,120.0,53.0,-5.65947701475975
18846,604.0,1928.0,3.0,3.06032243918332
209404,1896.0,1224.0,178.0,-7.4366983088695
275502,1906.0,544.0,179.0,15.4313718886709
346408,1907.0,1928.0,104.0,-5.38405059408383
373976,147.0,1895.0,109.0,5.25637132238592
242676,164.0,788.0,69.0,-1.71760377551078
109390,655.0,1904.0,45.0,4.13289617857804
167115,136.0,11.0,51.0,-2.85574499058297
284962,1915.0,1923.0,77.0,-3.2150159359894
29639,1224.0,131.0,166.0,5.19704456017639
279322,1891.0,1910.0,75.0,0.115982956503571
323931,1430.0,1906.0,100.0,12.6984681891153
63510,27.0,1904.0,10.0,-0.143120414347361
178433,948.0,1924.0,53.0,6.5339879988931
324766,1332.0,1917.0,100.0,-2.43518913229314
56317,1889.0,11.0,9.0,1.7813695711619
171586,1904.0,1431.0,52.0,3.60276110844757
437086,1906.0,1889.0,116.0,-2.60630208671801
174782,1920.0,27.0,52.0,5.11790084076585
163936,163.0,788.0,168.0,-0.779994048331193
18317,1342.0,1876.0,3.0,-3.4550294757098
313453,1913.0,229.0,186.0,-1.66153040103578
237698,1920.0,1891.0,60.0,0.163902135932071
285617,83.0,1875.0,77.0,-2.68003790055233
183972,1559.0,85.0,174.0,-0.225546788629259
203273,1886.0,195.0,177.0,1.45328308777722
341451,948.0,1224.0,104.0,2.42019210998419
310574,1912.0,1671.0,186.0,1.62442935018958
284193,72.0,15.0,77.0,-8.47143053219515
332726,72.0,1898.0,102.0,-2.26782974248508
68168,82.0,1896.0,12.0,-0.393417515862603
343344,1431.0,18.0,104.0,-3.72137221337769
56877,1903.0,1923.0,9.0,-0.33287967125545
52803,160.0,147.0,7.0,11.0861883602057
248223,1880.0,677.0,70.0,-2.09266227167097
69411,48.0,1224.0,12.0,4.13999785459328
437100,655.0,1918.0,116.0,3.68330366363508
242519,1895.0,17.0,69.0,2.91374871450256
163779,82.0,1183.0,168.0,3.22095267746998
67466,1875.0,1903.0,12.0,1.53908152601579
317895,1875.0,1891.0,99.0,-0.302247165585416
238424,1332.0,1559.0,60.0,5.62050002269377
253977,1919.0,1881.0,71.0,-3.50360820070375
286567,1919.0,748.0,77.0,8.99127140813247
311316,1879.0,1348.0,186.0,-2.00957391991728
231719,1430.0,1901.0,58.0,-7.88806342776751
178763,1903.0,5.0,53.0,-6.21340761103784
276936,47.0,120.0,75.0,10.7844002488642
214258,146.0,1882.0,55.0,4.55905918979767
247218,146.0,120.0,70.0,2.39992969284076
232450,1906.0,18.0,58.0,3.04737165843057
182514,1917.0,1927.0,174.0,-1.65828928965712
108327,1877.0,1183.0,45.0,10.3650865970079
56045,72.0,1927.0,9.0,-2.09563578975426
43536,1899.0,1878.0,6.0,-6.64753977863731
217485,48.0,1911.0,55.0,-6.73807010933684
229566,195.0,1348.0,58.0,-2.55226079662147
304129,1337.0,1886.0,98.0,6.91450213438979
286821,1906.0,1922.0,77.0,2.25901968704932
230876,1917.0,1892.0,58.0,-8.19332230171754
201055,1877.0,1905.0,54.0,-4.52023425112491
198204,1908.0,1923.0,54.0,-4.13920681574332
437978,1905.0,1900.0,116.0,-0.65487326264925
229247,1671.0,1916.0,58.0,-3.85085266672256
263229,146.0,1923.0,73.0,2.53511017809133
434345,146.0,1898.0,116.0,-3.96937499358922
358911,1183.0,1331.0,108.0,5.48566476251952
163758,1920.0,1183.0,168.0,-0.602900453612399
162443,1893.0,1347.0,168.0,-3.20942053925062
213507,1347.0,1880.0,55.0,-7.9425802136778
68589,3.0,1901.0,12.0,-1.95895913326741
359432,48.0,1908.0,108.0,-9.44605861690682
368548,147.0,5.0,180.0,10.2331059870878
337558,1896.0,1347.0,103.0,0.417849967393118
251268,1884.0,1914.0,71.0,12.7711509333482
259605,163.0,1895.0,72.0,-4.70552219108647
223993,1895.0,11.0,57.0,1.48844009017406
71535,1897.0,3.0,13.0,6.7299125938274
338435,1183.0,1892.0,103.0,-7.2335522494021
85638,47.0,1892.0,172.0,8.33250774538077
163534,1916.0,788.0,168.0,0.284967518844875
334961,27.0,1905.0,102.0,-2.06409314304329
286262,1924.0,1224.0,77.0,3.53356925949871
243738,1924.0,1887.0,69.0,0.165910055745319
105037,229.0,1876.0,173.0,20.0823774201412
45446,1908.0,131.0,6.0,-3.51657386763148
71399,147.0,1903.0,13.0,1.21391182201109
49523,1899.0,748.0,7.0,1.03934093760805
108815,1920.0,1331.0,45.0,-11.6260104210555
263581,1331.0,1886.0,73.0,-0.0752273695358529
320501,5.0,11.0,100.0,0.651022580880442
58753,1915.0,748.0,9.0,6.45077132921886
69925,3.0,1671.0,12.0,-2.91602833670585
95414,1875.0,677.0,44.0,3.43426888488817
253535,1893.0,18.0,71.0,4.78527534519504
24805,1902.0,5.0,4.0,-0.674389688439193
250631,1920.0,1890.0,70.0,-0.153959639816457
54851,1902.0,1920.0,9.0,0.536336603341217
371791,1342.0,1890.0,180.0,-6.48943851202786
329398,229.0,17.0,101.0,0.940622118436229
88352,83.0,164.0,172.0,2.24233893128594
9786,1898.0,1890.0,2.0,-1.62207594098011
357343,14.0,1887.0,108.0,-1.12641445193773
25098,1904.0,13.0,4.0,-3.63567095034583
238962,1901.0,1902.0,60.0,-14.2097740505264
338712,1902.0,677.0,103.0,-9.62558333102844
241781,1884.0,1897.0,69.0,-0.426772845205644
267467,1348.0,1907.0,74.0,-2.96599011101743
191592,48.0,1890.0,175.0,5.68387763892893
259157,1920.0,1916.0,72.0,-0.281567482797851
377223,1913.0,47.0,109.0,-3.76084356666532
398333,1884.0,1895.0,112.0,3.63502032104516
266089,163.0,18.0,73.0,8.02867735159242
162250,1909.0,788.0,168.0,-3.6525723434938
257082,1559.0,1878.0,72.0,-0.269998935909609
164416,1337.0,1892.0,168.0,-3.70038750580145
252586,1884.0,85.0,71.0,3.52578425827187
322003,164.0,15.0,100.0,1.8757307832483
59896,11.0,1914.0,10.0,7.62842639446825
438017,1926.0,1903.0,116.0,1.34194172041761
357254,82.0,1887.0,108.0,2.18776922231227
311274,1881.0,1560.0,186.0,5.22284951793227
186149,604.0,83.0,174.0,1.96199338786453
240891,146.0,677.0,69.0,-1.73020935571836
113933,1915.0,1916.0,167.0,0.271668426191738
185804,3.0,1889.0,174.0,-1.06491501389987
185737,1430.0,1895.0,174.0,-2.45854018195316
209918,1884.0,1910.0,178.0,-4.71029291400786
304785,163.0,1902.0,98.0,-2.05016039853145
177062,47.0,1917.0,53.0,-0.0458478461516478
401231,1876.0,748.0,112.0,4.98255902670271
171299,1903.0,1928.0,51.0,-5.24027714463574
27885,544.0,1915.0,4.0,2.68401227261725
179178,1560.0,1908.0,53.0,2.67911386095186
96353,1880.0,1895.0,44.0,-6.74114693735536
425365,120.0,18.0,115.0,0.0946153025796982
171302,1901.0,1928.0,51.0,-1.42415287283712
47223,160.0,1875.0,6.0,5.76855555101852
68918,20.0,677.0,12.0,-2.84629995907062
64578,1919.0,1903.0,10.0,2.86198148853532
257590,164.0,1348.0,72.0,1.03244549537228
182035,1917.0,677.0,174.0,3.06134327915545
169190,1925.0,788.0,51.0,11.9676588912267
10988,146.0,1923.0,2.0,-0.339867547021032
85648,1879.0,1348.0,172.0,0.215528201052031
13109,1926.0,83.0,2.0,2.69333053052046
49553,72.0,1888.0,7.0,0.07880206600982
73857,229.0,1909.0,13.0,3.29103799044164
400624,1915.0,1889.0,112.0,-4.82299379888337
273813,1893.0,1907.0,179.0,1.26108911530689
302856,1915.0,1907.0,98.0,5.06678953676507
235202,164.0,15.0,60.0,2.23056056468163
17289,1915.0,17.0,3.0,1.58345938435871
68331,1924.0,1898.0,12.0,-5.28613114994399
29312,1888.0,748.0,166.0,-0.615175094735289
221328,83.0,146.0,56.0,-1.98125738832509
200043,544.0,1183.0,54.0,-0.989289635423478
359718,1876.0,1901.0,108.0,-2.966291593504
245461,160.0,15.0,69.0,-2.52557923667599
417619,1898.0,1902.0,114.0,1.48490047944549
74198,1925.0,1347.0,13.0,3.17566858793737
414223,147.0,1671.0,114.0,-0.961856461491539
29315,1903.0,1901.0,166.0,-2.94089194342939
331934,1889.0,5.0,102.0,2.16122828564946
24238,1887.0,1896.0,4.0,1.06129808585934
201201,1926.0,1896.0,54.0,-1.02392669241816
220328,131.0,1927.0,56.0,3.47930677068688
278517,1903.0,164.0,75.0,6.38296387728178
412803,1912.0,1921.0,114.0,4.44436321133866
17670,163.0,1904.0,3.0,-0.170379116205862
414513,1183.0,47.0,114.0,16.8979320961952
179307,163.0,85.0,53.0,-0.44640801905041
205166,83.0,1919.0,177.0,15.8620228131297
56404,1560.0,1908.0,9.0,2.02158970546487
235161,1898.0,1910.0,60.0,7.53020496739906
371265,1342.0,1917.0,180.0,-3.30377387626945
317556,1896.0,11.0,99.0,-1.22561441802362
275411,1342.0,1893.0,179.0,-5.10580494198402
110136,163.0,1890.0,45.0,8.58794695147137
166750,1889.0,1882.0,51.0,-3.46704483141249
240981,1348.0,1917.0,69.0,-1.84957620715694
29672,1917.0,1890.0,166.0,-0.342892768146775
47897,1926.0,1890.0,6.0,7.03701560548143
327009,1888.0,1901.0,101.0,2.97169604635423
103998,3.0,1913.0,173.0,-0.911643542440499
69333,1919.0,1895.0,12.0,-0.850487977001005
320832,136.0,1560.0,100.0,1.78210435074974
274331,1671.0,1914.0,179.0,-1.51960262822773
211253,1926.0,655.0,178.0,-0.376622910524518
251084,1908.0,1224.0,71.0,1.50980720073213
319342,1337.0,147.0,99.0,-3.48318979556336
108596,1919.0,1901.0,45.0,2.02351250189473
225932,146.0,1431.0,57.0,0.222392035676233
208861,150.0,1431.0,178.0,-2.64285044614088
240691,1348.0,677.0,69.0,0.372505336005074
261936,948.0,1342.0,73.0,-1.17651540134024
311911,1903.0,1907.0,186.0,-0.634392488319891
336615,120.0,1886.0,103.0,-5.50137033852097
359611,1924.0,1894.0,108.0,8.5897793810917
304413,1877.0,1560.0,98.0,-3.32144709862452
267710,85.0,1914.0,74.0,6.79944741014294
56293,1430.0,1898.0,9.0,6.03568772507316
175255,1905.0,1889.0,52.0,0.150695080582314
187852,131.0,1918.0,175.0,2.8959407920656
96013,1878.0,1880.0,44.0,6.3991411665565
101137,1183.0,1908.0,173.0,-0.316791732996141
223498,1183.0,1909.0,57.0,17.29626042953
248504,1913.0,1347.0,70.0,-4.61973246659864
8447,1430.0,1908.0,1.0,6.52492524705231
61308,1337.0,1911.0,10.0,0.112342244253315
72413,1671.0,1914.0,13.0,1.19735510531592
243159,948.0,1877.0,69.0,-5.03415134952086
436996,83.0,1893.0,116.0,5.9526345090503
8734,47.0,1911.0,2.0,-1.65032954226014
284472,1347.0,18.0,77.0,-1.21916512292701
256854,1902.0,1877.0,72.0,0.469534548612363
303726,1924.0,1915.0,98.0,-2.55923794425115
102930,1897.0,83.0,173.0,6.59460015717303
266439,1883.0,120.0,74.0,4.96661303732242
18247,27.0,1927.0,3.0,-20.8044248001339
318304,14.0,1883.0,99.0,3.01700119128428
202550,1183.0,1908.0,177.0,-2.37326843898413
90250,83.0,1921.0,172.0,0.211811372104374
259654,1342.0,1891.0,72.0,-10.4629628929255
109709,604.0,1430.0,45.0,6.86640157743599
414705,120.0,1908.0,114.0,2.90148056473533
199357,136.0,1899.0,54.0,1.5766340126597
398036,164.0,1671.0,112.0,4.53054319024254
425152,1909.0,11.0,115.0,0.966057383722275
105447,1431.0,1902.0,173.0,-6.97126801783585
86846,1917.0,677.0,172.0,3.89767448235417
168029,1883.0,5.0,51.0,-3.77853799706461
360219,1919.0,1879.0,108.0,1.64610763907377
224602,1900.0,1887.0,57.0,-6.79212179351461
373165,1893.0,1890.0,109.0,-2.48759227233075
253854,48.0,1894.0,71.0,-2.27258092530012
318864,655.0,1347.0,99.0,-10.9096823157011
31594,136.0,1898.0,166.0,0.663582844539153
231716,20.0,1901.0,58.0,-6.22259701178188
57824,604.0,1347.0,9.0,-3.4098357417128
112995,47.0,1893.0,167.0,10.7090216433672
222258,1920.0,1917.0,56.0,-1.41304111849039
257310,1895.0,677.0,72.0,-2.75021072097968
237113,544.0,1887.0,60.0,0.485857451184197
7061,229.0,146.0,1.0,6.08755966150218
56007,1902.0,1431.0,9.0,9.52383053171735
255201,163.0,1920.0,71.0,0.788041809431184
320961,1671.0,1901.0,100.0,-1.82650792495299
313741,655.0,1347.0,186.0,-2.70336643520656
171338,1224.0,15.0,52.0,-0.948834015522293
200795,1919.0,1879.0,54.0,-10.6843014053001
644508,1888.0,1902.0,4.0,2.0739775979963264
55334,195.0,1916.0,9.0,-4.47099773591753
12172,27.0,1914.0,2.0,-4.90056425412059
281298,1337.0,1559.0,75.0,-9.0164937719786
219448,146.0,1921.0,56.0,7.34466933527903
113140,1559.0,1907.0,167.0,4.87256424092564
233135,1337.0,1430.0,58.0,-23.7049463778149
252347,136.0,1878.0,71.0,-0.31445540990332
164777,14.0,1879.0,168.0,-7.08694032103355
203498,1898.0,1890.0,177.0,10.1294369911241
191163,27.0,1917.0,175.0,-4.19689589574023
172535,1902.0,17.0,52.0,-1.84872086047237
388689,1671.0,1892.0,111.0,-4.4734682142541
272916,1898.0,1560.0,179.0,-2.14391300155707
269126,1559.0,1183.0,74.0,3.19680300339107
190232,1337.0,1916.0,175.0,-0.99058470238322
261767,146.0,1889.0,73.0,0.155723091415684
422946,1903.0,1224.0,115.0,-0.185185674223479
73668,1332.0,164.0,13.0,-3.10891976607552
256445,1915.0,1910.0,72.0,-1.5966691245432
61467,1889.0,1224.0,10.0,0.101899963188752
343919,1904.0,1900.0,104.0,0.536755990220861
277079,1909.0,195.0,75.0,17.9451178758981
425922,604.0,1919.0,115.0,-4.99513369574216
277457,1885.0,147.0,75.0,0.586579901478785
427561,1915.0,1903.0,115.0,-2.5605278444598
7554,544.0,1904.0,1.0,3.49848189513138
399636,229.0,1883.0,112.0,-17.540761196376
24836,1902.0,1919.0,4.0,2.63124126859862
322563,1895.0,1890.0,100.0,-1.99689049947472
336757,136.0,788.0,103.0,2.73537509528324
284899,1430.0,788.0,77.0,-4.49838619606658
107505,1904.0,1907.0,45.0,3.12609350040906
219155,1347.0,17.0,56.0,-8.95278177267885
318953,1924.0,150.0,99.0,4.9022513437956
242331,195.0,1922.0,69.0,6.43027361032645
110519,83.0,1902.0,45.0,-14.1134263178511
173597,1883.0,150.0,52.0,-4.92821356417751
258616,1891.0,1224.0,72.0,12.3328401757791
264651,1332.0,1914.0,73.0,-0.161667780959619
257753,150.0,1922.0,72.0,-2.95729627853574
174673,655.0,1881.0,52.0,0.88695194507727
398058,13.0,1890.0,112.0,-1.65854711163524
195067,1920.0,788.0,176.0,-2.02972237077515
33570,3.0,120.0,166.0,-3.98828235691059
204011,1878.0,1927.0,177.0,-5.67342836244875
266629,136.0,1921.0,74.0,-0.0327463720860369
324538,1876.0,5.0,100.0,-0.436213893419596
332554,20.0,1332.0,102.0,-5.55139870384215
399309,1431.0,788.0,112.0,3.65420216392674
51503,1925.0,1923.0,7.0,4.1848962512033
85614,131.0,1901.0,172.0,-56.5376339345791
398070,1671.0,1901.0,112.0,-0.293158477995923
265025,3.0,1905.0,73.0,1.39172953804426
416965,655.0,147.0,114.0,4.53229658140097
56429,150.0,1922.0,9.0,-0.0034718271005595
198661,1886.0,150.0,54.0,-0.327689903005881
376391,1919.0,147.0,109.0,0.233782887375494
340210,1919.0,147.0,103.0,2.27333484387115
251061,1886.0,1560.0,71.0,-3.72846116965535
51039,1876.0,1910.0,7.0,10.4203496643433
631521,146.0,1902.0,44.0,-11.29159108916842
43484,677.0,1914.0,6.0,-0.728033398327457
34064,1919.0,1908.0,166.0,-2.71431399866764
435803,47.0,1348.0,116.0,1.3877913246716
274486,229.0,1922.0,179.0,3.14363087364063
414289,1895.0,17.0,114.0,-1.42041298881565
161614,136.0,1671.0,168.0,1.40566992483332
318749,3.0,163.0,99.0,3.76207604846335
252754,27.0,1899.0,71.0,4.00717973288788
320572,1331.0,677.0,100.0,-0.247062232029426
174197,1924.0,1922.0,52.0,-0.458042624041899
279723,1915.0,72.0,75.0,-14.3457602017719
87763,1900.0,1914.0,172.0,0.496899209711886
178814,17.0,1918.0,53.0,1.37093922416914
256541,1909.0,1907.0,72.0,-6.55122033734319
231034,1224.0,677.0,58.0,-1.69646882491352
276876,85.0,1909.0,75.0,0.629302818586981
112869,1885.0,1911.0,167.0,-3.90969555004412
100363,1337.0,47.0,44.0,-8.25391621668668
28168,1876.0,1888.0,4.0,0.0241146891285383
75234,229.0,1671.0,13.0,9.97611855288073
433939,1348.0,1922.0,116.0,5.86704317061497
314788,229.0,1900.0,186.0,3.89411268264759
325968,1917.0,1882.0,101.0,-0.723760969213164
325988,150.0,1560.0,101.0,2.16065674238388
191967,1913.0,1902.0,175.0,-4.39564099827467
434699,1922.0,788.0,116.0,1.48973826483204
270600,1876.0,13.0,74.0,5.09277426515224
212240,1876.0,1337.0,178.0,-18.5846954336877
310914,1559.0,146.0,186.0,-9.78638327885625
339620,544.0,1431.0,103.0,11.1551738269027
200536,1877.0,1881.0,54.0,-5.46104638791018
193023,5.0,1882.0,176.0,1.65290096410507
181224,1926.0,748.0,53.0,-10.1961019897841
44664,1906.0,1898.0,6.0,1.43777499181973
434135,47.0,1916.0,116.0,-5.22161661862291
169447,1926.0,1916.0,51.0,-6.50317735285887
31941,1342.0,1906.0,166.0,-0.707123374486392
48453,14.0,1927.0,7.0,5.88383411996013
57334,48.0,1898.0,9.0,8.48505131065494
249502,604.0,131.0,70.0,0.938462301772163
231438,82.0,677.0,58.0,5.73198156069689
190954,27.0,147.0,175.0,-4.37721287908453
280260,1906.0,1885.0,75.0,-0.562080650934718
330571,160.0,677.0,101.0,-1.3783449010963
48276,1927.0,1902.0,6.0,-0.769425976189187
55368,164.0,1918.0,9.0,1.16432423832733
176975,1909.0,1898.0,53.0,-6.40559860248117
246808,1224.0,1901.0,70.0,-2.98352416108922
276186,1915.0,748.0,179.0,6.41340074525182
325163,544.0,1671.0,100.0,8.08024980174252
371472,604.0,1888.0,180.0,-0.581572957842445
211074,1915.0,131.0,178.0,10.747058171166
200216,3.0,82.0,54.0,-1.73525279876467
337708,1894.0,1890.0,103.0,-0.747241280672549
202836,1900.0,1914.0,177.0,-0.892336702109066
86026,1902.0,1876.0,172.0,16.1322452346327
212414,1905.0,1890.0,178.0,-3.0935754790489
168155,146.0,1922.0,51.0,5.65076621363481
205077,1915.0,47.0,177.0,4.1173923972698
27305,1925.0,1331.0,4.0,-19.1800401406899
278434,1898.0,1348.0,75.0,0.234549917908775
233634,1925.0,1902.0,58.0,-5.29065124663946
18263,1430.0,1927.0,3.0,0.318954360082393
259738,229.0,20.0,72.0,-4.10606996836216
65617,47.0,1917.0,12.0,-0.459518711886336
344505,1925.0,164.0,104.0,3.42082290314226
205927,1926.0,131.0,177.0,-1.93831372254528
390963,1430.0,1900.0,111.0,4.10223711217084
11057,1880.0,1909.0,2.0,-2.19457281400503
245193,1926.0,948.0,69.0,2.52148974364704
238892,544.0,1910.0,60.0,4.35674481714529
300164,1886.0,1892.0,98.0,-1.34378786462194
317710,1907.0,1911.0,99.0,-2.01234643491582
437620,1337.0,1671.0,116.0,-6.67092739983483
221926,1925.0,1895.0,56.0,2.89268395091808
232396,1924.0,1884.0,58.0,8.47516051169542
9167,1881.0,1560.0,2.0,-11.4920509209628
343202,1894.0,150.0,104.0,4.38161821023648
426747,1905.0,18.0,115.0,4.78994139786235
370747,83.0,1431.0,180.0,-0.701324292028989
253125,748.0,17.0,71.0,-7.44339680964316
311709,1897.0,27.0,186.0,-8.95940915098764
248806,1877.0,1907.0,70.0,-8.70174131575902
26212,147.0,1671.0,4.0,-0.427261780222131
61523,1183.0,5.0,10.0,3.76714780714491
338862,1924.0,1899.0,103.0,14.3368867908637
262642,1559.0,1895.0,73.0,-0.210162763212495
104394,163.0,544.0,173.0,3.64901121614539
247736,1348.0,1907.0,70.0,2.670459583825
264959,14.0,1896.0,73.0,-2.57368611574658
176453,1896.0,1928.0,52.0,-3.57828077822163
216981,14.0,136.0,55.0,-2.71638714943966
64719,1332.0,1560.0,10.0,-4.67828717510885
299861,1902.0,5.0,98.0,3.46719165633093
320784,1893.0,1347.0,100.0,4.47755020755734
318291,1925.0,1923.0,99.0,-1.3298612134495
278938,1902.0,1913.0,75.0,2.235993441046
104265,160.0,150.0,173.0,-0.491427786918625
214732,1891.0,677.0,55.0,-5.0314452695671
16492,1920.0,85.0,3.0,-0.669360194432465
46593,1342.0,5.0,6.0,-6.2928027644944
398004,1917.0,17.0,112.0,2.51794092073871
177378,1912.0,131.0,53.0,-8.47608042890911
266545,1902.0,13.0,74.0,-1.97875903207793
242431,1895.0,1901.0,69.0,-0.902611395074073
113992,1926.0,146.0,167.0,-1.80247011234784
15634,1903.0,17.0,3.0,2.27604723233427
115429,3.0,1337.0,167.0,-18.8742550756416
85881,1431.0,5.0,172.0,-1.47794718080555
333419,1884.0,13.0,102.0,-3.24677897633606
51530,3.0,788.0,7.0,1.35512034423203
311483,20.0,1898.0,186.0,-0.222876087952078
204213,1183.0,13.0,177.0,-5.20507538150707
314998,1905.0,1890.0,186.0,-0.218298058101483
339865,1920.0,101.0,103.0,4.04876030747756
176228,1915.0,1560.0,52.0,-7.45452604706596
16158,1875.0,1907.0,3.0,-2.16624279371209
275407,544.0,1893.0,179.0,29.4325188120783
71972,1891.0,85.0,13.0,6.85648051689998
286359,48.0,1430.0,77.0,24.4443381336462
267783,1888.0,1892.0,74.0,-1.12131230849451
161296,5.0,1890.0,168.0,-0.347144109402847
303659,1337.0,1889.0,98.0,2.25381853133055
329605,1920.0,1904.0,101.0,-3.53250670101844
330940,1887.0,1898.0,102.0,-0.656099791453573
26875,14.0,1183.0,4.0,-0.0706146868677814
318321,1906.0,1883.0,99.0,6.48569723926345
423905,1896.0,15.0,115.0,-1.30047660244935
331702,1879.0,1887.0,102.0,0.582702395844645
164583,1876.0,1884.0,168.0,-1.70338242843324
370640,14.0,101.0,180.0,0.321608344595565
399583,1430.0,1923.0,112.0,10.1847838147896
183679,1887.0,1897.0,174.0,3.03154319645502
284258,1905.0,1224.0,77.0,-2.16690454610776
196549,1877.0,120.0,176.0,1.44916151218694
273278,1918.0,1923.0,179.0,-2.25726439971453
205912,1342.0,131.0,177.0,-0.153568206833515
233032,1876.0,1559.0,58.0,-8.16216127461587
319292,229.0,27.0,99.0,-1.62687754478491
51638,544.0,72.0,7.0,11.1233892341087
416683,1920.0,1430.0,114.0,5.61583291536936
263266,13.0,1910.0,73.0,-1.45130782665008
199928,11.0,1914.0,54.0,-2.80512217273707
51066,1898.0,1431.0,7.0,9.9758192816331
90126,82.0,1337.0,172.0,-7.26083472298471
210401,160.0,85.0,178.0,-2.50704184915498
50517,1889.0,1892.0,7.0,0.523085860701108
320766,1894.0,1910.0,100.0,-3.83265892605439
337026,1882.0,1892.0,103.0,-21.2686211762794
28356,1924.0,1920.0,4.0,-1.22974760796946
171414,1431.0,1894.0,52.0,9.51814210611077
168318,1900.0,1916.0,51.0,-0.260679227121942
285220,163.0,229.0,77.0,-1.00086315678787
270331,1920.0,1918.0,74.0,0.936265072533903
13936,150.0,1923.0,3.0,-0.159016045516754
425428,1902.0,14.0,115.0,0.831801412621388
73134,1560.0,1888.0,13.0,-14.4613336100022
273588,1880.0,748.0,179.0,-2.58828286905588
327973,1887.0,17.0,101.0,-12.7595860962858
300832,47.0,72.0,98.0,-1.96359552103208
400083,1919.0,146.0,112.0,-0.119377599537732
334001,1926.0,229.0,102.0,2.23090211458443
236611,1183.0,1912.0,60.0,2.57640741195026
238705,1876.0,85.0,60.0,-1.71422965754645
326594,164.0,1882.0,101.0,5.54932038420952
195725,1925.0,1892.0,176.0,7.64380884557875
259796,1924.0,1905.0,72.0,-5.58542268103426
287020,655.0,1925.0,77.0,0.222688576365407
436543,48.0,1914.0,116.0,6.70775917450615
201184,1924.0,1904.0,54.0,0.0644733355352836
115525,1884.0,1928.0,167.0,-4.19464976091518
55883,1885.0,1348.0,9.0,-0.141283945117945
300512,948.0,1884.0,98.0,4.27990298561749
188583,1884.0,1893.0,175.0,3.77397965459316
388932,1882.0,1910.0,111.0,6.481380429597
114966,1925.0,83.0,167.0,0.872023437660817
183641,85.0,1894.0,174.0,-3.76078627610174
371229,14.0,13.0,180.0,3.49247038465213
10868,1893.0,1907.0,2.0,-0.0388725523189257
284348,1884.0,72.0,77.0,3.17772476497017
375192,1905.0,1894.0,109.0,-1.58872160877271
14569,195.0,1881.0,3.0,-7.21762641272948
169578,1905.0,1909.0,51.0,-4.11130727791564
369070,85.0,1893.0,180.0,2.95951329995177
103077,1918.0,788.0,173.0,13.9505420541225
286703,604.0,1924.0,77.0,6.29962916819774
75101,1905.0,1927.0,13.0,-9.6687313459394
244342,1337.0,1893.0,69.0,0.559735142195546
374430,1881.0,1894.0,109.0,11.7176460834258
169140,229.0,1923.0,51.0,1.0947130011442
345054,655.0,1891.0,104.0,2.13933702780633
217631,1876.0,1908.0,55.0,-0.0758878818809678
114310,544.0,1884.0,167.0,4.32339667476417
300617,1896.0,1331.0,98.0,-0.886391733444908
313964,1332.0,1896.0,186.0,-3.63778469126949
271304,1915.0,1890.0,74.0,-2.35508039462308
319061,1926.0,1884.0,99.0,3.70370324805192
231578,604.0,1923.0,58.0,-1.16282160494081
163935,544.0,1919.0,168.0,1.66487291858297
193775,1908.0,1901.0,176.0,-4.30249729884118
238423,14.0,1906.0,60.0,3.5773521758576
219707,1899.0,1431.0,56.0,3.20373838668221
109492,27.0,1905.0,45.0,1.72167045824317
71838,1183.0,1896.0,13.0,-3.05970059531837
437495,1915.0,1224.0,116.0,-0.57438023629582
319977,1877.0,1921.0,99.0,-2.70822689196533
357783,1887.0,1923.0,108.0,1.37769362352478
196861,229.0,1882.0,176.0,-0.0690672908071766
71250,1890.0,18.0,13.0,-4.02180839232381
257456,1894.0,131.0,72.0,3.50505810802867
196513,1876.0,1559.0,176.0,-1.62293416335522
222556,82.0,1882.0,56.0,6.07109084488043
335888,163.0,18.0,102.0,0.0405694513917124
111701,1331.0,1921.0,167.0,-1.31320436683261
186696,164.0,1928.0,174.0,1.91541614779925
188659,1347.0,1882.0,175.0,-1.51512535066145
56966,136.0,1904.0,9.0,1.52116591630543
27399,1926.0,163.0,4.0,5.89240231206645
27618,604.0,1892.0,4.0,3.7602508336534
332341,120.0,1892.0,102.0,-2.16839166308656
51351,1924.0,47.0,7.0,19.0583964280127
60936,1899.0,1890.0,10.0,-2.83862901348869
108612,1913.0,1883.0,45.0,4.52682815824435
31520,1897.0,120.0,166.0,5.51153869590909
70192,1925.0,1910.0,12.0,-9.92958439623869
18507,1905.0,1922.0,3.0,-2.46435846972922
391038,1876.0,1890.0,111.0,-1.49577330288655
263279,1879.0,1348.0,73.0,1.57793534065955
427729,544.0,1903.0,115.0,7.19014063531236
216151,14.0,1909.0,55.0,-3.47234881369778
232162,27.0,101.0,58.0,1.69643671225947
388003,1900.0,1560.0,111.0,2.80972625330339
287005,1906.0,1921.0,77.0,-10.5375152049618
434422,1881.0,788.0,116.0,7.47113888664254
208378,85.0,1900.0,178.0,1.52256849217174
315191,1891.0,1928.0,186.0,2.4210029853091
50696,1348.0,1911.0,7.0,-9.84812008410736
246386,1912.0,1431.0,70.0,2.53921228464306
237787,655.0,20.0,60.0,-0.881633778706306
168595,1183.0,1910.0,51.0,-5.32801420353731
24444,1900.0,1887.0,4.0,2.85443666885286
8038,48.0,1886.0,1.0,7.0516400298489
173209,1560.0,5.0,52.0,0.0276972897287467
56785,1900.0,1882.0,9.0,-3.4536188199742
433476,1904.0,1901.0,116.0,-2.8428526680006
51269,544.0,1908.0,7.0,10.107942183796
425986,1915.0,1907.0,115.0,-5.25829904343567
336751,85.0,47.0,103.0,8.57191285353933
357376,1885.0,1560.0,108.0,4.23385660064422
206986,1913.0,1903.0,177.0,1.96689272263929
4496,1902.0,677.0,1.0,7.15894891657554
225704,120.0,1900.0,57.0,-1.98811314893572
272438,47.0,1348.0,179.0,-0.487454372696443
248009,1921.0,1923.0,70.0,0.307095650066481
65630,101.0,120.0,12.0,-0.22380118963609
275494,1337.0,544.0,179.0,14.2713814871409
165037,1905.0,147.0,168.0,-3.73861952099696
5797,1912.0,1892.0,1.0,-2.41546735931682
220887,1915.0,788.0,56.0,-4.68345907449709
208544,150.0,17.0,178.0,-8.52983676092614
301995,147.0,1892.0,98.0,-2.94378154771682
397226,1881.0,5.0,112.0,3.11481786191897
434809,1183.0,136.0,116.0,-2.34682100257811
311783,1891.0,1331.0,186.0,-4.41167757275092
161776,1559.0,1911.0,168.0,3.31361526224914
249196,160.0,1881.0,70.0,-2.986549091592
25240,1183.0,1922.0,4.0,0.325270875945066
185304,1906.0,1431.0,174.0,0.726184882353136
185722,14.0,1905.0,174.0,5.96518499600267
315231,788.0,1902.0,186.0,-4.11024030688341
67484,1886.0,1921.0,12.0,-2.32289136499912
359800,48.0,164.0,108.0,7.33410951398979
334530,27.0,1904.0,102.0,-0.752831757856444
103615,14.0,1881.0,173.0,13.5467973001826
109209,163.0,1891.0,45.0,10.2630402021993
13683,1929.0,1928.0,2.0,-2.57599110947474
54841,1912.0,15.0,9.0,-2.06291994946383
164766,655.0,1895.0,168.0,5.04400058909094
169211,1430.0,1907.0,51.0,-0.907912471363846
219406,195.0,1910.0,56.0,8.43839449374053
184775,229.0,1898.0,174.0,-3.95243293553572
373528,72.0,1890.0,109.0,0.177453079609252
4847,47.0,677.0,1.0,-2.49117033870207
438287,229.0,1928.0,116.0,-0.317723926054156
336351,1920.0,1332.0,103.0,-2.93570741953943
65990,1894.0,748.0,12.0,-4.51242828607943
65892,1897.0,1912.0,12.0,3.6943695308656
174952,83.0,11.0,52.0,-0.75299949223223
316174,1917.0,1882.0,99.0,-0.981457359389149
242417,150.0,131.0,69.0,0.311874061300894
335428,1905.0,1882.0,102.0,1.29404958455386
221409,48.0,1914.0,56.0,20.5404949227916
396991,1883.0,1347.0,112.0,-2.47806202050465
172888,948.0,1916.0,52.0,3.73329130093398
45014,11.0,788.0,6.0,-4.74662418097282
276005,229.0,147.0,179.0,2.37285213727939
73000,195.0,11.0,13.0,0.515711202498803
195483,20.0,131.0,176.0,-4.5989682438427
102144,5.0,18.0,173.0,-14.2105349749863
86210,1879.0,1881.0,172.0,0.763877967081953
426474,163.0,131.0,115.0,-0.557711452691128
223034,655.0,1337.0,56.0,-2.84925554036066
634653,748.0,1902.0,173.0,-4.542826557395856
89794,1905.0,1559.0,172.0,1.97924200854141
53114,1332.0,15.0,7.0,4.70412145160851
343356,1880.0,748.0,104.0,-0.561417095526858
8131,1906.0,1878.0,1.0,3.71945383457569
166142,1916.0,11.0,51.0,2.34268778000666
325075,604.0,1876.0,100.0,5.46092836291643
68133,1332.0,1894.0,12.0,-18.3976297339814
267922,1890.0,1922.0,74.0,-1.30214840976366
341955,131.0,1890.0,104.0,-0.825021311156561
211338,1924.0,17.0,178.0,1.99099207604113
56767,1916.0,15.0,9.0,-3.07183864265644
259516,1877.0,1892.0,72.0,-3.44775697802508
251361,1879.0,1896.0,71.0,-0.851687839267393
247584,1916.0,1921.0,70.0,-6.69886949036216
303959,163.0,1917.0,98.0,7.37204202322009
103205,1885.0,47.0,173.0,14.6520846396018
268244,1559.0,677.0,74.0,-4.86462932815851
325910,1902.0,1331.0,101.0,1.70153807240762
242040,1559.0,1927.0,69.0,6.46893834416506
53580,1902.0,1902.0,7.0,1.50752028809556
255964,1900.0,1928.0,71.0,0.0325064045049326
15391,948.0,72.0,3.0,1.00116554057077
219183,1909.0,1882.0,56.0,-9.64530629645048
214956,1883.0,150.0,55.0,-0.701179998776984
258148,1911.0,677.0,72.0,-4.77983511851668
368431,1903.0,120.0,180.0,1.33061742654465
30480,1887.0,1927.0,166.0,-0.304500600452993
424566,1876.0,1332.0,115.0,-5.01773381287143
225725,1671.0,1916.0,57.0,-4.61701521419296
413075,47.0,1914.0,114.0,-2.07373130377152
208298,136.0,1331.0,178.0,-0.502372416543191
175640,163.0,1559.0,52.0,-0.752253191056333
107418,101.0,1908.0,45.0,-11.541201863051
64623,229.0,1890.0,10.0,0.950447734125113
194652,1899.0,1908.0,176.0,-3.68611946407125
113951,1906.0,1885.0,167.0,-3.45550704730378
171172,1914.0,1902.0,51.0,1.50982287340921
169560,1332.0,131.0,51.0,0.954807166599767
31091,1891.0,164.0,166.0,-2.09773738417046
231361,604.0,160.0,58.0,1.50987876669988
333545,1331.0,1927.0,102.0,-2.54578579657636
57349,1924.0,18.0,9.0,0.227228332488332
356772,1880.0,164.0,108.0,6.2569861881606
86494,1896.0,13.0,172.0,-3.92647371640161
206737,83.0,1559.0,177.0,2.58758314157193
414324,1559.0,1908.0,114.0,-0.29724509601838
202990,1331.0,788.0,177.0,-5.56698069571805
237694,3.0,17.0,60.0,-2.80018747715087
209436,1902.0,1890.0,178.0,-3.09168217793877
58914,160.0,1921.0,9.0,-5.76253916863892
207055,163.0,1878.0,177.0,0.562148905112265
281955,1560.0,1928.0,75.0,2.34336953490194
162331,1902.0,677.0,168.0,-4.34662806403779
212043,1906.0,1559.0,178.0,3.46789192529191
206045,1913.0,1884.0,177.0,2.16789676849828
58409,160.0,1912.0,9.0,10.1871176178665
66494,1917.0,1923.0,12.0,1.95991704781483
110698,1875.0,1887.0,167.0,4.04988616382869
209355,1886.0,1907.0,178.0,3.09656177528848
106883,1897.0,20.0,45.0,-4.79410435734293
316971,748.0,1560.0,99.0,-0.2647238282618
105712,1900.0,1908.0,45.0,-2.75617148187791
327867,101.0,1904.0,101.0,-2.62990304933841
230503,1885.0,1890.0,58.0,0.706154946118188
113640,163.0,229.0,167.0,6.59285077322952
241264,147.0,17.0,69.0,0.0072503633097273
210531,163.0,1907.0,178.0,-8.36767729378118
275470,1877.0,1884.0,179.0,-4.77408270239886
63681,48.0,150.0,10.0,6.04418193229835
427630,1913.0,1337.0,115.0,6.72057725859792
276019,14.0,1886.0,179.0,2.56333648491696
197268,1224.0,11.0,54.0,-0.4116700049524
398225,948.0,18.0,112.0,6.50356636602639
198632,101.0,146.0,54.0,2.35886878581594
263980,1337.0,1923.0,73.0,7.40337510666725
367880,1879.0,1884.0,180.0,4.34485189104464
341726,1884.0,1897.0,104.0,-5.58977898558556
339536,1905.0,131.0,103.0,-6.46173442989813
106232,1909.0,13.0,45.0,-0.355637040097054
61538,1183.0,1900.0,10.0,0.0271476198301049
71153,1911.0,1914.0,13.0,1.65392642525576
113257,229.0,160.0,167.0,5.85406932995696
229017,1908.0,1907.0,58.0,-6.32056105758891
335877,229.0,1925.0,102.0,2.86485439497676
333557,1875.0,1892.0,102.0,-1.80169583716142
223585,1430.0,1887.0,57.0,7.47438411610502
190176,160.0,1901.0,175.0,-0.498975634253939
317659,147.0,13.0,99.0,-3.23681605619273
425310,1893.0,1882.0,115.0,-0.43915282890212
338722,1347.0,1885.0,103.0,3.11189059710867
59823,948.0,20.0,10.0,3.09126595286085
29297,1888.0,1912.0,166.0,4.85684286776649
231350,27.0,47.0,58.0,-6.09934148467237
273423,1899.0,1883.0,179.0,-2.62487088685869
331559,1183.0,1896.0,102.0,1.27329398910551
312328,1880.0,1887.0,186.0,0.529643130453467
196824,27.0,85.0,176.0,2.13321763395462
269059,1884.0,1893.0,74.0,-1.40297272072198
50955,1899.0,1896.0,7.0,3.44771360086716
190060,1877.0,1916.0,175.0,4.76714359797228
370293,160.0,1880.0,180.0,-9.60339697529008
178194,147.0,1671.0,53.0,-2.14754122849128
233001,1925.0,1920.0,58.0,0.805951306893607
236384,85.0,1560.0,60.0,-2.78623236376215
267943,1908.0,1911.0,74.0,0.628859231705012
335714,48.0,1903.0,102.0,-0.641876215970266
261631,1895.0,1882.0,73.0,0.569176845587296
218639,11.0,1918.0,56.0,17.6810890907521
427660,1430.0,1922.0,115.0,1.38281124167865
279859,20.0,1883.0,75.0,-3.22059294168227
321564,1348.0,1916.0,100.0,2.20951044864411
344920,1919.0,1891.0,104.0,-0.445746500512839
6532,1915.0,1183.0,1.0,1.08642636792278
175706,1915.0,1917.0,52.0,-1.08512224909351
181656,11.0,1928.0,53.0,2.65562279845537
388595,1183.0,1898.0,111.0,-0.118312626993077
96544,748.0,1912.0,44.0,5.86063114692285
201223,3.0,1875.0,54.0,-3.75687389655427
377325,1910.0,1928.0,109.0,-5.46675040602708
167343,1875.0,1914.0,51.0,1.22111750839118
218461,1891.0,1671.0,56.0,-5.3809172136312
43864,120.0,131.0,6.0,-1.52244978652382
247682,1881.0,1921.0,70.0,-4.65752168821007
87823,1894.0,1927.0,172.0,0.133513332228719
29476,1891.0,748.0,166.0,-5.91289143035121
206453,1913.0,1918.0,177.0,-0.892493411127792
9621,1898.0,1908.0,2.0,-3.08585616878891
375201,229.0,18.0,109.0,1.46789278651461
196063,604.0,27.0,176.0,5.88547083912761
300122,1888.0,1893.0,98.0,-0.694218195414678
49506,1895.0,1896.0,7.0,-0.597049392977066
318508,1906.0,195.0,99.0,-1.7917004448776
102542,1560.0,1908.0,173.0,1.79671305678602
67290,1895.0,1898.0,12.0,-3.73801165088343
624732,47.0,1902.0,53.0,-6.042585685925635
373411,1884.0,1348.0,109.0,-1.18050157984164
361193,1925.0,1560.0,108.0,15.1762066345221
194896,544.0,1183.0,176.0,8.86194074063386
238411,1926.0,1886.0,60.0,2.23434883974067
376357,1906.0,1895.0,109.0,3.03817454964445
192585,1885.0,1911.0,176.0,2.18909479664914
204361,1902.0,1914.0,177.0,2.81770256639115
200086,1915.0,1923.0,54.0,-1.29373219161028
208106,1916.0,18.0,178.0,2.25266423861005
17977,655.0,1559.0,3.0,1.44724021477017
163459,150.0,1923.0,168.0,-2.48969108772293
627533,120.0,1902.0,103.0,-1.71484882989935
435009,1880.0,1560.0,116.0,0.592390166465393
217668,604.0,1910.0,55.0,0.560962806732665
302309,948.0,120.0,98.0,0.144788655759573
64887,1922.0,1928.0,10.0,-3.01970452913931
165794,1913.0,1900.0,168.0,-1.83997534887693
185418,1925.0,11.0,174.0,3.45190849868537
416074,27.0,131.0,114.0,-6.39239342235067
317943,1183.0,1875.0,99.0,-1.14675009881894
69473,604.0,1559.0,12.0,2.94497817765236
376352,14.0,1895.0,109.0,-1.476697970761
315663,1899.0,1909.0,99.0,9.70071969172822
358656,3.0,13.0,108.0,-2.74195403196033
107518,150.0,1923.0,45.0,-2.56266551325286
212690,948.0,1902.0,178.0,3.95752674621715
51244,1925.0,1899.0,7.0,5.60631501246793
316819,1915.0,1332.0,99.0,-4.74088695632811
218564,47.0,1882.0,56.0,1.51828438877618
202825,1913.0,1887.0,177.0,9.02214866093331
44250,47.0,1331.0,6.0,-7.68144183566928
302286,1331.0,1887.0,98.0,-3.41498407667573
254559,1925.0,1893.0,71.0,0.666437766863131
49606,1879.0,1922.0,7.0,-5.17806465665009
172457,1905.0,1910.0,52.0,0.669302755068015
46432,1342.0,1881.0,6.0,-3.18563277135756
103044,1893.0,1347.0,173.0,4.48286206294716
47871,14.0,1337.0,6.0,-4.5467191823429
369803,1224.0,17.0,180.0,13.2550527963444
247776,1904.0,1348.0,70.0,2.46863791326345
333039,1908.0,1914.0,102.0,0.169676971465933
162239,1879.0,1880.0,168.0,4.34704615598699
398691,14.0,150.0,112.0,0.210699734590947
98249,3.0,47.0,44.0,-3.50701441389749
197029,14.0,47.0,176.0,-0.510910544046446
327072,1671.0,1914.0,101.0,-1.76295718480725
74690,48.0,1348.0,13.0,5.24258253902403
209971,1881.0,1901.0,178.0,-5.18612125602713
330829,1910.0,1928.0,101.0,-2.25837043213265
208327,1875.0,1348.0,178.0,-10.7435972562741
49820,1332.0,1910.0,7.0,2.32564873609634
177851,11.0,18.0,53.0,-1.65770147589493
437268,1919.0,1905.0,116.0,-4.00306134254894
181669,1893.0,1928.0,53.0,1.53540936118917
387929,27.0,1899.0,111.0,2.71955816980294
60963,1879.0,120.0,10.0,-2.38983153699909
358225,136.0,1901.0,108.0,2.25414844612769
427203,1919.0,1430.0,115.0,8.20870903629624
388913,1875.0,195.0,111.0,-2.13828336246113
276571,544.0,15.0,179.0,6.80077732094497
97942,1892.0,1921.0,44.0,-1.71614073968456
435911,1337.0,1911.0,116.0,-3.16721657380669
299799,1892.0,17.0,98.0,-60.9846490975664
336254,1903.0,195.0,103.0,2.15204718439558
217181,1920.0,83.0,55.0,4.28265995992968
234066,1906.0,1332.0,60.0,-2.67665655000881
6305,146.0,1910.0,1.0,0.965330637570078
194433,1331.0,1901.0,176.0,-0.677950545995766
233568,1924.0,1925.0,58.0,8.64937842301221
66124,1894.0,150.0,12.0,2.92372906958698
242569,1911.0,15.0,69.0,-11.3919825649969
202902,85.0,195.0,177.0,-1.91260671862823
250974,1894.0,1898.0,71.0,4.39700349923751
373822,1183.0,1898.0,109.0,-1.20969924524268
399790,1905.0,1907.0,112.0,-6.63086660166282
425059,72.0,1890.0,115.0,-0.962813419981086
103045,1880.0,72.0,173.0,0.346271425870918
194284,1881.0,1892.0,176.0,-13.1228070105467
62548,1911.0,13.0,10.0,9.07532432243453
327694,1876.0,1887.0,101.0,3.78858610191307
275526,160.0,20.0,179.0,-1.21868897810346
11652,229.0,788.0,2.0,-5.94516653966759
368577,1671.0,1893.0,180.0,2.99502319556633
372955,164.0,1896.0,109.0,2.16914798987899
187375,1183.0,1914.0,175.0,-2.16935097630034
264045,1905.0,1183.0,73.0,-3.60786167574488
181661,101.0,1928.0,53.0,4.42146902059824
331745,146.0,1897.0,102.0,3.49919436379967
250031,1915.0,1918.0,70.0,12.3368073951118
252772,1882.0,18.0,71.0,6.18238406915553
241575,85.0,1886.0,69.0,4.77244601559057
244507,655.0,1915.0,69.0,-7.0051364494161
356954,146.0,13.0,108.0,2.17212641477141
68255,604.0,1894.0,12.0,18.3261229230353
426475,83.0,544.0,115.0,-8.88941080060185
241000,1880.0,1890.0,69.0,-0.077627316298689
372171,1919.0,1928.0,180.0,5.83542632978787
59284,1671.0,1928.0,9.0,0.433112684155735
60463,1895.0,1914.0,10.0,-0.499421168212494
201675,20.0,1559.0,54.0,-6.05392643555709
370745,1332.0,1884.0,180.0,-7.03455690292731
100411,47.0,1928.0,44.0,-6.97619742744173
63282,1430.0,1904.0,10.0,4.72830615860355
325613,1332.0,1902.0,100.0,-18.4057425826146
229033,748.0,1224.0,58.0,-2.84249234241326
398293,1559.0,195.0,112.0,-8.84039524508777
273744,1899.0,1903.0,179.0,-0.562172274975336
234613,1877.0,1898.0,60.0,2.11223500853161
283628,1348.0,131.0,77.0,0.854178988207674
85855,72.0,788.0,172.0,-0.270726859629155
113930,27.0,1916.0,167.0,-2.46584846443126
258064,147.0,1896.0,72.0,-4.79525720478672
358422,1348.0,17.0,108.0,-8.1781866033826
326508,1878.0,150.0,101.0,1.66374513768413
277730,1895.0,1224.0,75.0,1.8577279369597
286296,48.0,1559.0,77.0,12.2705227077113
254569,604.0,1891.0,71.0,2.39204177166786
279861,3.0,788.0,75.0,-3.307802837279
283704,17.0,677.0,77.0,2.47660043294306
45049,1876.0,1887.0,6.0,9.79522731290225
69064,1906.0,544.0,12.0,-4.71312241781878
4744,195.0,1916.0,1.0,-4.31877624577943
227558,1332.0,1224.0,57.0,6.0627024629522
32484,604.0,1901.0,166.0,-3.41198294784956
26457,163.0,1887.0,4.0,1.38096994709938
16380,150.0,1890.0,3.0,8.69097878897571
367114,1887.0,18.0,180.0,1.00397490884875
168135,1347.0,1910.0,51.0,1.23845630683319
172256,948.0,27.0,52.0,0.0961617633827565
218622,1883.0,1907.0,56.0,-2.12260474233598
413481,1880.0,1348.0,114.0,-4.35664667068
391075,3.0,14.0,111.0,2.84306505213191
179265,85.0,1889.0,53.0,4.9737429851767
199318,1880.0,85.0,54.0,-0.637289476700727
238431,229.0,83.0,60.0,3.09387090048859
64611,82.0,1560.0,10.0,1.04801861245635
163077,3.0,150.0,168.0,0.832766174876602
205353,1926.0,1894.0,177.0,1.41132207632203
199876,1560.0,1927.0,54.0,-0.446691626770159
327138,1885.0,1903.0,101.0,8.23866979974507
332413,1895.0,1909.0,102.0,-1.66674998703472
218506,1904.0,1901.0,56.0,5.5572574185749
173660,1912.0,1892.0,52.0,-2.09051500765299
65410,1902.0,1881.0,12.0,2.62532553035044
27852,3.0,1905.0,4.0,1.3469150091885
399078,146.0,1918.0,112.0,-2.92994184979134
110612,948.0,1912.0,167.0,20.1507847937778
264446,1905.0,146.0,73.0,8.55543192528378
251066,1910.0,1923.0,71.0,-6.06938696450315
427219,655.0,147.0,115.0,0.0076678596984434
10628,1560.0,1907.0,2.0,3.01910872241966
259543,1924.0,655.0,72.0,-0.0283060141813659
426185,655.0,1881.0,115.0,3.44419907300901
248645,1915.0,47.0,70.0,-6.37860373575443
388686,1342.0,1898.0,111.0,2.57749177417511
182447,948.0,147.0,174.0,-3.52711513623941
398045,11.0,1914.0,112.0,3.73280770176695
427286,229.0,1888.0,115.0,2.29630260920257
73930,1342.0,1331.0,13.0,-0.885040441987888
55267,748.0,1912.0,9.0,1.04932681108838
229271,1901.0,1922.0,58.0,-16.8349313565612
426365,1915.0,1892.0,115.0,3.52191581214683
113866,229.0,1331.0,167.0,-22.204850553527
275562,1342.0,1905.0,179.0,-4.5065381906722
300143,195.0,1914.0,98.0,0.673857305735019
279688,1919.0,1894.0,75.0,-0.559314145302549
252558,164.0,1671.0,71.0,6.61108785452115
203378,1879.0,195.0,177.0,-0.74752969386129
326511,1880.0,1885.0,101.0,-0.0490175804522633
427924,1922.0,1928.0,115.0,-1.03572688580408
179275,1886.0,131.0,53.0,-0.225382098659141
164265,1920.0,1331.0,168.0,-18.1505195129903
417188,229.0,1332.0,114.0,-6.06633408283737
13436,1926.0,1903.0,2.0,-7.31096708256752
212497,1925.0,1910.0,178.0,-10.5372374009927
170561,1430.0,1671.0,51.0,-0.235163483427268
18723,1920.0,1337.0,3.0,-8.37777082723257
342613,146.0,1881.0,104.0,-0.625516171751569
109445,655.0,1877.0,45.0,25.3478175744704
253235,195.0,1347.0,71.0,4.48903419957939
413063,1885.0,1908.0,114.0,-1.21186343990061
278660,748.0,1927.0,75.0,1.31880460397908
400474,229.0,11.0,112.0,0.141082605271974
90269,83.0,1890.0,172.0,3.08218781283904
33541,229.0,1920.0,166.0,-1.68855268671964
211046,160.0,604.0,178.0,-5.032578664116
175136,544.0,17.0,52.0,4.58841257994533
218143,1904.0,1560.0,56.0,13.5086054370739
8274,1905.0,1903.0,1.0,-2.9867715291412
24194,1887.0,1917.0,4.0,0.57160572720794
284595,136.0,72.0,77.0,-1.22301924733782
215181,1894.0,1923.0,55.0,1.97491039791588
179560,604.0,82.0,53.0,6.58866694195493
413494,85.0,1892.0,114.0,-0.826394795484194
338593,11.0,18.0,103.0,-2.00012598194715
178537,1881.0,1331.0,53.0,-6.54688723699204
234575,1910.0,1923.0,60.0,0.476475321565061
234165,1912.0,1908.0,60.0,-1.03811862716578
273324,136.0,1912.0,179.0,-1.38833138714165
399652,27.0,72.0,112.0,-5.16429997632018
320062,604.0,1882.0,99.0,0.0459436515714405
317002,1897.0,1900.0,99.0,-0.920853851200878
18266,1913.0,1878.0,3.0,1.65961098735428
264891,1906.0,1893.0,73.0,-0.0124081740871744
423318,1900.0,1911.0,115.0,1.14819774844087
220776,1880.0,1909.0,56.0,1.92001988335601
415896,604.0,1885.0,114.0,13.6530624346823
50858,1911.0,18.0,7.0,-8.99027205352127
436280,1915.0,1901.0,116.0,-4.32044042936909
187547,1879.0,1894.0,175.0,-3.7698506938124
372207,18.0,1928.0,180.0,-3.94971417515712
61287,1885.0,147.0,10.0,-0.932117384447322
262153,1899.0,1883.0,73.0,-1.88369850763208
195324,3.0,1881.0,176.0,-0.965417778144886
99531,3.0,1430.0,44.0,4.55000432346134
109679,1906.0,136.0,45.0,-1.58581279364782
329178,48.0,1431.0,101.0,13.9595042934344
190445,160.0,1347.0,175.0,-5.04030154292967
259127,1332.0,195.0,72.0,-7.11068428487457
102783,788.0,1923.0,173.0,-1.59607350932409
304479,1915.0,1337.0,98.0,2.07054439201549
4232,1916.0,18.0,1.0,-2.74344390809875
267622,1884.0,1898.0,74.0,-3.46723820600564
413586,948.0,120.0,114.0,10.4547669919364
177225,948.0,1331.0,53.0,-2.00265851343618
359111,1912.0,147.0,108.0,1.83825663905946
224681,20.0,150.0,57.0,1.19859434894348
75469,48.0,677.0,13.0,-2.82726005027194
333965,1430.0,1907.0,102.0,-0.386457687552335
56887,101.0,13.0,9.0,4.25327489999939
375635,604.0,1331.0,109.0,-12.2194732586305
264249,1919.0,1881.0,73.0,-2.58530837161645
6472,1877.0,1907.0,1.0,-5.11449236562885
369248,1898.0,5.0,180.0,-3.51429874582513
166354,948.0,1905.0,51.0,0.115625012021345
318034,229.0,1899.0,99.0,3.69565917291115
18698,48.0,1337.0,3.0,-17.1492032003458
271699,1875.0,150.0,179.0,1.02134546037213
247166,1875.0,1916.0,70.0,-6.03545490596541
327875,1902.0,1890.0,101.0,-2.10146425022638
58547,1924.0,147.0,9.0,2.89612982226572
170899,1332.0,85.0,51.0,-0.674034716399771
6428,604.0,47.0,1.0,3.77196747790878
244017,1906.0,1885.0,69.0,-0.388477251070645
361418,1919.0,1900.0,108.0,-11.3444863591374
310697,1431.0,1560.0,186.0,9.66249194120738
434575,47.0,1898.0,116.0,1.697332369186
319160,604.0,1918.0,99.0,4.98979013437983
177330,47.0,1916.0,53.0,-2.14693433031804
43934,1899.0,1894.0,6.0,2.93729592365681
224328,1875.0,1900.0,57.0,-2.54514259365662
45164,1348.0,1916.0,6.0,-4.58355227901702
339741,1430.0,1431.0,103.0,1.06716294115634
175346,229.0,13.0,52.0,-7.15116300049257
64621,1926.0,1890.0,10.0,4.63437551633652
275271,1919.0,1879.0,179.0,2.20604875011517
208666,1878.0,1912.0,178.0,1.4098244929565
176935,948.0,1907.0,53.0,-1.73092079092284
219475,136.0,1881.0,56.0,1.93401367485201
313626,3.0,163.0,186.0,0.762140823338235
234268,1904.0,1671.0,60.0,2.37376477946309
340121,1876.0,1348.0,103.0,1.41832088721027
89203,1913.0,677.0,172.0,-0.0839663351072583
113419,48.0,18.0,167.0,-3.13677950046085
63771,1876.0,18.0,10.0,-2.0111603345058
200903,229.0,1893.0,54.0,6.50237744113903
389871,27.0,1884.0,111.0,0.397724961484468
64464,1877.0,27.0,10.0,-5.02785549820509
197855,1911.0,18.0,54.0,-1.36235999106492
373398,150.0,1912.0,109.0,-1.64325353656197
316198,1886.0,1671.0,99.0,-1.32262840964126
302939,160.0,164.0,98.0,4.51819850797926
213038,1917.0,1914.0,55.0,-0.408521370332707
373484,1882.0,1918.0,109.0,-0.246042568087303
258232,1907.0,1910.0,72.0,-1.55807392862263
67558,1891.0,677.0,12.0,-1.2443436789867
273217,1920.0,1887.0,179.0,7.51108005562257
33328,229.0,1912.0,166.0,4.89476374424736
255347,604.0,1342.0,71.0,3.03985811241247
60418,85.0,1895.0,10.0,-0.568893729450791
255252,604.0,120.0,71.0,3.02353599298093
374700,1903.0,1927.0,109.0,-2.29007089507567
397851,195.0,1347.0,112.0,-4.00752175518935
317965,147.0,1896.0,99.0,0.0084256082731524
178546,1912.0,1894.0,53.0,-3.40783436962205
204603,1916.0,1892.0,177.0,2.27487473540895
178396,1885.0,1881.0,53.0,-4.58556019433873
65238,120.0,1896.0,12.0,1.06800724729808
100989,1888.0,1347.0,173.0,4.96695560563672
320305,48.0,1902.0,99.0,-10.778112234123
319498,1919.0,136.0,99.0,-0.862072753894866
237538,83.0,1891.0,60.0,-1.66283592849351
271964,47.0,1331.0,179.0,-5.0325147243229
423872,1902.0,1898.0,115.0,3.12971388885576
10072,748.0,1904.0,2.0,-3.35920045324424
275127,229.0,604.0,179.0,3.07983509479664
7552,160.0,1879.0,1.0,-13.4296500802694
181134,1920.0,1876.0,53.0,0.201724657389817
264542,1915.0,1916.0,73.0,-2.44235735186396
56496,1347.0,1922.0,9.0,-9.53767014387309
647836,85.0,1902.0,116.0,-8.41174236917788
71317,1917.0,1923.0,13.0,0.673862678803745
4909,147.0,788.0,1.0,1.44385881433962
372490,1891.0,1888.0,109.0,-4.12622952906268
254868,1906.0,5.0,71.0,2.79581821200921
389500,160.0,1909.0,111.0,3.97921663610414
286379,1926.0,1430.0,77.0,1.14612506319345
345148,20.0,544.0,104.0,-4.57870978455913
75570,1877.0,85.0,13.0,4.00018886967609
47175,160.0,1896.0,6.0,6.62730672860665
8530,1915.0,1921.0,1.0,-2.95443198013032
51667,1430.0,1331.0,7.0,-11.5677025805207
163571,1889.0,1922.0,168.0,-0.0409853929165489
205186,14.0,1923.0,177.0,5.40331465442552
45380,1893.0,1912.0,6.0,2.89098514669346
165381,1915.0,1559.0,168.0,2.25281148598168
278751,1888.0,1922.0,75.0,-5.7825896283733
414303,748.0,1914.0,114.0,0.0710401119981659
254579,1926.0,11.0,71.0,-0.0306828507282257
268870,1898.0,1914.0,74.0,1.24823504485883
264353,1906.0,195.0,73.0,-2.98428127449605
397493,1560.0,1910.0,112.0,2.70982183873195
224651,1899.0,1911.0,57.0,-2.41788805694927
215046,677.0,1890.0,55.0,-0.854285927975696
326754,1884.0,1888.0,101.0,-10.2705800531605
25776,948.0,146.0,4.0,2.21179749766317
313544,1430.0,1880.0,186.0,0.408886034533733
373955,146.0,1331.0,109.0,-2.5703416974913
245684,14.0,1902.0,69.0,-2.80007197738805
9553,1878.0,164.0,2.0,4.75148463284801
189471,13.0,1882.0,175.0,4.62353314947573
267332,1183.0,1224.0,74.0,9.01032479813227
329755,20.0,1895.0,101.0,-6.66551756930501
33321,82.0,147.0,166.0,2.06088581281379
190428,544.0,131.0,175.0,7.92237373041353
167970,1879.0,1899.0,51.0,1.26617786408902
205872,1430.0,17.0,177.0,-4.12408521458601
174536,48.0,72.0,52.0,-0.560021237486031
276014,1332.0,1886.0,179.0,5.2014413282113
68694,1913.0,27.0,12.0,8.95878280899534
87573,1886.0,1894.0,172.0,-10.8430157961909
268417,1183.0,1917.0,74.0,-0.852310393697037
65020,11.0,1902.0,10.0,0.190553818419714
335543,544.0,1924.0,102.0,8.29555752724641
58646,1337.0,1671.0,9.0,6.34997166937859
114764,1913.0,120.0,167.0,3.04386071012367
114331,160.0,1895.0,167.0,3.65916233085368
113939,1905.0,1909.0,167.0,-0.238768317482476
279937,1877.0,1906.0,75.0,2.08339770713378
425449,1896.0,11.0,115.0,1.13741460609832
47078,1924.0,1905.0,6.0,3.34444422541904
184313,1875.0,72.0,174.0,-4.35548529481351
238459,1877.0,83.0,60.0,-1.797930603096
397706,1331.0,1887.0,112.0,4.43729091550507
326683,1879.0,131.0,101.0,1.13290046713724
204321,3.0,1347.0,177.0,5.13759523659716
66119,1891.0,1894.0,12.0,10.7990524402822
224547,1895.0,13.0,57.0,-5.89463331297155
87827,1893.0,1331.0,172.0,-1.9320237014569
176077,1876.0,1337.0,52.0,5.14550500927213
437411,1919.0,13.0,116.0,-3.86873864157342
85667,1894.0,1881.0,172.0,4.75690576695485
303683,3.0,1905.0,98.0,-0.246502183938833
326932,1183.0,788.0,101.0,-0.244654812811657
101822,195.0,1910.0,173.0,-1.65815003014286
25762,948.0,1332.0,4.0,-0.034167118278973
320111,1920.0,1903.0,99.0,-3.46540837666453
242537,1560.0,1894.0,69.0,-1.8696318006218
302237,1915.0,1347.0,98.0,-4.86126998341256
389331,1915.0,1883.0,111.0,-15.4289606438736
330706,131.0,1902.0,101.0,2.35434129180232
195694,1919.0,11.0,176.0,-3.27687537018431
28633,1926.0,1921.0,4.0,-6.09473168609476
5682,1921.0,1923.0,1.0,-4.75111877675902
87653,1888.0,788.0,172.0,-18.6353813522958
211961,655.0,1920.0,178.0,3.26949188427757
207091,14.0,85.0,177.0,2.21895593610305
326541,1912.0,1892.0,101.0,1.10019653165941
28054,1915.0,147.0,4.0,5.85811246630811
187701,1883.0,1347.0,175.0,-7.09871664443208
48474,1899.0,1894.0,7.0,4.72293852585511
389872,229.0,655.0,111.0,5.26280325169214
50985,13.0,1901.0,7.0,-2.43684155791027
46179,655.0,1923.0,6.0,0.0578255390392732
252585,1878.0,1900.0,71.0,-0.053483171858481
49493,1889.0,195.0,7.0,1.44946288914285
162880,150.0,1914.0,168.0,-0.950756511013636
206605,14.0,1224.0,177.0,7.23343239957252
399243,1560.0,131.0,112.0,-3.44657338917815
302599,1926.0,1183.0,98.0,3.53043880271138
55317,748.0,1347.0,9.0,2.06887346569309
214609,1880.0,1881.0,55.0,-5.5780673035169
218565,1876.0,1898.0,56.0,8.09494920636348
31989,604.0,1183.0,166.0,-0.264986296703431
338274,1887.0,1886.0,103.0,-3.892747436644
205740,20.0,1880.0,177.0,-19.0206963812423
64834,544.0,1337.0,10.0,-0.535684719141718
263556,1883.0,72.0,73.0,1.27002525212243
87572,1430.0,1887.0,172.0,-1.54863636050175
304759,655.0,1925.0,98.0,2.48425074649831
45642,1887.0,1917.0,6.0,2.47208474459838
426532,1905.0,1431.0,115.0,-3.6228866822512
27327,14.0,1880.0,4.0,-3.08730313846657
270856,1876.0,1559.0,74.0,-0.82371096434315
318042,1920.0,1908.0,99.0,2.61320557327784
199856,1903.0,1916.0,54.0,1.97101223152339
206516,48.0,1912.0,177.0,8.10839562701348
398427,17.0,1901.0,112.0,-1.44055691406185
247898,1917.0,677.0,70.0,3.60208306847522
162106,1891.0,11.0,168.0,-0.201933089981986
397669,1904.0,1922.0,112.0,1.29172975705941
240944,1913.0,1898.0,69.0,-0.83148943844156
53300,20.0,1890.0,7.0,-1.33361496765311
55188,1916.0,11.0,9.0,0.0721651825284344
193963,1905.0,1899.0,176.0,2.19004198651302
73511,1337.0,1183.0,13.0,-8.62784454505352
186679,1348.0,1928.0,174.0,-5.22178267912957
172497,1900.0,1347.0,52.0,0.840387999799663
215866,83.0,1901.0,55.0,-3.27166736571838
335748,160.0,1906.0,102.0,1.71455940619633
359989,229.0,1331.0,108.0,-9.3514541394622
197983,136.0,1431.0,54.0,-1.68981754013656
326483,1886.0,1560.0,101.0,0.0432522204156736
274452,1877.0,1922.0,179.0,0.657746900916276
114816,1430.0,120.0,167.0,-6.88991913109651
187575,101.0,1908.0,175.0,-1.09241009498891
415316,1183.0,195.0,114.0,4.25366542883138
336630,47.0,1909.0,103.0,2.50843474595576
9767,163.0,1911.0,2.0,4.15684368988189
218731,147.0,1888.0,56.0,0.909912650615349
188722,948.0,1916.0,175.0,1.7761807813291
235833,147.0,131.0,60.0,-2.79669631024332
624447,1886.0,1902.0,52.0,-8.50631714643545
5932,1883.0,120.0,1.0,-4.16394609033112
341555,1899.0,11.0,104.0,0.933124330840174
275421,160.0,1891.0,179.0,1.2182550318066
251414,748.0,1224.0,71.0,-3.79649943564424
258604,1903.0,15.0,72.0,-2.14914647404042
250350,27.0,1671.0,70.0,-6.82885825795911
267067,1879.0,1889.0,74.0,1.47022244432347
255869,1926.0,1902.0,71.0,1.17973486621199
264137,604.0,1919.0,73.0,-3.22405457931786
284616,1896.0,1347.0,77.0,-0.172811918077022
200885,160.0,1892.0,54.0,-0.545730066617753
102919,677.0,1910.0,173.0,-2.80040657142011
333438,85.0,1922.0,102.0,-0.0930376802851714
182530,1893.0,1894.0,174.0,-2.73631163249993
286881,1926.0,1906.0,77.0,1.36398870892868
322132,1882.0,15.0,100.0,-8.41132152614029
216110,1905.0,1880.0,55.0,-8.54597008653326
167194,101.0,1927.0,51.0,0.36067702356792
85408,164.0,13.0,172.0,-4.16457836018306
334266,163.0,5.0,102.0,-2.02008496403504
198331,1889.0,1901.0,54.0,4.96558764800771
375992,3.0,1891.0,109.0,3.92351499120579
280998,14.0,1888.0,75.0,1.13517839624731
259814,160.0,1905.0,72.0,3.80874241549288
259182,655.0,1881.0,72.0,-0.403237652313849
73117,1885.0,1917.0,13.0,2.08888110941029
73599,160.0,1894.0,13.0,6.55871716663499
281786,82.0,788.0,75.0,-18.2985907080365
422820,1875.0,1881.0,115.0,-2.91524786638991
227813,1905.0,1882.0,57.0,2.56860929867194
241384,1903.0,1560.0,69.0,2.81702747347282
266784,1886.0,1897.0,74.0,-1.38218623959142
64101,655.0,544.0,10.0,1.26662580666832
216375,160.0,655.0,55.0,-0.90774150228022
261273,948.0,1888.0,73.0,3.82399435157611
276669,1671.0,1928.0,179.0,4.0644078103838
115594,1892.0,1902.0,167.0,-21.2108753024207
300174,1916.0,131.0,98.0,-0.287427288224707
330036,544.0,1927.0,101.0,13.5302256498345
251859,1883.0,18.0,71.0,5.15987382895324
47303,604.0,1889.0,6.0,-4.45525729688115
110338,160.0,1910.0,45.0,35.7296915297998
261485,85.0,1889.0,73.0,0.912843963427189
44256,948.0,131.0,6.0,5.20044436027528
334711,1337.0,544.0,102.0,8.18113182778914
260969,146.0,1928.0,72.0,-0.934020981889186
413487,1431.0,1889.0,114.0,5.3352639785547
202396,1883.0,1927.0,177.0,-12.9461905812279
61683,1347.0,1886.0,10.0,2.24104740789538
63572,83.0,1884.0,10.0,0.202663671924411
207457,1904.0,1928.0,177.0,-4.67791240815426
265101,1925.0,13.0,73.0,0.355072392365829
176501,677.0,1902.0,52.0,-5.60304256422583
376853,27.0,1882.0,109.0,1.88620558728675
270493,1920.0,1348.0,74.0,0.235407568747319
197281,1884.0,15.0,54.0,-0.54321537634913
57091,655.0,47.0,9.0,4.06739736197014
329936,14.0,136.0,101.0,-2.64339667792815
301241,120.0,147.0,98.0,-2.32426919255937
212884,1560.0,1908.0,55.0,5.26595728070264
222928,160.0,1906.0,56.0,5.56938945390098
331915,1878.0,13.0,102.0,0.154534450210363
264458,3.0,1901.0,73.0,9.92341551429646
162252,1902.0,15.0,168.0,2.11005463558679
415797,1926.0,164.0,114.0,1.36067878760994
267533,1559.0,18.0,74.0,7.43615793840846
412858,1902.0,1431.0,114.0,17.4891437706011
425941,48.0,788.0,115.0,12.5822629741813
250283,1430.0,1912.0,70.0,-0.871465875924156
5263,1671.0,1917.0,1.0,3.61153116508653
255334,1919.0,748.0,71.0,0.3484504695251
110997,1916.0,15.0,167.0,-1.42294326070354
51519,604.0,788.0,7.0,6.70251503444362
106795,1900.0,5.0,45.0,2.9812231891397
56545,1332.0,1910.0,9.0,7.48441918430356
315044,1925.0,14.0,186.0,-1.29801786192354
276689,1908.0,1928.0,179.0,-3.43002788390924
195297,1906.0,229.0,176.0,-0.786493159727684
229040,1560.0,1910.0,58.0,7.61265603223906
317564,1913.0,1899.0,99.0,-2.71249369054271
72788,1897.0,1920.0,13.0,0.752751581653011
329512,160.0,1895.0,101.0,1.37737065241693
114460,1906.0,1348.0,167.0,-8.96259388278584
95680,1896.0,13.0,44.0,-3.81768055567338
273596,1347.0,5.0,179.0,1.35328529298478
195167,544.0,229.0,176.0,1.97074738626752
188353,1897.0,120.0,175.0,-9.7641094916302
165060,1915.0,1918.0,168.0,0.575665123425092
415154,1883.0,1914.0,114.0,0.876256127108663
286342,20.0,1917.0,77.0,-5.38985721574038
281718,82.0,1922.0,75.0,-0.958176110417733
70012,1913.0,1560.0,12.0,-1.73184223867091
414231,1888.0,1914.0,114.0,6.97449080833057
425012,1884.0,15.0,115.0,0.804999087837475
413525,1916.0,1927.0,114.0,3.64402418465941
69380,83.0,147.0,12.0,-11.5398225295273
98276,14.0,1894.0,44.0,-0.410958841764935
264203,83.0,1883.0,73.0,6.65196104988529
243903,1905.0,146.0,69.0,7.82650190360693
333688,1926.0,1922.0,102.0,2.83996731824313
285891,82.0,1893.0,77.0,27.8860524210702
99309,83.0,1889.0,44.0,-7.79563170769589
300624,1559.0,1892.0,98.0,-3.84487010572046
369517,1559.0,1893.0,180.0,0.329221226269552
223661,18.0,788.0,57.0,-7.91032113825636
272895,948.0,655.0,179.0,-7.88125228368249
28554,1920.0,748.0,4.0,0.184649280237956
55818,1899.0,748.0,9.0,-3.97827067032097
334068,1926.0,164.0,102.0,2.74778545941754
104240,1905.0,677.0,173.0,-13.8199082428372
193446,131.0,1892.0,176.0,-12.7513549597127
317467,1896.0,1918.0,99.0,-1.61617787785606
398713,1907.0,1923.0,112.0,4.02793436196361
331128,131.0,18.0,102.0,-1.85580249413395
214105,14.0,1911.0,55.0,-13.1392179790048
258941,1925.0,788.0,72.0,-2.84475829687977
330162,1877.0,120.0,101.0,-2.92313096345539
32911,163.0,101.0,166.0,12.1955579411823
253169,1904.0,1671.0,71.0,-4.74629733367683
6169,1332.0,1910.0,1.0,1.18983808035223
225310,1908.0,1901.0,57.0,6.83161562371488
250359,604.0,136.0,70.0,-2.17494022841106
181409,544.0,1903.0,53.0,11.6226374114621
326831,1909.0,1903.0,101.0,1.44629375905174
74275,48.0,5.0,13.0,6.31392548289625
257540,1884.0,1887.0,72.0,6.26297316718884
207870,72.0,788.0,178.0,-4.46304990277859
346131,1915.0,1900.0,104.0,-1.85350143830258
283191,1883.0,1914.0,77.0,-0.322236826677924
26980,1926.0,788.0,4.0,-1.03127662208878
339462,1926.0,1331.0,103.0,-15.2714806495166
60874,1224.0,11.0,10.0,4.37263695802122
231585,655.0,82.0,58.0,9.70717890166883
198674,1895.0,1904.0,54.0,-3.30194452362361
328823,83.0,1901.0,101.0,-0.41619346330068
31725,72.0,748.0,166.0,-4.60635193152187
251222,1878.0,1560.0,71.0,-0.840240539199999
89925,82.0,1927.0,172.0,-51.1500943380399
99872,1342.0,136.0,44.0,-1.47443530183788
220115,1560.0,677.0,56.0,-12.3325164202715
214459,1879.0,1923.0,55.0,-4.47769785023204
372844,1903.0,1897.0,109.0,0.187249953006813
426025,1913.0,1907.0,115.0,-6.00981909566418
338312,85.0,1903.0,103.0,3.77923428704608
25310,164.0,1904.0,4.0,2.1555412837236
100243,1920.0,1903.0,44.0,-4.23707942389686
33636,1337.0,1559.0,166.0,-7.29442346389021
272129,1183.0,1898.0,179.0,1.64454834957631
46719,1337.0,17.0,6.0,-4.76231024740519
111884,1899.0,1331.0,167.0,-0.0494460771611968
11443,544.0,1183.0,2.0,-0.0773317753872108
29784,1894.0,677.0,166.0,-6.95714181230107
249325,27.0,1885.0,70.0,-4.99165314080328
16598,20.0,1923.0,3.0,-3.12687291502439
56821,1347.0,131.0,9.0,2.09924935021895
165020,1337.0,1895.0,168.0,3.48851171891946
400600,1925.0,20.0,112.0,-2.65642818914408
360837,27.0,1888.0,108.0,4.66799300848159
196403,82.0,1671.0,176.0,-31.6349091662151
210788,655.0,1887.0,178.0,1.22388400706337
33978,1430.0,1560.0,166.0,-7.05037152435138
368086,120.0,1918.0,180.0,1.54399420730293
108829,14.0,146.0,45.0,6.36562147737406
100492,1927.0,1902.0,44.0,4.66463743956925
248983,83.0,1881.0,70.0,-2.32031108401839
374855,11.0,1901.0,109.0,-14.6107879097066
416891,82.0,1888.0,114.0,9.34090360866515
234314,195.0,1917.0,60.0,0.845046149519317
89031,48.0,5.0,172.0,-2.87907262166019
54668,1887.0,1881.0,9.0,2.48310615844383
88348,229.0,1923.0,172.0,1.28010687044213
301206,101.0,1885.0,98.0,29.0539513661431
209211,1891.0,1894.0,178.0,-5.37035147053493
165412,1926.0,1886.0,168.0,5.29663288963147
265329,48.0,1559.0,73.0,1.37479843695559
170651,1430.0,748.0,51.0,1.85281590946411
179419,83.0,1904.0,53.0,-6.29894472819356
64957,1430.0,1928.0,10.0,-4.4767971931616
390176,544.0,1904.0,111.0,6.84273647668919
218132,1895.0,17.0,56.0,16.4957427930685
58837,1877.0,1671.0,9.0,-14.2132598936507
270890,1924.0,83.0,74.0,-0.273764181991311
172819,1890.0,1923.0,52.0,-0.829794868151571
388297,948.0,1893.0,111.0,2.93521961056189
223876,1671.0,1908.0,57.0,14.2633059703029
414350,748.0,1901.0,114.0,-1.97509377885654
180667,1342.0,1889.0,53.0,-5.2222129997446
367491,1916.0,1914.0,180.0,-1.47707819195578
184888,160.0,1880.0,174.0,-1.72125789258457
172413,1183.0,1910.0,52.0,0.761365883252077
27941,48.0,1896.0,4.0,0.546647698894805
55165,1900.0,788.0,9.0,12.0976508651209
302766,544.0,1919.0,98.0,6.71343318456084
186020,655.0,1927.0,174.0,-2.90377825813265
278900,147.0,1888.0,75.0,1.0395500593779
174558,1905.0,1331.0,52.0,-15.8962615775509
390613,27.0,1671.0,111.0,-13.0479564671286
336851,1559.0,146.0,103.0,1.11763317888751
270503,604.0,1348.0,74.0,-1.32188275488227
234031,1347.0,1884.0,60.0,-5.05507460561218
337415,1331.0,11.0,103.0,3.77721130081214
7395,604.0,1895.0,1.0,3.13462089685156
320173,1925.0,15.0,99.0,-4.47019882972918
246998,1875.0,11.0,70.0,-0.3780790849889
268945,1559.0,1909.0,74.0,0.400776516989663
303371,48.0,1347.0,98.0,-18.8490347361765
194605,1908.0,1882.0,176.0,0.829152681118819
230784,1560.0,1882.0,58.0,2.34525322208733
357773,1889.0,11.0,108.0,0.560843049182422
255916,131.0,1928.0,71.0,-0.812653576177512
215753,163.0,1894.0,55.0,-6.8864462913335
250723,27.0,1922.0,70.0,-3.07545763282536
328592,1876.0,72.0,101.0,-6.1123837666108
320589,1884.0,1904.0,100.0,1.9523610908871
218583,1900.0,1911.0,56.0,0.523933167739166
425037,1914.0,1921.0,115.0,-0.847236205821149
62355,1887.0,1890.0,10.0,-1.65807767924927
166797,1897.0,13.0,51.0,-9.03047424939017
88159,1906.0,788.0,172.0,-6.10166156366942
267545,1887.0,1881.0,74.0,4.57232360007723
284300,1891.0,1892.0,77.0,2.68034089318034
107958,1895.0,1909.0,45.0,5.72562942327677
165619,27.0,1337.0,168.0,1.27705953291556
12407,1877.0,1884.0,2.0,-4.68429307890276
229604,13.0,1892.0,58.0,0.232896829689615
311955,1560.0,1909.0,186.0,-10.1364562702169
198928,948.0,1926.0,54.0,-1.86196188345793
226492,604.0,1880.0,57.0,4.54166265266191
47292,3.0,1348.0,6.0,-5.27894032384799
257216,1881.0,131.0,72.0,3.32615856436613
200674,83.0,1916.0,54.0,4.31585032196987
399553,1915.0,788.0,112.0,-0.472843528571442
74680,1332.0,147.0,13.0,-0.0856618035825211
397206,195.0,1918.0,112.0,-2.67813831420126
253094,3.0,1347.0,71.0,-1.29463505291213
210499,1919.0,1923.0,178.0,-1.13789597386528
286797,14.0,85.0,77.0,1.56724651685417
30409,5.0,1890.0,166.0,-4.19819515023598
219356,136.0,1883.0,56.0,4.00400395805502
168233,1902.0,27.0,51.0,7.06033317121111
232729,163.0,1912.0,58.0,-1.49435256481866
88743,1906.0,1880.0,172.0,-3.39915774886254
416238,1924.0,1347.0,114.0,-0.377868247495572
433945,1880.0,17.0,116.0,1.01442344366528
423843,1883.0,1922.0,115.0,0.474207660304177
237654,163.0,1895.0,60.0,-0.330412937713268
43318,85.0,677.0,6.0,-3.17069983279619
104456,604.0,1896.0,173.0,5.48902259718273
174854,1920.0,146.0,52.0,-3.99974058738753
264331,1926.0,1880.0,73.0,-0.268801304124277
246725,1895.0,1883.0,70.0,-6.09341554151145
375191,163.0,1883.0,109.0,10.3233082465938
413295,1879.0,1898.0,114.0,1.86167483172805
15711,1896.0,1923.0,3.0,-8.59222996128847
388602,1902.0,1914.0,111.0,0.984523647590725
17542,229.0,1884.0,3.0,0.239383790035958
375164,1924.0,47.0,109.0,4.01342807934043
48527,1878.0,1909.0,7.0,1.65746095813195
273844,948.0,1894.0,179.0,-0.578778047137206
209484,85.0,1560.0,178.0,-1.82930068455608
435561,1560.0,1922.0,116.0,-3.10702676001937
312032,948.0,1888.0,186.0,3.85216953795553
343297,1893.0,1894.0,104.0,4.12697298131159
214814,101.0,1897.0,55.0,-1.00296333526175
333405,1888.0,1918.0,102.0,-3.34964052132565
236444,1881.0,1910.0,60.0,0.702647559542555
275167,1906.0,1892.0,179.0,3.88622168771681
327269,1884.0,195.0,101.0,-0.44263280229022
32903,163.0,1891.0,166.0,2.21721267014328
177539,1560.0,1909.0,53.0,4.54658167206965
287172,1905.0,1902.0,77.0,6.00006542567181
417711,1331.0,1928.0,114.0,-0.826112733063388
310715,11.0,18.0,186.0,-7.95667358426827
267191,1183.0,1897.0,74.0,2.71416948149649
338017,136.0,1880.0,103.0,8.58158256268021
401175,48.0,136.0,112.0,-1.42628328998337
372079,131.0,1902.0,180.0,-1.19727146931935
177705,1891.0,1889.0,53.0,4.9737435489876
178857,1560.0,1921.0,53.0,2.1817912267474
300176,1879.0,1878.0,98.0,2.88922392688122
46533,1920.0,1901.0,6.0,0.145577397567396
67851,1893.0,1923.0,12.0,2.94479622700602
64738,1876.0,1560.0,10.0,2.11817770163794
368420,1922.0,1918.0,180.0,16.0589221569042
281372,82.0,748.0,75.0,2.6953710698307
74829,27.0,136.0,13.0,-11.7036262374668
322268,1331.0,1892.0,100.0,-3.31302159519565
176209,604.0,1903.0,52.0,-1.21345772026244
327916,1885.0,1921.0,101.0,0.196147861447916
173470,72.0,1888.0,52.0,-9.21197937987564
284583,1882.0,131.0,77.0,2.26361804099204
100863,1909.0,1348.0,173.0,-2.07676961045077
267060,1904.0,1331.0,74.0,-5.6437625430641
343456,948.0,1917.0,104.0,0.671371181370271
437647,83.0,1671.0,116.0,-4.69255388022792
58728,1906.0,748.0,9.0,7.37185525692136
373345,47.0,1900.0,109.0,-1.59502574661609
176469,1921.0,1928.0,52.0,-1.22358665584774
180435,544.0,20.0,53.0,5.08233266873925
163601,147.0,1898.0,168.0,0.201218060876046
336756,1911.0,1914.0,103.0,-2.92262041320948
108761,655.0,1909.0,45.0,21.5538142612211
99157,48.0,101.0,44.0,7.42811861919988
209010,136.0,1921.0,178.0,13.9896121081743
90165,83.0,1900.0,172.0,1.38558223671016
28976,1889.0,1928.0,4.0,-3.19039005938629
265400,1876.0,1917.0,73.0,-7.30290711813344
415845,1876.0,195.0,114.0,4.30682771705347
285599,544.0,5.0,77.0,9.11390012439022
10588,150.0,18.0,2.0,10.3995352358016
189245,1899.0,1883.0,175.0,1.71161917628643
29456,1885.0,1917.0,166.0,-4.53102462468556
67590,1887.0,1903.0,12.0,0.910535854460371
107864,1331.0,1894.0,45.0,1.59139082442694
325126,544.0,1924.0,100.0,14.0624014300788
208547,1883.0,195.0,178.0,-3.77976299460107
338010,164.0,1911.0,103.0,9.80697410145661
18005,544.0,48.0,3.0,14.904169094284
227757,163.0,136.0,57.0,3.1809222024275
208917,1898.0,131.0,178.0,9.19301015272116
106004,1885.0,131.0,45.0,0.49310121931277
316015,1894.0,13.0,99.0,5.29507060877057
112051,1881.0,18.0,167.0,-2.03364298651804
177739,1898.0,1916.0,53.0,2.43874914123751
326372,1917.0,1921.0,101.0,-0.0403687203243388
244033,160.0,163.0,69.0,2.63534035680238
73157,146.0,1904.0,13.0,5.15368258651792
34142,1877.0,1902.0,166.0,0.35520817170933
211324,1877.0,101.0,178.0,15.207176902482
43181,1897.0,677.0,6.0,6.30983933057428
434556,85.0,195.0,116.0,0.33465166057849
249776,20.0,18.0,70.0,-7.0951332673747
339280,604.0,164.0,103.0,1.88454589229059
327295,101.0,1893.0,101.0,2.16948742163688
241400,1887.0,5.0,69.0,3.75387999161957
218380,147.0,47.0,56.0,-2.44329824105971
241561,20.0,1911.0,69.0,-3.04731898985635
161927,136.0,1224.0,168.0,-0.208375818925911
359271,14.0,1347.0,108.0,-7.85135464667663
300348,1909.0,1903.0,98.0,3.4524717111602
259518,1915.0,11.0,72.0,9.9378975486239
89700,544.0,1927.0,172.0,-8.76681685224704
190742,229.0,1918.0,175.0,3.86939976187909
272281,1895.0,1923.0,179.0,1.30112114284306
17702,229.0,13.0,3.0,-1.44903225945462
7632,14.0,1905.0,1.0,12.7868279326454
207862,748.0,18.0,178.0,7.7045636875413
332485,1897.0,17.0,102.0,1.14698540774464
65847,1894.0,1908.0,12.0,-5.41483477991676
169085,1925.0,1907.0,51.0,-2.66433191622253
341653,147.0,1888.0,104.0,2.84473497745505
171402,147.0,150.0,52.0,13.0551637230547
183389,72.0,1923.0,174.0,-0.676439918107821
269901,604.0,1431.0,74.0,7.03915475947234
230449,1896.0,1901.0,58.0,4.11670787865048
321075,1884.0,13.0,100.0,-4.32049465353515
332704,1183.0,1886.0,102.0,-0.562875652769606
200644,1430.0,1906.0,54.0,4.72167875509314
113627,1877.0,1906.0,167.0,4.13723052064616
338896,27.0,1919.0,103.0,4.21743452970622
197837,1884.0,1927.0,54.0,-5.75041753390725
220437,72.0,1921.0,56.0,-5.61193560090303
265123,163.0,1875.0,73.0,-0.639839849177795
5018,101.0,131.0,1.0,-2.76776797538864
197179,1430.0,1902.0,176.0,1.94196246078752
85875,17.0,1927.0,172.0,-0.967452551809064
229346,948.0,1892.0,58.0,-1.39576674392764
205871,1920.0,1431.0,177.0,5.55059863037165
101632,82.0,1899.0,173.0,3.21696883258698
315956,3.0,1332.0,99.0,-3.54547098368811
323330,48.0,1183.0,100.0,12.2208300434201
99337,1926.0,1904.0,44.0,6.42741260357998
339447,604.0,1914.0,103.0,1.23144276069795
310747,1916.0,15.0,186.0,-3.30861737171804
58732,1332.0,748.0,9.0,1.08273099821648
96383,1559.0,1894.0,44.0,2.93160505633428
186956,85.0,1900.0,175.0,2.52522158467026
357791,1898.0,1908.0,108.0,-6.80631452966459
228993,1882.0,1910.0,58.0,3.44571537128922
270241,1877.0,5.0,74.0,2.15356701826007
333466,1911.0,677.0,102.0,3.7401619710769
63587,163.0,1895.0,10.0,-2.44300475653324
226470,1906.0,1331.0,57.0,-6.72661407413023
236931,48.0,82.0,60.0,-6.03313931681314
5471,1904.0,1927.0,1.0,-3.61438934821088
197129,677.0,1928.0,176.0,3.60868738761544
266769,120.0,1912.0,74.0,1.89931216778381
250057,1920.0,1912.0,70.0,-0.595567689785778
70375,1560.0,1902.0,12.0,0.806023365382761
170298,1337.0,1918.0,51.0,-8.42832007951249
249018,229.0,1898.0,70.0,-2.66449840227469
53577,1919.0,1902.0,7.0,1.49424363923175
87054,164.0,1560.0,172.0,8.14473507650789
181397,655.0,1906.0,53.0,-5.76892334986478
56671,11.0,1892.0,9.0,0.0756582416593188
171601,1903.0,1921.0,52.0,-1.60451856554635
346061,48.0,1890.0,104.0,8.44462436367092
284409,948.0,1559.0,77.0,-1.94552115768586
52035,82.0,1891.0,7.0,-3.1807690312844
47255,1913.0,1905.0,6.0,2.78712256671485
388230,1894.0,1923.0,111.0,3.95767142432221
434204,85.0,1888.0,116.0,-2.65751080407845
185321,1906.0,677.0,174.0,1.02043206310161
414544,1899.0,1901.0,114.0,-3.55104139960466
247702,1916.0,1914.0,70.0,-1.38107997529285
263196,748.0,1921.0,73.0,2.81846620336793
114015,1905.0,1892.0,167.0,-12.4983890770034
255085,160.0,48.0,71.0,19.0705270383827
273336,1559.0,1888.0,179.0,7.8503504729876
70145,1876.0,1908.0,12.0,0.854620264865696
168751,3.0,1347.0,51.0,0.325068298381777
27408,1915.0,1892.0,4.0,-2.52493065257876
181229,160.0,748.0,53.0,-9.17039742894576
27663,229.0,17.0,4.0,-2.11098659132509
87056,164.0,15.0,172.0,-4.56551039438678
333253,1912.0,1883.0,102.0,2.279945219685
47686,160.0,1342.0,6.0,12.630557967754
237121,604.0,1887.0,60.0,-4.08565141560575
344160,83.0,788.0,104.0,-0.187601522122965
426189,544.0,1916.0,115.0,1.32017201331723
177551,1904.0,677.0,53.0,-5.7026436584289
65582,1888.0,164.0,12.0,-2.95865408016461
179134,1884.0,1897.0,53.0,0.43984036762354
106434,1915.0,1887.0,45.0,12.9467863680676
258000,1875.0,1901.0,72.0,-1.7695778927748
43202,147.0,1903.0,6.0,4.54932577869999
229218,1912.0,1927.0,58.0,5.716988938233
186574,3.0,14.0,174.0,-1.34766827904527
89441,655.0,1348.0,172.0,1.21748482183618
47468,83.0,136.0,6.0,-2.10467410131343
225949,1919.0,1887.0,57.0,5.86696442489081
173251,1183.0,1884.0,52.0,-4.10115965263276
427543,604.0,748.0,115.0,-1.79235747241192
389038,3.0,85.0,111.0,0.141386110279913
33747,48.0,1876.0,166.0,-12.2095085528361
323388,1877.0,1907.0,100.0,-0.112171913404301
192589,1880.0,1903.0,176.0,2.0804873569236
66181,1559.0,1914.0,12.0,2.53913472298667
11330,1915.0,1332.0,2.0,-5.24645431974254
281221,3.0,1888.0,75.0,8.06508533315848
345718,160.0,1888.0,104.0,0.612681129032443
57443,604.0,1880.0,9.0,2.46026405599359
264775,1919.0,1896.0,73.0,0.49001145722021
50930,1909.0,1224.0,7.0,7.45952319129366
53593,5.0,1902.0,7.0,2.86766306460641
232333,48.0,11.0,58.0,6.94736653912519
184701,1920.0,195.0,174.0,0.849191279503347
417206,160.0,1560.0,114.0,3.91249668903232
304492,1337.0,1903.0,98.0,3.84012717713816
275121,1905.0,1885.0,179.0,-2.02040762388517
206909,82.0,15.0,177.0,-0.837676526996522
243577,1925.0,82.0,69.0,5.64438815263606
312164,1917.0,1910.0,186.0,5.06742220075698
313771,1877.0,131.0,186.0,8.97204419518001
299844,136.0,1889.0,98.0,2.40553275036865
102473,1890.0,1922.0,173.0,-2.55529478117
417167,1906.0,1882.0,114.0,12.3969312533612
236683,27.0,47.0,60.0,0.269555053541101
162182,1885.0,677.0,168.0,-0.139222063071859
165427,1924.0,83.0,168.0,3.40243644883967
249440,163.0,1431.0,70.0,6.17389899054676
251754,150.0,1916.0,71.0,2.25766420889998
55298,1876.0,1347.0,9.0,0.941182630357716
270285,163.0,20.0,74.0,-8.42347512004871
254822,229.0,1896.0,71.0,3.63004453086467
414462,1884.0,1914.0,114.0,-3.93285322974141
244935,3.0,1927.0,69.0,2.87824201018512
278405,1559.0,1907.0,75.0,-0.279925193000335
388921,788.0,1923.0,111.0,-2.67165494268494
180636,1906.0,1895.0,53.0,-6.90816418582348
185328,1924.0,1892.0,174.0,-0.596846905410859
255812,15.0,1902.0,71.0,-1.65064941408854
54368,1899.0,18.0,9.0,-6.24213305301822
423071,1913.0,1332.0,115.0,-5.41782057428901
243417,83.0,14.0,69.0,-1.90350176210237
324141,1925.0,1892.0,100.0,4.98870873460621
105583,1886.0,1224.0,45.0,-2.90581044630566
398942,1911.0,13.0,112.0,-2.09425055636169
96356,1904.0,1671.0,44.0,-4.05769736958371
319623,1925.0,1927.0,99.0,-4.87305727847884
280595,1876.0,1893.0,75.0,-2.30494124054701
30512,13.0,1927.0,166.0,9.60945702177214
53090,1905.0,15.0,7.0,8.48527942282016
56654,120.0,1348.0,9.0,1.48659279504469
261633,1331.0,1917.0,73.0,-3.15428560548342
280519,1915.0,1896.0,75.0,-0.0795041407354405
52604,1924.0,1889.0,7.0,12.5197124789942
59128,229.0,14.0,9.0,-4.77621806613499
25428,1887.0,5.0,4.0,4.90835019976528
50572,1897.0,1907.0,7.0,0.958500099176886
171668,1887.0,1909.0,52.0,0.608894396479662
200863,3.0,1892.0,54.0,-7.49872046877521
212144,48.0,1560.0,178.0,-12.8796721795446
271223,160.0,1903.0,74.0,1.38738887094134
46054,1915.0,1906.0,6.0,-3.46601570367947
426937,1913.0,1895.0,115.0,-0.454318905591865
262056,150.0,15.0,73.0,-2.75270674522256
162840,948.0,1924.0,168.0,4.98249811403092
44134,1885.0,1898.0,6.0,-2.70759888143556
414993,1902.0,11.0,114.0,0.0960045709158017
424330,1895.0,11.0,115.0,0.596497210148093
258745,604.0,47.0,72.0,7.08896218846739
98458,1337.0,1907.0,44.0,-20.5662882659858
254735,1877.0,1895.0,71.0,3.58306031646668
343508,1894.0,1892.0,104.0,5.71101440701262
251966,83.0,150.0,71.0,-2.96479189845652
75612,101.0,1928.0,13.0,18.1842615376943
261689,11.0,1910.0,73.0,-4.24689796317916
319613,1905.0,1886.0,99.0,1.64450017494284
232281,1876.0,1904.0,58.0,-8.35359252699552
25397,164.0,1671.0,4.0,-0.426033917018125
15693,1903.0,677.0,3.0,-2.43542067422697
167395,1885.0,120.0,51.0,1.59667387040738
98872,1430.0,1892.0,44.0,0.184349985022976
56197,1885.0,1893.0,9.0,6.21389216166294
54598,748.0,1911.0,9.0,2.44917674175781
282951,1348.0,1908.0,77.0,-3.49027480244395
44663,82.0,1911.0,6.0,2.82274798123133
226397,604.0,229.0,57.0,3.53913449624294
326435,1899.0,1890.0,101.0,1.70499158430357
374881,1183.0,1887.0,109.0,-0.432996210264893
177298,136.0,1917.0,53.0,-1.63153916095609
397573,1886.0,748.0,112.0,-9.35061405672224
198580,1903.0,1910.0,54.0,5.46259269822344
183198,1919.0,1911.0,174.0,2.00348647197966
189607,229.0,1899.0,175.0,5.9869904220345
371937,20.0,1908.0,180.0,-9.97458921023512
335708,14.0,1560.0,102.0,-3.55219316389191
189230,1911.0,11.0,175.0,-2.06412364151417
437207,604.0,1896.0,116.0,3.50795779693936
414906,948.0,1909.0,114.0,-1.63749136890673
316930,1671.0,1331.0,99.0,0.68452318010238
274797,655.0,229.0,179.0,0.533038312363909
389193,1906.0,1183.0,111.0,-1.3522396718357
18362,82.0,1906.0,3.0,5.48613792792009
206612,1877.0,1559.0,177.0,8.09700460220996
173910,1891.0,1910.0,52.0,-0.924217727993145
15608,150.0,195.0,3.0,-0.936280293872265
322882,1879.0,146.0,100.0,-4.70140234677641
177590,1884.0,1904.0,53.0,4.39458755497214
61880,1880.0,15.0,10.0,-3.6619120716025
200950,1924.0,17.0,54.0,11.9189054343392
59917,101.0,1911.0,10.0,0.291573889967793
227319,1877.0,1879.0,57.0,1.0259193080317
33649,20.0,748.0,166.0,-15.6750818016239
195509,48.0,604.0,176.0,6.58032683975166
370106,1920.0,195.0,180.0,1.49833139414549
357514,1879.0,1882.0,108.0,-3.59604112429174
357737,1883.0,1881.0,108.0,0.660577341367821
250058,1342.0,1224.0,70.0,-1.59450596201467
389922,163.0,1895.0,111.0,-8.68324055353811
278729,1880.0,164.0,75.0,4.28239992365901
280443,1876.0,11.0,75.0,-2.29043812989702
227234,1924.0,1915.0,57.0,6.24041494948252
330965,150.0,1671.0,102.0,0.0091787961989319
96565,1347.0,1887.0,44.0,-2.59434669706575
332008,1880.0,1900.0,102.0,3.30761938769724
58675,1342.0,83.0,9.0,-5.54039823354991
339566,160.0,163.0,103.0,-0.507501572153761
199697,85.0,1916.0,54.0,-0.238135967188793
14753,72.0,1560.0,3.0,-4.44321423809122
9448,1878.0,1904.0,2.0,-6.41766043293236
397211,1224.0,1921.0,112.0,1.37147618185123
251857,1896.0,1224.0,71.0,-18.9522008201222
241601,146.0,1882.0,69.0,1.24410398257182
261810,101.0,1914.0,73.0,-9.03367434606564
390343,1877.0,1348.0,111.0,-10.7711679633565
188016,1897.0,1927.0,175.0,4.59446845372201
223370,1878.0,18.0,57.0,6.13238364996983
108685,1906.0,1331.0,45.0,-28.2960282818704
219508,1896.0,11.0,56.0,-18.7173707573924
10641,147.0,1909.0,2.0,-3.41960506131031
360748,604.0,1889.0,108.0,-1.23239695329218
249368,1926.0,163.0,70.0,3.73031652362795
25863,1880.0,17.0,4.0,0.138026768253097
97592,1902.0,1331.0,44.0,6.85004633079676
249329,1332.0,1909.0,70.0,-8.48654079634612
388734,748.0,1914.0,111.0,8.64437391752359
287162,1919.0,1902.0,77.0,5.88666618736046
112852,1880.0,147.0,167.0,1.2489945889402
214359,101.0,1904.0,55.0,-12.5553615908111
370884,1925.0,1884.0,180.0,0.774090068637758
27811,1905.0,1889.0,4.0,0.232252644150075
245269,1919.0,1903.0,69.0,2.92075997496368
359556,655.0,1907.0,108.0,-19.630843950489
261109,1900.0,1348.0,73.0,0.45533475723195
43486,1895.0,788.0,6.0,-0.196104264814191
87351,1905.0,1910.0,172.0,-2.86203546092019
74559,1924.0,1879.0,13.0,3.69916605558453
234715,1885.0,1910.0,60.0,2.38258118290973
61138,1559.0,131.0,10.0,-1.63589762146604
370180,229.0,1898.0,180.0,-9.20522120873006
391157,82.0,1928.0,111.0,-2.0775949509012
25695,11.0,17.0,4.0,-3.4428719808161
16586,1913.0,788.0,3.0,-1.0682424220572
425390,1909.0,1927.0,115.0,-0.511333429916102
73879,3.0,1916.0,13.0,-4.18704503826944
436387,1924.0,164.0,116.0,10.3226293237476
267339,1902.0,1910.0,74.0,-2.32192587795619
101605,14.0,1332.0,173.0,-2.25057859214059
206437,48.0,1348.0,177.0,-1.91834851770627
34285,164.0,1928.0,166.0,2.8707060151392
367506,1342.0,150.0,180.0,6.88229321176718
346328,1905.0,1902.0,104.0,-3.78258641395772
253350,1183.0,1348.0,71.0,0.543510907892363
170341,1905.0,1888.0,51.0,-4.46367149219044
324450,3.0,1896.0,100.0,-3.66838782130363
114296,229.0,150.0,167.0,-5.01551798409348
192932,1348.0,1331.0,176.0,2.0233385086228
245535,160.0,1337.0,69.0,0.537556347767344
425317,72.0,1881.0,115.0,-2.94512070024677
375878,1926.0,1347.0,109.0,2.15248009148243
260451,1915.0,1882.0,72.0,3.46299112207442
426845,163.0,1915.0,115.0,4.04282743735661
31131,1886.0,164.0,166.0,-5.632414846828
358441,1908.0,18.0,108.0,1.36119838531209
101026,83.0,1887.0,173.0,2.27202731572511
413107,1912.0,1901.0,114.0,-0.7463318305612
248245,1896.0,1560.0,70.0,-3.25961350211935
214680,1331.0,1887.0,55.0,-2.10223018790171
230755,1881.0,1888.0,58.0,-10.4247323602023
263094,82.0,150.0,73.0,3.69321538881131
190800,160.0,1904.0,175.0,-3.09506274037933
368569,1902.0,3.0,180.0,-1.37060085268606
400254,14.0,17.0,112.0,1.98731160461876
310315,1883.0,1910.0,186.0,1.71180480584464
279216,1908.0,13.0,75.0,-0.818099637528484
54615,1559.0,1431.0,9.0,-2.88952309190027
231803,1876.0,229.0,58.0,-3.15853217438605
180095,1337.0,17.0,53.0,6.16520225997411
104582,1925.0,1430.0,173.0,2.74869899603278
258331,1908.0,1918.0,72.0,-4.80452490712855
8194,655.0,948.0,1.0,13.5174586010374
435266,101.0,1909.0,116.0,4.33685444761174
283211,1671.0,1910.0,77.0,-4.11404735215694
368346,195.0,1431.0,180.0,-0.128067567510911
47133,1342.0,1915.0,6.0,-9.10992191398187
331632,1895.0,11.0,102.0,0.854168263398617
397000,146.0,1907.0,112.0,-4.40687790929273
17956,48.0,1917.0,3.0,3.8288142226443
245416,1924.0,1903.0,69.0,-5.00227526082392
71827,136.0,15.0,13.0,-1.21655824158776
26354,1885.0,1671.0,4.0,3.29837349339395
315038,160.0,14.0,186.0,-3.69465752249201
207403,1924.0,1902.0,177.0,10.6427991844155
258650,1924.0,1899.0,72.0,11.159573320758
214502,1183.0,120.0,55.0,0.0519206251937283
391145,1342.0,1337.0,111.0,-9.41958275574117
427028,1876.0,20.0,115.0,4.40305155738197
191984,1337.0,1902.0,175.0,-6.79234144861257
115367,1877.0,1337.0,167.0,-4.70338952484156
191572,1924.0,1890.0,175.0,1.63996437738119
17387,1876.0,1884.0,3.0,-2.39809034566404
48722,150.0,18.0,7.0,-8.16377970060359
257438,1903.0,1908.0,72.0,0.672664844559408
208312,1879.0,1917.0,178.0,-0.538294137813442
33232,1430.0,147.0,166.0,-0.273669285641658
264799,48.0,5.0,73.0,5.90397623262689
195792,544.0,1893.0,176.0,13.3956088711071
436290,544.0,1898.0,116.0,-4.66875960918785
342406,1899.0,1887.0,104.0,1.94931178497463
267288,1892.0,788.0,74.0,-2.51027530947653
235548,1889.0,1921.0,60.0,1.55861932237496
57133,1926.0,18.0,9.0,6.07335169179665
282548,1889.0,1896.0,77.0,-0.0632796776063401
173872,147.0,1348.0,52.0,2.75045968193527
167724,1891.0,1890.0,51.0,-0.452491688024675
286929,1877.0,18.0,77.0,-0.448297168082149
241215,1348.0,13.0,69.0,2.4901796684159
8694,1929.0,1928.0,1.0,-5.72707813765953
5103,82.0,1911.0,1.0,-4.49020366822446
371107,229.0,27.0,180.0,6.01628098138459
170591,1913.0,748.0,51.0,-1.32840251865097
204552,1896.0,17.0,177.0,4.96040724641251
169171,1905.0,1883.0,51.0,1.01832211327771
219796,1881.0,1923.0,56.0,-1.47878796672699
271870,136.0,1894.0,179.0,4.057308243883
321421,120.0,1887.0,100.0,3.5926651664276
172324,1559.0,18.0,52.0,-3.75436163553449
259207,163.0,1909.0,72.0,5.91438718190731
177742,1885.0,150.0,53.0,16.7233789291875
248674,160.0,1899.0,70.0,1.96290943774716
250727,14.0,1560.0,70.0,-1.18027045707545
343890,164.0,17.0,104.0,2.27601456903218
333848,1877.0,1919.0,102.0,1.61610016492695
390730,1430.0,1878.0,111.0,1.43502446266191
216156,1905.0,1909.0,55.0,-1.68881219633164
27485,82.0,131.0,4.0,7.33369175377951
326002,15.0,1921.0,101.0,1.00949030189761
221685,1915.0,1431.0,56.0,4.54212783236885
168129,1899.0,677.0,51.0,-1.26133669519688
185188,1924.0,5.0,174.0,10.7854986866495
108239,1885.0,1895.0,45.0,-3.61130861356554
68721,1913.0,544.0,12.0,-4.13402433634236
162157,1875.0,1903.0,168.0,2.96300306033153
255098,1913.0,136.0,71.0,0.657851320378301
303776,1926.0,1896.0,98.0,5.40786306673922
224733,146.0,195.0,57.0,-2.24208562321048
230560,1917.0,1901.0,58.0,-17.8137378655556
263202,147.0,1887.0,73.0,1.72444235788646
67432,748.0,1922.0,12.0,0.438691835333816
332038,146.0,47.0,102.0,8.00680150592295
335629,655.0,1878.0,102.0,-1.32224891685027
414878,1884.0,1896.0,114.0,-1.68823610196054
66091,1907.0,131.0,12.0,2.11913735380234
267203,1878.0,120.0,74.0,-1.84930284491218
167561,1912.0,13.0,51.0,2.62163305552234
216894,655.0,1224.0,55.0,0.665865419177774
238822,1919.0,1890.0,60.0,-1.79943883125249
176830,17.0,18.0,53.0,7.05155827081249
114618,1913.0,13.0,167.0,4.04744072806094
73688,48.0,1898.0,13.0,5.28198239240611
174491,655.0,1898.0,52.0,-26.3911597330567
278342,85.0,147.0,75.0,1.9847976873999
104624,1430.0,13.0,173.0,-2.46255087084052
375141,83.0,788.0,109.0,-1.00462627501564
178060,164.0,1904.0,53.0,0.899433444805283
238693,1925.0,1878.0,60.0,-2.61482782589935
74634,160.0,1875.0,13.0,3.09590039815558
344718,1876.0,1909.0,104.0,-14.8487495187398
32687,1337.0,17.0,166.0,-16.0173453325827
301288,1895.0,1897.0,98.0,-0.219343994182681
18257,1337.0,1927.0,3.0,-12.5596014619016
426582,1913.0,1431.0,115.0,-3.53073273916713
319900,229.0,1671.0,99.0,2.73748052155671
251059,1899.0,1908.0,71.0,-2.25725885536541
162042,1891.0,120.0,168.0,3.34522687850344
301390,85.0,1897.0,98.0,0.519882501658397
43813,1891.0,1883.0,6.0,1.88929371162692
320591,101.0,1875.0,100.0,-11.9334921704285
209479,1879.0,15.0,178.0,-10.4504650037147
426765,1925.0,20.0,115.0,-6.59349508492324
262923,1897.0,1430.0,73.0,2.44940858445708
73360,604.0,1899.0,13.0,0.593795226843339
243626,1905.0,1907.0,69.0,-8.10591681839202
412938,1431.0,1910.0,114.0,3.32345127767123
271802,5.0,1914.0,179.0,-2.73269143462348
325231,1332.0,85.0,100.0,-2.18012593048662
217281,1342.0,1560.0,55.0,2.44127710735559
271550,1921.0,1902.0,74.0,8.97210110893701
275325,1332.0,1431.0,179.0,-9.47579694545432
414480,1347.0,1879.0,114.0,3.33172980190514
331271,1879.0,1908.0,102.0,-4.55394603656478
319664,544.0,1888.0,99.0,1.60979923081598
333680,1342.0,1908.0,102.0,0.707765454295392
224550,47.0,1890.0,57.0,9.59439005412983
210169,948.0,1885.0,178.0,4.12323808951958
223599,1879.0,15.0,57.0,-1.53736539992292
233087,27.0,1927.0,58.0,-0.854438374415522
89665,1337.0,120.0,172.0,-20.0326504967062
324712,160.0,1559.0,100.0,4.48247988434853
15484,1906.0,1898.0,3.0,1.63143443988546
283130,1879.0,1886.0,77.0,5.27434713585146
271953,1880.0,120.0,179.0,0.0856970646605036
31119,1904.0,788.0,166.0,-4.5211028000142
4628,948.0,160.0,1.0,3.54874046642306
215878,544.0,72.0,55.0,3.45528923830064
187450,1896.0,1907.0,175.0,-0.295057584417526
29060,1905.0,1928.0,4.0,0.808573937414712
231257,13.0,1921.0,58.0,-2.48281979464903
341664,1331.0,1917.0,104.0,0.808169652109367
332909,101.0,1901.0,102.0,-4.27960408259087
87453,948.0,604.0,172.0,2.78118247828547
113266,1877.0,1922.0,167.0,-0.420296823466771
269552,160.0,72.0,74.0,0.932381385334048
10904,1900.0,1901.0,2.0,3.67872331819726
177385,1671.0,1911.0,53.0,-0.0891033799294772
244318,160.0,11.0,69.0,-4.68490780589967
202404,146.0,1887.0,177.0,2.34914698103856
161986,47.0,164.0,168.0,18.4433131744333
299819,47.0,1903.0,98.0,1.92699128738057
14552,948.0,1671.0,3.0,-2.39985904909034
258521,1183.0,1894.0,72.0,-0.833569814178414
164338,27.0,1906.0,168.0,8.06319412315013
4021,72.0,1671.0,1.0,5.68949513989999
276478,1876.0,1900.0,179.0,-0.0886987454644373
314490,160.0,1927.0,186.0,-4.99520190896779
74132,544.0,1913.0,13.0,4.05432861430224
33914,27.0,85.0,166.0,3.31560489850692
172584,18.0,1918.0,52.0,-2.20034445560726
300267,1671.0,1882.0,98.0,2.86850998144306
367532,1559.0,164.0,180.0,-5.34891943479388
175550,1877.0,1348.0,52.0,1.21203311323936
5494,47.0,1671.0,1.0,0.361320137273544
250599,1924.0,1900.0,70.0,0.0860167230035024
415384,1925.0,85.0,114.0,-1.81429441109372
274311,1921.0,1923.0,179.0,2.93607717985441
195927,1430.0,18.0,176.0,4.52948804436636
104868,1925.0,120.0,173.0,5.22168672253589
170933,1337.0,1922.0,51.0,-14.0231265342912
413012,1896.0,1910.0,114.0,3.71495390486104
113521,544.0,1923.0,167.0,10.3974126857825
343365,150.0,1916.0,104.0,-3.44613689197555
343708,131.0,1921.0,104.0,4.55663830280967
338264,1904.0,1910.0,103.0,2.56339405927044
72525,101.0,1880.0,13.0,-2.95482341090818
339822,229.0,17.0,103.0,-1.45223294200871
161681,1899.0,1885.0,168.0,6.2969603678111
312359,1560.0,1886.0,186.0,-0.304335394522706
237101,655.0,72.0,60.0,8.18738714806953
322958,948.0,1923.0,100.0,-0.424604178823834
266062,1332.0,1921.0,73.0,-0.671931951351468
87944,1897.0,1927.0,172.0,0.624921817497394
377042,229.0,1911.0,109.0,5.79531042147826
175749,544.0,1927.0,52.0,3.29365802810999
192392,1886.0,1348.0,176.0,-5.00836164293086
45752,1889.0,1922.0,6.0,-4.46797396727515
361119,1876.0,748.0,108.0,-13.7849092061269
256140,1879.0,1331.0,72.0,-8.11849056232235
304903,1183.0,1928.0,98.0,-4.50959705094308
96416,1904.0,1916.0,44.0,-5.48770045683132
65828,15.0,677.0,12.0,-3.45956848523016
180493,1920.0,544.0,53.0,-2.92987266884336
162185,1897.0,1892.0,168.0,-3.93126325201857
170280,27.0,1918.0,51.0,3.37347500240233
61738,150.0,1923.0,10.0,-3.75767733919244
230147,1875.0,1921.0,58.0,-2.20712093515607
29704,1909.0,677.0,166.0,-11.6793404211344
413716,1906.0,1347.0,114.0,2.25546536908792
336293,147.0,788.0,103.0,-5.61705790313579
30931,5.0,1917.0,166.0,-29.2781425434653
51021,1897.0,11.0,7.0,-3.45829796062182
6197,1878.0,1914.0,1.0,0.904837986175105
398946,1899.0,1895.0,112.0,3.63502052471086
222272,544.0,1917.0,56.0,-10.7444930539434
301298,5.0,1918.0,98.0,-0.323844605744781
235287,1884.0,17.0,60.0,-1.25249340527104
113704,1876.0,1331.0,167.0,-17.8882463301772
329467,1332.0,1879.0,101.0,-0.872955117992598
182048,1897.0,1337.0,174.0,1.19366878478401
231440,1877.0,1908.0,58.0,-3.61630802816564
252371,1908.0,131.0,71.0,1.94930033048033
195969,1925.0,1918.0,176.0,7.77888742513265
312877,1880.0,1898.0,186.0,1.2134415918937
248962,544.0,788.0,70.0,-2.5068506856451
437080,1920.0,20.0,116.0,-2.1958635169115
227596,1877.0,1927.0,57.0,10.0007551702052
397951,1337.0,1911.0,112.0,1.68403354925946
224136,13.0,677.0,57.0,-5.16886464101137
198484,146.0,1911.0,54.0,0.951925877550124
27039,1925.0,229.0,4.0,0.528430708357137
12411,1906.0,1879.0,2.0,0.29845178609352
437218,48.0,1877.0,116.0,-1.21738247596597
303605,20.0,544.0,98.0,1.58623734440635
367764,5.0,788.0,180.0,0.228420313621884
202565,1899.0,150.0,177.0,-1.05090381775571
274852,3.0,72.0,179.0,1.62001324906496
260233,48.0,147.0,72.0,3.8512793407694
237823,163.0,20.0,60.0,-3.62506162267911
423267,1878.0,1891.0,115.0,-1.48934442466142
173669,1879.0,1898.0,52.0,-4.84762456003507
190543,1926.0,1893.0,175.0,-0.52734583285314
220181,1885.0,1922.0,56.0,4.51219927415846
65262,1916.0,1927.0,12.0,-2.74177878998096
206488,1905.0,13.0,177.0,3.02351327781277
238562,655.0,948.0,60.0,5.33150197556754
113300,229.0,1922.0,167.0,3.98220129095652
228868,1878.0,1911.0,58.0,-3.5287603720911
7563,544.0,13.0,1.0,0.719747075506741
209622,1885.0,1907.0,178.0,-11.4383246655556
229023,150.0,1908.0,58.0,-0.0787077653029878
164921,1924.0,13.0,168.0,-1.79974314667508
65269,1905.0,1911.0,12.0,1.36426477912337
55888,1917.0,1921.0,9.0,6.5763059219728
341556,1907.0,1911.0,104.0,5.7114782192297
211731,163.0,1224.0,178.0,2.16922099287422
181065,1332.0,748.0,53.0,-4.0113154526492
262795,1902.0,1916.0,73.0,-2.15404940895422
109264,163.0,1884.0,45.0,-0.792866435644874
211841,160.0,48.0,178.0,15.4032022108051
110794,1909.0,1908.0,167.0,-5.33570588549859
319443,544.0,1912.0,99.0,2.68989515322703
345845,1926.0,1342.0,104.0,-6.53426076525591
315510,1894.0,1918.0,99.0,3.70606827844919
88697,27.0,146.0,172.0,-0.477846948810614
75173,160.0,1560.0,13.0,3.60592109518409
70114,160.0,3.0,12.0,3.7717407316837
222165,20.0,147.0,56.0,0.634309134170949
12931,160.0,1430.0,2.0,-8.72146801020228
74367,1332.0,1893.0,13.0,-0.934197586404353
57974,1915.0,1879.0,9.0,-0.650252178779961
163168,1880.0,1885.0,168.0,1.47922835490988
108163,1904.0,1882.0,45.0,-0.968214376115772
60613,1909.0,1921.0,10.0,1.23311065459607
178691,1671.0,1224.0,53.0,3.64744035852782
339697,1905.0,11.0,103.0,3.47490239175189
200953,3.0,17.0,54.0,-3.32849765165132
374097,1888.0,1897.0,109.0,-1.6417933848816
9880,1892.0,1921.0,2.0,-4.75289333875175
61865,1886.0,1671.0,10.0,2.49388688113863
24620,1911.0,1921.0,4.0,-2.65953318375033
286525,1906.0,1559.0,77.0,-0.247293017560519
343247,85.0,18.0,104.0,-1.79716390795211
313477,163.0,1331.0,186.0,-22.204235852139
230238,1916.0,1923.0,58.0,-0.894430386438157
260944,1921.0,1902.0,72.0,1.24116298429453
56035,1875.0,1885.0,9.0,1.18578009239315
49791,1914.0,18.0,7.0,-1.29052186555642
24867,85.0,1900.0,4.0,-3.79338559412826
208635,1224.0,1916.0,178.0,3.94237297237886
324908,82.0,1886.0,100.0,-3.56596895025098
182826,1909.0,1898.0,174.0,-1.61310701480034
189027,1916.0,788.0,175.0,8.21244437435747
175037,160.0,655.0,52.0,1.12948042466933
104320,1430.0,18.0,173.0,1.38646160639047
332014,47.0,1922.0,102.0,-5.78666308882915
25185,20.0,1887.0,4.0,3.68828141219222
56794,1183.0,1903.0,9.0,3.34032414359319
314971,1926.0,1906.0,186.0,-3.97935833548313
244080,14.0,1892.0,69.0,-5.74878248822935
316262,146.0,1892.0,99.0,-4.10322986983472
338472,1883.0,1347.0,103.0,-2.70339751534481
414779,1183.0,1886.0,114.0,0.165361520145919
438178,1337.0,47.0,116.0,-17.7918524863304
344774,1913.0,1880.0,104.0,-5.03053929899277
253026,1875.0,1897.0,71.0,-1.9466940934041
370091,655.0,1919.0,180.0,0.0859698015551854
162571,195.0,1892.0,168.0,0.814061108408925
163719,544.0,1908.0,168.0,8.1732093604523
252378,1893.0,1916.0,71.0,5.56188657729998
67039,146.0,1914.0,12.0,-2.72700863568932
163499,1894.0,1904.0,168.0,-2.86833528460125
268288,1878.0,147.0,74.0,1.54483811777953
163994,1337.0,1883.0,168.0,-6.06417804096638
103794,1906.0,146.0,173.0,2.17977978239372
248626,1894.0,1881.0,70.0,7.63989727684913
96774,1337.0,150.0,44.0,-0.79098523839582
70236,1348.0,1928.0,12.0,-9.0547965802396
17317,1915.0,101.0,3.0,9.11761291575471
186237,1920.0,1876.0,174.0,4.45206372305856
244941,1920.0,1927.0,69.0,-18.6694344352595
273067,1430.0,1911.0,179.0,-4.18939008386027
246348,101.0,5.0,70.0,2.03294178393323
224312,101.0,1908.0,57.0,-6.49293504330001
265851,14.0,85.0,73.0,0.151302610405669
63065,1332.0,1331.0,10.0,-21.3986965234261
68933,27.0,1896.0,12.0,-2.52079742705118
255366,544.0,1332.0,71.0,0.482546013537015
169188,1877.0,195.0,51.0,-0.684286508279876
301624,150.0,1431.0,98.0,1.88295255250385
387999,1895.0,677.0,111.0,-0.859514988621056
194840,160.0,85.0,176.0,-4.18863734335861
48796,1900.0,1908.0,7.0,2.82523801380312
198384,1888.0,1927.0,54.0,5.76364364509967
238236,1920.0,147.0,60.0,-2.73326449387261
89862,1926.0,1342.0,172.0,-4.85825532466998
341397,748.0,1911.0,104.0,2.96184771923459
425699,1926.0,1908.0,115.0,-1.17507705381381
44701,20.0,1332.0,6.0,-4.82114968669652
371187,1925.0,1348.0,180.0,-1.44919719392768
257097,1911.0,1901.0,72.0,0.98550574385522
426414,544.0,1431.0,115.0,1.83439086870231
70040,1913.0,20.0,12.0,5.12374656490103
87316,1891.0,1895.0,172.0,2.86372371319602
356938,948.0,1880.0,108.0,-7.10378685004812
4356,72.0,1903.0,1.0,-6.08197757672832
6375,3.0,1908.0,1.0,2.46374355866806
58684,14.0,1559.0,9.0,-2.6359127961492
106388,1880.0,1911.0,45.0,-9.66749828807779
6931,1915.0,146.0,1.0,1.18095731691115
199809,150.0,5.0,54.0,2.16947837910515
335297,48.0,1888.0,102.0,9.89391657099457
414930,1912.0,72.0,114.0,6.87240350589325
115487,1911.0,1928.0,167.0,-8.39869549145784
179465,1915.0,72.0,53.0,-4.61471170618245
317275,1183.0,17.0,99.0,-1.24381196904964
34201,13.0,1902.0,166.0,2.18662021777857
230005,1909.0,1893.0,58.0,11.8225285326552
57508,1342.0,1916.0,9.0,-2.20170326541415
58751,1430.0,1927.0,9.0,4.81719707088865
221516,1906.0,1885.0,56.0,-3.26045670596002
49727,1878.0,1224.0,7.0,2.44914912248174
248066,146.0,1922.0,70.0,8.10140752220387
65453,748.0,788.0,12.0,3.94261541229178
65507,1881.0,1908.0,12.0,-3.57515109293248
102026,677.0,18.0,173.0,-6.03225702069802
268557,1884.0,1908.0,74.0,-6.04978019631063
5980,1900.0,1910.0,1.0,0.0305255077590908
369981,1920.0,1907.0,180.0,-1.87939164723835
172664,1887.0,5.0,52.0,-0.119146734597226
105605,1885.0,1907.0,45.0,-10.3171724265384
105804,1878.0,1904.0,45.0,-4.59898404021586
276000,14.0,120.0,179.0,-1.17979326868192
417152,48.0,1342.0,114.0,-5.17705017488493
337297,1559.0,1908.0,103.0,-3.49030692603419
4413,1889.0,1923.0,1.0,-3.7589496399612
323599,1926.0,1898.0,100.0,-2.78449372270338
343181,1894.0,1883.0,104.0,-3.16699605075843
50908,1431.0,1908.0,7.0,0.387604533828137
282470,101.0,1899.0,77.0,-0.454609894859524
242624,1912.0,1894.0,69.0,5.28372172207723
209090,1914.0,1892.0,178.0,-11.5351283251416
172623,1348.0,1890.0,52.0,-0.651433473369317
633659,1897.0,1902.0,9.0,-6.2661168850145295
111136,1891.0,1894.0,167.0,7.57743949127279
14571,1559.0,1927.0,3.0,2.60538550235941
266516,1908.0,677.0,74.0,-3.47033687046334
255788,1926.0,1925.0,71.0,5.39693546048518
113081,1891.0,147.0,167.0,1.2489945889402
99553,1924.0,1430.0,44.0,3.89026679660446
222451,1332.0,1912.0,56.0,0.308262302113212
417065,1915.0,1559.0,114.0,-1.01657894339593
344079,655.0,1899.0,104.0,11.4551579494718
167359,1348.0,1901.0,51.0,0.580871811254203
270993,1876.0,1878.0,74.0,-7.50030935494616
401801,18.0,1902.0,112.0,-4.88516640335669
279925,48.0,229.0,75.0,-7.85961354711483
261245,1880.0,150.0,73.0,0.457720734287045
314808,1877.0,1890.0,186.0,-3.52058472675773
339459,604.0,1331.0,103.0,-16.6918527825847
107998,1884.0,1914.0,45.0,-0.26073083770798
231793,82.0,146.0,58.0,2.12206072499304
334016,20.0,1881.0,102.0,-9.09738787029674
227257,544.0,1879.0,57.0,-13.2122374764904
169766,1877.0,1892.0,51.0,-1.2166870895804
339698,229.0,1347.0,103.0,-5.88830614877285
31405,1902.0,1914.0,166.0,-5.19151463201385
209862,1895.0,17.0,178.0,2.68257161905971
312624,1885.0,1921.0,186.0,-6.80915587200909
13265,229.0,1671.0,2.0,2.12447783232781
268052,1912.0,1224.0,74.0,-1.24528213556059
16561,163.0,1183.0,3.0,-4.80972354917843
265122,229.0,1877.0,73.0,0.782752517002306
315050,655.0,677.0,186.0,3.70344207354728
256167,131.0,17.0,72.0,-2.76031636199722
28958,1925.0,1928.0,4.0,6.29046089475592
372644,948.0,1919.0,109.0,0.383854662515232
110913,948.0,1892.0,167.0,0.533786931936406
391233,1926.0,1928.0,111.0,2.13722562035375
165982,160.0,1928.0,168.0,2.46072260640313
299923,1903.0,677.0,98.0,7.91426557070212
313901,1342.0,1891.0,186.0,0.612243979381184
224090,1560.0,1347.0,57.0,7.69773735474733
342977,1894.0,748.0,104.0,-1.77449542844596
161849,1879.0,147.0,168.0,1.28093142865427
321072,1912.0,1881.0,100.0,5.66921180375065
87630,1875.0,1886.0,172.0,3.15225172479552
252061,948.0,1880.0,71.0,1.20212973552163
255966,1884.0,1928.0,71.0,-1.11689284391957
370479,1337.0,1880.0,180.0,0.775910727159849
43714,85.0,15.0,6.0,1.48801605201497
106389,47.0,1911.0,45.0,-4.44349178323335
224033,136.0,1882.0,57.0,1.96761947427332
164227,1925.0,1916.0,168.0,5.06253631772429
231339,1912.0,15.0,58.0,-6.99815599627209
269886,3.0,163.0,74.0,-7.80537067422607
57470,1925.0,1926.0,9.0,7.20627327564544
111888,1431.0,1224.0,167.0,6.55709293016507
247681,948.0,1927.0,70.0,-3.16789649776718
59048,27.0,1900.0,9.0,-0.903585579430349
197352,948.0,1917.0,54.0,-2.30446257192548
110191,163.0,1882.0,45.0,12.8926425395144
329530,3.0,1895.0,101.0,0.964358492194379
339696,14.0,11.0,103.0,-3.23492190957964
233718,1431.0,1928.0,58.0,-4.65706898292874
64191,160.0,1430.0,10.0,-5.42528197596186
110495,27.0,1902.0,45.0,-3.83290593889346
435705,1894.0,72.0,116.0,-0.60379313956975
284263,1878.0,1880.0,77.0,-3.8793783048033
70871,1878.0,1921.0,13.0,-0.317929736075335
27690,1925.0,17.0,4.0,-1.99051845737411
212045,20.0,1559.0,178.0,-11.4365513094821
272687,1887.0,1896.0,179.0,3.71593160502122
180251,82.0,11.0,53.0,11.659608745293
414207,146.0,1918.0,114.0,2.25762404894306
332717,1348.0,1347.0,102.0,8.60353169284474
50789,1884.0,85.0,7.0,-2.11298938993104
66222,1883.0,1348.0,12.0,-8.47197042085009
268492,1878.0,1560.0,74.0,-1.64975349962051
263638,1559.0,1888.0,73.0,2.07416855949098
171071,1925.0,15.0,51.0,8.68161974340189
33374,1876.0,1888.0,166.0,-0.636661431565387
258468,1879.0,15.0,72.0,-1.2056242649799
73183,47.0,1881.0,13.0,-5.59965873508484
219308,136.0,1875.0,56.0,0.793047770704177
247105,1891.0,1889.0,70.0,-4.60896978086446
61190,1875.0,1895.0,10.0,0.233692692334279
281532,1342.0,1890.0,75.0,2.05896426130139
207348,15.0,1902.0,177.0,0.229886645519402
370879,48.0,1884.0,180.0,-6.37964448194679
255500,160.0,1921.0,71.0,-0.725666867496065
206301,1906.0,1348.0,177.0,0.14701676391341
328217,13.0,1890.0,101.0,-3.59055287773933
186924,1899.0,1898.0,175.0,-1.2510739508016
250926,1919.0,1887.0,71.0,6.62237507269251
68542,1925.0,1885.0,12.0,10.5160531978285
178864,163.0,1887.0,53.0,-0.385384680623569
303230,1926.0,163.0,98.0,9.67286341606174
274808,1337.0,1881.0,179.0,1.47557442737834
346286,20.0,1921.0,104.0,-5.86508918706283
189282,101.0,146.0,175.0,3.69636583806694
201674,544.0,83.0,54.0,1.74955338840698
54908,146.0,1882.0,9.0,-4.86088552176126
300415,1559.0,788.0,98.0,-1.81850928265031
68334,1915.0,1907.0,12.0,-6.99757458011756
162612,1912.0,1331.0,168.0,0.120512322879669
279971,1926.0,72.0,75.0,7.80660596000557
111406,1912.0,1901.0,167.0,3.26951626119436
226966,48.0,5.0,57.0,-3.97305614920179
188864,136.0,1896.0,175.0,0.0480149974733493
344833,1905.0,17.0,104.0,-6.2579194460566
214928,948.0,1916.0,55.0,1.92255765892073
198420,1909.0,1904.0,54.0,-1.30228902290138
26627,1912.0,1921.0,4.0,-9.09384741454789
198286,136.0,147.0,54.0,-0.0923911551236053
205526,1925.0,164.0,177.0,-0.566556009384301
412701,5.0,11.0,114.0,-0.529284433683815
232996,1924.0,1920.0,58.0,0.353406394402641
71940,1875.0,1910.0,13.0,5.75838503347206
377032,82.0,1890.0,109.0,-3.12854604768826
8636,1882.0,1902.0,1.0,-1.6408550246451
335866,14.0,47.0,102.0,-9.2010453110617
222923,544.0,1903.0,56.0,10.1987061798412
415642,544.0,1923.0,114.0,5.41313595541942
206782,14.0,1430.0,177.0,13.1418302837488
104062,655.0,1347.0,173.0,0.0933756880662889
372302,1348.0,1331.0,109.0,-1.07203608494667
388346,82.0,1332.0,111.0,2.06891571730443
176182,1925.0,677.0,52.0,-2.56634020807024
218517,147.0,1927.0,56.0,-2.25577152122948
65906,195.0,5.0,12.0,-1.16944255315101
108854,1926.0,1913.0,45.0,-0.855002176621661
196814,14.0,85.0,176.0,1.62877181779643
28750,27.0,1922.0,4.0,-0.14275749918923
192740,1886.0,1904.0,176.0,-4.56816236938869
61291,1560.0,1889.0,10.0,2.1422634969966
274540,14.0,1923.0,179.0,-0.931264687107179
426057,82.0,195.0,115.0,-1.40587344530815
87901,1882.0,1927.0,172.0,-5.73905468402278
209791,1899.0,1880.0,178.0,0.0566470901632655
173890,1879.0,1224.0,52.0,-3.59306210645085
261888,1878.0,147.0,73.0,2.06688039243686
322501,1887.0,1897.0,100.0,2.10807761571781
247378,85.0,1902.0,70.0,-0.136031369155891
426046,163.0,1913.0,115.0,7.867687410719
272245,1875.0,1348.0,179.0,-9.46495070073
262708,1902.0,677.0,73.0,-2.07187767280741
286750,83.0,15.0,77.0,-6.8276762808513
280125,604.0,1916.0,75.0,13.9016432687836
171459,1559.0,1884.0,52.0,-3.91770029906727
166394,948.0,1904.0,51.0,1.22018423018383
633615,1889.0,1902.0,109.0,-5.341984214086565
324429,1926.0,1904.0,100.0,0.213207888789109
255922,1882.0,1928.0,71.0,3.04542142136293
311025,1332.0,1887.0,186.0,-1.74337154595884
249318,14.0,1916.0,70.0,-4.99257150317145
111868,1903.0,18.0,167.0,-2.7612441602019
200310,544.0,229.0,54.0,2.93897913415476
218048,164.0,11.0,56.0,2.05810796174072
44916,18.0,1923.0,6.0,-0.724704966790933
227464,655.0,1912.0,57.0,14.7872359289372
269425,160.0,1919.0,74.0,-0.76139274628608
312674,948.0,1880.0,186.0,-1.76805974580356
320381,788.0,1928.0,99.0,-5.12915714018391
58102,1925.0,20.0,9.0,-0.634315453322929
75216,604.0,948.0,13.0,6.51627395069655
184777,160.0,229.0,174.0,-4.99690452921691
237480,1337.0,17.0,60.0,-7.03660184318222
191263,1924.0,1920.0,175.0,2.1902662176404
48471,1887.0,15.0,7.0,-0.784850767046653
222413,655.0,147.0,56.0,-1.48232796350788
438172,14.0,1921.0,116.0,-10.8773575218362
182010,120.0,1900.0,174.0,0.576138718589301
368252,1875.0,1889.0,180.0,1.44269983518625
337576,72.0,131.0,103.0,-7.43353883218996
203887,1900.0,1895.0,177.0,-0.557664884635551
367754,1902.0,20.0,180.0,-0.129398921379371
196768,1920.0,1921.0,176.0,-22.5905497612636
106381,136.0,1910.0,45.0,4.06404220055466
276347,1925.0,1900.0,179.0,2.2571976013249
278276,1893.0,1912.0,75.0,-0.22727054820107
252640,1183.0,17.0,71.0,-8.62997229085368
219941,1337.0,1332.0,56.0,-5.63366449573657
426645,160.0,11.0,115.0,-1.38248057275131
107023,164.0,11.0,45.0,-4.63890629993831
182960,1348.0,1907.0,174.0,-7.6521469660892
85464,82.0,150.0,172.0,6.17293839106004
434574,1183.0,150.0,116.0,2.61199435613195
56561,1337.0,1898.0,9.0,1.0292255341122
32249,1925.0,229.0,166.0,7.47244016405654
113417,20.0,1183.0,167.0,-5.75327105818676
252286,1224.0,1923.0,71.0,4.78573416275812
195232,163.0,72.0,176.0,-3.59377999898454
110599,1913.0,1887.0,167.0,4.06222210449062
237243,1924.0,1885.0,60.0,0.418777482023788
225622,15.0,1890.0,57.0,-3.12883684826343
182245,1878.0,11.0,174.0,-2.02304174741302
330280,82.0,1430.0,101.0,-0.805536273971462
255865,1877.0,1928.0,71.0,2.73660501106443
413216,1895.0,195.0,114.0,1.17891200143773
216356,27.0,1904.0,55.0,-1.95061358123134
174934,1924.0,1913.0,52.0,3.97410573961204
357128,1886.0,1883.0,108.0,-3.29573209930596
106516,1890.0,1927.0,45.0,-2.53704641914156
357562,5.0,17.0,108.0,10.4091983775193
195370,229.0,1916.0,176.0,13.5214425770805
172016,1889.0,1888.0,52.0,11.1831181815013
105352,48.0,1910.0,173.0,3.09983858311318
435109,146.0,1224.0,116.0,-3.02464474261399
371640,48.0,1332.0,180.0,2.06975813685435
175525,544.0,1889.0,52.0,0.668255591588127
321220,1904.0,1918.0,100.0,1.66876152370441
631529,1904.0,1902.0,44.0,-0.2090359022575069
415256,147.0,1912.0,114.0,-2.18278927401729
236767,1920.0,1183.0,60.0,-5.25752184090778
332506,1899.0,5.0,102.0,-7.34664912858498
61528,1347.0,1889.0,10.0,-0.517848068191471
320775,1885.0,1890.0,100.0,-1.71249048262388
435638,1891.0,1910.0,116.0,0.78089125472904
17224,1906.0,1892.0,3.0,-2.91373361772665
212669,1881.0,1902.0,178.0,1.8562022334838
368278,1879.0,150.0,180.0,-4.17050503892486
46459,1342.0,1916.0,6.0,5.32702783897789
376355,1915.0,1905.0,109.0,0.761873496881555
16483,1924.0,160.0,3.0,3.86358627433578
163310,1903.0,1914.0,168.0,-2.12784963961504
182376,136.0,1909.0,174.0,2.60394531108447
333562,1888.0,1881.0,102.0,0.339572259317038
437483,1906.0,1224.0,116.0,-0.286268007060942
198224,150.0,1893.0,54.0,-0.905316912892971
343993,1347.0,1331.0,104.0,-1.40905132193708
260481,48.0,1560.0,72.0,2.48516695278218
226691,1876.0,1916.0,57.0,4.65022559142857
55589,1891.0,1888.0,9.0,-1.61413924038891
44266,1917.0,1901.0,6.0,-19.2475087531628
171012,1915.0,1876.0,51.0,-4.59911527246424
314477,1906.0,20.0,186.0,10.5174389150279
30017,47.0,1893.0,166.0,1.1924667181457
67522,1911.0,1910.0,12.0,-11.749263958971
222138,27.0,1905.0,56.0,-6.58215542678584
417538,160.0,1910.0,114.0,-0.722839196484684
335055,82.0,136.0,102.0,-2.73134969662953
114217,163.0,11.0,167.0,1.73937627227537
65363,1882.0,1892.0,12.0,29.8958768230791
222370,83.0,136.0,56.0,3.37652809613135
106983,1897.0,27.0,45.0,-5.09357833323335
114784,1913.0,1886.0,167.0,-5.48757750252858
252299,1878.0,1893.0,71.0,-1.15841664840985
374535,1671.0,1892.0,109.0,3.00106541259691
113720,229.0,1880.0,167.0,12.2807589800899
427485,1924.0,1876.0,115.0,6.43415701231706
242523,1331.0,1890.0,69.0,2.41784037056118
337975,136.0,1927.0,103.0,-2.18325803061394
334255,160.0,1331.0,102.0,-18.1958384244306
17654,544.0,1905.0,3.0,6.51439589699874
57402,160.0,164.0,9.0,4.18357454949258
87589,1911.0,1923.0,172.0,-1.89874862424149
65491,1885.0,1917.0,12.0,1.1894285197135
7108,1332.0,1914.0,1.0,-0.0238046811441941
318276,544.0,82.0,99.0,6.66937926558239
52322,160.0,20.0,7.0,7.26468459272578
12375,1342.0,1891.0,2.0,-2.16725323956317
181732,136.0,1885.0,174.0,-0.619255421092498
186559,14.0,1908.0,174.0,-6.27083636318034
95492,1894.0,131.0,44.0,-5.077070456869
9640,195.0,1908.0,2.0,-3.69408021203367
238452,14.0,1927.0,60.0,3.88786008720496
244819,1924.0,1559.0,69.0,1.66659143233546
303227,1913.0,1880.0,98.0,4.44779640199486
104050,1925.0,131.0,173.0,6.85102443460491
425482,150.0,1560.0,115.0,1.39997810567674
68228,229.0,195.0,12.0,-7.55412800263019
262245,1895.0,1918.0,73.0,0.589965802902725
105725,136.0,146.0,45.0,-4.43655666312224
272564,748.0,1896.0,179.0,1.7268026012223
388231,1909.0,195.0,111.0,31.6574753958098
374743,1886.0,1909.0,109.0,-2.61721520020778
15135,164.0,1890.0,3.0,5.24060789749871
284762,72.0,1917.0,77.0,3.48462485163876
339046,3.0,1907.0,103.0,-6.23471052138372
399256,1893.0,18.0,112.0,-3.32448663286282
191591,1430.0,85.0,175.0,3.54294973895463
73203,948.0,101.0,13.0,-4.12048517440679
376055,1430.0,1893.0,109.0,10.0113405731001
320794,948.0,1907.0,100.0,3.65524665252501
412837,147.0,1886.0,114.0,0.165361520145919
276859,1560.0,17.0,75.0,1.31751683646528
342504,1889.0,47.0,104.0,-2.16295466170634
412931,1559.0,1224.0,114.0,-3.65769858115585
399689,82.0,164.0,112.0,4.96130648464151
72047,1560.0,1890.0,13.0,-2.91462934884709
199737,1896.0,1914.0,54.0,-1.8158392258828
271041,14.0,15.0,74.0,0.480605791420914
254161,1337.0,146.0,71.0,-5.42889436369317
98157,604.0,85.0,44.0,7.82344258394421
369416,164.0,1890.0,180.0,-1.22424269026306
215774,1430.0,1883.0,55.0,-0.766660692510451
202178,82.0,1928.0,54.0,3.56960293609115
98086,1889.0,1890.0,44.0,0.930506006459052
101863,1430.0,1332.0,173.0,1.90651508511519
73908,163.0,1885.0,13.0,4.1560130100899
234940,72.0,1893.0,60.0,-0.434499546454301
186655,1924.0,1902.0,174.0,-0.70099131836991
433353,1331.0,1882.0,116.0,0.614246468184556
337010,1559.0,101.0,103.0,-3.32301991435821
49522,47.0,131.0,7.0,-8.93634720174048
398818,1894.0,195.0,112.0,6.61187844652414
221428,1926.0,1331.0,56.0,-9.93521037680265
217261,83.0,1927.0,55.0,-6.11991041773636
49859,47.0,1921.0,7.0,24.9856524923383
427869,1332.0,47.0,115.0,-13.5644183497079
283535,1348.0,1892.0,77.0,-0.176822040860131
312717,1916.0,1911.0,186.0,0.603101517875717
332819,1896.0,1347.0,102.0,0.364816322920175
263834,1893.0,17.0,73.0,0.736781340562399
236709,48.0,1899.0,60.0,-3.31452742295169
322331,1879.0,1898.0,100.0,-2.66016949484189
111850,1884.0,1560.0,167.0,-5.75259035699779
281773,1332.0,1921.0,75.0,-4.63973484468808
161720,748.0,1671.0,168.0,2.89630908659332
336560,1880.0,1914.0,103.0,1.64614902325522
415604,1924.0,1894.0,114.0,7.0717294163033
372702,72.0,1908.0,109.0,1.18747795924674
262580,13.0,17.0,73.0,-2.0803755019999
316447,85.0,72.0,99.0,1.11003440467031
278521,1919.0,1887.0,75.0,-1.40777895362028
248666,1877.0,1922.0,70.0,-0.163085253091666
185230,1337.0,101.0,174.0,7.47954803161789
113707,1919.0,1331.0,167.0,-33.565027427683
284279,1885.0,146.0,77.0,-4.05886360281524
107928,1875.0,150.0,45.0,1.45963624359769
11664,82.0,72.0,2.0,0.103683815103858
271037,544.0,748.0,74.0,-6.84858928486376
191981,11.0,1902.0,175.0,-0.54190747696967
184669,83.0,164.0,174.0,1.2093122575989
229126,47.0,1560.0,58.0,1.11420338929374
286974,48.0,1910.0,77.0,6.27199980308907
334667,48.0,101.0,102.0,3.73396112801
176486,1918.0,1902.0,52.0,-7.83220281057123
277395,150.0,1897.0,75.0,1.38780725935941
109076,1924.0,1347.0,45.0,-15.9048088716148
370546,1924.0,604.0,180.0,7.37029375110644
625375,1875.0,1902.0,177.0,-12.155978528397064
188499,1902.0,1912.0,175.0,0.0584451289446432
98840,1876.0,131.0,44.0,2.62888782847167
286426,20.0,1912.0,77.0,-10.9782494210014
164937,1920.0,1877.0,168.0,-1.69388530376092
221320,1925.0,1909.0,56.0,18.3942860372235
197119,47.0,1928.0,176.0,-2.01231165711888
58874,604.0,1671.0,9.0,2.24934495074095
105017,83.0,1882.0,173.0,-3.25549649926088
284525,47.0,1893.0,77.0,3.35657001616491
336534,1877.0,1910.0,103.0,-0.272207742167316
216522,1926.0,1884.0,55.0,-3.16457480311238
316451,1878.0,1880.0,99.0,2.30968545141476
192266,1909.0,1916.0,176.0,6.88248069116447
232244,48.0,655.0,58.0,2.05493535616108
98921,20.0,1914.0,44.0,6.13958487865436
29423,1907.0,5.0,166.0,7.9587023263785
243486,160.0,1907.0,69.0,-7.22913159585333
181385,1913.0,1908.0,53.0,-6.72803884233113
49653,1919.0,1899.0,7.0,11.5454738415163
98412,1342.0,195.0,44.0,-10.0757862510155
285195,160.0,229.0,77.0,2.5031347557594
186291,604.0,948.0,174.0,0.438797504859942
328410,150.0,1907.0,101.0,-1.23411412863386
214461,1559.0,1904.0,55.0,9.54746304393354
275111,1337.0,1909.0,179.0,0.80332763663122
24281,1895.0,1918.0,4.0,0.895209205762649
282531,18.0,1921.0,77.0,-3.7818178155489
257811,164.0,1911.0,72.0,-1.68089000443206
12056,83.0,1880.0,2.0,-0.870735500375132
232286,1342.0,17.0,58.0,-19.8362815450982
62718,14.0,1923.0,10.0,0.0217263342403388
243875,655.0,1916.0,69.0,21.0726355620418
8874,1912.0,1921.0,2.0,-3.41151254262124
26033,1224.0,1917.0,4.0,-4.97988348199113
211170,1913.0,11.0,178.0,0.495522200733457
207336,1927.0,1902.0,177.0,0.988872774931412
53157,1337.0,1903.0,7.0,-3.99071300598471
324787,544.0,147.0,100.0,3.42934379293004
106638,1885.0,1904.0,45.0,-2.11997435050191
304271,160.0,83.0,98.0,0.769877712862399
265918,1919.0,1900.0,73.0,-1.29435929839472
196951,1905.0,1908.0,176.0,-6.91902960754986
321493,1559.0,1901.0,100.0,-0.671396922536321
222742,48.0,748.0,56.0,-1.38179437196015
433217,1907.0,11.0,116.0,-0.430127633012577
191125,20.0,1224.0,175.0,-1.56210315199457
236137,1899.0,1918.0,60.0,1.14461802714711
322066,13.0,1916.0,100.0,-2.1239528200124
217588,1337.0,1908.0,55.0,-2.13284433985462
5474,1889.0,1883.0,1.0,0.333390657373503
414247,1885.0,1907.0,114.0,-6.87789620166604
216790,1876.0,1905.0,55.0,-2.07207269701719
283636,1896.0,15.0,77.0,0.998655824148301
12133,544.0,5.0,2.0,0.967933499682564
168707,948.0,14.0,51.0,-6.22101904252666
342412,1913.0,1332.0,104.0,0.200350582083246
161263,1892.0,17.0,168.0,-42.8072124228759
423817,1883.0,13.0,115.0,-2.7225600756835
86043,1331.0,1887.0,172.0,-2.09924900931804
46845,1905.0,1884.0,6.0,-6.20081952375856
8028,14.0,1559.0,1.0,4.49468699712116
345965,1905.0,15.0,104.0,-6.17156653860803
86185,195.0,1560.0,172.0,-1.19707562109212
12122,1925.0,5.0,2.0,-2.33859282882358
313153,3.0,82.0,186.0,-0.142690918094354
275484,48.0,1884.0,179.0,3.55725882768568
436101,1342.0,1907.0,116.0,-5.8398031009175
194792,83.0,1332.0,176.0,-4.26627049599843
10153,1884.0,1888.0,2.0,-1.46498568013422
29169,1891.0,1897.0,166.0,0.921314165658121
433260,1920.0,150.0,116.0,2.48523800582902
224501,1900.0,1923.0,57.0,2.50927658946633
223917,1898.0,11.0,57.0,-2.97121064575446
223133,1921.0,1902.0,56.0,5.82238436625323
12337,229.0,17.0,2.0,0.969368158079339
390281,604.0,1348.0,111.0,-4.16150605571482
75414,1924.0,1882.0,13.0,1.29474264121793
400735,1926.0,1877.0,112.0,6.26827025468907
425412,1911.0,11.0,115.0,-0.456729816712717
360651,1920.0,1879.0,108.0,-2.59104612487796
250453,1332.0,1882.0,70.0,-1.49472518428375
361023,1913.0,1559.0,108.0,-2.83927490969444
46846,1924.0,1892.0,6.0,4.86609107554046
332929,1896.0,1895.0,102.0,-4.19018766569155
189550,1881.0,131.0,175.0,6.25477495890513
210971,1926.0,1913.0,178.0,5.70143657237543
58490,1915.0,1430.0,9.0,-5.16491327106576
266652,82.0,1899.0,74.0,5.84030604393538
302691,229.0,1907.0,98.0,-1.433907107902
194745,1908.0,1922.0,176.0,-8.01292800717938
14359,748.0,18.0,3.0,1.61139363876792
221847,1926.0,101.0,56.0,-0.976386501518965
340944,3.0,1903.0,103.0,2.57350438288497
247479,1881.0,1900.0,70.0,-5.3303698858972
267766,1912.0,1910.0,74.0,3.48364846832939
436417,1913.0,1915.0,116.0,2.26275930199927
414547,1898.0,13.0,114.0,-6.41460496469524
269224,1913.0,1923.0,74.0,2.09942031807037
113967,160.0,163.0,167.0,8.57364561754544
85461,1671.0,1918.0,172.0,0.0575911599133453
316223,1903.0,1922.0,99.0,0.340912397003857
624429,1348.0,1902.0,69.0,-4.521761460112971
424920,1559.0,1881.0,115.0,1.37916051496263
71565,47.0,1348.0,13.0,-10.3848434168138
51566,1430.0,164.0,7.0,3.48501954150976
268498,85.0,1560.0,74.0,-1.13789861624597
264948,1905.0,1879.0,73.0,-3.12065053860559
162942,1331.0,1889.0,168.0,-8.81947372223599
27482,1430.0,1914.0,4.0,-1.73652565975673
278787,1887.0,1897.0,75.0,2.52396878374928
629430,1889.0,1902.0,56.0,1.7002671911622795
103748,48.0,1885.0,173.0,26.5318868661131
302086,1909.0,1927.0,98.0,3.4450675293186
6294,1902.0,83.0,1.0,2.57749450187576
235400,1915.0,1910.0,60.0,1.44548825962467
169322,229.0,1887.0,51.0,3.98536813452849
55234,1902.0,1901.0,9.0,2.29411673296025
221980,1925.0,1905.0,56.0,2.48802959395544
339669,14.0,101.0,103.0,-3.21846771255941
303741,544.0,1896.0,98.0,2.57717723425312
65383,85.0,1671.0,12.0,-2.12042011682616
165491,163.0,1560.0,168.0,6.92013547710429
251902,1560.0,1882.0,71.0,6.86198355638782
284114,1905.0,1887.0,77.0,4.36445184181958
224570,1879.0,13.0,57.0,1.46253041511004
422934,1912.0,1347.0,115.0,0.871655789771756
185117,1913.0,27.0,174.0,5.51785158864393
107724,85.0,1908.0,45.0,-3.99475733525068
278481,11.0,1910.0,75.0,1.11422088059426
234767,1892.0,1922.0,60.0,-4.58935574459763
277851,1331.0,1911.0,75.0,1.72753868280364
170019,14.0,1889.0,51.0,-3.44993709617035
389750,163.0,1431.0,111.0,3.40820878219776
179778,160.0,1880.0,53.0,1.80338305614014
98807,1919.0,1916.0,44.0,7.38263905159115
257235,1875.0,15.0,72.0,-0.937503525691256
648612,1903.0,1902.0,54.0,-0.5349455503112299
270591,544.0,1912.0,74.0,16.0233033490027
113460,1915.0,1183.0,167.0,2.28708466023842
180787,229.0,544.0,53.0,-3.03885048766626
25955,1559.0,1893.0,4.0,-1.21355641812486
233883,5.0,1910.0,60.0,0.426951310969288
10452,13.0,1914.0,2.0,2.31287902610718
340929,3.0,1882.0,103.0,3.86134561293365
109759,1926.0,147.0,45.0,8.79879410720008
434295,1884.0,147.0,116.0,2.26920880336337
12685,1915.0,5.0,2.0,7.25627628378977
51434,82.0,544.0,7.0,-8.46799360068825
49362,1183.0,1878.0,7.0,-1.43197878944067
193586,1884.0,1911.0,176.0,-0.110055861939748
188379,1913.0,1898.0,175.0,5.90379076973909
189164,1907.0,1892.0,175.0,-3.30156868166582
26078,1431.0,1922.0,4.0,-0.434755370821404
109293,14.0,18.0,45.0,6.53247383565235
302134,150.0,1560.0,98.0,4.17790246998854
48107,83.0,1890.0,6.0,-3.31895589516501
114509,1919.0,1348.0,167.0,-18.2507702474506
216377,27.0,1884.0,55.0,-3.55702856661523
5213,748.0,18.0,1.0,-3.37920789412054
334650,1920.0,1891.0,102.0,-8.10860045248986
283489,1898.0,18.0,77.0,-2.02685723627276
107012,1881.0,1910.0,45.0,-1.65209010489534
425832,1332.0,1875.0,115.0,-0.54193935440828
359093,1431.0,13.0,108.0,3.01336524544481
398096,101.0,1900.0,112.0,2.86006495463118
169965,1430.0,544.0,51.0,2.42066729327566
176838,1891.0,1882.0,53.0,3.15973033629965
341527,1560.0,1914.0,104.0,-0.654701369199541
28984,83.0,1928.0,4.0,-0.612811184649903
169039,1342.0,1907.0,51.0,-2.06833443752793
303981,3.0,1224.0,98.0,1.07669008327941
53014,48.0,1332.0,7.0,0.853571000241554
174603,1926.0,1880.0,52.0,1.29259815861603
50509,1911.0,1923.0,7.0,-0.33745422216973
28988,48.0,1902.0,4.0,-6.14356203574037
319971,1920.0,1878.0,99.0,0.408260505061867
68380,1876.0,1881.0,12.0,-1.01435035642092
110313,1876.0,1908.0,45.0,7.44981119995973
52987,20.0,1882.0,7.0,-6.50186175818059
194620,1884.0,1893.0,176.0,-5.33397240503994
220085,1899.0,1898.0,56.0,-0.941106143879119
273331,47.0,1923.0,179.0,-5.73808246793765
88456,1913.0,1883.0,172.0,-0.0231069496025329
32792,1430.0,677.0,166.0,0.855199753101202
8658,1430.0,1902.0,1.0,0.708427562996785
267394,1183.0,1908.0,74.0,-1.94921459718418
8112,20.0,1882.0,1.0,1.27961034321405
330903,1560.0,1890.0,102.0,-3.63043086391249
316155,948.0,1926.0,99.0,2.62024996161176
635994,1885.0,1902.0,77.0,3.738216710191595
427655,1913.0,1560.0,115.0,-2.98453865924189
390636,1342.0,120.0,111.0,1.8942871497185
337662,136.0,5.0,103.0,-4.77613132118869
320897,1912.0,1921.0,100.0,-4.42472999753367
221565,604.0,146.0,56.0,-5.59508748109721
206296,229.0,13.0,177.0,0.730238003969565
337295,136.0,1911.0,103.0,-0.837848443032609
174116,1907.0,17.0,52.0,0.648249800173646
104977,1925.0,1342.0,173.0,5.26358643599424
185969,1915.0,120.0,174.0,-1.82237644124466
417424,48.0,1882.0,114.0,5.23704135220171
280613,655.0,1884.0,75.0,4.532479337126
220186,1430.0,1887.0,56.0,1.50230605506964
326923,1909.0,13.0,101.0,-1.01183075381841
51161,1897.0,1917.0,7.0,0.277725098855691
433585,1897.0,1337.0,116.0,-4.37660058503984
17636,83.0,1348.0,3.0,-14.1768765264112
388562,1882.0,677.0,111.0,-3.61829885566165
257584,1875.0,13.0,72.0,-0.993527090109023
107799,47.0,1918.0,45.0,1.26362179084093
330973,1183.0,1891.0,102.0,1.46969623366476
112605,1897.0,1922.0,167.0,-1.92068631171307
214016,1885.0,1912.0,55.0,7.71326798288221
229737,1891.0,131.0,58.0,2.16960714166528
50488,47.0,1907.0,7.0,-8.2325184652892
56596,1902.0,83.0,9.0,1.67424840205569
108283,1893.0,1923.0,45.0,1.71790139863688
43948,1880.0,1923.0,6.0,0.792320056011093
27210,604.0,1885.0,4.0,3.85029153527435
244099,82.0,1880.0,69.0,-7.3952801466859
268685,72.0,195.0,74.0,-3.49549722478334
33872,1877.0,1921.0,166.0,-3.48156396806596
283103,136.0,150.0,77.0,2.24798118527903
52771,1342.0,147.0,7.0,-1.20241291380542
32495,3.0,1901.0,166.0,1.19967225970706
236454,1891.0,1923.0,60.0,-0.0189028209237304
171473,147.0,47.0,52.0,0.0160364102782226
414800,1881.0,1894.0,114.0,8.84757250374573
168486,1893.0,120.0,51.0,4.34773061918704
333152,1884.0,164.0,102.0,3.48312708107196
60580,1183.0,1883.0,10.0,4.74670158349914
283148,1878.0,120.0,77.0,0.0605794961354183
312233,147.0,1923.0,186.0,1.09425436832915
286771,160.0,1878.0,77.0,0.914805110093752
63422,1905.0,1914.0,10.0,-6.46161240202538
199303,1895.0,1889.0,54.0,-0.0386706695923012
105025,1926.0,1560.0,173.0,5.35789483826116
332165,1884.0,1888.0,102.0,-7.04276319619271
161124,1881.0,11.0,168.0,5.22042945861674
332563,1431.0,18.0,102.0,0.842635997543607
399272,1876.0,1898.0,112.0,4.67833229046543
333380,1894.0,1901.0,102.0,2.6105183612208
60663,1894.0,1224.0,10.0,1.76887154514456
437695,655.0,83.0,116.0,1.00700559792942
105808,1896.0,1892.0,45.0,10.7107517340644
222806,160.0,1878.0,56.0,0.143662285317053
103059,1894.0,131.0,173.0,0.332564329400809
88038,72.0,1904.0,172.0,-7.5970049153185
58435,1925.0,1224.0,9.0,-3.69743286312311
282139,1881.0,1918.0,77.0,1.80270775791057
631700,101.0,1902.0,58.0,7.534232950844925
255369,20.0,1878.0,71.0,-2.88328717302818
342940,1893.0,1881.0,104.0,0.967751531551893
303380,1915.0,1891.0,98.0,4.27155714674784
246464,1904.0,1911.0,70.0,-0.384808003856939
170410,1924.0,48.0,51.0,-0.476152029282638
114977,604.0,83.0,167.0,2.77893754956052
46892,163.0,1895.0,6.0,4.78757966667241
331262,1908.0,1923.0,102.0,0.556052122282382
189947,544.0,229.0,175.0,-1.11520003948344
435125,1899.0,1908.0,116.0,-3.68444550701496
361442,3.0,1903.0,108.0,-3.3158976133267
262440,948.0,1671.0,73.0,-0.0175759399126516
85604,1894.0,1892.0,172.0,0.029584837916727
107791,1331.0,1882.0,45.0,-2.10283707288819
173757,85.0,1898.0,52.0,-1.73647291501681
114639,3.0,1430.0,167.0,-1.40136902796198
4876,195.0,1912.0,1.0,-0.463344139915053
68265,1925.0,1923.0,12.0,1.0030425454287
193600,13.0,18.0,176.0,0.276230832380629
189043,1909.0,1908.0,175.0,-0.810071769410702
163495,1884.0,1916.0,168.0,-0.297597009789056
211693,3.0,1348.0,178.0,-0.815320737438555
285075,48.0,1923.0,77.0,13.2779325603624
344678,1915.0,146.0,104.0,3.29525480956644
325434,544.0,1337.0,100.0,0.68209383353382
15914,1886.0,1910.0,3.0,-5.07933950943697
271153,1332.0,85.0,74.0,-1.7774252140275
270578,655.0,1224.0,74.0,5.73286684713951
266067,14.0,47.0,73.0,-3.56006119411296
201153,48.0,1904.0,54.0,-0.695239859115712
317833,1885.0,1923.0,99.0,1.6240797769498
63020,83.0,1901.0,10.0,-9.72468189672555
401158,27.0,1559.0,112.0,-0.72704806129004
253644,82.0,47.0,71.0,7.77924103107161
414040,1894.0,1910.0,114.0,2.56839047242242
303781,1920.0,1875.0,98.0,1.8131735724309
237315,1926.0,1913.0,60.0,6.82480846823194
194118,163.0,1911.0,176.0,1.71987041176152
71328,120.0,1886.0,13.0,3.27512495084306
202002,655.0,1903.0,54.0,-1.60088581336564
314290,163.0,1224.0,186.0,1.37869083765418
272549,1902.0,1882.0,179.0,0.895816927736772
236804,48.0,47.0,60.0,-6.59765336428296
99923,3.0,1342.0,44.0,4.21040165577609
14897,1890.0,1901.0,3.0,8.17554912584411
265734,14.0,15.0,73.0,12.3328527488701
193722,1885.0,1923.0,176.0,11.3057579305116
241471,5.0,1921.0,69.0,-0.769448940412931
235256,120.0,1908.0,60.0,1.16424903680157
229115,147.0,1927.0,58.0,2.549593865633
192810,1883.0,131.0,176.0,0.476406608966864
325382,1915.0,1890.0,100.0,-1.95455779184091
17457,1920.0,11.0,3.0,4.57442859135886
88690,14.0,146.0,172.0,1.45722394647626
10654,1912.0,1331.0,2.0,-1.27830671403716
105358,82.0,1919.0,173.0,3.58985197318656
48577,1559.0,1921.0,7.0,-0.0422404186568125
337892,1886.0,18.0,103.0,-0.037738938776595
242615,1894.0,1882.0,69.0,9.10711797038577
313511,3.0,1331.0,186.0,-23.7879576984018
65459,120.0,1923.0,12.0,-3.04001062572011
64524,1926.0,1671.0,10.0,-0.766173396541771
369436,1881.0,11.0,180.0,6.4176866722806
175973,655.0,1560.0,52.0,1.06538834497229
70198,1926.0,1337.0,12.0,2.94964871954084
7903,604.0,147.0,1.0,2.81424791876574
108210,1878.0,1895.0,45.0,-5.04987675797743
26007,1900.0,13.0,4.0,5.63751836033056
178111,1904.0,1908.0,53.0,0.0754238299605665
52790,1919.0,1886.0,7.0,4.39335290837445
112195,1902.0,788.0,167.0,3.22230980223331
370772,1926.0,1893.0,180.0,15.5421781594805
396841,195.0,11.0,112.0,1.55501732319299
251906,1881.0,1923.0,71.0,-1.05118538585138
114539,1337.0,5.0,167.0,-15.5969336151569
74161,27.0,101.0,13.0,0.153954478870505
244117,1905.0,1914.0,69.0,4.3808861725782
181257,1919.0,1903.0,53.0,-8.31819540825892
372565,1879.0,677.0,109.0,0.955912108687026
61017,1893.0,1917.0,10.0,-3.83343097135896
13221,3.0,1876.0,2.0,10.5475555661274
201202,604.0,1896.0,54.0,0.077078017084893
434376,1902.0,1920.0,116.0,0.302809177602548
26992,1430.0,1883.0,4.0,5.56899610208289
200962,1342.0,1891.0,54.0,-4.33139788606855
200886,160.0,5.0,54.0,5.03035123637167
314555,1925.0,1920.0,186.0,-3.27547958273809
390058,1877.0,1905.0,111.0,-6.52335188104287
46903,229.0,17.0,6.0,11.1244394265743
167014,948.0,136.0,51.0,-1.1456776014031
197406,1880.0,1901.0,54.0,0.0959017613234282
260204,1915.0,120.0,72.0,3.45085379559742
241742,13.0,5.0,69.0,3.72443341266528
175411,1925.0,1875.0,52.0,-3.01187897760849
204112,1347.0,11.0,177.0,-1.05032646745134
237792,604.0,20.0,60.0,-6.05792142049324
47779,1920.0,1671.0,6.0,-26.1907419203726
113824,163.0,1885.0,167.0,2.46624524828108
215915,82.0,1901.0,55.0,-4.94895212772561
28000,1920.0,1430.0,4.0,-0.326815835701931
29651,1880.0,146.0,166.0,-4.86564054768922
187819,1903.0,1916.0,175.0,-9.43662336305737
115284,82.0,1337.0,167.0,0.900841249591785
401550,1906.0,1560.0,112.0,0.322922855835756
333274,1183.0,1885.0,102.0,0.182506862260229
344323,14.0,1875.0,104.0,-2.22595834855988
244325,163.0,1891.0,69.0,1.52932734821827
15301,131.0,1921.0,3.0,-2.41917841947489
437345,1925.0,1889.0,116.0,-0.862045863317403
313997,1925.0,1895.0,186.0,3.12860307712577
390395,1926.0,1917.0,111.0,-13.508903213916
107271,1902.0,1911.0,45.0,-3.72438832145935
220010,101.0,1880.0,56.0,7.09976820140338
206592,1906.0,136.0,177.0,4.19002635287436
241072,1894.0,1912.0,69.0,-0.661972148141006
237407,160.0,163.0,60.0,1.5932289520473
45454,85.0,1916.0,6.0,-0.602786595185008
213572,1887.0,1927.0,55.0,3.53769464543332
423666,1880.0,150.0,115.0,2.29630571453934
325090,1925.0,948.0,100.0,9.19715941732727
223802,13.0,1901.0,57.0,7.29583791659914
246357,1885.0,1884.0,70.0,-1.8317766446795
207704,1559.0,1903.0,178.0,-1.90404171878095
647731,1897.0,1902.0,166.0,0.5844763488585996
269171,1920.0,1908.0,74.0,0.604461868780548
227964,1925.0,1671.0,57.0,2.05603668059621
167318,136.0,13.0,51.0,-1.98516959817632
372917,1916.0,1917.0,109.0,-4.18726612542149
113673,1924.0,1887.0,167.0,0.87099924724629
5941,1913.0,150.0,1.0,1.20545579623511
26622,1902.0,15.0,4.0,0.125414821240433
172539,146.0,1927.0,52.0,5.43219758391547
311168,1894.0,5.0,186.0,1.06570673715575
417411,1925.0,677.0,114.0,-3.94079805802194
208489,1902.0,27.0,178.0,-0.139885505990177
193454,47.0,1347.0,176.0,-0.460513075023355
173407,1560.0,1882.0,52.0,-0.954266711927596
242146,120.0,17.0,69.0,-0.300315624080406
328736,1337.0,1883.0,101.0,-2.24903084780243
425573,1878.0,1886.0,115.0,2.41686393116008
253795,20.0,72.0,71.0,-0.379344624141052
247678,1911.0,1927.0,70.0,4.98564411244349
337563,1920.0,150.0,103.0,1.51245048402447
222178,1342.0,1889.0,56.0,-3.70545447289313
220667,1431.0,1917.0,56.0,-6.34134091995822
175463,20.0,1895.0,52.0,-5.93434784204526
173586,131.0,11.0,52.0,-1.23079831351409
201349,1905.0,13.0,54.0,1.29796150178856
106068,18.0,1921.0,45.0,-7.23920583814678
316020,85.0,1916.0,99.0,4.53285617621471
16534,82.0,1921.0,3.0,-9.70407193249212
86395,146.0,18.0,172.0,8.14798066907964
399422,1907.0,1911.0,112.0,1.08479791379161
109457,1925.0,1875.0,45.0,5.26064215532308
31826,1878.0,1893.0,166.0,1.21313225527921
327355,136.0,1878.0,101.0,-1.7981677622948
168791,1881.0,1900.0,51.0,6.48249718451738
320468,1897.0,15.0,100.0,-2.56951962594027
315129,146.0,1928.0,186.0,-2.66800474583225
178909,47.0,1893.0,53.0,-2.70275541858735
183027,1912.0,1883.0,174.0,-2.92810142851244
108907,1337.0,131.0,45.0,-31.9280646451408
110180,1913.0,1560.0,45.0,1.91816638949896
253465,1896.0,13.0,71.0,-12.8245992696438
331824,136.0,18.0,102.0,-0.981482848429236
251802,1878.0,1911.0,71.0,-1.00400670054319
170923,1913.0,1560.0,51.0,-1.92351426467591
167642,1183.0,147.0,51.0,1.70175470192742
60008,1896.0,1889.0,10.0,5.87588878091091
99189,655.0,1884.0,44.0,-1.43378335865569
235081,1878.0,1910.0,60.0,3.17320818946433
436818,1915.0,1904.0,116.0,4.73788149711078
373818,1885.0,15.0,109.0,-1.33067189014478
45842,136.0,1879.0,6.0,-6.42485464404775
320093,1926.0,1906.0,99.0,-7.29501220399026
323448,1915.0,1183.0,100.0,0.58241173428271
396878,1894.0,1909.0,112.0,1.85845712811485
28366,3.0,136.0,4.0,-3.3266827213217
204038,1899.0,15.0,177.0,0.418625575052166
4051,163.0,788.0,1.0,3.644260873689
436814,1924.0,1347.0,116.0,3.36569285122927
54547,1904.0,1923.0,9.0,-1.09654347644389
183226,1894.0,1347.0,174.0,-2.38893323503743
342277,136.0,1912.0,104.0,-0.92902636386194
253005,948.0,5.0,71.0,-4.37440727449353
376369,163.0,1348.0,109.0,-3.65182733481175
344999,1913.0,1431.0,104.0,0.261113977866152
315693,150.0,1914.0,99.0,2.56363486172566
67547,1875.0,150.0,12.0,1.65116303648614
106329,1879.0,1917.0,45.0,0.850752994884124
251885,47.0,1903.0,71.0,14.3683901958544
171957,1920.0,1899.0,52.0,0.365082875111337
63333,229.0,163.0,10.0,-2.26462313818817
194743,1915.0,1899.0,176.0,4.3652200942177
279776,83.0,1183.0,75.0,3.10379879373516
425346,146.0,1560.0,115.0,-0.344987939804165
45811,1889.0,1348.0,6.0,5.99818774625255
200488,160.0,1926.0,54.0,-2.45685404339968
113485,1342.0,1919.0,167.0,0.809545094525463
28535,82.0,1927.0,4.0,-25.4307009374401
325787,1348.0,15.0,101.0,0.130152314437189
215390,1888.0,1912.0,55.0,-6.54292495139129
24633,1899.0,1916.0,4.0,1.89501277622189
110445,1923.0,1928.0,45.0,0.652773572104012
222197,655.0,1889.0,56.0,-3.49340145049659
51545,1925.0,18.0,7.0,-0.312745669802139
98182,14.0,788.0,44.0,-1.14733240272473
89974,604.0,1671.0,172.0,0.547005797309436
265546,229.0,136.0,73.0,4.7190496969345
171284,1342.0,1928.0,51.0,-4.12676869553493
262234,147.0,1916.0,73.0,0.184133933266332
217693,14.0,47.0,55.0,-5.97504910664404
215050,1908.0,1918.0,55.0,-8.31536278198398
99303,48.0,1905.0,44.0,-8.31955534951332
4683,195.0,788.0,1.0,-6.81627773742864
331026,1878.0,5.0,102.0,-7.08631466555385
214853,1901.0,1923.0,55.0,-1.94495874727136
111514,1896.0,1916.0,167.0,-5.19022517401324
7328,3.0,11.0,1.0,2.97367718235482
9650,1895.0,1671.0,2.0,4.45197259660136
168181,1888.0,13.0,51.0,0.726053552393776
32561,1342.0,5.0,166.0,3.6080683860433
74563,1332.0,1348.0,13.0,-0.548352695915248
212858,1899.0,788.0,55.0,-10.678982396057
250258,20.0,1886.0,70.0,-7.17382446056258
166114,147.0,1911.0,51.0,4.89681829009387
8854,1884.0,120.0,2.0,-5.04892598273453
29780,1875.0,1671.0,166.0,-1.74207777452329
109757,48.0,147.0,45.0,1.15213012461092
346398,20.0,1928.0,104.0,-4.02190542208464
215389,1903.0,1671.0,55.0,-10.9526474575683
320105,160.0,1906.0,99.0,-6.70911366183647
213013,1887.0,748.0,55.0,4.25209940745332
317810,82.0,1910.0,99.0,1.20082241434176
214150,101.0,1899.0,55.0,-5.36648261305451
168133,1559.0,1889.0,51.0,-0.534180562240056
434068,1183.0,1560.0,116.0,1.86354316412285
224072,1902.0,1892.0,57.0,-3.19458200076516
397335,1899.0,11.0,112.0,-2.66415579702413
434011,1880.0,1921.0,116.0,-1.36584162171272
187956,1903.0,1898.0,175.0,-1.00271770158342
273945,1911.0,13.0,179.0,0.412803109436502
199461,1891.0,1889.0,54.0,-0.150248533797361
34091,229.0,1910.0,166.0,-0.305408353219288
26101,1907.0,1914.0,4.0,-4.45532632294832
174320,14.0,1183.0,52.0,-1.28825093452062
345630,1877.0,1927.0,104.0,-0.484450469929173
284405,1895.0,1921.0,77.0,1.55248068849001
357358,1889.0,1890.0,108.0,1.63560818122202
102496,948.0,101.0,173.0,6.51594756181262
95709,1902.0,1431.0,44.0,35.2836533781591
332826,1893.0,1887.0,102.0,2.76361937456907
169191,1919.0,164.0,51.0,2.49680256134042
338724,120.0,1917.0,103.0,-5.19280553797535
399292,1881.0,1907.0,112.0,-5.4436548940015
236588,1878.0,1917.0,60.0,-0.0442888200519073
87830,1906.0,1911.0,172.0,0.942932683446106
339521,20.0,1909.0,103.0,-7.31487725059781
167950,1895.0,72.0,51.0,-1.6635783308234
320991,14.0,1911.0,100.0,-2.97207061236938
266421,1893.0,1896.0,74.0,-8.17694281959123
11515,229.0,1883.0,2.0,-3.04266024739622
216338,1915.0,1904.0,55.0,1.47982737602152
59344,1927.0,1928.0,9.0,-2.55053215633353
251812,1560.0,1224.0,71.0,-6.72187290881344
374878,47.0,1888.0,109.0,-0.232580907545511
397781,1886.0,72.0,112.0,3.36448525975073
399941,1919.0,195.0,112.0,-0.619760068214527
180516,48.0,1904.0,53.0,0.772771291808833
341304,1875.0,1895.0,104.0,-1.95929732064573
191147,27.0,1224.0,175.0,1.04765186913132
246356,1880.0,1348.0,70.0,-0.70093802677026
300658,136.0,1898.0,98.0,-3.94260885985151
177174,1897.0,13.0,53.0,-7.51459133445683
171412,1559.0,85.0,52.0,-1.03050111000464
274911,160.0,1880.0,179.0,0.35871231741572
11908,163.0,1914.0,2.0,1.42831002740484
106635,1183.0,13.0,45.0,-2.80585061963514
262884,72.0,5.0,73.0,0.551162275485282
197977,1912.0,1431.0,54.0,0.781834927151404
250993,1897.0,83.0,71.0,1.1781787713222
68921,1430.0,1884.0,12.0,-0.556605108821588
27001,1925.0,18.0,4.0,0.528722180678038
180799,229.0,1559.0,53.0,-6.03217480578737
172045,1878.0,1896.0,52.0,4.45732339161301
434692,120.0,1916.0,116.0,2.31443227888477
50353,1893.0,1348.0,7.0,-0.945957250788629
193047,1887.0,5.0,176.0,2.96035458341553
312449,1897.0,1893.0,186.0,1.03055803656956
313458,163.0,1909.0,186.0,3.38324778688486
375806,1332.0,17.0,109.0,-5.68328258899478
252410,1898.0,1882.0,71.0,-0.945161492484767
313939,655.0,150.0,186.0,5.49602545602145
212228,82.0,1878.0,178.0,-3.79659470474213
341840,1897.0,1920.0,104.0,-1.22164007439513
375155,20.0,1923.0,109.0,-3.71663401940728
15129,1885.0,788.0,3.0,8.64166402922607
359235,1915.0,1887.0,108.0,0.222038067650636
342244,1884.0,1882.0,104.0,-1.9144747615047
105460,1332.0,1902.0,173.0,-23.5213200732938
300693,1898.0,1922.0,98.0,-8.80868892480693
240952,1891.0,1331.0,69.0,-2.49290507004192
311091,1881.0,1348.0,186.0,7.00484386175576
109965,1919.0,1906.0,45.0,13.8232467906402
276760,15.0,1902.0,179.0,-2.95915002581358
304699,1925.0,15.0,98.0,0.491671579070251
163927,655.0,82.0,168.0,13.5312628929136
4404,101.0,1900.0,1.0,1.57119892285758
59101,48.0,3.0,9.0,8.4547991496106
334628,1877.0,101.0,102.0,8.20984292806693
255835,1224.0,1902.0,71.0,4.7190542085164
268987,748.0,1912.0,74.0,3.21535978342462
337115,1903.0,1897.0,103.0,-7.60125726425138
9704,150.0,1882.0,2.0,2.6457584591372
45824,1886.0,47.0,6.0,-6.74871788891933
267457,1893.0,1923.0,74.0,0.232262416883247
253774,1925.0,1883.0,71.0,-1.03558674209637
342271,1886.0,1907.0,104.0,-0.921454246911446
179879,1906.0,146.0,53.0,1.29555831994114
285794,1924.0,1891.0,77.0,6.82368421298852
86988,1183.0,72.0,172.0,7.1391847714359
272348,13.0,1890.0,179.0,-2.24201560017945
377403,1332.0,1902.0,109.0,0.150456966027905
29655,1887.0,1348.0,166.0,-10.5129673799315
17751,1926.0,1877.0,3.0,-0.489342699043236
427713,1925.0,1882.0,115.0,0.886547888108379
14581,1918.0,1927.0,3.0,-5.64469226334605
63620,1926.0,11.0,10.0,-1.8472375213689
359954,229.0,1901.0,108.0,-2.3884617518745
212859,195.0,1892.0,55.0,-4.04342628339674
304385,1877.0,1671.0,98.0,-16.6009015102521
434629,1880.0,1907.0,116.0,2.51815630832084
341253,1877.0,1928.0,103.0,2.80417058328528
281293,1332.0,1559.0,75.0,0.92370795646715
206084,1924.0,17.0,177.0,-6.54876405220531
436347,1913.0,1331.0,116.0,-15.1357764677747
187704,1183.0,1921.0,175.0,-4.95236822566885
231543,27.0,1183.0,58.0,-7.18905133210996
345236,1876.0,1889.0,104.0,-6.45986807376413
203631,1898.0,13.0,177.0,-3.18601632202563
199753,1885.0,1911.0,54.0,0.579028073855009
95624,147.0,1881.0,44.0,-1.11893568857197
66451,1902.0,1337.0,12.0,0.0906974835816356
399961,3.0,1880.0,112.0,-2.15462275678674
268081,1875.0,1899.0,74.0,-6.55881391518437
621847,101.0,1902.0,168.0,5.40692028313758
267092,1912.0,1918.0,74.0,1.00206553705444
238481,1332.0,1882.0,60.0,-2.63446098141266
208201,150.0,1918.0,178.0,-0.0103632208006362
172020,3.0,1332.0,52.0,-2.01152429743614
215778,1905.0,1907.0,55.0,2.94719084641675
16549,83.0,1923.0,3.0,6.40615883948644
59952,47.0,164.0,10.0,6.78526797928909
341910,1887.0,1883.0,104.0,0.39134706286146
49509,150.0,1881.0,7.0,5.06220190802115
255710,604.0,14.0,71.0,-10.7277975576275
13641,1347.0,1928.0,2.0,-26.0923600319951
232633,160.0,1875.0,58.0,3.18618003286987
100115,160.0,1878.0,44.0,-2.77103233494397
109901,14.0,1906.0,45.0,17.5404460541019
164374,1905.0,1885.0,168.0,1.30970125073769
316707,1880.0,1560.0,99.0,1.82840016353656
72786,1889.0,1914.0,13.0,1.57556892454479
323766,604.0,1926.0,100.0,4.30338952801968
69138,229.0,1918.0,12.0,5.35892263069553
6857,160.0,1881.0,1.0,1.27652223308611
30410,85.0,1893.0,166.0,5.89867945509839
187540,85.0,11.0,175.0,-0.857401619406037
396977,1875.0,1880.0,112.0,-0.0288431985681212
415538,604.0,1883.0,114.0,-14.0052621293189
282931,85.0,1912.0,77.0,6.20309913939254
339355,1905.0,195.0,103.0,4.25856833386896
279809,1925.0,1919.0,75.0,1.83376128629699
102063,1895.0,1927.0,173.0,0.713452249961759
193086,195.0,1890.0,176.0,5.66012211962084
199680,150.0,1901.0,54.0,3.25195169849542
226864,3.0,131.0,57.0,-4.42596378981814
398768,1893.0,17.0,112.0,0.956490485211126
101368,15.0,11.0,173.0,-3.5554457252373
266731,150.0,1918.0,74.0,4.62387530832707
74383,1926.0,150.0,13.0,4.80967610695253
11769,655.0,72.0,2.0,-1.54249774598416
18888,1925.0,1902.0,3.0,4.14082076514616
186213,1920.0,1560.0,174.0,-5.04662588003796
260221,1919.0,1430.0,72.0,-0.352055869290258
339689,229.0,131.0,103.0,10.5867748833146
10768,1896.0,1890.0,2.0,-4.03237950328775
264720,1332.0,11.0,73.0,-1.55115722936501
357137,1912.0,18.0,108.0,4.63961460403898
208485,1881.0,1921.0,178.0,-3.78256471086115
345272,1342.0,1915.0,104.0,-9.96526942748111
629443,1904.0,1902.0,56.0,2.217207056616816
265065,1924.0,1915.0,73.0,-0.226682603649828
238717,544.0,677.0,60.0,-7.37083463333952
72647,1560.0,1927.0,13.0,-0.512568169622422
75221,3.0,748.0,13.0,-9.45051509217952
66259,1884.0,1886.0,12.0,3.75728071605554
249101,1332.0,1331.0,70.0,14.0589473219707
233287,83.0,15.0,58.0,-14.0741076464939
206461,229.0,1889.0,177.0,-7.92223655066921
259469,1342.0,131.0,72.0,5.10233822516614
197386,1889.0,1909.0,54.0,-1.72954350187505
267363,1894.0,1882.0,74.0,5.35142262336413
52308,1913.0,1906.0,7.0,7.3670237368557
376687,1905.0,1430.0,109.0,3.1545006982567
51254,1920.0,1908.0,7.0,3.97130340260194
251164,1348.0,1916.0,71.0,-4.94999924373105
188595,1883.0,1431.0,175.0,-6.97002016180174
390041,160.0,1895.0,111.0,1.31951966790184
73508,48.0,1907.0,13.0,2.38725331936326
262011,47.0,13.0,73.0,0.71784486778896
310648,1560.0,1224.0,186.0,-1.29160256363875
247578,1883.0,1893.0,70.0,0.383876392845397
207324,1924.0,1925.0,177.0,13.5723920839645
371759,1876.0,1337.0,180.0,-8.35955489683466
210918,3.0,1914.0,178.0,4.44660445475105
26344,1348.0,1347.0,4.0,8.45221323152372
71790,1560.0,1910.0,13.0,-11.8541071913552
17652,3.0,1905.0,3.0,0.126505722486152
322353,1913.0,1899.0,100.0,5.10209466071594
166229,1883.0,17.0,51.0,2.29708337945502
237168,1915.0,229.0,60.0,-5.09618137298833
247557,146.0,1888.0,70.0,8.23917917512282
73124,1916.0,1914.0,13.0,7.13548774955854
228054,1905.0,1900.0,57.0,0.697864879572297
246431,164.0,1904.0,70.0,-1.66556727663366
24421,101.0,1882.0,4.0,6.98508653758544
265584,604.0,83.0,73.0,-3.38879229170463
275987,1915.0,1917.0,179.0,-0.0405581029486219
210692,27.0,1883.0,178.0,-3.46108776099241
208585,1891.0,1912.0,178.0,6.43089774022888
197854,1878.0,1922.0,54.0,-0.209664794614428
340430,1905.0,120.0,103.0,0.700527750915667
318728,160.0,163.0,99.0,-2.40170024499422
243900,160.0,1901.0,69.0,3.59213783249804
168417,1878.0,72.0,51.0,0.171113148443765
284371,1879.0,1892.0,77.0,0.640677519699112
425776,27.0,14.0,115.0,9.99962193802373
88815,83.0,1916.0,172.0,-0.140561539695286
326681,1921.0,1918.0,101.0,19.232999581913
109542,3.0,1348.0,45.0,-7.03244345922055
275302,1919.0,1431.0,179.0,0.0548473622985516
162364,1898.0,1431.0,168.0,19.2032446779264
75518,1342.0,15.0,13.0,-1.403528995067
436359,655.0,72.0,116.0,3.39905864023116
304722,27.0,1921.0,98.0,-20.9613303463848
88117,1926.0,1899.0,172.0,1.71837750839413
185455,83.0,1893.0,174.0,4.07891367040907
282602,1895.0,1890.0,77.0,-3.94486452673524
162842,1894.0,5.0,168.0,2.01354930452578
389741,14.0,17.0,111.0,-0.0701726700086586
321888,1883.0,1331.0,100.0,4.59042511299014
302894,20.0,1901.0,98.0,-2.82014698960181
166473,164.0,1914.0,51.0,-3.74643869109562
223494,17.0,1918.0,57.0,2.91579300863073
389580,82.0,18.0,111.0,-9.02885923760069
6795,1877.0,1885.0,1.0,16.5723162885653
187723,20.0,1899.0,175.0,1.56359005383402
281489,1924.0,1671.0,75.0,-7.54207422923426
105758,1898.0,1922.0,45.0,-1.83972016951539
177317,136.0,1875.0,53.0,2.32679283812769
95706,146.0,1890.0,44.0,4.53933785430539
424966,47.0,1348.0,115.0,0.714971638570209
49481,1560.0,1224.0,7.0,-2.78731649469635
15618,47.0,1907.0,3.0,-2.46790784948976
258734,604.0,1183.0,72.0,1.95852638093204
255808,131.0,1902.0,71.0,-0.471158468188382
99450,1919.0,5.0,44.0,-4.28871156620307
14017,1906.0,1332.0,3.0,-7.15595188150277
14644,1916.0,1914.0,3.0,-1.74035739879897
327262,1891.0,147.0,101.0,-5.10558593658382
315421,72.0,11.0,99.0,-0.519456867010911
185935,229.0,48.0,174.0,-7.87921014710179
60791,1897.0,1877.0,10.0,-9.58242800798471
331909,1900.0,1911.0,102.0,-1.1130757341932
184285,1891.0,1921.0,174.0,-5.7190052861614
249757,48.0,20.0,70.0,-7.54253035439455
100778,1883.0,15.0,173.0,0.614604365817537
31428,195.0,1927.0,166.0,-0.370775651898552
267399,1559.0,1899.0,74.0,2.19651314534284
286890,1342.0,1903.0,77.0,-10.4713602392744
10792,1559.0,147.0,2.0,5.65201961973381
257853,1904.0,1921.0,72.0,1.69359027016819
102398,1904.0,1927.0,173.0,-3.72461420162409
3561,1893.0,1912.0,1.0,1.18341940801554
237935,604.0,1879.0,60.0,4.9440537700675
170786,1876.0,15.0,51.0,-0.37518025763026
166953,1897.0,120.0,51.0,-7.35395643311334
388575,948.0,1918.0,111.0,-3.03961035350866
370632,20.0,101.0,180.0,-7.42595707396184
252787,1559.0,1890.0,71.0,1.49184912633752
201020,163.0,1884.0,54.0,-1.21761294931222
172022,1879.0,47.0,52.0,-1.10836490007276
268788,1912.0,1907.0,74.0,1.478360665864
100585,1886.0,1904.0,173.0,-16.3734610364998
164193,14.0,229.0,168.0,-3.50690411874961
17443,48.0,1893.0,3.0,23.976861480694
371711,83.0,20.0,180.0,1.83092524717108
71239,1893.0,1901.0,13.0,-1.17131421653016
343496,1878.0,120.0,104.0,-3.76111800870751
247202,1891.0,1431.0,70.0,4.03186762710169
73361,163.0,1908.0,13.0,-2.27622517488483
399234,1912.0,1881.0,112.0,0.368612266191957
69938,1920.0,677.0,12.0,1.85529823897409
97231,131.0,1890.0,44.0,9.02214316745976
161464,1331.0,1927.0,168.0,0.412547995288271
201737,1919.0,1906.0,54.0,3.95710093696845
232205,1915.0,1431.0,58.0,2.24733204555466
67899,1909.0,1910.0,12.0,-2.30357959205994
276754,1912.0,1902.0,179.0,3.781800898247
45355,1875.0,1894.0,6.0,-1.2111116891752
206523,3.0,1912.0,177.0,-0.297485328038679
231313,1891.0,1918.0,58.0,-3.8969842280513
433371,1891.0,1918.0,116.0,1.60031145626426
29340,1183.0,1893.0,166.0,11.2016164262354
327697,72.0,18.0,101.0,2.56795475133762
374659,136.0,1897.0,109.0,-0.14855839579616
321362,1431.0,1331.0,100.0,1.11917288588805
100743,1895.0,17.0,173.0,4.13364913169694
285849,48.0,101.0,77.0,-2.10901357499477
101974,14.0,1899.0,173.0,1.49425399913514
182383,1876.0,1910.0,174.0,0.418401724487923
280379,1913.0,17.0,75.0,0.973254941036835
368501,1879.0,147.0,180.0,2.17218067328698
220884,3.0,1922.0,56.0,2.40430675526127
424119,1347.0,1890.0,115.0,-1.75396896036943
66582,1882.0,1927.0,12.0,-5.37167162211049
326774,948.0,1900.0,101.0,9.01926911584204
244775,3.0,1917.0,69.0,-0.199106777224952
433180,1347.0,1901.0,116.0,-3.12557904725428
339989,1919.0,18.0,103.0,11.8882567610272
101539,1891.0,17.0,173.0,1.27826991799935
50182,47.0,1910.0,7.0,11.7442490956113
265062,229.0,1904.0,73.0,4.97953969165863
32908,1924.0,11.0,166.0,1.63009798877398
414793,146.0,1914.0,114.0,-0.0866722368749171
302794,1915.0,164.0,98.0,2.0073567295764
209902,1875.0,1895.0,178.0,-4.80194312129613
102746,1878.0,13.0,173.0,-0.586146887159092
28137,1924.0,1917.0,4.0,-2.81132810370368
259016,1877.0,1906.0,72.0,0.111799964186454
328216,1884.0,72.0,101.0,5.39293782682285
97264,1431.0,1900.0,44.0,11.2084579451877
412748,47.0,131.0,114.0,-9.54656214259038
224875,1901.0,1921.0,57.0,-5.1563547782981
248989,544.0,18.0,70.0,0.304242916493655
45775,948.0,1337.0,6.0,-0.936009994226582
193409,147.0,1890.0,176.0,0.30461161123195
435922,948.0,1559.0,116.0,3.21020186808788
400981,1915.0,1430.0,112.0,0.626307373445909
202194,85.0,1928.0,54.0,-2.86722097114756
260279,163.0,1888.0,72.0,2.65856124526211
238206,82.0,1888.0,60.0,0.444659749031
437401,1924.0,1224.0,116.0,1.54437460491375
377085,1919.0,1922.0,109.0,5.20664065789028
192967,1881.0,1897.0,176.0,7.17450597887776
304801,18.0,1902.0,98.0,-7.80988002321669
162656,1224.0,1892.0,168.0,0.348732905303977
13036,1337.0,1671.0,2.0,-4.30954705508143
280719,1925.0,1905.0,75.0,1.13386263886751
100182,1915.0,1922.0,44.0,-0.664905686913884
270360,48.0,1904.0,74.0,11.3175403576467
101823,195.0,1927.0,173.0,-3.13386621018471
71623,948.0,1913.0,13.0,-5.00547637025319
205498,82.0,195.0,177.0,4.39557952328952
367387,1897.0,1914.0,180.0,-4.12803864355749
57191,82.0,164.0,9.0,10.0722659901994
8238,229.0,748.0,1.0,2.88118240291472
31558,1671.0,788.0,166.0,-1.38753941017255
426778,1877.0,1915.0,115.0,1.6754967050628
313954,1337.0,1879.0,186.0,-7.54833916972467
162115,1894.0,1882.0,168.0,0.700935243808963
52969,163.0,1342.0,7.0,5.94083420227855
282248,72.0,1923.0,77.0,-0.549887723667042
89817,1332.0,1559.0,172.0,-3.51830632770084
60857,1348.0,1907.0,10.0,-4.30861256277576
413477,1671.0,1923.0,114.0,-0.412316003131606
213587,1894.0,1888.0,55.0,-2.9048609739517
209900,47.0,120.0,178.0,-2.82533735212937
194355,1883.0,1921.0,176.0,0.529425975355192
248368,1893.0,1898.0,70.0,2.70345708227523
227151,1905.0,1889.0,57.0,1.74503508943495
311744,1894.0,1560.0,186.0,-1.64214996498412
186724,120.0,1928.0,174.0,-5.60388993190634
376120,14.0,544.0,109.0,-4.10808601775401
390434,20.0,136.0,111.0,-5.29563750210205
99622,1926.0,1559.0,44.0,0.630529256770839
247457,1912.0,1914.0,70.0,-5.27461735291356
85520,1879.0,1927.0,172.0,-2.22414014879635
228233,1925.0,1910.0,57.0,1.63521108860288
436004,82.0,47.0,116.0,-9.80803391487233
424484,948.0,788.0,115.0,0.494473783478407
316335,101.0,1891.0,99.0,8.8092079772885
109847,3.0,136.0,45.0,3.64041258698554
313280,163.0,229.0,186.0,3.98627386667203
224022,1923.0,1927.0,57.0,-6.45597483998471
437920,1920.0,1878.0,116.0,1.05660097433626
435971,163.0,1908.0,116.0,-0.313421511084368
399360,1430.0,150.0,112.0,4.46965040217352
73445,655.0,47.0,13.0,8.25754581617229
333989,1919.0,1901.0,102.0,-1.93922527136662
208988,136.0,1880.0,178.0,-2.80792161696542
281417,1924.0,948.0,75.0,3.12093367809854
326445,1894.0,1224.0,101.0,1.64631556912665
26404,1183.0,1907.0,4.0,4.04224501698283
172560,163.0,1332.0,52.0,-2.90228637899711
14286,1904.0,1901.0,3.0,-4.55227235443335
162573,1888.0,11.0,168.0,0.690568494086625
200657,1332.0,1885.0,54.0,-4.09747303056507
60098,1885.0,1895.0,10.0,3.72113845869276
233646,195.0,1928.0,58.0,-9.17309920748248
65026,1912.0,1902.0,10.0,-4.85058608781029
183614,1878.0,1331.0,174.0,-7.29656640042475
197573,1885.0,1917.0,54.0,-1.87374221405994
436068,3.0,47.0,116.0,-11.7470824622857
322842,748.0,1903.0,100.0,-0.928079783494615
201897,1332.0,1903.0,54.0,-2.3215558230613
264261,163.0,1913.0,73.0,5.41105126794365
112450,1903.0,1917.0,167.0,-8.71917482980036
203423,1331.0,147.0,177.0,-0.254951022339377
8205,83.0,1903.0,1.0,-8.86705985408824
253510,1895.0,1896.0,71.0,4.29834917453188
329489,1337.0,1879.0,101.0,-5.07489797779472
75049,1920.0,83.0,13.0,-0.234378314012208
226180,1906.0,1875.0,57.0,4.94708951290506
222275,544.0,1224.0,56.0,-0.244197136854047
435493,1880.0,788.0,116.0,-13.6599528085854
213879,948.0,1905.0,55.0,6.56054249917856
396947,1889.0,1671.0,112.0,-3.25120766584579
51002,1879.0,1909.0,7.0,0.56160368624159
271421,1879.0,1928.0,74.0,0.274422138025904
260892,1889.0,788.0,72.0,1.79140061372299
114912,3.0,1920.0,167.0,-4.94696809685796
87295,1888.0,1901.0,172.0,-7.44282039893407
209760,1902.0,163.0,178.0,13.4234250557735
205261,1430.0,1183.0,177.0,-7.26619644960597
115628,20.0,1902.0,167.0,-9.2128651303308
388660,1896.0,13.0,111.0,-4.97396956714425
96726,1887.0,13.0,44.0,1.90580188290434
264441,1920.0,1331.0,73.0,-8.62815989229459
269123,1888.0,1900.0,74.0,1.09035862626239
113927,1919.0,1885.0,167.0,-1.05947673196851
60338,85.0,677.0,10.0,-0.255468843001384
281496,1925.0,1671.0,75.0,-7.34222332075426
257975,3.0,1332.0,72.0,-0.949079437208976
46930,160.0,11.0,6.0,2.79639183675817
226641,1915.0,146.0,57.0,8.88583129254595
268777,1905.0,150.0,74.0,7.06924482377522
222395,1430.0,120.0,56.0,0.195917069165522
278260,1881.0,1916.0,75.0,-5.61008439427801
326957,47.0,1890.0,101.0,-2.82054564983387
74078,544.0,163.0,13.0,8.7961929324472
217306,160.0,1560.0,55.0,-5.11699590421341
334698,27.0,677.0,102.0,1.93091009342612
70340,14.0,1902.0,12.0,-1.44405073239115
357894,5.0,18.0,108.0,-5.8893880832215
32954,604.0,1884.0,166.0,-1.62533802324094
427890,1337.0,1928.0,115.0,4.57404551317341
170230,1915.0,1895.0,51.0,-0.456925611647019
344392,1337.0,1906.0,104.0,0.0761845061870162
198709,1331.0,1918.0,54.0,3.23303912139307
11129,1875.0,677.0,2.0,-3.05271422646001
201513,20.0,120.0,54.0,-4.64545255471163
206287,1926.0,1904.0,177.0,0.0104013282774581
169639,604.0,146.0,51.0,-3.63778930122168
267882,1902.0,1876.0,74.0,4.4837754112859
13242,655.0,948.0,2.0,2.99731560834418
261358,1899.0,18.0,73.0,0.986593306611395
66659,1893.0,5.0,12.0,0.122005719222796
268979,13.0,1901.0,74.0,1.94705195308043
263117,17.0,1923.0,73.0,-1.82913311720443
433689,1901.0,1922.0,116.0,-6.05333608014156
326553,47.0,1904.0,101.0,5.87343617997953
187263,1347.0,147.0,175.0,0.917958917836626
86003,1897.0,1332.0,172.0,4.15208770487587
106292,5.0,1923.0,45.0,3.44218177152608
198012,1888.0,1914.0,54.0,4.68897789283981
114368,1337.0,18.0,167.0,-9.99208969411455
52337,1906.0,18.0,7.0,-1.13197464189985
207199,1919.0,1560.0,177.0,1.52121411203076
161989,1891.0,1911.0,168.0,-2.44780129788261
281948,1904.0,1928.0,75.0,-0.586094041249725
110968,1331.0,1908.0,167.0,-2.67235883313338
184980,163.0,1909.0,174.0,3.46349572661663
14796,1559.0,1886.0,3.0,0.297320905981035
416071,160.0,604.0,114.0,12.9400467421074
46366,1924.0,164.0,6.0,7.96932964485357
399127,1671.0,1910.0,112.0,0.962374140068634
230715,1885.0,147.0,58.0,-2.48462999326501
34041,229.0,15.0,166.0,1.67337068911262
242276,948.0,11.0,69.0,-3.80503609036668
247828,1224.0,18.0,70.0,-3.55535701466319
260858,229.0,1337.0,72.0,-0.0932642475834224
367941,948.0,1925.0,180.0,6.04756590544195
6180,1671.0,1914.0,1.0,1.62114086676317
369188,1902.0,17.0,180.0,4.9292055955671
273984,83.0,150.0,179.0,2.90452141501054
390381,1925.0,1224.0,111.0,7.28629413951574
234939,131.0,1914.0,60.0,-2.15501017337811
244927,229.0,1927.0,69.0,0.53029254481764
209084,1904.0,1901.0,178.0,2.47417345225554
207725,1887.0,1907.0,178.0,-4.98051925070288
186958,1183.0,47.0,175.0,5.74443705460976
28579,14.0,15.0,4.0,4.07513433036333
100739,136.0,1914.0,173.0,-1.32601822720542
171986,195.0,1882.0,52.0,4.93546968061337
188491,748.0,1910.0,175.0,-0.961571338838415
389525,544.0,1916.0,111.0,0.0269913686983974
281590,14.0,1900.0,75.0,3.61088716715013
426360,160.0,163.0,115.0,17.0730856852905
9594,1894.0,1224.0,2.0,0.60528248100592
218193,195.0,1331.0,56.0,7.10550989222075
337434,1431.0,1910.0,103.0,7.33356562570949
341009,48.0,14.0,103.0,8.3751807587717
375402,1337.0,1901.0,109.0,5.9813007662566
194238,1884.0,17.0,176.0,-2.51547900358447
264864,3.0,17.0,73.0,0.958153084853881
301650,1912.0,13.0,98.0,-1.19577644207848
255945,1347.0,1928.0,71.0,-10.3688169961261
342159,1889.0,1896.0,104.0,-2.19933026101249
361177,82.0,83.0,108.0,2.17740484457208
223435,948.0,1559.0,57.0,-0.418198329539106
337253,1891.0,748.0,103.0,0.199573120265807
254310,1915.0,131.0,71.0,1.82510183318079
414747,136.0,1879.0,114.0,4.45025370292848
226532,1925.0,1909.0,57.0,17.3132259072965
27083,1913.0,1331.0,4.0,-18.5851774678804
164962,1920.0,1896.0,168.0,-0.455236074004436
62929,27.0,164.0,10.0,4.56683331370842
109161,163.0,17.0,45.0,3.77070665835264
29582,1878.0,5.0,166.0,-7.18987291340107
373405,1879.0,147.0,109.0,0.0120964525937247
331397,948.0,5.0,102.0,4.93426610206255
327545,1880.0,1224.0,101.0,-3.05926835206851
64636,3.0,1878.0,10.0,0.558194499085677
171693,1903.0,1560.0,52.0,5.21262373824484
17625,1906.0,1889.0,3.0,-3.82768947353305
60379,1885.0,150.0,10.0,0.248180833688554
10685,14.0,150.0,2.0,-3.833356380415
5845,1671.0,1908.0,1.0,25.9118594721098
331554,195.0,1914.0,102.0,1.41853789722587
45396,1879.0,1918.0,6.0,-1.70293047801613
8125,1332.0,1878.0,1.0,-3.35583637654711
227738,48.0,136.0,57.0,-17.587524442479
101493,1885.0,748.0,173.0,1.1716907348483
87012,1889.0,1903.0,172.0,-4.04775762254576
58494,1925.0,48.0,9.0,9.05820535846708
426980,604.0,1348.0,115.0,-0.236260930882771
71321,101.0,72.0,13.0,18.9561877998082
11825,604.0,1880.0,2.0,-1.82743190578206
317531,72.0,1921.0,99.0,-4.03227987665779
259506,1924.0,1347.0,72.0,-1.14492342281737
228379,1431.0,1902.0,57.0,-6.85927558396627
311436,1903.0,1923.0,186.0,-3.6677997550543
415786,3.0,72.0,114.0,3.2650492438477
115240,3.0,1878.0,167.0,-4.51030891306796
189516,1917.0,1910.0,175.0,-3.897075992589
323411,27.0,72.0,100.0,-0.627347653651715
27197,14.0,195.0,4.0,-4.2737053629158
63387,1905.0,1892.0,10.0,-3.35992781095184
326682,1891.0,1671.0,101.0,-1.71409445062816
213615,1909.0,1901.0,55.0,-6.88030171322915
397166,1909.0,1927.0,112.0,-1.85857819751836
178809,1431.0,1892.0,53.0,-2.59854162813355
321939,948.0,1918.0,100.0,2.83910115972201
329948,1926.0,48.0,101.0,18.3712426761609
109269,1906.0,544.0,45.0,9.98823567490858
434029,1887.0,131.0,116.0,2.07549449371289
201804,1342.0,1671.0,54.0,-6.48684004800594
60058,948.0,120.0,10.0,7.89313334658931
286626,1877.0,1430.0,77.0,-0.121678788347723
219658,1910.0,1890.0,56.0,3.43287294231459
342199,948.0,1909.0,104.0,1.71504559767227
185430,3.0,101.0,174.0,12.8519042693725
340502,48.0,1888.0,103.0,14.6945563135492
196737,27.0,1337.0,176.0,4.67559192174097
283562,1889.0,1909.0,77.0,-1.81707530720033
28244,83.0,1886.0,4.0,-0.440200998470243
115314,1430.0,1560.0,167.0,-0.601829597701383
266529,1889.0,1901.0,74.0,-0.264770070791582
193137,1897.0,17.0,176.0,-1.3586305943344
184622,1915.0,1183.0,174.0,-3.4285913189518
281788,655.0,1925.0,75.0,1.67999254293019
435796,1898.0,1923.0,116.0,-3.76590826894655
260723,27.0,1900.0,72.0,3.9173387376809
325797,948.0,85.0,101.0,-2.10500054015138
47879,1913.0,15.0,6.0,3.9848756989264
324740,1915.0,1430.0,100.0,3.65430947014838
249115,83.0,195.0,70.0,-1.14916858554691
62058,1907.0,15.0,10.0,3.72541678716148
360976,1877.0,677.0,108.0,-2.77597826512743
97117,1347.0,1923.0,44.0,-3.10591894255363
227722,1876.0,1671.0,57.0,-19.3738625833792
343876,1878.0,1901.0,104.0,-10.6460746069331
243368,160.0,1908.0,69.0,-5.90956343241797
56923,1907.0,1671.0,9.0,-1.60127962526946
16477,1920.0,18.0,3.0,0.750068991760514
43885,1878.0,146.0,6.0,-1.91187144008996
212255,1342.0,1921.0,178.0,1.49170957078378
242626,1885.0,1887.0,69.0,-3.21756455131008
304167,1919.0,1912.0,98.0,7.85028082414476
48536,748.0,1912.0,7.0,-0.615215369698993
270598,1925.0,544.0,74.0,1.64924850283738
279801,48.0,82.0,75.0,9.94933632850809
201998,1876.0,1922.0,54.0,-2.52212251864268
397562,1882.0,1901.0,112.0,-13.7316303422947
212518,1337.0,47.0,178.0,-18.2333703302971
204163,1887.0,1907.0,177.0,-1.52772854305003
242170,1880.0,1888.0,69.0,2.60225087461017
185678,160.0,1877.0,174.0,7.00515433536405
212784,164.0,1921.0,55.0,-6.84251794761451
358413,1904.0,195.0,108.0,-4.00143076125597
269952,1876.0,1914.0,74.0,7.72913050870364
201847,48.0,1900.0,54.0,3.46649821091012
267256,1907.0,1921.0,74.0,0.366331409155756
111905,1885.0,1890.0,167.0,4.57822713472952
10590,136.0,1348.0,2.0,-5.04109042505526
179978,1332.0,1909.0,53.0,-1.78526867249092
286023,1926.0,1904.0,77.0,2.0393171703
6343,1925.0,85.0,1.0,-1.92827344413825
178829,1331.0,1916.0,53.0,8.62961599505552
235796,1893.0,1922.0,60.0,0.478142372094149
4231,1909.0,17.0,1.0,6.22468298103206
263054,1891.0,1885.0,73.0,0.0494895022901982
238249,1919.0,1917.0,60.0,-1.66627107162546
87228,677.0,1921.0,172.0,-1.01000073328864
193170,1348.0,11.0,176.0,-2.32353417020203
415523,1905.0,1894.0,114.0,-9.43490817189482
246087,82.0,1911.0,70.0,-0.054206206405688
227117,48.0,1895.0,57.0,5.57548288233681
185526,20.0,18.0,174.0,1.13401975542737
200180,544.0,195.0,54.0,3.53491354847321
172548,1889.0,1671.0,52.0,-2.20731447523694
319235,544.0,1879.0,99.0,-9.14730770004309
103494,1925.0,82.0,173.0,9.35049709526767
244858,1332.0,1917.0,69.0,-0.929256037620198
68809,1337.0,101.0,12.0,15.3367284461238
642186,1891.0,1902.0,174.0,-5.338313717011765
301973,120.0,1889.0,98.0,-0.872777153427059
334512,1915.0,1904.0,102.0,-3.14298852035236
358671,1902.0,1907.0,108.0,1.21052262507696
271656,1183.0,1884.0,179.0,0.275629032013334
13897,1916.0,18.0,3.0,6.76282958896665
96193,948.0,47.0,44.0,3.26970958321157
273721,1879.0,1898.0,179.0,-0.537583658823949
209784,1891.0,1898.0,178.0,-2.72836619664729
174597,1876.0,229.0,52.0,3.39061444689674
321513,136.0,1917.0,100.0,3.27567951631431
360011,1876.0,1880.0,108.0,-1.72272538737651
413876,1893.0,1881.0,114.0,12.8347569244111
262949,1891.0,1887.0,73.0,0.373863769858608
31816,85.0,1910.0,166.0,7.59647713935672
321290,1559.0,1904.0,100.0,0.723150845954172
176360,48.0,1925.0,52.0,6.16009721776393
27301,1877.0,1914.0,4.0,1.72410172962243
100662,1886.0,1912.0,173.0,3.12246163024338
244404,1905.0,1879.0,69.0,-3.91978992694894
261184,677.0,1901.0,73.0,-1.96044957497811
281102,27.0,120.0,75.0,1.02422515791256
11309,1891.0,1901.0,2.0,2.6573191663733
213643,147.0,1914.0,55.0,-3.47330024347605
398529,1880.0,1907.0,112.0,-0.271257931837455
389425,1905.0,1331.0,111.0,-1.76060803773881
110468,1342.0,1928.0,45.0,-9.49567688066
256519,948.0,11.0,72.0,0.136817378112934
163532,150.0,1922.0,168.0,3.23741247686866
437819,1342.0,1900.0,116.0,2.58990231556367
200359,1913.0,1901.0,54.0,-3.09028440054106
184093,101.0,147.0,174.0,13.9305288456965
181604,11.0,1902.0,53.0,2.09493499151074
29752,1431.0,1914.0,166.0,2.40839289427587
247882,1897.0,20.0,70.0,-2.16945804867479
435222,1903.0,1921.0,116.0,12.8085257789719
206687,83.0,1917.0,177.0,-11.1176756241745
206362,3.0,1875.0,177.0,-0.969864613316263
112298,1224.0,1922.0,167.0,-0.0096397924360433
233481,1924.0,1906.0,58.0,-3.89484294451829
324835,1905.0,1886.0,100.0,-1.82466039248973
64753,14.0,1890.0,10.0,-2.77635939565055
262204,131.0,1890.0,73.0,-0.841473133492577
434130,150.0,1560.0,116.0,-0.302723384063815
426367,1920.0,146.0,115.0,0.986978607214029
58596,1337.0,20.0,9.0,-5.73096509859799
303105,604.0,1901.0,98.0,-4.5337149336964
111780,120.0,1224.0,167.0,3.18463306333872
65950,1897.0,1347.0,12.0,-7.94568368630746
197233,1912.0,18.0,54.0,2.59261636087694
223693,147.0,1922.0,57.0,4.11648760826923
271454,1912.0,1928.0,74.0,-1.59869555801923
218844,1331.0,11.0,56.0,14.6147970723623
358967,1902.0,27.0,108.0,15.4516135472388
170308,1924.0,27.0,51.0,4.62176529513377
388104,3.0,1899.0,111.0,1.26733120573971
72269,47.0,1907.0,13.0,3.90205479618327
361538,27.0,1921.0,108.0,-20.6323031709711
68373,1913.0,1907.0,12.0,-6.48020261667502
67911,150.0,1671.0,12.0,-0.130361872334102
48657,948.0,5.0,7.0,9.81617352209609
67168,1879.0,1896.0,12.0,0.990725009411024
274297,72.0,18.0,179.0,-0.408640040751143
342310,1903.0,1882.0,104.0,-2.45708452405428
322158,1899.0,788.0,100.0,-4.71625282053029
337291,1183.0,748.0,103.0,3.90032087024787
234455,101.0,1560.0,60.0,3.07881173295925
210313,1183.0,1887.0,178.0,-3.45273355323539
28471,229.0,1342.0,4.0,-1.24092084243899
167840,1916.0,677.0,51.0,0.925811055531692
98342,1913.0,1183.0,44.0,-0.95777917290269
287100,1896.0,1928.0,77.0,0.591327299202027
3853,1347.0,1917.0,1.0,0.148207959651259
260770,14.0,1890.0,72.0,-3.12894615918423
166920,1879.0,748.0,51.0,-0.701182904082367
197635,1878.0,1907.0,54.0,-1.24673675588555
333443,1889.0,164.0,102.0,-0.977938876301832
103067,1906.0,1887.0,173.0,2.90456235089366
98252,1876.0,1894.0,44.0,0.900715607206233
185193,1332.0,17.0,174.0,-0.927883853421562
274162,1903.0,1907.0,179.0,1.99996770739796
426293,1430.0,1916.0,115.0,2.20374868230121
423149,1878.0,1911.0,115.0,-2.71758289951106
163305,1903.0,1910.0,168.0,0.306890749545253
31847,72.0,1331.0,166.0,-3.2202805178699
169105,1920.0,1923.0,51.0,1.09375686855506
102479,1893.0,1560.0,173.0,2.05326029783148
102126,1430.0,1898.0,173.0,0.431012271576394
164480,1913.0,1892.0,168.0,-1.08939158229152
73631,48.0,788.0,13.0,5.56489774809724
114277,604.0,101.0,167.0,34.8754791966621
360825,160.0,1917.0,108.0,2.37081301327659
215990,229.0,1909.0,55.0,7.54562999878375
186673,1903.0,1928.0,174.0,-2.43077054682544
226337,1905.0,1907.0,57.0,-4.3063364440902
184157,948.0,1919.0,174.0,-1.69854220304744
189004,150.0,1890.0,175.0,-1.96382999450961
336239,1889.0,748.0,103.0,3.67593996063662
285433,27.0,146.0,77.0,1.61649484346194
339283,1926.0,1887.0,103.0,-0.779502135939032
111765,1895.0,677.0,167.0,2.39588721916825
262617,5.0,1927.0,73.0,-2.56605068210054
108917,1919.0,131.0,45.0,-1.82767903648541
207401,948.0,1902.0,177.0,4.35155089701205
60073,1880.0,1348.0,10.0,-3.19308588446904
390244,48.0,27.0,111.0,7.02076539329221
226457,1342.0,72.0,57.0,2.13627932218717
98804,20.0,131.0,44.0,-0.636294069058451
303190,20.0,131.0,98.0,1.72955709747827
88259,604.0,1883.0,172.0,2.81645505211073
237739,1926.0,150.0,60.0,-2.04027038808271
222203,27.0,20.0,56.0,-6.27382457011696
97309,120.0,1918.0,44.0,4.82074829406965
181146,1926.0,1560.0,53.0,-7.03300503470624
115190,1915.0,1337.0,167.0,-0.328104901402669
31912,160.0,1899.0,166.0,3.4547695615017
105623,1889.0,1560.0,45.0,4.34274971608666
241835,948.0,748.0,69.0,-1.62416325865802
204457,1880.0,1884.0,177.0,0.529356432852475
222665,1913.0,1882.0,56.0,0.283492383472797
24813,1910.0,1890.0,4.0,0.858419199370315
249784,1337.0,18.0,70.0,2.61970189186396
389107,27.0,788.0,111.0,-2.05815766722741
425518,1888.0,1893.0,115.0,0.904481739817791
321149,1883.0,1897.0,100.0,0.0375290984333141
426931,1926.0,1875.0,115.0,0.97200343998734
255195,1342.0,1927.0,71.0,4.22742155362275
246939,1903.0,1881.0,70.0,17.7850478485886
424268,1913.0,1889.0,115.0,0.379311523007793
251290,147.0,15.0,71.0,5.16134642547224
333704,82.0,1894.0,102.0,-4.73181426133455
229078,948.0,1671.0,58.0,3.88329767817528
225842,1884.0,1224.0,57.0,4.76024735240903
219263,1911.0,1914.0,56.0,-5.60069266823476
194318,14.0,1898.0,176.0,0.843803411961192
335151,1920.0,1559.0,102.0,-4.83302821894997
195633,83.0,11.0,176.0,-1.34120261453416
320515,1895.0,1901.0,100.0,-0.851523946978639
238584,544.0,1924.0,60.0,25.5206686441793
416895,160.0,48.0,114.0,9.7678111817328
359393,1924.0,85.0,108.0,-2.5742241415109
193677,1887.0,1886.0,176.0,2.83164505193865
13303,1919.0,1337.0,2.0,-6.21332201662281
332376,164.0,18.0,102.0,-0.374233561800326
260862,48.0,1337.0,72.0,-0.223114963106933
212370,604.0,1903.0,178.0,0.769452018729109
389392,163.0,229.0,111.0,-14.7659666050454
338891,48.0,1922.0,103.0,-4.76662915136635
642268,1883.0,1902.0,1.0,-3.7853925249948457
196216,1920.0,1224.0,176.0,2.24670582000421
284086,150.0,1347.0,77.0,-0.465377404865118
245821,1883.0,11.0,70.0,-0.987867276633911
8908,1909.0,11.0,2.0,-2.51528009776434
415714,1876.0,1901.0,114.0,0.150931014543138
345652,160.0,147.0,104.0,5.45206377963212
266577,1889.0,1882.0,74.0,0.78715843796522
171771,1911.0,1918.0,52.0,-10.7018656007728
104232,655.0,101.0,173.0,48.6421224745326
338604,72.0,5.0,103.0,-0.731347977917659
413246,85.0,1914.0,114.0,-0.850504378225482
266881,748.0,1882.0,74.0,-6.18779434178128
232911,1905.0,120.0,58.0,-20.2726503466372
218168,1671.0,1901.0,56.0,8.90771319517617
173205,1902.0,14.0,52.0,-1.90560414126458
265082,20.0,1348.0,73.0,4.60543101936112
25597,85.0,1927.0,4.0,0.334630276692994
12214,1926.0,1347.0,2.0,-2.88111110560389
48555,164.0,1927.0,7.0,-1.20376949827448
195863,229.0,150.0,176.0,14.7289764545464
413440,1909.0,131.0,114.0,-16.3192128763326
245200,1920.0,1900.0,69.0,2.40291564273893
242679,1902.0,1911.0,69.0,0.881968964340404
279939,1332.0,1901.0,75.0,-1.82431902606305
104443,1337.0,1348.0,173.0,-3.77569774580986
262877,1671.0,1910.0,73.0,-0.735495877931082
227461,160.0,1912.0,57.0,2.87176347462994
4150,1891.0,1885.0,1.0,1.65648585991131
314821,163.0,677.0,186.0,6.69868068236614
177232,1893.0,1348.0,53.0,-2.2685738037998
63498,1877.0,1892.0,10.0,-2.45974320575557
318533,163.0,1916.0,99.0,7.60403633997045
261445,1896.0,1918.0,73.0,1.1478689400828
69566,83.0,1912.0,12.0,-1.90466446496565
332636,1916.0,5.0,102.0,4.13876147952891
372971,1894.0,1896.0,109.0,4.54697108233344
400968,1924.0,1559.0,112.0,2.25653301646079
287050,1907.0,1928.0,77.0,5.07339599915405
332438,1431.0,1894.0,102.0,5.78738609969776
426584,1332.0,677.0,115.0,-1.35786052159736
214887,1560.0,1887.0,55.0,-12.6913194947057
337766,146.0,1903.0,103.0,2.62982949155948
375922,20.0,1431.0,109.0,-2.72244388602263
184089,948.0,1671.0,174.0,1.02098989459922
372126,1889.0,1928.0,180.0,-4.33100510021602
375822,544.0,1913.0,109.0,3.52032109412276
16888,1920.0,1913.0,3.0,1.0818296819515
29540,1880.0,1914.0,166.0,6.29584416930058
165998,1929.0,1928.0,168.0,-3.22770038095153
268336,1431.0,1921.0,74.0,-0.159339897195525
182640,1880.0,120.0,174.0,1.32671838300316
259075,160.0,1887.0,72.0,1.94403744959208
101385,136.0,1899.0,173.0,2.23034959339628
216081,1915.0,146.0,55.0,3.63438864296513
237464,3.0,1431.0,60.0,1.62590713075068
265865,1905.0,1922.0,73.0,6.47218444226801
368417,1897.0,1893.0,180.0,1.77616734443458
115035,1430.0,1882.0,167.0,2.99497196828971
397609,1559.0,1892.0,112.0,0.842702632399664
253999,82.0,1907.0,71.0,-6.35336902447621
87852,1891.0,164.0,172.0,-2.58330088520187
236377,1888.0,11.0,60.0,0.455167650636054
167431,195.0,1914.0,51.0,-7.16264061175947
267184,1879.0,1875.0,74.0,-0.337869735361203
250286,82.0,1224.0,70.0,-2.62312711055329
189859,229.0,1894.0,175.0,2.84983908602943
197946,1902.0,1905.0,54.0,2.78548527027744
401546,82.0,1913.0,112.0,8.59441974732887
29934,1347.0,1183.0,166.0,-1.57420041682329
176530,1890.0,1902.0,52.0,4.73410627996549
242824,1903.0,195.0,69.0,-14.472911212018
253342,1884.0,1671.0,71.0,3.53396923446528
206201,20.0,18.0,177.0,-2.47567129563116
264462,1919.0,146.0,73.0,7.38798463116867
72890,1671.0,1331.0,13.0,1.33248682652304
33266,1915.0,1918.0,166.0,9.30205677554167
70344,1882.0,1902.0,12.0,-4.24985516732788
209131,1907.0,1890.0,178.0,-0.753244136253654
285077,1926.0,82.0,77.0,11.0074557006159
259006,1905.0,1901.0,72.0,-3.27187135366154
245277,14.0,1903.0,69.0,-3.16161853519713
286192,1926.0,1889.0,77.0,-5.4393535226
202324,3.0,1902.0,54.0,2.55963929806989
232462,544.0,20.0,58.0,-1.23937755436074
175452,27.0,1905.0,52.0,1.54729811834424
314291,544.0,27.0,186.0,7.80522565813956
437608,655.0,1888.0,116.0,-2.28767673112889
66948,1906.0,1347.0,12.0,1.0750081630339
248891,655.0,195.0,70.0,-3.754855229989
272862,1887.0,195.0,179.0,-0.698898577690796
192893,1909.0,1914.0,176.0,3.40220050463195
100700,1891.0,1901.0,173.0,5.69829432853827
108384,163.0,47.0,45.0,7.84548959163376
370980,544.0,1918.0,180.0,0.0635761805339099
376035,163.0,1891.0,109.0,3.52195797937051
205198,20.0,1923.0,177.0,1.09226491868821
49217,120.0,147.0,7.0,1.07058497573501
197143,1890.0,1928.0,176.0,-0.0683045109302317
98042,1888.0,1900.0,44.0,6.24504210899503
415165,1337.0,1911.0,114.0,2.75661396640021
280758,14.0,1348.0,75.0,2.87018907839469
226763,3.0,146.0,57.0,5.72350753944967
98085,1900.0,1896.0,44.0,-10.9853146026683
339550,1906.0,1885.0,103.0,0.426981419565488
322431,1918.0,1927.0,100.0,5.00995797472727
336415,17.0,1890.0,103.0,3.6249675233031
329452,1430.0,1893.0,101.0,0.864924100214376
434750,146.0,15.0,116.0,-1.74418151113379
254718,1877.0,1915.0,71.0,-3.00536811045064
75104,83.0,1878.0,13.0,2.48662695972544
181279,1920.0,1878.0,53.0,-6.00179764774288
252437,1559.0,1879.0,71.0,0.716232326322205
334737,1905.0,1896.0,102.0,-9.14478732741889
53041,229.0,1876.0,7.0,11.7288919726624
338503,1878.0,1912.0,103.0,0.35726061482404
234805,17.0,1921.0,60.0,-1.49204697846302
52423,1926.0,1904.0,7.0,0.910374356339672
302752,160.0,82.0,98.0,5.69569031766232
224037,150.0,1904.0,57.0,12.0865093339314
252824,1431.0,1927.0,71.0,-6.57267495231007
336983,1904.0,195.0,103.0,8.7338519647642
13896,20.0,1887.0,3.0,4.2242599839378
388809,85.0,1898.0,111.0,-4.95988988668919
7340,1925.0,101.0,1.0,16.3934305757045
341855,1883.0,1903.0,104.0,-1.04020626200832
60658,1897.0,1560.0,10.0,-4.44447706003905
195855,1877.0,1884.0,176.0,-1.44937480751791
191025,604.0,1912.0,175.0,0.0504986167411096
110018,1926.0,1876.0,45.0,22.3561544895087
220311,101.0,1875.0,56.0,-1.12323431924206
241399,1916.0,11.0,69.0,-2.68379455745873
315912,101.0,1875.0,99.0,1.86202332044952
318852,48.0,131.0,99.0,-4.51308608394293
310866,1878.0,1923.0,186.0,10.4783707543654
233633,948.0,1902.0,58.0,0.155279359942118
69415,655.0,1224.0,12.0,1.31810105073201
274146,948.0,1888.0,179.0,7.39838853044324
193032,1895.0,1894.0,176.0,-1.37173005700265
337969,1896.0,1921.0,103.0,-5.04113541336855
184848,1926.0,1887.0,174.0,-2.69703500345831
182846,1224.0,1927.0,174.0,2.8628002622142
300900,948.0,18.0,98.0,1.43823062998966
67812,164.0,1921.0,12.0,10.0935845417539
266078,229.0,1925.0,73.0,4.17378054626748
426099,27.0,1331.0,115.0,-14.944727659687
390055,1915.0,677.0,111.0,1.75673685874619
390324,1920.0,1912.0,111.0,-4.55283564193961
314467,1913.0,1224.0,186.0,-3.99414742367928
43689,1908.0,1918.0,6.0,-1.50822810757125
276526,1876.0,1890.0,179.0,-5.60212527675749
210318,948.0,163.0,178.0,1.69221332617683
61472,85.0,1893.0,10.0,-1.29554180519107
30208,1347.0,1922.0,166.0,-6.34382807896249
197992,1884.0,677.0,54.0,0.0109876676944937
11278,1897.0,11.0,2.0,-6.75310858824682
71339,136.0,195.0,13.0,-3.51575772519276
337928,164.0,1890.0,103.0,-1.46952433428361
188256,748.0,1911.0,175.0,2.60133779702723
179325,604.0,1899.0,53.0,2.15187228127515
168874,1898.0,1922.0,51.0,-3.06274292058166
48664,1883.0,1910.0,7.0,5.4025373704031
6183,1897.0,120.0,1.0,1.75056212436096
261074,1878.0,85.0,73.0,-1.36845185690322
413536,27.0,1899.0,114.0,4.86296978072779
180836,655.0,48.0,53.0,8.85053819031221
56503,1891.0,1882.0,9.0,-2.74068739263581
203258,136.0,164.0,177.0,-3.38193927099519
97473,1879.0,150.0,44.0,5.79204434937472
304517,655.0,1890.0,98.0,1.61279735090676
390385,1906.0,1888.0,111.0,0.781037788744187
62524,15.0,1927.0,10.0,-0.114645224609662
172684,1890.0,1922.0,52.0,2.09731698011506
74923,14.0,120.0,13.0,0.734505748511863
207144,27.0,1922.0,177.0,4.31654648206464
208344,1915.0,1898.0,178.0,5.63242148884277
197461,1883.0,11.0,54.0,-2.38574178352965
276418,1876.0,85.0,179.0,6.01532925605522
174140,1877.0,1922.0,52.0,2.94137130453516
334453,27.0,1914.0,102.0,1.66570981776083
182857,1880.0,1224.0,174.0,1.4178644943139
50986,120.0,1916.0,7.0,-2.26036768825347
202639,1559.0,748.0,177.0,1.59481793227081
426152,1924.0,1881.0,115.0,4.20259555502895
58085,3.0,1895.0,9.0,-1.06814216911364
203603,1431.0,1894.0,177.0,1.19497532562023
70166,1920.0,14.0,12.0,5.92274249624867
415912,1926.0,1881.0,114.0,0.331897524529194
229521,1899.0,1881.0,58.0,-6.28412507065009
230171,1886.0,13.0,58.0,9.3866124555165
360112,1906.0,1892.0,108.0,-4.96070058738993
256936,1886.0,1896.0,72.0,-1.85309136018869
399504,163.0,1922.0,112.0,4.44273119440097
100824,1347.0,1890.0,173.0,3.08367485646125
373626,1875.0,1894.0,109.0,1.70726205358888
85651,1880.0,150.0,172.0,-1.01877924457069
642597,1886.0,1902.0,114.0,-1.228851341752674
327869,15.0,1901.0,101.0,-24.0783381499954
304230,1926.0,136.0,98.0,-2.08211516975954
285745,655.0,5.0,77.0,8.65054763289441
110214,229.0,1882.0,45.0,14.4822662773149
322340,1881.0,1914.0,100.0,-6.8337991878372
427116,229.0,1559.0,115.0,1.57812388206573
8023,1876.0,1559.0,1.0,1.85725850794548
331835,1900.0,1910.0,102.0,1.56895027397344
337710,1183.0,1882.0,103.0,0.535017469974606
70749,1885.0,1916.0,13.0,2.90067171622068
89340,1920.0,1877.0,172.0,-3.01779255101442
269347,1430.0,72.0,74.0,5.93400679216875
275185,48.0,1431.0,179.0,3.68112557908122
198917,1875.0,47.0,54.0,-0.487680201640291
339197,1924.0,229.0,103.0,-3.59816880826871
357730,1897.0,1911.0,108.0,-3.00676634376681
280072,1925.0,1881.0,75.0,-0.92295935568989
31723,1883.0,1907.0,166.0,0.816701598282156
177801,1879.0,1914.0,53.0,-0.58420493525694
269672,229.0,1909.0,74.0,5.40113334678363
388476,1431.0,1560.0,111.0,1.59665908710804
232722,3.0,27.0,58.0,-12.1833336079
186368,1342.0,1921.0,174.0,-2.98233551846912
642272,1897.0,1902.0,1.0,-3.665765799064148
268082,1888.0,1224.0,74.0,2.20733813440229
251849,13.0,17.0,71.0,0.416632858944644
425008,1894.0,1347.0,115.0,1.03411846441788
344585,160.0,1909.0,104.0,9.84139177590885
257093,1560.0,1895.0,72.0,-1.25660595966382
33448,14.0,1917.0,166.0,7.69765600237558
337087,1877.0,150.0,103.0,3.29629893049482
74810,655.0,1917.0,13.0,-4.24954370379607
258825,544.0,1883.0,72.0,-6.60945534905643
180660,1926.0,1348.0,53.0,-0.290506357216441
30051,1879.0,15.0,166.0,-4.32483669120746
194215,1560.0,1890.0,176.0,0.15253377444551
340152,1430.0,5.0,103.0,-0.278665865637408
16407,1917.0,1914.0,3.0,-9.25024988755084
323298,229.0,1908.0,100.0,0.348388235102623
179953,1906.0,1916.0,53.0,-2.54121323049347
8520,83.0,1890.0,1.0,4.23013234482513
103181,85.0,1890.0,173.0,0.527322670093138
12265,1876.0,1879.0,2.0,3.558903241277
223389,948.0,17.0,57.0,0.483581315075296
226458,604.0,164.0,57.0,-0.969184805382867
58170,1342.0,13.0,9.0,-0.826969043639116
98450,14.0,164.0,44.0,-18.2000872485127
187634,13.0,677.0,175.0,2.29770721234464
189729,1430.0,1894.0,175.0,-6.37188922000661
232607,1876.0,1348.0,58.0,-2.82007010889621
103182,748.0,11.0,173.0,-1.56529307170851
314306,1906.0,13.0,186.0,10.5629298724404
414716,1885.0,1910.0,114.0,-18.6999556140345
223358,13.0,1923.0,57.0,-5.66300245929929
227347,27.0,1905.0,57.0,-3.97715562544282
271960,1889.0,131.0,179.0,-0.118781716629171
199712,1885.0,11.0,54.0,1.51590839676382
284328,5.0,1922.0,77.0,0.252985363171261
251915,1337.0,1889.0,71.0,-2.18175091240822
250425,1876.0,748.0,70.0,8.21010604862737
178881,1885.0,120.0,53.0,2.49510969100629
358949,1903.0,1431.0,108.0,8.27806329116992
200500,604.0,1881.0,54.0,1.11052298652099
10541,1909.0,1898.0,2.0,1.91500109727174
284586,1904.0,5.0,77.0,0.947853175444798
224053,1877.0,1332.0,57.0,-9.74905261661009
283398,1878.0,1908.0,77.0,-7.65394431236249
204659,1893.0,5.0,177.0,3.6519016858245
17361,1876.0,1896.0,3.0,-3.69081968435851
331905,1885.0,1910.0,102.0,0.479164895230232
278701,1896.0,1922.0,75.0,1.34935654662096
70067,1430.0,1560.0,12.0,-5.58561717970027
190536,82.0,11.0,175.0,4.46982670163994
171300,604.0,1928.0,51.0,8.25012698800341
231725,1876.0,1881.0,58.0,-7.69087862844001
32960,544.0,1884.0,166.0,-1.05629000713823
14278,1891.0,13.0,3.0,4.41168530814922
268334,101.0,1224.0,74.0,-2.62628706581012
75516,83.0,1921.0,13.0,-5.67884632483367
316062,1913.0,1910.0,99.0,1.81882797848133
367455,1902.0,1890.0,180.0,-2.58475739383868
216035,3.0,1914.0,55.0,0.397537000798781
261614,1879.0,1888.0,73.0,-1.9971382889358
28964,1922.0,1928.0,4.0,2.75757169642061
249110,1913.0,195.0,70.0,-2.75652881182575
51905,1332.0,1904.0,7.0,-1.77739553662184
74772,1926.0,1912.0,13.0,4.57177169008885
95948,1895.0,1903.0,44.0,-12.2882891846014
238343,160.0,1888.0,60.0,3.83161090180922
357355,120.0,1224.0,108.0,-0.792104789494926
177651,1899.0,164.0,53.0,10.6953009571223
359102,1897.0,1560.0,108.0,0.227832530009304
161857,47.0,1912.0,168.0,-0.419453250691498
107653,120.0,1918.0,45.0,3.1982666082917
60559,1886.0,1888.0,10.0,-0.45505428242658
252508,131.0,1901.0,71.0,-36.1505955428297
360197,83.0,11.0,108.0,4.15183454815035
266809,948.0,13.0,74.0,-0.928482731576046
301283,1897.0,1905.0,98.0,-1.10141865814927
72711,948.0,1922.0,13.0,1.45058669559677
229638,1886.0,1671.0,58.0,2.09422299836687
240867,47.0,1918.0,69.0,7.57838423785294
251603,1925.0,1889.0,71.0,2.99747241214052
164048,83.0,1907.0,168.0,3.14278357680174
300316,150.0,1911.0,98.0,-1.49130856998891
273031,195.0,13.0,179.0,-0.912000599274256
66309,1331.0,1923.0,12.0,-7.01320093947425
334423,1332.0,17.0,102.0,-0.554169118593047
374089,1900.0,147.0,109.0,0.389520821326287
372252,72.0,1901.0,109.0,-0.663383759696525
258535,15.0,131.0,72.0,-0.144589005416342
211930,604.0,1927.0,178.0,6.0860370663974
111220,1907.0,1882.0,167.0,1.59339109622242
14647,14.0,1887.0,3.0,0.563292599218153
97244,1906.0,1910.0,44.0,5.26853310927547
424189,1347.0,1927.0,115.0,0.37089999941236
268472,1559.0,195.0,74.0,-5.32638561900165
231963,229.0,1913.0,58.0,5.32121637120619
246693,136.0,120.0,70.0,2.36711164667174
230260,85.0,1892.0,58.0,0.162487057879584
361317,163.0,1878.0,108.0,-3.37605725269081
228621,1919.0,1332.0,58.0,-2.75202223957582
69900,604.0,1924.0,12.0,9.18676487577987
401433,1430.0,1903.0,112.0,2.92173035083663
192256,1331.0,1917.0,176.0,3.61819138022538
247750,1884.0,1923.0,70.0,9.97969875384164
207384,1913.0,1928.0,177.0,-0.178525759074215
203975,1875.0,1224.0,177.0,-0.268325574436247
264042,3.0,1883.0,73.0,4.08752141668823
174948,1337.0,101.0,52.0,8.37891288148093
218076,1892.0,1922.0,56.0,-1.77605106370002
371960,229.0,15.0,180.0,-3.02741839067842
52366,160.0,1918.0,7.0,15.5423209174614
70006,83.0,1560.0,12.0,-8.42030962726082
340067,48.0,13.0,103.0,-9.71411079375917
253606,1926.0,1899.0,71.0,7.90169422645617
223089,1912.0,1902.0,56.0,2.55985533168794
97658,1879.0,1892.0,44.0,2.15861756561697
75387,82.0,1337.0,13.0,-9.69948626242916
5406,136.0,1900.0,1.0,-0.203424101346264
185858,1924.0,1917.0,174.0,-4.92760168564613
401081,544.0,1927.0,112.0,-2.08570079989532
54747,1885.0,1903.0,9.0,5.34486983442875
30219,1896.0,1887.0,166.0,0.407937229809727
219544,1893.0,1886.0,56.0,-5.25484521805075
331508,1909.0,1901.0,102.0,-6.8771953776543
243988,20.0,1909.0,69.0,-5.78724579891718
179072,1880.0,18.0,53.0,-7.37757227494304
183642,1348.0,11.0,174.0,-5.83766686885454
248955,20.0,1883.0,70.0,20.6268513124379
238815,1906.0,1908.0,60.0,1.88083024998014
98809,1906.0,131.0,44.0,4.31466262428244
50295,1895.0,1923.0,7.0,1.59482353992138
24617,1907.0,1890.0,4.0,1.19103260727639
325258,544.0,677.0,100.0,-0.347348652839704
423474,1875.0,1918.0,115.0,0.764340089866445
267313,1895.0,17.0,74.0,-0.13747604899123
29978,1909.0,131.0,166.0,-14.6853414609415
169241,1876.0,1907.0,51.0,-0.636286031951254
304583,1926.0,1882.0,98.0,-5.78545273050557
389536,1926.0,1916.0,111.0,-4.28063332603365
369034,101.0,1898.0,180.0,-5.18342774121475
71405,131.0,1922.0,13.0,3.01622429456151
175933,1913.0,1927.0,52.0,-26.019677299114
186917,1895.0,1903.0,175.0,5.81259779440427
317045,72.0,788.0,99.0,-1.24162578072958
356845,101.0,1881.0,108.0,2.14375519732769
66300,83.0,150.0,12.0,4.73569385605985
238279,229.0,147.0,60.0,1.04583391265806
323617,1906.0,1881.0,100.0,-2.75633179274414
357581,1880.0,5.0,108.0,-6.10736554129027
318144,1915.0,1906.0,99.0,8.60789486757878
177508,1896.0,1882.0,53.0,-2.86075211074289
56534,1880.0,1889.0,9.0,-3.75586847186912
389814,1905.0,11.0,111.0,-1.06110103230205
14003,1899.0,1898.0,3.0,-6.21878505521554
343233,164.0,677.0,104.0,-3.31497567965096
181412,1337.0,1890.0,53.0,5.84820183553671
58805,1342.0,1876.0,9.0,-6.04233868064557
243858,655.0,1881.0,69.0,4.10812936330747
104005,1332.0,1914.0,173.0,-0.464196294121918
322106,18.0,788.0,100.0,-5.43048179912125
14321,1886.0,11.0,3.0,4.14664345304464
390341,1430.0,1918.0,111.0,-1.61429308501268
415869,1913.0,146.0,114.0,-7.48933360460483
434282,1882.0,1918.0,116.0,1.89177990485291
273224,1888.0,1901.0,179.0,-0.80778417230483
197084,1896.0,1928.0,176.0,-3.74609562859846
100786,1891.0,1903.0,173.0,4.27404300642781
360059,14.0,1885.0,108.0,-10.688438605516
190221,48.0,1913.0,175.0,4.67631090819889
262037,1347.0,1895.0,73.0,-0.731317758155355
173275,1183.0,164.0,52.0,-1.12830078289573
183797,47.0,1916.0,174.0,-2.8138122655617
172740,1671.0,1927.0,52.0,-0.598856045021995
101855,1347.0,1891.0,173.0,-5.55673002492329
281753,604.0,1910.0,75.0,9.34783030286634
357754,1671.0,11.0,108.0,-3.46250533433663
188009,1891.0,1896.0,175.0,4.36004201034304
302101,1886.0,677.0,98.0,0.630782834232451
51192,1911.0,1892.0,7.0,-2.05771466321411
257558,1883.0,1910.0,72.0,0.999092744087823
193056,1891.0,1911.0,176.0,-0.397851046126542
178696,85.0,1910.0,53.0,4.73072119690962
398735,1347.0,1875.0,112.0,-5.65672359875962
190702,1876.0,544.0,175.0,7.42704492208252
208867,47.0,1918.0,178.0,5.22367780232539
345375,1905.0,5.0,104.0,0.0352051552626693
414673,1348.0,1908.0,114.0,-4.76013590180074
5440,1893.0,1882.0,1.0,4.68755716213405
238136,1876.0,13.0,60.0,1.78502573492473
370896,1332.0,1896.0,180.0,0.0515711056635817
208548,1880.0,11.0,178.0,-1.00520600048011
103712,1337.0,229.0,173.0,-0.511303258894288
206120,1905.0,1893.0,177.0,2.87565541840749
87541,13.0,1916.0,172.0,0.720862469039572
166143,101.0,1901.0,51.0,4.22302790254004
272604,120.0,1907.0,179.0,5.18887987463077
358426,47.0,1896.0,108.0,-14.9495811567057
434414,1900.0,1887.0,116.0,-0.022439367101777
359372,1876.0,47.0,108.0,-11.5922654976125
201037,160.0,1895.0,54.0,1.98500686370895
399025,1914.0,1918.0,112.0,0.297199272014038
367497,1893.0,1911.0,180.0,-0.803260671828981
317863,1894.0,5.0,99.0,1.34844675417033
416447,1919.0,677.0,114.0,-4.20585589759019
273681,1183.0,1917.0,179.0,2.2395750380964
178277,1900.0,1224.0,53.0,5.77521037761713
277129,1183.0,748.0,75.0,-0.744934063797808
425770,1919.0,1894.0,115.0,-1.54964984883487
268997,136.0,677.0,74.0,-1.95118460389008
165098,1337.0,13.0,168.0,2.20087202591328
18348,1877.0,1671.0,3.0,-23.8481609676265
194786,136.0,1897.0,176.0,-1.17439400591371
322155,1183.0,1671.0,100.0,-1.82855842104746
375034,1920.0,18.0,109.0,5.59804199254995
4768,120.0,1901.0,1.0,0.463917392903663
112391,1895.0,1921.0,167.0,0.942999135727048
303302,163.0,1431.0,98.0,7.47634730751044
109110,1919.0,1884.0,45.0,0.0053665182651203
228319,1347.0,1928.0,57.0,-21.8875198738171
283397,1909.0,164.0,77.0,9.17168942929966
319219,1926.0,13.0,99.0,-5.28222084696903
51637,1926.0,72.0,7.0,6.97614521761214
225095,72.0,1881.0,57.0,-1.73211531756912
189801,82.0,164.0,175.0,3.45365672795573
358977,1183.0,136.0,108.0,-4.73613518758333
216414,82.0,11.0,55.0,2.39835484030344
163492,1331.0,1895.0,168.0,2.91095881661916
54478,85.0,150.0,9.0,4.57898603739591
11728,1337.0,1881.0,2.0,-5.86634303013961
184458,3.0,1908.0,174.0,0.293010472203826
358210,1183.0,1875.0,108.0,-6.19646146378471
332681,1431.0,131.0,102.0,-0.266291976312748
322183,147.0,5.0,100.0,3.65453989357658
103806,1905.0,146.0,173.0,2.9240252694508
412920,1875.0,1671.0,114.0,-5.19852740337453
369179,5.0,1910.0,180.0,2.08449018913854
426538,1906.0,1431.0,115.0,-3.84891821103957
62801,1926.0,1907.0,10.0,-7.55528306845066
324204,160.0,17.0,100.0,-3.25703604130162
314192,1332.0,5.0,186.0,3.45758281524905
275554,1342.0,20.0,179.0,-6.32986248739432
248303,1878.0,72.0,70.0,-3.18710492279029
245566,1886.0,1928.0,69.0,-10.207638901255
46641,1926.0,163.0,6.0,4.21086634880476
104291,1905.0,1879.0,173.0,1.26746221072343
314875,1430.0,85.0,186.0,1.27668725231263
328643,83.0,72.0,101.0,-2.96857066839132
178050,1917.0,1927.0,53.0,-6.86948556287445
342436,1337.0,1898.0,104.0,-4.53351315152669
174720,1926.0,1914.0,52.0,2.30719380010111
337565,1911.0,131.0,103.0,2.70531694105042
369050,47.0,72.0,180.0,-8.23984816074431
232375,20.0,1879.0,58.0,-38.9602673864161
271771,1888.0,1904.0,179.0,5.36300140835523
323091,1887.0,1896.0,100.0,-0.864029973823882
397053,1888.0,1897.0,112.0,-2.26044836483214
433827,85.0,1890.0,116.0,-0.449257352641006
399003,47.0,1882.0,112.0,0.727791603342482
171972,1884.0,1892.0,52.0,5.71561545016868
172065,1895.0,1923.0,52.0,1.39547382340333
186279,1342.0,1900.0,174.0,-1.29607965765837
304282,1919.0,1927.0,98.0,15.7899117504477
277825,146.0,1908.0,75.0,-0.594562504489507
56583,1894.0,195.0,9.0,2.78506075983614
259480,160.0,131.0,72.0,2.27386410734189
162306,1891.0,1918.0,168.0,0.251100962198093
266665,1896.0,13.0,74.0,-2.64416773791717
71166,17.0,1921.0,13.0,1.10987239583195
269323,48.0,1907.0,74.0,-11.3934618242974
110720,1898.0,1347.0,167.0,-4.07144499591933
320266,20.0,1902.0,99.0,2.1184694130562
47541,1332.0,1912.0,6.0,-3.44378668653332
438182,229.0,1925.0,116.0,6.83490844801272
168830,1894.0,1912.0,51.0,-3.03455197896905
34069,27.0,1908.0,166.0,-2.30955108932127
201554,655.0,1927.0,54.0,17.653326045825
245831,17.0,677.0,70.0,-2.01589396536586
388941,1895.0,1927.0,111.0,8.2199837060549
96302,1879.0,1875.0,44.0,-2.16986323925267
226773,229.0,146.0,57.0,3.12388167274157
388851,82.0,1887.0,111.0,7.64521776380489
174042,85.0,1897.0,52.0,1.87938563344273
197017,655.0,1337.0,176.0,6.89174270043484
182805,1881.0,18.0,174.0,-17.5668749764333
257637,1916.0,677.0,72.0,-6.47620856584586
25753,1881.0,1883.0,4.0,-5.83953639772361
10876,1885.0,1912.0,2.0,5.78564766991483
190464,1876.0,1896.0,175.0,3.64585257206042
219165,1896.0,1889.0,56.0,4.17962269484411
108702,27.0,195.0,45.0,-1.0519133574306
416841,160.0,1917.0,114.0,-5.1609881946848
48063,229.0,14.0,6.0,-3.72620338107802
172200,1183.0,1885.0,52.0,-4.92899087834028
175558,655.0,1224.0,52.0,6.97056751513467
325672,83.0,150.0,101.0,-0.879851025742679
276532,229.0,3.0,179.0,-0.207356861723793
97814,1559.0,1882.0,44.0,4.54454213359852
317680,11.0,677.0,99.0,4.04709210398494
207111,1905.0,1900.0,177.0,6.75908841204091
437065,1906.0,18.0,116.0,0.660008723329394
164086,160.0,72.0,168.0,8.75061347697338
269241,1920.0,47.0,74.0,-0.545174558014569
62774,655.0,18.0,10.0,5.764679175536
87170,1896.0,1914.0,172.0,0.464065162279286
417528,1915.0,1908.0,114.0,5.00925582904163
360888,1906.0,1224.0,108.0,-6.787258929711
269094,1908.0,1916.0,74.0,-11.2520681419965
325420,1926.0,1910.0,100.0,1.23851266221107
280749,1920.0,13.0,75.0,3.89678233248713
417305,1924.0,1900.0,114.0,3.777629402193
373264,120.0,1881.0,109.0,4.22210219513865
169760,1915.0,1904.0,51.0,0.464216724688409
415184,150.0,5.0,114.0,1.43416417221424
165257,27.0,1917.0,168.0,-4.04176052469753
250101,1925.0,1912.0,70.0,5.96168623124308
207223,1877.0,18.0,177.0,-0.528284613348439
166287,1887.0,17.0,51.0,3.09816297810269
358798,1926.0,1889.0,108.0,1.74049674457237
261865,948.0,229.0,73.0,-0.462068970623602
412611,1913.0,1332.0,114.0,-3.43086730472033
33462,1877.0,1927.0,166.0,1.38215153115983
167325,1919.0,1910.0,51.0,0.342751951187007
10443,195.0,1882.0,2.0,-2.12508197854843
304472,229.0,1921.0,98.0,-7.12195665551816
275348,14.0,1884.0,179.0,1.56134127430022
318620,163.0,1901.0,99.0,-1.10681031789624
61932,1881.0,1921.0,10.0,0.986913643171121
162549,1888.0,1910.0,168.0,2.5820803117096
277905,136.0,748.0,75.0,5.83933864816814
174094,1902.0,1892.0,52.0,-1.19384665691324
267549,1898.0,1918.0,74.0,-5.88491764774418
241941,948.0,146.0,69.0,4.86509984606878
232986,655.0,1888.0,58.0,2.43001937764889
259089,163.0,164.0,72.0,-1.06539802667896
423627,1331.0,1910.0,115.0,-4.48489425371355
324012,1925.0,1431.0,100.0,6.46759835782234
239085,1924.0,1902.0,60.0,1.03183842161837
86957,195.0,1917.0,172.0,1.72597904083828
210458,1919.0,788.0,178.0,0.822656987924162
238198,20.0,136.0,60.0,-3.49588703930651
60929,1880.0,1909.0,10.0,4.34377663405566
256716,1880.0,1927.0,72.0,-4.14532398228552
73805,655.0,1880.0,13.0,3.80311202701772
400122,27.0,1909.0,112.0,0.943644119221402
89746,1430.0,1671.0,172.0,-10.0180077646854
207370,1430.0,1902.0,177.0,1.27451890254784
70833,1890.0,1918.0,13.0,7.13367861632886
14038,150.0,15.0,3.0,-7.72765634668411
304591,1915.0,1900.0,98.0,5.81587762945961
102318,11.0,1890.0,173.0,-4.48687279884311
368320,1880.0,1910.0,180.0,-8.15144179495334
26027,1671.0,1910.0,4.0,-1.97258175888923
360576,229.0,1904.0,108.0,0.835541383606303
177856,1891.0,1898.0,53.0,-9.93959660151804
195583,544.0,5.0,176.0,3.58887697263097
17126,1877.0,1331.0,3.0,-18.4168390379561
269185,1924.0,1908.0,74.0,1.92581574430855
336646,1879.0,1900.0,103.0,-4.78993952162001
254318,3.0,146.0,71.0,0.18891761051247
59051,1337.0,1560.0,9.0,6.7901664822762
95418,1919.0,150.0,44.0,7.99939896808612
73790,82.0,146.0,13.0,9.13488772765032
437252,655.0,1875.0,116.0,3.44339849918244
162124,948.0,1914.0,168.0,-1.97007646168303
162598,1909.0,1898.0,168.0,0.982932054466001
211541,655.0,13.0,178.0,7.07403827856897
311634,1898.0,1347.0,186.0,1.89643285299306
277265,136.0,1887.0,75.0,0.832040933185918
345903,229.0,1560.0,104.0,-0.383872413475195
260095,1924.0,544.0,72.0,2.17442365788191
195591,20.0,17.0,176.0,-9.24824315303938
163476,1430.0,1898.0,168.0,-1.11618318634348
25284,1899.0,748.0,4.0,-5.36563592868109
70367,1901.0,1902.0,12.0,-6.03377406653698
338924,1915.0,788.0,103.0,-1.09436084311129
437233,1342.0,1896.0,116.0,-3.53057950781976
211426,48.0,1895.0,178.0,-1.92135201748974
65299,72.0,677.0,12.0,2.1440480411165
73622,1342.0,1894.0,13.0,-5.4875061706785
359655,48.0,1919.0,108.0,0.558784659016857
358224,1884.0,1882.0,108.0,-8.83799575460107
284624,1875.0,1921.0,77.0,-0.648857346441438
33457,83.0,1224.0,166.0,-1.12991291415902
48294,1920.0,1902.0,6.0,-2.36565038743922
344275,163.0,82.0,104.0,14.3701347946465
161617,1886.0,1921.0,168.0,1.06342229573502
212528,1920.0,1337.0,178.0,-14.9611102507445
313881,655.0,1891.0,186.0,-3.00866514767288
14263,1347.0,1875.0,3.0,-7.76797976520986
98749,544.0,1331.0,44.0,-11.7388102603928
312223,677.0,1927.0,186.0,-3.55819834105775
180261,48.0,1893.0,53.0,13.9392456415434
262016,1224.0,677.0,73.0,1.34364716073195
275472,1430.0,1879.0,179.0,0.0065423612824972
359460,3.0,1183.0,108.0,-6.16301954363675
88848,160.0,1431.0,172.0,0.896404468193903
333035,1560.0,748.0,102.0,3.02746356839463
182856,1883.0,5.0,174.0,0.067864447162215
234301,136.0,1884.0,60.0,-0.0675977243269798
193768,146.0,18.0,176.0,1.98361140782878
437957,604.0,1911.0,116.0,5.22016756431676
227877,1926.0,1876.0,57.0,4.08992482933145
47668,1905.0,748.0,6.0,7.45581859242353
342750,1880.0,1916.0,104.0,-5.01532896933739
197619,1908.0,11.0,54.0,-0.100187505826476
102189,1909.0,17.0,173.0,-4.84952343325876
412601,1877.0,1347.0,114.0,0.806804377959746
182576,1908.0,1927.0,174.0,3.49697815969834
240979,146.0,164.0,69.0,0.905155251046782
236307,1891.0,1224.0,60.0,-2.2885658829218
424364,120.0,1887.0,115.0,2.26567552245615
332028,1898.0,1901.0,102.0,6.21866131991003
107459,1887.0,1883.0,45.0,2.37843562330169
324809,229.0,1430.0,100.0,3.26548306179217
166606,1912.0,1886.0,51.0,-4.97248369374917
47294,1913.0,1918.0,6.0,5.02334090560712
221605,20.0,1914.0,56.0,-7.35879485636559
252964,1347.0,1921.0,71.0,3.9130796771455
198380,164.0,1912.0,54.0,1.00435768656354
327057,1342.0,1347.0,101.0,2.3770144450111
56774,1889.0,1348.0,9.0,5.37004753893947
266706,948.0,1882.0,74.0,-5.01749153003652
178045,136.0,5.0,53.0,-0.557304948100328
8788,1889.0,72.0,2.0,0.0811397842841145
398457,85.0,147.0,112.0,-1.03893863893143
51178,1884.0,1671.0,7.0,0.91594603401466
6097,72.0,1347.0,1.0,-1.14941201319662
339766,1924.0,1892.0,103.0,-0.16885113207194
427114,1926.0,1559.0,115.0,3.43082592646915
106669,1897.0,1913.0,45.0,1.36240674065974
437082,20.0,1889.0,116.0,-6.69371610846587
262803,1886.0,1918.0,73.0,-0.254174855151963
358282,1891.0,18.0,108.0,2.29104539202868
86159,1912.0,788.0,172.0,7.89554197454991
426601,604.0,1893.0,115.0,6.88190025004515
69590,27.0,1430.0,12.0,7.27712630943574
25014,1891.0,1894.0,4.0,6.23067507546528
57116,1877.0,1883.0,9.0,-0.411596724493258
71169,1899.0,1898.0,13.0,-6.02384187117916
357326,1879.0,1671.0,108.0,2.22553985612221
45443,72.0,677.0,6.0,-6.98488300820788
630781,1894.0,1902.0,57.0,4.558252315414854
361094,1877.0,120.0,108.0,1.21526742376968
172540,1899.0,1895.0,52.0,0.648113439298994
302650,1906.0,1894.0,98.0,-11.3320493319755
18671,1342.0,14.0,3.0,-2.16023517566273
54313,1895.0,1224.0,9.0,2.35141500300846
321686,677.0,1890.0,100.0,-4.79243365996159
231300,120.0,788.0,58.0,2.8658763891376
51383,1926.0,18.0,7.0,0.427797855323752
54767,1897.0,83.0,9.0,-2.14084752003567
285739,1925.0,1892.0,77.0,2.49103591030928
248317,1897.0,1927.0,70.0,2.6593363056659
187969,150.0,131.0,175.0,-3.10953352320233
97193,1916.0,1911.0,44.0,3.21536904037901
230456,1331.0,677.0,58.0,-10.7230044775474
286597,1925.0,1332.0,77.0,2.58975377717459
220905,48.0,1183.0,56.0,9.86896123565081
225362,948.0,1909.0,57.0,17.199630674966
195064,229.0,1923.0,176.0,-0.432633807390884
249896,544.0,1904.0,70.0,-0.995931212745299
322982,1431.0,677.0,100.0,2.9160712163356
285366,1924.0,1916.0,77.0,-1.28273469365681
227338,14.0,5.0,57.0,-4.13063593932594
55040,146.0,72.0,9.0,8.05105327191078
398863,1903.0,1910.0,112.0,2.76653960197338
203080,72.0,1923.0,177.0,2.10427474338431
229572,1560.0,15.0,58.0,-3.53110647426281
13160,1332.0,1882.0,2.0,-0.883656319495263
358566,1560.0,72.0,108.0,-0.489513664888736
272020,1898.0,1347.0,179.0,0.28766622465006
192115,948.0,1910.0,176.0,9.59427884466639
212696,1888.0,150.0,55.0,-2.83288559511324
216007,160.0,1881.0,55.0,-1.61925883322329
47485,27.0,1917.0,6.0,2.4574027202043
113880,82.0,1892.0,167.0,-0.761568145193312
169515,655.0,1913.0,51.0,-0.52904442622359
176178,1877.0,1878.0,52.0,0.875830166062464
424287,1878.0,1908.0,115.0,-0.26668975323208
223423,1902.0,17.0,57.0,0.533017508289164
58354,1913.0,13.0,9.0,-1.73336761269681
214638,83.0,1911.0,55.0,-5.21615021928075
280373,83.0,17.0,75.0,-0.804400999413271
111771,20.0,1898.0,167.0,0.0539450045286224
215324,1879.0,1886.0,55.0,0.251426149647865
225099,1894.0,13.0,57.0,0.880879536816143
236347,1875.0,1897.0,60.0,-6.39691971652622
223823,1881.0,5.0,57.0,5.97745026699929
168987,1913.0,788.0,51.0,-7.18248747147414
246955,164.0,1431.0,70.0,1.08645849123613
212080,1920.0,1342.0,178.0,-7.68585420292004
198953,27.0,1911.0,54.0,-0.722170229082781
63481,1919.0,1891.0,10.0,5.16722023799513
346171,1877.0,15.0,104.0,-2.6754163374612
335365,655.0,1886.0,102.0,2.81969574090519
259141,1905.0,229.0,72.0,-5.12664214794798
389765,1905.0,1914.0,111.0,7.02289285549847
337332,1904.0,1911.0,103.0,1.507002148833
28108,1332.0,13.0,4.0,-0.575851349835781
254180,14.0,146.0,71.0,-3.92462765347729
324669,544.0,544.0,100.0,5.81459334012567
321693,136.0,120.0,100.0,1.69627236833955
412947,164.0,13.0,114.0,0.38709756123741
284141,83.0,150.0,77.0,5.65806770901365
211097,3.0,5.0,178.0,1.86226859423982
221498,1915.0,1916.0,56.0,9.29654086566631
111654,1183.0,1882.0,167.0,0.558485026720839
435454,1332.0,1898.0,116.0,-2.74590563247807
336746,1885.0,1892.0,103.0,0.0387928439663318
202895,120.0,1895.0,177.0,4.29602227716656
236828,1430.0,1894.0,60.0,-1.97010178003053
195352,655.0,1881.0,176.0,3.97127471394946
183920,1905.0,1898.0,174.0,0.774686820805985
108757,160.0,1909.0,45.0,18.0157880826592
64402,1430.0,1927.0,10.0,5.12179660922949
433651,1898.0,5.0,116.0,1.64267973858174
259984,1920.0,1348.0,72.0,0.534248117938337
264129,1926.0,1919.0,73.0,-4.81208683046408
114796,83.0,1886.0,167.0,-2.02113340657852
193407,1879.0,1912.0,176.0,-1.25845912931326
12583,48.0,13.0,2.0,-0.0436703279365735
183526,1883.0,15.0,174.0,0.905865994738203
185440,604.0,101.0,174.0,9.42078298780448
642525,1671.0,1902.0,3.0,1.193188445644535
417142,1337.0,1927.0,114.0,-7.32284401780923
235286,1885.0,146.0,60.0,-3.36899636830872
177704,1897.0,1918.0,53.0,-3.16736883105851
335200,1876.0,1224.0,102.0,-0.0996887817506691
105764,1875.0,131.0,45.0,-5.54669814820268
343532,1897.0,20.0,104.0,-1.78055902580754
416431,48.0,1884.0,114.0,4.76152741077432
243179,1337.0,1347.0,69.0,-5.40183798911755
436386,48.0,1887.0,116.0,3.17864950012805
199576,1897.0,788.0,54.0,-1.13708166588928
327177,5.0,788.0,101.0,0.913579360099668
106501,1891.0,1903.0,45.0,2.11474666640042
320966,1560.0,748.0,100.0,6.66754461121883
424672,1904.0,1224.0,115.0,-2.85310836235426
231166,948.0,164.0,58.0,0.655709460753721
322230,150.0,1896.0,100.0,1.51519797478944
165941,1881.0,1902.0,168.0,-3.4543057245274
397780,1891.0,1894.0,112.0,3.09309052653992
162688,1899.0,1883.0,168.0,-1.50788589577618
310686,1348.0,1910.0,186.0,2.72713903154071
283479,1881.0,1910.0,77.0,-3.40098605897239
5347,1183.0,85.0,1.0,3.60330061541474
370900,1430.0,1896.0,180.0,-1.24395384237795
436973,48.0,101.0,116.0,10.0609477097529
400145,1342.0,5.0,112.0,0.484201477185
179740,48.0,1887.0,53.0,-2.5096748893487
336722,1884.0,1893.0,103.0,-1.20501043476541
375451,544.0,1887.0,109.0,2.71411238753179
369615,1919.0,1911.0,180.0,8.10037675623661
31193,1889.0,1348.0,166.0,10.2329744450962
236006,120.0,1882.0,60.0,-0.497480138223432
401777,18.0,1928.0,112.0,-3.0316979926178
375626,544.0,1901.0,109.0,1.41719708316828
99583,1924.0,1917.0,44.0,0.141560958812772
194191,72.0,1896.0,176.0,2.60104990891167
360927,1915.0,1917.0,108.0,0.305438513414735
85507,85.0,1910.0,172.0,0.778379427709309
71027,1897.0,1914.0,13.0,6.97024936813074
55815,1885.0,1890.0,9.0,0.0656185002914368
315322,1560.0,1889.0,99.0,0.475143865167137
250054,3.0,1889.0,70.0,-1.82045628964184
240919,150.0,1890.0,69.0,-1.44836037403554
283762,1896.0,1882.0,77.0,-2.20749784009274
238507,655.0,1332.0,60.0,8.42438810456454
343110,1879.0,1560.0,104.0,2.18623346333436
164543,1919.0,1891.0,168.0,1.01490597047467
163371,1880.0,1909.0,168.0,-0.531393890088342
313004,20.0,1923.0,186.0,-10.1255224948923
377345,160.0,1928.0,109.0,2.93490405213806
388797,1904.0,195.0,111.0,-2.40995986904111
33795,1905.0,15.0,166.0,2.64216545231001
337177,1894.0,1904.0,103.0,2.32455854170835
65544,1331.0,131.0,12.0,-1.63381032574395
112179,85.0,1889.0,167.0,-3.39468065971145
5918,1911.0,11.0,1.0,-2.63897561059603
218856,1671.0,1882.0,56.0,-10.0409764677027
171676,1332.0,1898.0,52.0,-2.54233055428511
98888,1926.0,1431.0,44.0,-1.06962518759953
423747,948.0,1347.0,115.0,1.08485379604447
6666,1924.0,229.0,1.0,1.23516287984064
205164,1913.0,1923.0,177.0,-1.5051921216611
416407,1905.0,677.0,114.0,-2.04470088784377
422927,1908.0,131.0,115.0,-4.20689588429943
227941,1926.0,748.0,57.0,1.84913463258156
328607,604.0,1907.0,101.0,5.84369741442376
111410,120.0,1886.0,167.0,-2.69126148879832
58074,1926.0,20.0,9.0,1.45427589715
303550,604.0,101.0,98.0,8.12067649605877
318393,1430.0,1881.0,99.0,-3.39917007322862
287076,18.0,1928.0,77.0,2.06151866397016
73798,27.0,195.0,13.0,-0.909228943538235
161674,150.0,1911.0,168.0,-1.14757549320483
322786,1903.0,788.0,100.0,-1.00567782148177
71856,1886.0,1916.0,13.0,1.84690861288301
438162,1926.0,1337.0,116.0,-9.13672502348961
434957,1901.0,18.0,116.0,-2.51354170577418
377372,1913.0,1902.0,109.0,-1.51247775832605
190882,544.0,1877.0,175.0,4.41131393751747
279770,1915.0,1183.0,75.0,1.38356991595426
400365,1876.0,11.0,112.0,2.04475974783574
335799,1877.0,1903.0,102.0,-0.459056213476755
250870,544.0,1910.0,70.0,-3.33391759442103
195658,604.0,1347.0,176.0,-0.811496861587586
376070,1332.0,1879.0,109.0,-1.64783365605423
174818,20.0,1904.0,52.0,-3.80734184634993
73423,544.0,1183.0,13.0,4.79178862319234
99742,655.0,1927.0,44.0,0.756497771712141
33765,48.0,948.0,166.0,-4.57119213274977
8370,1337.0,1900.0,1.0,3.59101289869741
44562,1909.0,1923.0,6.0,-1.7968827385612
334559,1905.0,1884.0,102.0,-6.00734520026578
319643,163.0,1920.0,99.0,4.44723406798464
268950,1559.0,1914.0,74.0,2.92079213621941
179781,1915.0,195.0,53.0,-6.2217771548371
267682,136.0,1878.0,74.0,-2.8253723930408
284478,1559.0,1903.0,77.0,-0.988759880561881
170320,229.0,1224.0,51.0,0.749943523786202
245869,1899.0,1900.0,70.0,1.00351306263187
322329,72.0,1431.0,100.0,9.07933115859939
190301,1876.0,131.0,175.0,4.40897141010605
331272,11.0,1918.0,102.0,-3.59154535017878
244824,82.0,13.0,69.0,-0.4738243300561
369403,1891.0,1909.0,180.0,20.7144679434051
100840,1559.0,748.0,173.0,7.39802657190966
110093,1877.0,1890.0,45.0,0.331201819680058
284209,1875.0,1882.0,77.0,3.00533020538319
323546,1430.0,1883.0,100.0,-1.45726029289849
241761,1885.0,1348.0,69.0,0.266197272527903
273967,15.0,1923.0,179.0,-0.48965425860126
270001,655.0,1347.0,74.0,6.51508290110209
161165,1887.0,1927.0,168.0,0.198241299044192
10417,1883.0,1888.0,2.0,3.21330085216095
31172,1884.0,5.0,166.0,6.11715268192519
216797,1915.0,20.0,55.0,-5.78840095732154
301686,1897.0,1560.0,98.0,-0.0522395508633042
400297,1337.0,101.0,112.0,10.0065794237506
51881,27.0,1906.0,7.0,6.61782494958646
183033,1875.0,1431.0,174.0,-5.45594070910138
64930,1881.0,1928.0,10.0,-1.09254096233723
28559,48.0,948.0,4.0,12.0097549570255
343601,1880.0,18.0,104.0,0.897030550065894
274909,1926.0,1880.0,179.0,-2.91060388065253
424918,1671.0,1347.0,115.0,3.31286467911553
59318,164.0,1928.0,9.0,9.45862363343972
181658,15.0,1928.0,53.0,-1.28707171674878
304638,20.0,1890.0,98.0,-2.29611889265626
176136,1913.0,1337.0,52.0,4.05652794379306
200505,1925.0,1885.0,54.0,16.7855058245201
256921,1898.0,1923.0,72.0,-6.57042193945138
69761,1919.0,748.0,12.0,4.26169898405793
217830,1430.0,1902.0,55.0,-0.650792665896275
313352,1919.0,195.0,186.0,-5.1763067291681
68259,1926.0,1894.0,12.0,12.504281567734
5356,1885.0,1892.0,1.0,-0.762422347573765
28560,160.0,948.0,4.0,7.24162717969863
252486,120.0,1898.0,71.0,5.29465544703719
18380,1925.0,1924.0,3.0,11.3131361353292
317371,1884.0,1896.0,99.0,0.525288357465366
102000,748.0,164.0,173.0,0.593840609581741
5352,1888.0,1896.0,1.0,4.20490195420485
215789,20.0,1907.0,55.0,-5.8234681177406
227337,48.0,27.0,57.0,12.899530687467
206952,1915.0,15.0,177.0,2.38318115892389
100721,1887.0,72.0,173.0,5.4974905109426
43541,5.0,1882.0,6.0,-1.90684247509843
88963,1915.0,1904.0,172.0,4.33819030990203
110086,229.0,748.0,45.0,-21.433678863908
324567,27.0,1895.0,100.0,-2.41854217095923
45478,1902.0,3.0,6.0,2.88794032017028
88003,1889.0,1892.0,172.0,-2.93430958310164
359971,604.0,1914.0,108.0,-0.398298130188745
210665,544.0,788.0,178.0,-0.393520958352012
110089,1906.0,15.0,45.0,6.95384464259811
51558,1919.0,1883.0,7.0,0.374567441487486
341273,163.0,1887.0,104.0,2.64987134878531
89830,1337.0,748.0,172.0,-27.1396825946307
416916,1913.0,1886.0,114.0,3.56342666890961
26672,1883.0,72.0,4.0,-1.4079615762945
360719,1877.0,1889.0,108.0,-1.73889754201311
15727,1909.0,1883.0,3.0,2.56882961033506
337967,1331.0,1923.0,103.0,-7.88451718670814
414013,5.0,1910.0,114.0,5.94488035325344
233072,229.0,83.0,58.0,-7.07086548699335
87963,1885.0,147.0,172.0,-4.85550035649884
399433,1888.0,1907.0,112.0,-5.06504262903304
245174,1925.0,1876.0,69.0,6.79880298475613
205762,1332.0,1904.0,177.0,0.471696316663662
72751,1895.0,1903.0,13.0,-11.739947342776
184453,1342.0,1908.0,174.0,-1.09211221848066
284961,1915.0,1894.0,77.0,-5.51198877323901
285454,1926.0,1913.0,77.0,6.64886895973062
187835,1881.0,1892.0,175.0,-5.80774502892351
201257,14.0,1905.0,54.0,-2.3627437847194
178561,1886.0,1894.0,53.0,-4.52283760748905
370928,1877.0,1905.0,180.0,0.0357699438790148
68470,20.0,229.0,12.0,-17.1555298481839
34131,544.0,1925.0,166.0,8.54752995353922
319197,1342.0,1918.0,99.0,-5.65014697611959
103354,1913.0,1894.0,173.0,-3.662752391103
166748,1560.0,131.0,51.0,0.955525795259204
224014,1902.0,13.0,57.0,2.37096252241182
168111,72.0,1890.0,51.0,3.98050588414825
283399,748.0,1901.0,77.0,2.14100703523867
15910,13.0,17.0,3.0,4.94971001826976
110068,1926.0,1924.0,45.0,11.8751894717469
208493,948.0,1925.0,178.0,-1.15157510731968
224707,1896.0,1907.0,57.0,1.95337780926528
242461,1559.0,1881.0,69.0,-2.01033133188022
370694,1919.0,1431.0,180.0,-1.46418609500442
168218,948.0,1183.0,51.0,-2.18485618627151
301897,1899.0,677.0,98.0,0.981321173629419
226521,1906.0,195.0,57.0,-0.75298592967543
435114,147.0,1895.0,116.0,-0.780933957770321
327263,1883.0,120.0,101.0,2.66381908835576
398874,1559.0,1901.0,112.0,3.41803150986716
74374,1919.0,1893.0,13.0,-1.34488133655091
68424,655.0,1887.0,12.0,-2.01989140675181
171381,1895.0,17.0,52.0,4.08287430898751
220982,1876.0,72.0,56.0,-2.11910343448148
221878,604.0,1884.0,56.0,5.51983094243055
331950,1915.0,150.0,102.0,7.91005426820494
327971,1560.0,1892.0,101.0,2.22713516800894
75431,1913.0,1922.0,13.0,-1.05069867536091
259483,655.0,131.0,72.0,7.08686955999098
312493,1899.0,150.0,186.0,-0.476851505140622
89554,604.0,544.0,172.0,-7.19505833829167
180163,1906.0,11.0,53.0,8.54261864315286
434805,1875.0,1922.0,116.0,-4.42521807178342
161860,1881.0,748.0,168.0,7.9251127486873
227629,1332.0,1886.0,57.0,1.4138919431704
73321,1913.0,150.0,13.0,1.3363348325246
301160,948.0,1560.0,98.0,-1.57625314154249
193728,85.0,1331.0,176.0,-1.88070785303099
331687,1559.0,17.0,102.0,0.658588112782549
214902,1183.0,1892.0,55.0,5.43901624346757
416096,544.0,604.0,114.0,8.5183949349058
170021,83.0,677.0,51.0,2.95791371850878
261891,1911.0,17.0,73.0,-1.12173814779545
436149,1430.0,72.0,116.0,-1.14265619175198
426622,3.0,1893.0,115.0,2.34036841068
255212,14.0,1671.0,71.0,5.79176169894987
284167,1884.0,18.0,77.0,3.20290890700342
179540,1913.0,72.0,53.0,-3.18885506465331
163734,48.0,1908.0,168.0,4.24892046383042
325837,1891.0,1884.0,101.0,-0.259536768365888
185212,1905.0,1914.0,174.0,-2.2314371870074
162856,1894.0,1907.0,168.0,-1.23126799068757
647711,1887.0,1902.0,166.0,-3.75444191928848
203845,1887.0,5.0,177.0,1.46130601534464
24565,1881.0,1908.0,4.0,5.4487989025457
277152,1897.0,82.0,75.0,1.95149580486706
257996,1878.0,13.0,72.0,4.08695899987361
85957,948.0,85.0,172.0,3.97769974670503
184825,544.0,72.0,174.0,1.26652336727496
281430,1920.0,1671.0,75.0,-31.0903690804508
105775,748.0,17.0,45.0,6.60304393594296
391197,1923.0,1928.0,111.0,12.5765767859162
251770,948.0,1908.0,71.0,-0.710207477264192
4492,1331.0,1917.0,1.0,0.573925931091197
335763,1905.0,1890.0,102.0,-0.454614428641739
206956,1920.0,1671.0,177.0,-35.8464455579853
247497,164.0,1923.0,70.0,-0.193917418300541
345312,1913.0,5.0,104.0,-3.6998655810584
377265,1926.0,1925.0,109.0,2.14140311558471
232816,160.0,1559.0,58.0,-2.42486871874466
236222,1899.0,1892.0,60.0,-2.05078301161553
400889,1332.0,13.0,112.0,2.85133410032902
219607,1342.0,1347.0,56.0,-4.35811802175582
635288,1884.0,1902.0,73.0,-1.2055178717765909
188021,101.0,15.0,175.0,-3.89856114107392
329401,48.0,17.0,101.0,0.16436863916232
414533,1903.0,1896.0,114.0,6.98672852055081
101731,150.0,1224.0,173.0,-2.42749124332668
343065,1894.0,17.0,104.0,1.63413487174861
87390,1899.0,1901.0,172.0,6.74586562400992
257918,1902.0,1923.0,72.0,-3.90009935366898
229875,101.0,1894.0,58.0,4.78702036072264
191552,1877.0,748.0,175.0,2.57226963142568
273897,948.0,136.0,179.0,-0.13414588945502
180447,1337.0,1889.0,53.0,-1.54968515199161
434693,1884.0,72.0,116.0,8.02949058940982
437178,1332.0,1348.0,116.0,-1.76600676737255
190216,82.0,1885.0,175.0,-5.54632425602942
13550,1342.0,15.0,2.0,-4.31784649624595
51455,1925.0,1894.0,7.0,14.4065859561143
171831,948.0,1878.0,52.0,-2.65831708277697
388342,1899.0,1927.0,111.0,-6.82418976169711
193494,1907.0,1927.0,176.0,-1.86003976911145
96962,948.0,1925.0,44.0,-2.38534556202141
56275,1902.0,1914.0,9.0,-0.675378357156859
205938,160.0,1347.0,177.0,8.13843041327994
224898,1885.0,1896.0,57.0,8.48328915192242
326735,948.0,72.0,101.0,3.621641338875
192006,1347.0,1902.0,175.0,-8.27516651668156
105809,1878.0,677.0,45.0,-3.64703384498312
64049,1906.0,13.0,10.0,3.82600550923563
235327,18.0,788.0,60.0,-2.29889330778342
115448,1877.0,14.0,167.0,-3.103084456319
206695,1926.0,1927.0,177.0,-9.35499814296179
50114,1331.0,1892.0,7.0,-6.03400037231498
371112,1926.0,27.0,180.0,7.16582904025451
191745,14.0,1908.0,175.0,-9.37162206088293
184516,1905.0,1923.0,174.0,-2.59606863478768
220294,1224.0,1892.0,56.0,-8.57686611253013
280550,48.0,1891.0,75.0,30.7253472798591
345481,20.0,13.0,104.0,-3.99318059574355
16901,82.0,195.0,3.0,1.25074989074514
414357,1883.0,11.0,114.0,-3.96351294100371
358756,1560.0,17.0,108.0,-0.347329246713857
106915,1909.0,72.0,45.0,4.49564702712822
62675,1926.0,1908.0,10.0,-1.19025904669828
437462,1332.0,136.0,116.0,-5.33393503289845
236593,1889.0,1560.0,60.0,1.20468016702673
313527,1919.0,1880.0,186.0,0.990177743063482
263100,1560.0,1901.0,73.0,-4.83929131371541
69123,1430.0,1889.0,12.0,-0.972316113037762
258302,1900.0,788.0,72.0,1.69652271057543
69623,163.0,1888.0,12.0,-2.98964958333267
255942,1224.0,1928.0,71.0,3.33969452852097
168535,1896.0,1347.0,51.0,-0.589747346195612
27390,1913.0,27.0,4.0,7.84364155900449
243866,544.0,1885.0,69.0,0.425021717871542
254133,1920.0,1914.0,71.0,4.1836270134653
268391,1885.0,1884.0,74.0,5.430532321423
314227,27.0,1895.0,186.0,-4.82136379723437
17592,1915.0,677.0,3.0,2.501645417588
28604,1926.0,748.0,4.0,-2.59566472749788
183734,1559.0,1893.0,174.0,1.52098224820221
317491,1893.0,17.0,99.0,-2.67089691146358
228679,1559.0,1884.0,58.0,-5.43988421310288
259642,1924.0,17.0,72.0,-0.791974467293642
192888,1878.0,164.0,176.0,-1.88543775956542
252554,147.0,13.0,71.0,-11.8919212798428
72883,1332.0,1347.0,13.0,1.64249559821039
271066,1926.0,748.0,74.0,0.755517173995929
424284,14.0,1911.0,115.0,-2.68945533904379
95737,1875.0,1560.0,44.0,13.1373560810998
205412,83.0,1881.0,177.0,3.77168918241574
234021,1886.0,72.0,60.0,1.01695747898406
301736,1886.0,1881.0,98.0,-1.54206761268966
17301,1915.0,1914.0,3.0,-0.421180850516182
427900,27.0,1928.0,115.0,1.59081152159093
211635,1920.0,1430.0,178.0,-1.07558210712706
197858,1899.0,1914.0,54.0,3.27058337486843
397954,1878.0,47.0,112.0,-4.53065390850002
335276,1915.0,1912.0,102.0,-4.3583292739793
28511,27.0,1882.0,4.0,4.12899237950395
642635,1895.0,1902.0,102.0,-1.626550331691777
272936,677.0,1927.0,179.0,4.30663770268751
244097,20.0,17.0,69.0,-6.06169887354421
249165,1924.0,1881.0,70.0,-3.74994547993106
63326,1332.0,1885.0,10.0,-3.70174756475947
376446,1906.0,1918.0,109.0,3.9472278931289
6303,1559.0,1183.0,1.0,0.564635518954229
335553,160.0,1924.0,102.0,3.09626535458219
263429,677.0,788.0,73.0,-0.394285840940045
176157,1905.0,1922.0,52.0,-3.59929991964439
6581,3.0,82.0,1.0,3.50661138498739
206664,1876.0,1886.0,177.0,3.6102030591299
106057,195.0,1914.0,45.0,5.0032747129264
427328,544.0,1886.0,115.0,-2.13708608694053
209895,948.0,1896.0,178.0,2.20870701405121
257668,85.0,1918.0,72.0,-2.6897183743891
108226,1898.0,1331.0,45.0,0.111251574640646
246494,1880.0,85.0,70.0,-8.64534001086545
60372,85.0,1894.0,10.0,0.0508392124045476
205739,1332.0,1880.0,177.0,-13.0687074259011
274129,146.0,17.0,179.0,0.849955148912856
415636,1342.0,788.0,114.0,1.81330940825617
318910,1332.0,1431.0,99.0,0.359387686101886
275363,160.0,5.0,179.0,4.79755246447662
74927,1926.0,147.0,13.0,2.325674814543
343949,948.0,1878.0,104.0,-1.55171311682152
55957,85.0,1918.0,9.0,-1.35430144769664
284281,136.0,788.0,77.0,-1.8456828904881
214264,1908.0,677.0,55.0,-0.146710017016832
330007,655.0,1430.0,101.0,-1.59467813605284
173858,1911.0,131.0,52.0,0.846322818750848
312193,147.0,1882.0,186.0,-6.08931446832606
253051,131.0,1892.0,71.0,-3.23595358021885
360471,1905.0,1896.0,108.0,-5.8756412211639
166034,1878.0,1928.0,168.0,6.16164945568563
633833,136.0,1902.0,12.0,-5.19533058492854
425057,1888.0,1431.0,115.0,3.88337938809222
433751,1671.0,1900.0,116.0,3.57424805087584
241347,748.0,1918.0,69.0,10.2122230099927
108826,48.0,1914.0,45.0,5.21493129248783
627529,1671.0,1902.0,103.0,-4.079213028308829
277117,1903.0,1882.0,75.0,3.07646455676694
242240,1671.0,1911.0,69.0,5.04964713225708
220683,1891.0,1895.0,56.0,0.0274374283195497
315415,1878.0,1883.0,99.0,2.54754994856792
99287,1924.0,1905.0,44.0,-0.838627451890092
203280,1875.0,120.0,177.0,-1.11445806572921
423941,1671.0,677.0,115.0,0.862494226326414
246673,1560.0,1331.0,70.0,-4.60354348370233
370979,1919.0,1889.0,180.0,-0.567003764311736
164378,655.0,604.0,168.0,2.3264744884163
257150,164.0,1893.0,72.0,-2.36974806378891
259109,1877.0,164.0,72.0,4.19796419191742
56214,150.0,1918.0,9.0,-0.337438308504864
61622,748.0,1918.0,10.0,3.27529847721747
361215,1342.0,1900.0,108.0,-9.537452304683
186768,1337.0,1902.0,174.0,0.695631999796621
334824,1920.0,1904.0,102.0,-2.18305989231455
45270,1881.0,1560.0,6.0,-5.77287194596501
48303,1877.0,1902.0,6.0,-5.50434214474092
169449,229.0,1916.0,51.0,-3.22229162552665
283669,1908.0,13.0,77.0,-2.36784829025557
61011,1891.0,1898.0,10.0,-0.656646042218366
45148,146.0,1903.0,6.0,3.28235649505469
34008,20.0,1890.0,166.0,-6.16066642747162
333966,1915.0,1883.0,102.0,3.21174347493274
228834,1878.0,1888.0,58.0,-11.4723357771989
238869,83.0,1430.0,60.0,1.17936040207631
66737,1560.0,1892.0,12.0,-2.0272356422517
163128,1911.0,131.0,168.0,-0.317473622478714
242778,1183.0,5.0,69.0,3.09027373627774
276944,1914.0,1922.0,75.0,0.491468996704943
208655,948.0,1431.0,178.0,12.6361970922197
330427,544.0,1878.0,101.0,3.89611733122775
299905,748.0,1917.0,98.0,1.60501252826528
167958,1904.0,1347.0,51.0,-1.55895677894595
331396,1878.0,1883.0,102.0,0.297571524296936
320448,72.0,13.0,100.0,-5.26612874975496
434939,1894.0,1348.0,116.0,5.89841150078012
103395,1430.0,1875.0,173.0,-1.34298395398699
358149,1903.0,1671.0,108.0,2.8845987612511
435752,1560.0,1890.0,116.0,-0.474403647796316
400044,160.0,1916.0,112.0,14.4470134784997
259382,1926.0,146.0,72.0,-5.40871952801788
357206,1892.0,1910.0,108.0,0.845083072127045
16816,1337.0,1906.0,3.0,-13.8203002305761
249061,1913.0,1901.0,70.0,0.996813201711254
60434,1560.0,1890.0,10.0,-1.50495863567715
279318,1883.0,5.0,75.0,1.95306189839506
172940,1885.0,1892.0,52.0,-0.914010732640589
48951,136.0,195.0,7.0,0.480358501917767
225543,1905.0,1347.0,57.0,-2.91246568279191
228566,748.0,1927.0,58.0,2.8657982441178
86511,1883.0,1911.0,172.0,0.0258089718790328
370923,604.0,20.0,180.0,-2.71703353058646
264570,229.0,163.0,73.0,8.40796149454041
26305,1903.0,1896.0,4.0,8.01798612439575
343594,1348.0,1331.0,104.0,1.83407408513068
108610,655.0,1898.0,45.0,-0.775149172285182
18383,229.0,1671.0,3.0,1.19744522941065
304218,27.0,1559.0,98.0,-8.40876786231667
25509,1893.0,1224.0,4.0,2.9093953904511
182804,1880.0,1886.0,174.0,4.11032505920961
164998,1920.0,1430.0,168.0,3.12646641031737
104294,14.0,1879.0,173.0,0.564411284041007
218099,147.0,1916.0,56.0,-4.34720543071145
72783,1875.0,1916.0,13.0,2.93930244577572
252727,1892.0,18.0,71.0,-4.72266472484818
61368,120.0,1882.0,10.0,-2.26560332098315
212004,27.0,1671.0,178.0,-5.2821998992102
110564,1331.0,1910.0,167.0,1.58286429748333
396874,1899.0,1900.0,112.0,2.42147478942742
262481,85.0,677.0,73.0,-5.07290295113684
357957,1904.0,1882.0,108.0,-12.7944866948937
255214,604.0,1920.0,71.0,2.31399241809714
105700,1883.0,1908.0,45.0,0.213219998193069
280187,229.0,1913.0,75.0,7.40035473208929
230924,1919.0,1910.0,58.0,5.12986442402166
258042,14.0,1887.0,72.0,-0.49124114992873
31555,195.0,1882.0,166.0,5.36335460042973
67394,1879.0,1881.0,12.0,-5.21053746559382
317636,1884.0,15.0,99.0,-0.749944190703667
424209,1885.0,1895.0,115.0,-0.888108041613228
243696,1906.0,1901.0,69.0,-0.513133858530858
277242,1893.0,15.0,75.0,-1.00583868187659
68376,1876.0,1875.0,12.0,-1.21660714557164
44537,85.0,1890.0,6.0,3.23696264111786
243745,604.0,1887.0,69.0,1.09447387861089
371518,14.0,1430.0,180.0,-0.755673477015734
317796,72.0,748.0,99.0,-2.22638687433397
230747,1878.0,1903.0,58.0,-2.84873247709815
335503,1342.0,677.0,102.0,1.82939792422651
68788,544.0,1913.0,12.0,10.2735646371746
188485,1885.0,1916.0,175.0,1.74709586787488
173715,1907.0,131.0,52.0,0.72224588462178
216791,1915.0,5.0,55.0,4.90944061677366
241914,1891.0,1898.0,69.0,2.67341939424939
216880,1337.0,13.0,55.0,-5.39712101349593
74138,1876.0,1914.0,13.0,10.2323750029768
57908,604.0,1892.0,9.0,5.68517307986323
313951,1924.0,1884.0,186.0,-0.800961575421021
62887,1926.0,1894.0,10.0,7.10359846452137
433516,1897.0,27.0,116.0,-5.12436369417162
192235,1885.0,131.0,176.0,1.98484508403793
99932,14.0,1878.0,44.0,1.17351029564424
216845,1926.0,1889.0,55.0,-10.9526386883027
317115,13.0,1921.0,99.0,0.0458233654566474
336190,1897.0,1910.0,103.0,10.5240634074454
438330,82.0,1902.0,116.0,-4.21518617027067
247310,1907.0,1927.0,70.0,1.76787057732348
33850,1915.0,1337.0,166.0,-9.00092703485027
55695,948.0,1560.0,9.0,7.18377730539973
216384,1919.0,1896.0,55.0,-3.51717444501448
253481,1898.0,1912.0,71.0,8.08090714228234
161434,1879.0,1927.0,168.0,-5.13615536260617
202687,136.0,1884.0,177.0,-2.25294682199274
12828,27.0,13.0,2.0,-0.20505136570459
238561,1926.0,948.0,60.0,5.58699745177535
319808,1915.0,1882.0,99.0,-0.842837078634842
262838,1897.0,1906.0,73.0,1.80670448254311
12208,604.0,1347.0,2.0,-1.21054302643808
273179,1879.0,1882.0,179.0,1.7448597137169
373151,14.0,1887.0,109.0,4.90853681376107
433208,85.0,1910.0,116.0,1.23123395903531
189258,1889.0,1431.0,175.0,-4.15729345594306
630103,1883.0,1902.0,71.0,-2.7746970028467097
161816,1883.0,1897.0,168.0,4.16073486197161
184770,160.0,1898.0,174.0,-1.77746533265939
243820,544.0,1909.0,69.0,15.3303014749769
277306,1886.0,11.0,75.0,7.72470725711777
340868,1905.0,1922.0,103.0,5.70954390937545
223119,655.0,1902.0,56.0,5.13044691730615
6705,1342.0,229.0,1.0,-3.49070985979895
219260,131.0,1914.0,56.0,-7.69035120594319
17925,163.0,1917.0,3.0,0.98948447670987
189860,655.0,1894.0,175.0,8.35404040319523
68465,160.0,1880.0,12.0,-3.74684717586399
229035,1878.0,1909.0,58.0,2.808986987987
72941,1884.0,1927.0,13.0,2.29587585323028
203616,1331.0,1887.0,177.0,1.66552081133698
223434,948.0,677.0,57.0,10.8615836199241
358322,1888.0,1903.0,108.0,-0.152428145569908
69894,1926.0,1900.0,12.0,4.45787196346614
223968,1332.0,150.0,57.0,-0.644917353704462
108987,1913.0,1885.0,45.0,4.85661611020003
199152,1909.0,1911.0,54.0,-2.22105587759084
413056,1559.0,1896.0,114.0,-4.68580580851156
7564,604.0,1879.0,1.0,-12.8603304049887
219516,1909.0,1671.0,56.0,-6.06455608294424
250480,48.0,1332.0,70.0,-13.5688575833819
12862,1915.0,136.0,2.0,-3.449579655697
239016,1921.0,1902.0,60.0,2.88451916553396
284617,1878.0,1888.0,77.0,1.13213937075146
286545,163.0,1886.0,77.0,1.34902455283467
276433,1342.0,1882.0,179.0,-5.40459095921189
337746,120.0,1900.0,103.0,-1.68377061609282
195061,3.0,1919.0,176.0,2.49517291992803
375859,1913.0,101.0,109.0,11.642668589247
218877,1896.0,1888.0,56.0,1.1414311675709
223268,1348.0,1901.0,57.0,4.60991458080602
214318,47.0,748.0,55.0,-3.70597154420985
203533,1559.0,1887.0,177.0,-1.44087794517413
285652,27.0,101.0,77.0,23.6911813949051
65369,1875.0,72.0,12.0,-0.499110351226925
220516,147.0,1923.0,56.0,-0.454589843185117
312899,604.0,160.0,186.0,4.31512240691827
373991,1880.0,1918.0,109.0,-0.1911095073807
312497,1671.0,1224.0,186.0,-7.40138929327663
314508,1430.0,1912.0,186.0,-3.88832539866625
191570,1913.0,15.0,175.0,0.569838728916579
357845,1903.0,1881.0,108.0,8.25708375880062
191657,27.0,1922.0,175.0,-3.40857923818455
284151,1903.0,164.0,77.0,-3.24684143709823
162071,47.0,1881.0,168.0,0.993547160732471
242350,1888.0,1348.0,69.0,-0.481713265887747
199911,13.0,1901.0,54.0,3.75349585971982
261984,101.0,131.0,73.0,-13.7920102161851
210944,48.0,1914.0,178.0,5.49258663425646
280916,1342.0,1889.0,75.0,-4.41001945224869
101819,1347.0,15.0,173.0,-2.79968830394027
321069,101.0,1911.0,100.0,-8.39156231781113
304031,1906.0,136.0,98.0,10.5863438484794
89516,1430.0,13.0,172.0,4.3268252721191
372560,1883.0,150.0,109.0,-0.370771710248023
417376,655.0,1911.0,114.0,-0.770035045429573
108375,544.0,1183.0,45.0,11.8006060945095
252308,1559.0,18.0,71.0,3.86522650078496
63958,1337.0,1895.0,10.0,-3.41362231109625
399434,1880.0,1896.0,112.0,3.45252068061816
236932,1924.0,1919.0,60.0,5.19202114515252
231434,1924.0,1183.0,58.0,-6.38821812261818
184692,604.0,1919.0,174.0,3.68734309550441
258120,1893.0,1908.0,72.0,8.21403174471046
413239,1878.0,788.0,114.0,-17.1445061349173
267041,1888.0,1901.0,74.0,8.08917117699909
179469,20.0,1183.0,53.0,-5.86998604897485
54639,948.0,1924.0,9.0,4.7319363223356
64939,1431.0,1928.0,10.0,-11.007670928157
388377,1885.0,120.0,111.0,17.595663811195
187856,1884.0,1888.0,175.0,-0.749561486733962
356899,1892.0,1890.0,108.0,-6.33472713817608
187683,1885.0,1671.0,175.0,-3.35580826115694
201982,1925.0,677.0,54.0,-9.15796049878917
55344,948.0,1912.0,9.0,-0.0145769465044317
72100,1876.0,1911.0,13.0,3.18524294942907
6929,160.0,1331.0,1.0,-24.0784435035509
66922,1888.0,1347.0,12.0,0.348203734773155
178422,1904.0,1907.0,53.0,5.44049969290812
264784,20.0,1884.0,73.0,-4.07695489734683
215912,20.0,1331.0,55.0,-10.3896461079957
433463,1897.0,1431.0,116.0,0.684220087770574
56349,131.0,1921.0,9.0,7.11673645237745
176910,1559.0,1907.0,53.0,-1.21028112624082
344820,160.0,1431.0,104.0,2.43961871170108
202402,1885.0,120.0,177.0,-2.64469810645079
114549,20.0,5.0,167.0,-14.1040026637847
55514,85.0,1431.0,9.0,5.74391260930233
260851,544.0,1337.0,72.0,0.928329714871504
214560,1671.0,1882.0,55.0,5.84339836603984
266578,1183.0,1880.0,74.0,-2.66765725350364
217166,83.0,1671.0,55.0,-2.46048835072936
398255,1431.0,1348.0,112.0,1.54832329132293
180039,1925.0,146.0,53.0,17.9409372132972
320176,229.0,677.0,99.0,-3.88141689751168
162237,1878.0,1895.0,168.0,-4.77293563974881
314950,48.0,1903.0,186.0,-6.07912866777489
89281,1342.0,1918.0,172.0,-4.90422416180379
302797,1920.0,1894.0,98.0,-5.23461567196409
217639,1926.0,677.0,55.0,-5.76596372484486
256939,72.0,5.0,72.0,-0.667225115244243
310239,1887.0,150.0,186.0,3.03815783113746
50592,948.0,1918.0,7.0,10.9353309496768
88370,3.0,1923.0,172.0,-6.45231290426103
434093,1894.0,1914.0,116.0,6.04049883324204
279006,1886.0,131.0,75.0,3.08496716304631
369263,1885.0,1887.0,180.0,6.72805565189968
114874,1342.0,1927.0,167.0,8.51479193224828
244028,229.0,163.0,69.0,11.0405317038303
29395,1885.0,1882.0,166.0,0.950863308148878
400919,1924.0,1224.0,112.0,6.59365202710875
233152,1876.0,1882.0,58.0,-5.283258393066
62371,13.0,18.0,10.0,-0.237673293848811
300962,1898.0,1896.0,98.0,-8.32949807149875
73500,48.0,18.0,13.0,2.6406659683321
214599,1895.0,1560.0,55.0,9.40679440578843
200779,1342.0,131.0,54.0,0.0996712542502668
338405,1899.0,195.0,103.0,5.03066205009193
164027,83.0,1883.0,168.0,-5.22004130320379
226983,160.0,1893.0,57.0,1.36495519807625
399979,1924.0,1926.0,112.0,3.67317908618474
193983,1898.0,17.0,176.0,0.581428152761278
61109,147.0,18.0,10.0,1.85758249855522
115542,1895.0,1928.0,167.0,0.211784318492488
52588,1913.0,1918.0,7.0,4.83814308559402
115016,1915.0,748.0,167.0,2.87747614143341
358951,1897.0,82.0,108.0,-6.61359924247859
233134,20.0,1878.0,58.0,-13.4320328250054
6013,1886.0,788.0,1.0,-5.6059956886384
225563,1902.0,677.0,57.0,1.22438376988407
630166,1884.0,1902.0,7.0,-0.749258521661697
96696,1900.0,1887.0,44.0,0.778337779595498
433938,1183.0,1889.0,116.0,-0.261524040639485
201842,655.0,1900.0,54.0,14.0054475895533
301382,1891.0,1917.0,98.0,0.96534062781455
73887,1924.0,1885.0,13.0,5.00774512639665
400857,1924.0,1889.0,112.0,3.45533003001705
318220,1906.0,72.0,99.0,5.47346659281478
322317,136.0,1889.0,100.0,2.4591420046306
173662,17.0,1923.0,52.0,3.95991820569774
52926,83.0,748.0,7.0,-1.22299359064794
424452,1915.0,1911.0,115.0,-0.251465188491438
210883,655.0,1926.0,178.0,-0.812403330106948
48934,1909.0,1921.0,7.0,40.3389130137825
249093,48.0,1887.0,70.0,1.60911565067923
57669,1919.0,131.0,9.0,-3.77558117828186
43601,1916.0,1923.0,6.0,1.9707006898971
220913,1913.0,788.0,56.0,-3.80332105582068
264258,83.0,1901.0,73.0,2.1831436230491
225719,1894.0,1898.0,57.0,0.80062655038914
201168,20.0,1348.0,54.0,-2.75451319412999
183396,1875.0,1331.0,174.0,-0.915131779871781
424250,1559.0,1347.0,115.0,7.53252042873173
108650,604.0,72.0,45.0,7.67779555589821
376168,1919.0,18.0,109.0,1.08755854454639
257232,1896.0,677.0,72.0,-2.25414816056428
334009,1905.0,1901.0,102.0,-3.3429002015412
13045,1925.0,136.0,2.0,-1.20550807820362
90117,1877.0,1878.0,172.0,1.84440613379769
200235,1915.0,164.0,54.0,2.91258835203101
29811,1671.0,1917.0,166.0,-1.95005957814626
67261,1886.0,1917.0,12.0,-0.0124073943863127
167030,748.0,1908.0,51.0,1.61798097051006
235665,1889.0,1886.0,60.0,0.0139752487444398
73723,163.0,229.0,13.0,3.13889420277952
345770,1925.0,1886.0,104.0,-4.28718672436237
369268,13.0,788.0,180.0,6.14642259516978
96338,146.0,788.0,44.0,6.71489610005554
224845,1912.0,1921.0,57.0,6.80138319498855
272935,1900.0,1560.0,179.0,-3.5184739808904
30169,1897.0,163.0,166.0,1.70823806105449
248638,1886.0,1888.0,70.0,-2.00888390618218
181944,72.0,195.0,174.0,0.272424767484952
201273,20.0,1895.0,54.0,-6.08227471218367
174354,544.0,1894.0,52.0,12.1941554848298
282767,1895.0,1560.0,77.0,0.68147598263975
253439,1902.0,1912.0,71.0,-1.12890881629702
245011,27.0,1559.0,69.0,-2.09185411233554
50701,1899.0,788.0,7.0,-14.5479422958983
329615,1342.0,1918.0,101.0,11.7288684590821
315490,948.0,1905.0,99.0,0.368587440153758
321605,1919.0,17.0,100.0,4.84866631977859
49824,1883.0,1911.0,7.0,-1.75012571510002
433626,1559.0,1891.0,116.0,0.841222431985382
361216,1915.0,15.0,108.0,-3.41408504896159
322195,101.0,1880.0,100.0,6.7775033070314
18127,1876.0,1912.0,3.0,-1.20353758934111
50225,1881.0,1894.0,7.0,14.7108583536333
108448,1920.0,1907.0,45.0,2.49912788149954
107664,146.0,1904.0,45.0,-0.658511699568969
212654,27.0,1902.0,178.0,-0.465432516535717
198839,1916.0,17.0,54.0,-2.57059730582959
33443,1920.0,147.0,166.0,0.631884567442032
265507,1925.0,1888.0,73.0,5.32368517065509
399631,1342.0,1907.0,112.0,-14.0917106262642
625382,147.0,1902.0,177.0,1.0722200350023294
371321,1342.0,1559.0,180.0,1.0352666451865
29854,47.0,788.0,166.0,-5.8378104052561
222751,1877.0,1890.0,56.0,0.179752800671311
114339,229.0,20.0,167.0,0.288669946792584
412842,146.0,1927.0,114.0,-2.3070249184935
179415,20.0,1923.0,53.0,-5.90274610004606
53113,544.0,1921.0,7.0,4.06169163128249
184361,1882.0,1921.0,174.0,-1.87885581865171
8933,1671.0,1901.0,2.0,-3.14928510975815
69526,20.0,1917.0,12.0,-8.07941259367244
256722,1879.0,1887.0,72.0,4.3254586480528
186364,1905.0,1903.0,174.0,-0.700268399216617
248467,1880.0,1916.0,70.0,-0.469378928888093
253359,1913.0,1911.0,71.0,-2.35001113332524
33015,1876.0,27.0,166.0,-3.38204718578017
10942,1893.0,11.0,2.0,1.46623376606432
201230,1925.0,1877.0,54.0,9.60314834948745
168236,146.0,1894.0,51.0,0.610523516076468
6626,27.0,164.0,1.0,4.07838978238015
222657,48.0,1560.0,56.0,-0.187695918693382
227915,1877.0,1560.0,57.0,-0.87371408607066
206962,27.0,15.0,177.0,-2.82948931866672
339978,1342.0,20.0,103.0,-11.2882778301046
24829,101.0,1916.0,4.0,0.650495315115094
416086,1877.0,1431.0,114.0,9.46936756705938
369224,85.0,1671.0,180.0,-1.473190770163
108361,3.0,1922.0,45.0,6.811214019965
5112,1882.0,1910.0,1.0,-4.78363397075181
272597,748.0,1923.0,179.0,2.15665031262287
171213,17.0,1928.0,51.0,0.98312227488
97353,748.0,1224.0,44.0,-11.0250471394602
176044,48.0,1900.0,52.0,6.74569989433487
98933,1915.0,17.0,44.0,3.27440413211007
166120,1886.0,1896.0,51.0,0.968379513603692
171467,146.0,1901.0,52.0,3.1501027024421
243597,1342.0,195.0,69.0,-8.48184061458659
318345,1337.0,1907.0,99.0,-1.22600364514159
316616,1183.0,1911.0,99.0,3.50545284870309
108567,1924.0,788.0,45.0,12.5620696280641
256083,1899.0,1885.0,72.0,8.39875867080539
242512,1878.0,1560.0,69.0,0.607343414952001
173206,1875.0,1923.0,52.0,1.3729181595997
218778,1899.0,1882.0,56.0,-4.84571110559841
225156,1920.0,150.0,57.0,-0.191271540619487
209697,1912.0,1907.0,178.0,-5.93848348338342
401368,1913.0,1903.0,112.0,1.81351146134883
314786,229.0,1924.0,186.0,9.53611339941033
373854,1331.0,1917.0,109.0,0.0430587221779786
64110,48.0,1559.0,10.0,-4.85994666991716
206839,1430.0,748.0,177.0,3.41136669540183
323867,229.0,1913.0,100.0,1.44112543964332
5755,101.0,1927.0,1.0,0.316812195728965
315897,1882.0,677.0,99.0,4.77976873360952
70214,1337.0,47.0,12.0,-13.9739273489647
437915,14.0,1337.0,116.0,-10.0413910138073
271445,1431.0,1928.0,74.0,-1.36035736743262
390822,1926.0,1924.0,111.0,10.3181297627211
321649,120.0,677.0,100.0,1.63947864972677
194704,136.0,1916.0,176.0,1.48220384127861
186511,1342.0,1903.0,174.0,-0.272375419494265
28463,20.0,1927.0,4.0,-6.13195004672233
7575,1915.0,1348.0,1.0,-5.13878229268056
199468,1880.0,1885.0,54.0,0.469452526672746
55366,1899.0,1901.0,9.0,1.56217084345395
258412,1879.0,788.0,72.0,0.653886727290074
326507,1908.0,1901.0,101.0,3.01999692266102
202818,13.0,18.0,177.0,-8.54362247023514
339216,604.0,1898.0,103.0,-7.33988289408454
208597,1912.0,1909.0,178.0,1.74095467459862
202694,1875.0,1896.0,177.0,-1.41929856768177
101812,948.0,1671.0,173.0,-5.64238033870359
227135,1877.0,1905.0,57.0,-10.1191577416766
108279,1885.0,1898.0,45.0,-0.978445458137752
180209,1876.0,1879.0,53.0,-4.57541637202108
389238,163.0,1923.0,111.0,2.68213142206756
12569,1905.0,1348.0,2.0,7.76940052046589
339842,160.0,1891.0,103.0,6.56658632967023
89026,1926.0,1892.0,172.0,5.80185090995246
165737,1925.0,677.0,168.0,0.616883871549503
340703,1924.0,1876.0,103.0,21.1391169037036
53443,1560.0,1928.0,7.0,2.22778701010465
100102,1920.0,1890.0,44.0,-0.141752756385036
100906,1907.0,1890.0,173.0,-1.04894883193336
227647,1925.0,1927.0,57.0,-8.92360605539664
25730,85.0,1331.0,4.0,3.09455128777525
233272,1925.0,1900.0,58.0,-7.19302186068097
304175,82.0,120.0,98.0,3.85886675446989
14161,1893.0,1911.0,3.0,-0.355637027756186
399731,229.0,1923.0,112.0,0.953747849479561
211065,604.0,163.0,178.0,-5.42502842359164
73859,655.0,1909.0,13.0,12.7887850431461
45468,1883.0,72.0,6.0,-3.44974684135874
341497,82.0,1887.0,104.0,5.10919111719944
205028,1879.0,85.0,177.0,3.56809884026833
105737,1884.0,1888.0,45.0,-1.33116262853522
47766,1924.0,948.0,6.0,10.5211170219689
427309,655.0,120.0,115.0,1.34336024587567
316211,1899.0,147.0,99.0,3.13087754763434
237075,1905.0,1881.0,60.0,-1.01181539905304
401690,1905.0,47.0,112.0,-1.84190801949652
228112,544.0,1882.0,57.0,5.83802874051971
99468,1342.0,1430.0,44.0,11.2028823078565
340254,1905.0,13.0,103.0,2.05282566360716
25904,1904.0,1921.0,4.0,-0.513033923560238
369846,604.0,85.0,180.0,1.21852981137592
194039,1894.0,748.0,176.0,-3.13927953017711
370614,1877.0,146.0,180.0,10.6009482158333
70183,1919.0,1921.0,12.0,-4.53084832382589
423932,1183.0,1917.0,115.0,1.20113619552072
315436,1883.0,1914.0,99.0,0.629969648361772
373293,1879.0,195.0,109.0,-2.55401650586251
238387,1342.0,83.0,60.0,1.4849486743921
211366,1926.0,101.0,178.0,19.0060299712685
243454,1906.0,1894.0,69.0,-8.20828275872357
26064,1880.0,1889.0,4.0,0.379767870284959
329508,1332.0,544.0,101.0,-0.396075817065551
47270,1876.0,1895.0,6.0,9.57403970540733
186183,1919.0,748.0,174.0,7.57559289642762
369107,1671.0,11.0,180.0,0.253065554512292
161327,1431.0,5.0,168.0,0.761248930027517
248267,1900.0,788.0,70.0,2.32342763311273
248202,1875.0,1887.0,70.0,-3.88230852406981
191741,1905.0,1908.0,175.0,3.25048032857276
416369,1926.0,11.0,114.0,-5.78821033943978
216319,229.0,1347.0,55.0,-4.37263490835766
280514,163.0,17.0,75.0,10.4970009609584
44949,1559.0,1912.0,6.0,-1.4235397979518
167309,150.0,1896.0,51.0,2.61304399108323
113697,1915.0,1331.0,167.0,-5.99047489157199
214471,1875.0,1560.0,55.0,-0.834883095849336
436029,1924.0,1183.0,116.0,3.70733201033384
85945,1902.0,1898.0,172.0,-0.313097016011131
64660,20.0,1922.0,10.0,-6.14534851700791
53506,1347.0,1928.0,7.0,-8.98063758104511
274916,20.0,229.0,179.0,15.4315570638029
227430,14.0,1918.0,57.0,0.608573749829977
276899,72.0,1923.0,75.0,3.39271822161605
415336,1913.0,1560.0,114.0,-3.54144861123546
433907,948.0,1910.0,116.0,1.56208446063149
75686,1911.0,1902.0,13.0,-4.90760086080616
241738,1894.0,1917.0,69.0,-0.225757608733133
252008,1917.0,18.0,71.0,3.02377585035952
326529,1331.0,1894.0,101.0,3.20890560697331
89125,20.0,1893.0,172.0,-9.74310589764048
376653,1877.0,677.0,109.0,8.1442576270727
237752,1924.0,1884.0,60.0,2.71791916003171
283203,3.0,1911.0,77.0,-0.633686624073669
181698,1885.0,1928.0,53.0,-1.60175558146911
399720,1924.0,1919.0,112.0,-0.511053334576845
18277,1925.0,1342.0,3.0,1.13856311131887
54289,1892.0,1914.0,9.0,-6.82874188015662
333500,47.0,17.0,102.0,-6.19435467370925
266695,948.0,136.0,74.0,-0.561802235411466
17656,229.0,1905.0,3.0,3.48950018148053
172896,72.0,195.0,52.0,-1.6708275187961
400356,1915.0,11.0,112.0,0.149269609610129
267402,1883.0,748.0,74.0,-0.325957122509119
187099,1879.0,1908.0,175.0,2.88906747574767
247065,47.0,1923.0,70.0,4.11548088236792
193116,1886.0,11.0,176.0,2.93097687984666
56159,1925.0,18.0,9.0,2.08562268018972
59014,20.0,1900.0,9.0,-8.20497246543695
52748,1430.0,1224.0,7.0,8.21239798229727
345028,1877.0,20.0,104.0,-5.69779713527464
180939,20.0,1912.0,53.0,-5.70995138096937
302712,27.0,1183.0,98.0,-8.10002076196165
247616,1896.0,1892.0,70.0,-0.582934776486466
434179,1914.0,1910.0,116.0,3.6245654704096
260189,27.0,120.0,72.0,-2.17383994556883
26821,1337.0,1894.0,4.0,-4.68603648984764
111690,1892.0,677.0,167.0,-5.9036599516492
192917,1888.0,1912.0,176.0,5.8499165289002
244175,1430.0,11.0,69.0,-3.02189984845215
415200,136.0,1896.0,114.0,1.23176413014423
200409,27.0,1331.0,54.0,6.87470904349137
263697,101.0,748.0,73.0,0.828846159654059
27574,1876.0,11.0,4.0,7.81056266440592
13633,1879.0,1928.0,2.0,-3.32002294614269
73449,160.0,47.0,13.0,9.17351275962114
262537,1889.0,72.0,73.0,2.0218883798092
263526,948.0,1893.0,73.0,16.6995489886476
189358,101.0,1887.0,175.0,-4.91537229022143
34114,1332.0,1921.0,166.0,-8.94593804870185
335981,1923.0,1902.0,102.0,0.746301701556167
376650,1905.0,1912.0,109.0,-0.471833947092462
434459,1900.0,788.0,116.0,10.4733698671654
98194,83.0,1923.0,44.0,-0.847733126166397
215726,544.0,82.0,55.0,0.89221822707384
55509,1903.0,1918.0,9.0,1.73948525649378
61289,120.0,677.0,10.0,-2.42246178775993
304057,1906.0,1224.0,98.0,5.78142487639222
301844,1879.0,18.0,98.0,-2.19813676982809
329435,544.0,11.0,101.0,-1.55527626863714
336260,146.0,1893.0,103.0,0.186105463359509
28434,48.0,83.0,4.0,3.61929836464831
269044,1898.0,131.0,74.0,-0.923309520721637
31707,1888.0,1900.0,166.0,0.0139668403580955
217078,229.0,1927.0,55.0,-0.56576359843146
105220,1337.0,1900.0,173.0,11.5337134683482
249191,160.0,1926.0,70.0,4.61854449210489
11793,229.0,1887.0,2.0,0.604786445914774
227792,1905.0,1927.0,57.0,0.53516347348429
213539,1880.0,1348.0,55.0,-12.1147692376322
238041,655.0,1348.0,60.0,-2.41267692741183
370178,1926.0,1898.0,180.0,-7.62844462561495
376729,1342.0,83.0,109.0,2.66898494289856
424279,136.0,17.0,115.0,-1.26883779015709
413311,85.0,1904.0,114.0,1.09257646312192
335967,1900.0,1928.0,102.0,-0.473701592732906
61662,195.0,1431.0,10.0,6.59269266779051
50849,1885.0,13.0,7.0,0.504067288093362
328124,1895.0,1560.0,101.0,0.835188369166193
223313,1891.0,147.0,57.0,7.69257156870738
331074,1875.0,1878.0,102.0,-1.12891733682637
266447,1892.0,18.0,74.0,-2.74653678630002
316959,1885.0,1927.0,99.0,0.35638548643256
72569,1183.0,1875.0,13.0,-11.4488760208987
107973,1183.0,1916.0,45.0,6.28719922728402
189658,1332.0,788.0,175.0,-1.77227107010915
168442,1892.0,1890.0,51.0,0.0389883616757792
310878,147.0,1911.0,186.0,9.41764423676687
437841,1877.0,1560.0,116.0,-0.919406395010337
398423,1331.0,677.0,112.0,1.11861572364522
367141,1900.0,5.0,180.0,-0.977920386898691
174627,544.0,1926.0,52.0,12.526576181764
341067,1337.0,1921.0,103.0,-0.166779913535668
165664,1342.0,1890.0,168.0,-15.7851672001555
224718,146.0,1910.0,57.0,3.49782207293195
374011,47.0,1901.0,109.0,-8.99272495867339
268742,147.0,1887.0,74.0,-4.21336051030409
264944,1926.0,1895.0,73.0,-6.01873901356563
251171,1896.0,1886.0,71.0,4.25421469787562
367813,1560.0,748.0,180.0,8.93330960285322
194603,1915.0,1911.0,176.0,-0.171349495787767
280572,1877.0,1891.0,75.0,-0.172489583595899
399936,82.0,146.0,112.0,2.96156736497651
341130,1928.0,1902.0,103.0,-1.79872090766219
74253,1905.0,1884.0,13.0,-6.02693696529933
310589,1888.0,1881.0,186.0,2.06096784881182
413981,1898.0,1911.0,114.0,-4.66495884908816
329001,83.0,229.0,101.0,0.252327067175086
283134,1917.0,677.0,77.0,-3.63452156052159
27490,1876.0,1914.0,4.0,-2.7379992519602
255526,1337.0,1903.0,71.0,-4.27752002766027
213721,1894.0,1917.0,55.0,-2.62438974112525
398451,1905.0,1887.0,112.0,-2.23652087826032
206833,1342.0,1886.0,177.0,-2.7365342868247
217710,20.0,47.0,55.0,-7.93251535903911
215242,1347.0,1879.0,55.0,-4.63246954921505
361156,1332.0,1878.0,108.0,-5.49660188317627
45635,1878.0,195.0,6.0,-0.684022110250016
227443,1924.0,27.0,57.0,-1.33200659001105
109100,1915.0,1884.0,45.0,-1.50988289262268
423288,146.0,1881.0,115.0,1.83721351551256
194890,1876.0,788.0,176.0,4.73479374243462
224302,11.0,1923.0,57.0,-0.804763818478112
274043,146.0,1898.0,179.0,-0.762695319743372
358788,1875.0,72.0,108.0,0.907532403694668
171180,1926.0,1902.0,51.0,9.97029261360634
438048,3.0,1903.0,116.0,3.38281945723441
335670,1877.0,1882.0,102.0,4.90459416602044
300502,47.0,1347.0,98.0,0.24198432768017
433345,1904.0,1347.0,116.0,-3.39023862653024
237607,544.0,1892.0,60.0,5.78111995749323
344186,1915.0,14.0,104.0,-0.928750935165349
329647,1430.0,1348.0,101.0,2.87641739944348
8231,1905.0,1906.0,1.0,13.9168723260427
177823,1224.0,1916.0,53.0,1.88332156081086
11752,27.0,1875.0,2.0,2.93478589135272
195260,163.0,164.0,176.0,-2.84476950713078
212039,163.0,120.0,178.0,5.63563395424997
166095,82.0,1928.0,168.0,7.38633696959336
33831,604.0,1921.0,166.0,-1.99202040945793
114395,604.0,1918.0,167.0,10.6399614917783
210728,14.0,1901.0,178.0,2.00864851248912
169651,1925.0,5.0,51.0,10.7633405403748
172803,1893.0,1882.0,52.0,-0.96042518664655
273551,948.0,1911.0,179.0,-0.616441606430617
236736,27.0,1919.0,60.0,0.735725414760981
200204,3.0,1919.0,54.0,-2.17902110615835
86376,101.0,1910.0,172.0,18.6246715710709
111682,136.0,1927.0,167.0,0.506484050948624
242323,1890.0,1914.0,69.0,0.89560168011577
374556,1887.0,677.0,109.0,-3.97765282602345
342904,1431.0,1894.0,104.0,6.92565703331295
198912,1917.0,1927.0,54.0,-0.589955287717312
184499,1925.0,1183.0,174.0,2.60236599125941
162838,72.0,1901.0,168.0,1.48609234960136
331583,1903.0,1896.0,102.0,-1.65128590334609
211173,1342.0,131.0,178.0,3.29534618130994
390214,163.0,1896.0,111.0,-6.25145413395609
202000,1915.0,1900.0,54.0,-4.31512912772702
103681,1877.0,1909.0,173.0,3.87038571754955
200151,1924.0,1907.0,54.0,7.44986539283286
214121,150.0,18.0,55.0,-2.60283685334319
272441,27.0,1910.0,179.0,-4.76055601194033
217177,160.0,136.0,55.0,-2.83405621840829
276779,83.0,1928.0,179.0,-4.15251508995907
17374,14.0,1431.0,3.0,-8.15232715667724
204028,1888.0,131.0,177.0,1.22700356415208
108535,655.0,1894.0,45.0,5.72678500500474
260432,1924.0,1342.0,72.0,1.34250419204707
27598,1926.0,655.0,4.0,1.65881907094969
26581,17.0,1914.0,4.0,-6.65237253031369
185393,1342.0,1893.0,174.0,7.3542895155963
276482,1430.0,1560.0,179.0,-3.73652834762173
206959,163.0,1671.0,177.0,-0.76499167122031
254776,160.0,1904.0,71.0,2.25700781631373
185432,160.0,101.0,174.0,10.0803628365349
435384,1878.0,1911.0,116.0,0.512264404756162
635987,1903.0,1902.0,77.0,0.8450231057247211
74815,604.0,1917.0,13.0,-5.94593196989968
95909,1879.0,1887.0,44.0,-0.864937358824698
97424,1906.0,1887.0,44.0,9.59438600516277
113171,101.0,1879.0,167.0,2.97596452391265
229937,1897.0,1918.0,58.0,1.60930671895449
74152,1906.0,101.0,13.0,2.44942006942323
318444,1905.0,1331.0,99.0,-16.8928605704656
252686,1884.0,15.0,71.0,6.78876439583966
249055,82.0,1883.0,70.0,21.9283395644511
332266,1884.0,1922.0,102.0,7.40233568885267
184941,160.0,1885.0,174.0,5.15782055584628
272352,1895.0,1922.0,179.0,0.23242800418676
232053,48.0,163.0,58.0,5.84940395390087
176841,146.0,748.0,53.0,-5.48975445745536
28653,1906.0,1903.0,4.0,4.23606527881441
43816,1889.0,1882.0,6.0,-3.3972847858963
388977,1886.0,1923.0,111.0,-5.81137839363009
205469,1876.0,1875.0,177.0,-3.15213844934357
340832,604.0,1878.0,103.0,1.66390122349157
197220,1905.0,1898.0,54.0,-1.85122710937758
328952,229.0,1926.0,101.0,0.0367134019196821
286287,655.0,544.0,77.0,2.56292297942777
371987,655.0,677.0,180.0,3.51189703445824
181683,1882.0,1928.0,53.0,0.78562966420612
112308,1883.0,1881.0,167.0,3.57370070651171
272668,1899.0,1927.0,179.0,-1.39018173031669
74522,229.0,1915.0,13.0,3.52591014532093
175425,1926.0,27.0,52.0,5.9148809658434
339064,1342.0,1923.0,103.0,0.380537303747872
267401,85.0,1922.0,74.0,2.59587558652951
60889,147.0,1881.0,10.0,2.89478019215889
98087,1885.0,1884.0,44.0,3.00165293907512
171538,1881.0,15.0,52.0,-2.87729891116816
202618,1889.0,1888.0,177.0,-2.17247913096366
247264,1879.0,131.0,70.0,-2.13170501048297
216942,655.0,1917.0,55.0,-9.22744799241648
304178,83.0,1559.0,98.0,-4.96927550276454
311171,1897.0,1917.0,186.0,10.2511080025878
165378,1924.0,136.0,168.0,2.13010155906226
253817,3.0,1894.0,71.0,-5.10175386556686
373057,1896.0,1921.0,109.0,-1.59654071047811
235784,1908.0,15.0,60.0,-0.986370844822139
284400,1912.0,1886.0,77.0,-1.3040002031569
374252,1904.0,677.0,109.0,1.03691260265553
99541,163.0,1224.0,44.0,10.4423686519874
75527,1920.0,15.0,13.0,0.810869522083349
343371,1880.0,147.0,104.0,0.340437701128753
101653,120.0,1886.0,173.0,-0.511435310822557
104378,83.0,1906.0,173.0,3.57675893905293
85902,13.0,1910.0,172.0,3.07841265093978
106507,1889.0,164.0,45.0,3.65088387422788
345283,160.0,13.0,104.0,-1.42612469291551
339184,1876.0,1883.0,103.0,6.01067854974442
260948,1920.0,1902.0,72.0,0.149702614331903
161366,1559.0,1331.0,168.0,-1.21389598892733
166633,1883.0,15.0,51.0,-0.943354612415844
356979,1899.0,1912.0,108.0,7.12330068071347
218990,1224.0,5.0,56.0,-6.59743116481967
165971,1337.0,1902.0,168.0,-9.17502488194513
166377,101.0,1331.0,51.0,-4.0726636989881
163180,1879.0,11.0,168.0,0.375704038343399
224125,85.0,1923.0,57.0,-1.332411416167
89551,20.0,1888.0,172.0,-13.6986795955922
376672,1919.0,1912.0,109.0,5.73330464282063
339258,655.0,72.0,103.0,7.07331636263782
88331,655.0,195.0,172.0,-5.58847590450282
205007,1883.0,1331.0,177.0,-2.136179241213
56553,101.0,1875.0,9.0,-1.79052783628269
184519,1913.0,14.0,174.0,6.47810615111952
338448,1895.0,150.0,103.0,0.815753648648074
212129,48.0,1332.0,178.0,8.21226862140974
254896,1906.0,1895.0,71.0,2.94573917150726
323048,1901.0,18.0,100.0,-5.64915281600497
208679,101.0,1922.0,178.0,-5.81154499909582
341128,1347.0,1902.0,103.0,-12.1407679268428
253487,1881.0,1910.0,71.0,-1.77457774266732
5770,1183.0,1916.0,1.0,2.10287765637938
187823,136.0,195.0,175.0,-2.54041502259477
243402,655.0,1183.0,69.0,4.23344836276374
244767,1876.0,13.0,69.0,1.51950814774774
173877,1884.0,1224.0,52.0,-0.629500230008773
274975,1926.0,1881.0,179.0,-1.33735526080819
224522,5.0,1921.0,57.0,9.1946924760506
187517,1881.0,1560.0,175.0,19.239777266086
322762,1912.0,1894.0,100.0,0.613761283509793
314025,1915.0,18.0,186.0,3.55091945938485
6170,1880.0,1898.0,1.0,-1.4644425761989
240731,1885.0,5.0,69.0,0.315234237463932
337112,1897.0,1922.0,103.0,-4.05003650345138
304088,3.0,147.0,98.0,-2.64352540930544
176605,1875.0,1884.0,53.0,1.15400426724983
187855,1885.0,5.0,175.0,1.98792402638965
286510,1342.0,120.0,77.0,-1.37350768932866
43464,1907.0,131.0,6.0,-1.36376524427972
17107,3.0,1331.0,3.0,-23.8589312870153
266643,1894.0,1904.0,74.0,-1.69647973170293
190975,1913.0,147.0,175.0,-5.00557655597543
285969,83.0,1348.0,77.0,-2.16525502406947
372581,1875.0,120.0,109.0,-1.52349114143028
300945,1888.0,131.0,98.0,0.978242589608563
175118,604.0,1891.0,52.0,4.69736722261441
194789,1889.0,748.0,176.0,-3.35896837029331
5233,15.0,1901.0,1.0,-35.6697414967252
253690,1905.0,1923.0,71.0,0.805230452173548
58292,163.0,1430.0,9.0,0.806841559788884
272977,1876.0,1910.0,179.0,2.85072240330352
270802,82.0,120.0,74.0,4.46872574344421
328167,1896.0,13.0,101.0,2.97264132993258
186400,1924.0,1911.0,174.0,-1.07510482572978
267258,1883.0,1908.0,74.0,2.32849007408195
282414,1884.0,146.0,77.0,-2.1402052288669
179677,20.0,1881.0,53.0,-1.4123172340301
437130,1920.0,1904.0,116.0,3.2393615769896
301004,1559.0,1900.0,98.0,-0.593244738913228
217102,1915.0,1912.0,55.0,1.5523719919839
9324,1342.0,1332.0,2.0,-8.9534130656536
330487,1876.0,1922.0,101.0,1.60755021374724
302707,1919.0,1183.0,98.0,-1.443013204304
336070,1884.0,1671.0,103.0,6.56224353315418
214462,1889.0,1914.0,55.0,3.70707676343244
29758,1878.0,1882.0,166.0,-8.21494835473365
164228,3.0,1916.0,168.0,5.41348496371763
203961,1896.0,13.0,177.0,-0.95146220705259
255532,1913.0,15.0,71.0,-4.41790919350675
320007,3.0,1878.0,99.0,-2.32072069224973
423022,17.0,18.0,115.0,1.87220305984739
639677,1885.0,1902.0,101.0,-0.0047540669151749
202508,1916.0,1923.0,177.0,-0.309694884351325
426364,1925.0,604.0,115.0,2.50941166501132
323134,1559.0,748.0,100.0,4.28480007552079
314344,1919.0,13.0,186.0,0.196237537255874
318057,544.0,1908.0,99.0,-2.34959113611313
16909,544.0,1887.0,3.0,-3.62987817718577
221574,229.0,1431.0,56.0,6.64517192708656
6585,160.0,1894.0,1.0,6.58126607186056
166597,1902.0,1923.0,51.0,0.399494373813499
313678,20.0,1914.0,186.0,-3.13285072719183
315785,1347.0,1894.0,99.0,-3.24714718320304
182355,948.0,47.0,174.0,-3.56097058597948
370357,82.0,1331.0,180.0,-17.9400021565057
200279,1906.0,1907.0,54.0,5.55419821079798
191783,1342.0,14.0,175.0,-13.0934546858043
215961,1906.0,195.0,55.0,6.05237492500587
368955,147.0,1894.0,180.0,0.774382544995125
175885,1906.0,748.0,52.0,-0.0573967990578581
201178,1925.0,1904.0,54.0,1.58305305292397
200673,1915.0,1892.0,54.0,-4.68794378633494
209915,1894.0,1883.0,178.0,6.75966577913766
9259,195.0,1890.0,2.0,0.1223912288002
320608,27.0,1347.0,100.0,1.548759120943
630109,748.0,1902.0,71.0,0.5271452811472249
633626,748.0,1902.0,109.0,-2.776227702298675
75033,1919.0,1559.0,13.0,1.79576467610933
193007,1907.0,1901.0,176.0,-5.06284116727652
244572,229.0,1896.0,69.0,7.89209278693696
343676,101.0,1907.0,104.0,-1.95546868459049
100683,1879.0,1431.0,173.0,0.063969146776709
9693,1559.0,150.0,2.0,-8.08761321652193
339006,655.0,1883.0,103.0,-1.26266741066607
317956,1183.0,1879.0,99.0,-0.224151095358675
234469,72.0,1882.0,60.0,2.01330855765397
314425,1919.0,120.0,186.0,0.892188312392726
104403,655.0,1904.0,173.0,-10.3404697842903
215963,544.0,1926.0,55.0,-1.81673990532285
311711,1885.0,1898.0,186.0,2.08406007462645
253452,1883.0,195.0,71.0,-7.25609014829635
181501,1920.0,15.0,53.0,6.42960673224436
272811,1878.0,1886.0,179.0,1.88901835220365
252174,1899.0,677.0,71.0,2.98707758730964
335362,48.0,1886.0,102.0,0.885508988898298
370760,1332.0,677.0,180.0,6.31501073665009
115132,83.0,20.0,167.0,5.24057217865633
219355,1331.0,18.0,56.0,-3.40780529336541
388538,1919.0,1911.0,111.0,9.66902991954957
342680,1883.0,5.0,104.0,2.53896843832666
273649,1879.0,1878.0,179.0,-1.3265167200005
332362,1888.0,1671.0,102.0,-1.50118431830659
179806,163.0,1880.0,53.0,-3.47532716017881
255632,604.0,1903.0,71.0,5.02034584180128
315712,1183.0,1890.0,99.0,-0.820030405158361
261215,1887.0,1895.0,73.0,-2.53518844521249
232690,160.0,1348.0,58.0,-5.31119743302501
254326,544.0,163.0,71.0,7.26908222184308
273203,1880.0,1224.0,179.0,-2.36935835319862
170105,1926.0,13.0,51.0,-1.57890054374436
224736,1908.0,1923.0,57.0,-2.16552609469443
427777,160.0,677.0,115.0,-3.14262600866505
331354,1878.0,150.0,102.0,-5.55917098278764
26238,1875.0,1921.0,4.0,-5.69437976932609
16826,1906.0,164.0,3.0,2.82243920461602
177798,146.0,1922.0,53.0,11.2552428473898
68618,83.0,27.0,12.0,7.71815595522628
284446,1879.0,1224.0,77.0,-1.86694973053111
282631,1884.0,17.0,77.0,4.3131329321527
87074,948.0,1671.0,172.0,4.23129525182848
47408,48.0,1559.0,6.0,0.829817369763447
625356,101.0,1902.0,172.0,1.0091077323860351
173905,1904.0,1890.0,52.0,-2.10507845762383
28262,1906.0,120.0,4.0,0.914501589690719
334468,27.0,101.0,102.0,6.2593262100594
44922,136.0,1909.0,6.0,-2.20777990273595
284523,1914.0,788.0,77.0,-2.25898283565955
55546,47.0,1923.0,9.0,-1.7075512314543
416894,14.0,1224.0,114.0,1.63970794725968
198918,1911.0,131.0,54.0,-4.62592491044652
303730,1877.0,1875.0,98.0,1.74388110173828
270959,20.0,1878.0,74.0,-6.0348264540059
433564,1560.0,11.0,116.0,2.87186483643164
196795,1924.0,1911.0,176.0,0.395326746828093
105987,120.0,1916.0,45.0,-3.9696121810679
206649,160.0,1430.0,177.0,5.92812888776861
373408,1886.0,131.0,109.0,0.801902286206781
313911,1925.0,101.0,186.0,30.1899302270276
263577,1881.0,1927.0,73.0,0.34158834915218
318973,544.0,150.0,99.0,6.9062927529516
272054,1902.0,1560.0,179.0,-4.40015496941537
328393,1899.0,18.0,101.0,-3.54106931497819
328538,160.0,47.0,101.0,-0.768988123864017
182364,1907.0,788.0,174.0,-1.79242371759175
187339,1895.0,131.0,175.0,3.80352299970973
193155,136.0,146.0,176.0,-0.535311911521009
255111,1920.0,147.0,71.0,-10.1711126193451
176177,20.0,1900.0,52.0,-1.97788215231944
85947,1671.0,1917.0,172.0,-0.852832908789026
425676,1877.0,1183.0,115.0,6.35523086077808
334011,1337.0,1881.0,102.0,2.31850910117546
48095,1342.0,14.0,6.0,5.03092146522751
370552,1337.0,1892.0,180.0,3.89597724921919
218501,72.0,1904.0,56.0,-2.911723406562
241771,1908.0,1916.0,69.0,-1.71173208285275
360740,544.0,1348.0,108.0,-22.9738672230999
286613,655.0,1332.0,77.0,1.7729885061124
25958,150.0,1898.0,4.0,-0.440178222354566
102305,27.0,150.0,173.0,-3.63067209748123
314610,163.0,136.0,186.0,3.1420478521549
372295,948.0,1906.0,109.0,2.68093944772503
267921,1891.0,195.0,74.0,4.87604837433572
236648,146.0,1887.0,60.0,-0.484244901542108
26587,195.0,131.0,4.0,1.12519835616184
30113,1917.0,1922.0,166.0,-1.89899129725267
259894,160.0,1896.0,72.0,2.74559380281024
338489,1886.0,1910.0,103.0,3.86770004122156
165191,1337.0,136.0,168.0,3.80037294831728
428011,1884.0,1928.0,115.0,-3.0153036281019
236229,1331.0,1918.0,60.0,3.52921770705593
199801,11.0,18.0,54.0,2.30733865246417
43192,131.0,788.0,6.0,-4.22191015132209
213576,72.0,1431.0,55.0,3.63913120742406
424626,101.0,1898.0,115.0,0.316943007509735
161997,1559.0,1904.0,168.0,-2.05178436148256
227621,655.0,147.0,57.0,5.62384392164717
96246,1880.0,748.0,44.0,0.542531725339619
435333,1911.0,18.0,116.0,-1.55322319971194
312571,1224.0,1927.0,186.0,-1.02457979552604
231592,229.0,1923.0,58.0,-4.75617296114981
312730,146.0,1903.0,186.0,-6.01238543811472
70617,1899.0,1671.0,13.0,1.8205157340656
233885,1884.0,72.0,60.0,4.66696532192084
184773,1926.0,1898.0,174.0,-3.17035210133503
244260,1920.0,1892.0,69.0,0.928010471949694
8291,1920.0,1878.0,1.0,4.11716877341269
195301,1337.0,229.0,176.0,0.0622191833633509
338397,1917.0,1927.0,103.0,-2.88221123626443
223093,14.0,1902.0,56.0,-7.75770441454099
249131,160.0,1880.0,70.0,-0.657617275328777
436980,604.0,101.0,116.0,19.8848497874435
188710,195.0,1671.0,175.0,-0.738204716130397
96297,1224.0,1921.0,44.0,-0.737035932970785
369529,1894.0,1882.0,180.0,-2.44216459001628
59933,1902.0,1913.0,10.0,2.71205118432769
251799,1886.0,1910.0,71.0,-2.09375530038996
324101,1906.0,1891.0,100.0,1.30310845543029
205380,655.0,788.0,177.0,-0.437569646636129
338580,1903.0,788.0,103.0,3.89257047558061
167612,1331.0,677.0,51.0,-1.6343693420289
201476,83.0,120.0,54.0,-0.746180423285513
10687,1912.0,1927.0,2.0,0.0971092496601196
184369,146.0,1895.0,174.0,-0.621143119999249
263982,27.0,1894.0,73.0,-9.19769987744397
161299,20.0,1347.0,168.0,-4.07524401222274
31345,85.0,1224.0,166.0,-2.58084361594987
166809,1888.0,1892.0,51.0,-4.89189359324577
246734,748.0,1918.0,70.0,-1.97339165017913
168983,1342.0,47.0,51.0,-2.86273114510664
279641,1924.0,1183.0,75.0,1.55777602901687
433342,150.0,1671.0,116.0,1.73312304385333
88822,1913.0,1914.0,172.0,-0.80205758690182
100679,101.0,1910.0,173.0,4.83307002549986
163829,163.0,1883.0,168.0,8.04741150366683
334311,1906.0,1909.0,102.0,5.00158657121265
370168,27.0,1901.0,180.0,2.34363711832454
182360,1891.0,788.0,174.0,-2.30211594326753
374081,146.0,1881.0,109.0,1.10106715536688
369532,1878.0,1912.0,180.0,-0.735500027348389
215946,20.0,229.0,55.0,-10.4553325417413
423560,1916.0,15.0,115.0,3.10001939783459
246929,1896.0,1916.0,70.0,-2.55123468564536
358220,47.0,1898.0,108.0,-2.41841594136133
321633,1887.0,1910.0,100.0,-0.847123943877149
68492,1905.0,229.0,12.0,-14.187104617099
181121,604.0,1332.0,53.0,-2.04330011548612
204271,164.0,1331.0,177.0,-15.7111351480262
99141,163.0,1891.0,44.0,-5.44958944077766
9947,677.0,1922.0,2.0,2.98008083383719
98742,48.0,1331.0,44.0,-15.24283810453
72319,1431.0,1882.0,13.0,2.77357548393836
26460,1894.0,1916.0,4.0,-0.583538183820996
215200,1919.0,1898.0,55.0,-0.477853474965825
72931,1894.0,1918.0,13.0,-3.23925056701001
67825,5.0,1917.0,12.0,-28.0866249344884
234180,1893.0,1347.0,60.0,2.7184139166686
256157,5.0,15.0,72.0,3.66908100597224
6519,3.0,1907.0,1.0,-4.95869788982616
175985,160.0,1876.0,52.0,3.25889782789546
330476,1919.0,1922.0,101.0,4.71574994431287
375376,1919.0,1901.0,109.0,1.96490676495521
371481,1332.0,1671.0,180.0,-1.79116570298306
223281,1908.0,1918.0,57.0,1.15202004831771
168765,1878.0,17.0,51.0,-0.777651683946088
100547,1908.0,788.0,173.0,0.520747927363598
284068,1876.0,1224.0,77.0,3.34243592958558
172541,1883.0,17.0,52.0,5.13371365219893
414215,1559.0,1347.0,114.0,8.35729915359787
250695,1342.0,1882.0,70.0,0.577009180617296
340215,1915.0,147.0,103.0,8.64209714225741
325792,948.0,195.0,101.0,-4.66283687264153
336950,120.0,1916.0,103.0,5.76209676317692
32575,1332.0,1904.0,166.0,1.38279056194158
415421,655.0,1922.0,114.0,6.52237635181533
260903,5.0,1902.0,72.0,8.11625031851226
213091,748.0,1331.0,55.0,5.47595177653137
329186,82.0,1889.0,101.0,-7.62623059006069
268604,1914.0,788.0,74.0,2.37662369789864
164414,1913.0,544.0,168.0,-3.18545746284156
167133,1884.0,47.0,51.0,0.451206353075348
209771,1900.0,1331.0,178.0,-1.28061620708412
303375,1919.0,1891.0,98.0,-1.51488345223304
107454,1885.0,1896.0,45.0,0.662006577098514
6384,604.0,1922.0,1.0,3.13940115727138
27476,20.0,1914.0,4.0,-8.27052248662382
280388,1920.0,131.0,75.0,1.99369541777547
332240,948.0,1881.0,102.0,-3.11038919072027
212619,5.0,1928.0,178.0,-5.3390088343773
279367,748.0,1882.0,75.0,0.79805006180995
303102,48.0,1901.0,98.0,-8.75968601144612
108788,1342.0,1909.0,45.0,-6.43587415662635
375731,1913.0,1916.0,109.0,19.6371520997574
220448,1337.0,1911.0,56.0,-0.429674560971838
199063,1886.0,788.0,54.0,-2.34207046374852
433265,85.0,1897.0,116.0,0.0578389660594112
375858,1913.0,1891.0,109.0,5.62363063144316
105911,120.0,11.0,45.0,-3.35822624990702
233327,1913.0,1337.0,58.0,-18.4131559634736
434412,1879.0,1900.0,116.0,-2.8930776782998
114214,544.0,1891.0,167.0,10.8491386471957
415723,1342.0,1913.0,114.0,3.14583422414026
336252,5.0,1917.0,103.0,-29.9593456504549
163227,1559.0,1927.0,168.0,0.0533439926007742
390111,544.0,1905.0,111.0,2.62875427523459
332597,13.0,1882.0,102.0,4.76094250416947
48112,544.0,1337.0,6.0,2.39100408286743
213131,27.0,1898.0,55.0,-5.93969829747617
212854,1560.0,1911.0,55.0,4.18868880408279
343383,147.0,72.0,104.0,1.81963869521071
252522,1884.0,131.0,71.0,5.04369931328674
89305,655.0,13.0,172.0,-8.19422229078442
415775,160.0,72.0,114.0,2.53038070399482
299990,27.0,1332.0,98.0,-5.43682318939548
281031,655.0,1917.0,75.0,7.00777016591185
86385,1916.0,1910.0,172.0,-6.19065818412991
374636,1875.0,1883.0,109.0,5.07291365603155
166518,1912.0,1896.0,51.0,0.543344406503943
341744,1902.0,1906.0,104.0,-0.26104301489144
184811,1913.0,1331.0,174.0,-13.1059508794565
69781,20.0,1882.0,12.0,-3.69593304415734
346214,1924.0,3.0,104.0,-4.70423844941916
87526,1899.0,1923.0,172.0,-1.03165885485393
417294,3.0,1921.0,114.0,-6.34433299870357
265275,655.0,1224.0,73.0,2.03709600297793
44497,1883.0,150.0,6.0,-1.30005257957557
281712,1877.0,1903.0,75.0,-3.2666625046517
57328,1924.0,229.0,9.0,1.96666527074815
231283,948.0,1921.0,58.0,8.83096476146507
437578,82.0,1917.0,116.0,-2.57505695320613
357155,3.0,1898.0,108.0,-0.270879641445825
172802,1431.0,1896.0,52.0,3.69933544587639
207339,17.0,1902.0,177.0,0.763430629465642
51352,1876.0,1894.0,7.0,-2.01371974072361
261440,1880.0,677.0,73.0,-2.47355669789006
245712,163.0,1902.0,69.0,-1.43097606957838
236207,1899.0,1891.0,60.0,1.78678515739307
187379,1909.0,1347.0,175.0,-2.23654410005589
635325,1875.0,1902.0,179.0,-1.3217955845221887
346233,1919.0,1908.0,104.0,-1.706907035187
251007,1900.0,1894.0,71.0,8.5590134039876
262919,1885.0,1917.0,73.0,-2.3771377779475
233589,1337.0,1902.0,58.0,-17.0063011594656
311700,18.0,1923.0,186.0,0.263543729427839
256684,1897.0,1901.0,72.0,-0.0415427727617271
187036,1224.0,15.0,175.0,1.51293451981506
345610,1919.0,1224.0,104.0,-1.77957578130476
105721,136.0,1911.0,45.0,-3.76998353145684
192525,1559.0,1927.0,176.0,-1.59357993603367
334768,3.0,20.0,102.0,0.165164580007357
390188,1920.0,1877.0,111.0,-1.53663639029993
166744,1881.0,1224.0,51.0,-3.49896361006645
49038,1883.0,1347.0,7.0,-3.80753420509875
373323,1559.0,1922.0,109.0,0.875610058966537
267878,1889.0,1892.0,74.0,11.3420213116464
277202,1908.0,1927.0,75.0,-0.291033754806927
110919,1897.0,1923.0,167.0,2.08770863008992
198555,1897.0,18.0,54.0,-0.486927622633471
5697,1888.0,788.0,1.0,-3.69472459629817
358576,1183.0,1912.0,108.0,12.2803714890952
201839,1913.0,1903.0,54.0,-1.13996980683596
200888,1913.0,1431.0,54.0,0.893854388471333
417041,1924.0,1920.0,114.0,-0.184575798035528
273462,1908.0,1890.0,179.0,1.72455188584647
243909,1924.0,1901.0,69.0,2.48830133032029
223541,1903.0,1331.0,57.0,0.269326681736322
271192,1332.0,1900.0,74.0,-9.51061469430481
399677,1337.0,72.0,112.0,1.36846864878592
24499,1903.0,677.0,4.0,-6.40599883299344
32110,83.0,1183.0,166.0,-2.41874652418312
270167,163.0,101.0,74.0,7.21267636048627
250448,544.0,1342.0,70.0,0.974878634317225
199143,1878.0,1900.0,54.0,0.693334129211189
164776,1877.0,5.0,168.0,1.19443588151983
64384,1919.0,1927.0,10.0,5.40722696830147
257596,1902.0,677.0,72.0,4.40220583520501
188917,101.0,13.0,175.0,-4.04227156863592
370734,1919.0,1904.0,180.0,2.2610176827231
341282,146.0,1907.0,104.0,-3.50266858627358
258132,1915.0,1347.0,72.0,0.224624420830554
8704,146.0,1928.0,1.0,-1.06835954121675
72114,1559.0,788.0,13.0,-6.85195618656796
191318,1926.0,1886.0,175.0,0.754888972432993
226373,1919.0,1901.0,57.0,-0.337931938058876
213240,1883.0,131.0,55.0,-3.2494398710375
361290,3.0,1900.0,108.0,-7.23798040805089
279401,1894.0,1882.0,75.0,1.99127273912717
255493,1337.0,15.0,71.0,-11.2505737137047
33557,20.0,1671.0,166.0,-12.578093255962
317361,47.0,164.0,99.0,6.93240651773648
52944,1924.0,83.0,7.0,13.179481701381
248550,1881.0,1908.0,70.0,-6.16455354807369
188430,1881.0,5.0,175.0,3.08939776088539
46480,1925.0,1885.0,6.0,3.47551405464316
12849,604.0,1559.0,2.0,-0.581609787681231
57861,1876.0,1431.0,9.0,1.99267769311363
214735,1671.0,11.0,55.0,-1.41667342517302
260668,1905.0,1922.0,72.0,0.40261242510924
200210,1920.0,788.0,54.0,-1.71543693413612
71684,1878.0,1918.0,13.0,4.61726844568833
389506,160.0,1885.0,111.0,4.20031755717637
256202,1880.0,1894.0,72.0,3.17739703899924
358042,1920.0,1899.0,108.0,0.191193268653317
212360,1876.0,1922.0,178.0,1.73859164804027
325175,1925.0,1900.0,100.0,-1.02646706353487
45543,1919.0,1898.0,6.0,0.976014432851177
5683,1875.0,1903.0,1.0,1.53929268587436
73569,229.0,195.0,13.0,2.35238015222051
360305,1430.0,1884.0,108.0,-7.72586753541573
374720,1875.0,1671.0,109.0,1.21705736932624
212603,1893.0,1928.0,178.0,6.08214849078261
74084,604.0,146.0,13.0,7.27733832130539
206489,1920.0,1224.0,177.0,4.8747811426165
236176,47.0,1897.0,60.0,-4.75367148876028
74306,1924.0,1891.0,13.0,6.33144563025985
5528,1909.0,1882.0,1.0,2.52829026978767
168913,163.0,1922.0,51.0,-1.9988523857297
361232,3.0,748.0,108.0,-12.9400438474583
213329,1331.0,1910.0,55.0,18.5356619150113
274454,1924.0,85.0,179.0,-5.39984360492934
332357,1883.0,1904.0,102.0,-0.264298914478846
96687,1888.0,1921.0,44.0,-7.06137902990128
18597,27.0,1560.0,3.0,-5.8023465594498
15935,948.0,1894.0,3.0,1.18228226416756
339262,82.0,195.0,103.0,5.3368660551344
18201,1924.0,1886.0,3.0,-4.71542657935727
64798,1926.0,677.0,10.0,-5.48134803862734
210357,1908.0,17.0,178.0,7.30282379454896
281635,1924.0,1882.0,75.0,-2.96518566098805
316439,147.0,1888.0,99.0,-0.0145056731354624
32001,1906.0,1923.0,166.0,1.89333070499023
65446,1885.0,1901.0,12.0,0.357256534216758
223768,1876.0,1898.0,57.0,6.4077111773328
313877,604.0,11.0,186.0,4.61279146946039
217321,1926.0,1876.0,55.0,-0.532925315903049
219903,1347.0,1889.0,56.0,8.10800977347047
311453,1879.0,1900.0,186.0,1.35121844271507
317457,1899.0,1560.0,99.0,-4.2146996968807
253032,47.0,1900.0,71.0,5.94520377760617
196478,1913.0,1559.0,176.0,-0.531023068858685
435883,72.0,1903.0,116.0,0.0427492347331013
110367,160.0,1337.0,45.0,-14.9310324816684
25968,1671.0,1922.0,4.0,-4.42367377785507
372757,85.0,1889.0,109.0,1.47201810109127
29685,1876.0,1332.0,166.0,-5.13693871067822
435270,1891.0,1886.0,116.0,-0.281478080556107
54625,131.0,17.0,9.0,-0.617814703225362
232225,1905.0,1431.0,58.0,0.298008787200319
198069,1903.0,120.0,54.0,-0.122245855523544
376912,1920.0,1900.0,109.0,-0.670918247165382
69377,1924.0,1889.0,12.0,-0.772702180262881
27819,1920.0,20.0,4.0,-1.52040246757096
102450,1885.0,1914.0,173.0,-0.101447931316615
329715,655.0,27.0,101.0,12.2364433853865
234402,1896.0,1887.0,60.0,-2.33182930225014
198284,147.0,164.0,54.0,-1.00197836304478
193549,1887.0,164.0,176.0,-2.08604142964691
303337,1905.0,101.0,98.0,7.85153811906644
230119,1906.0,1887.0,58.0,-9.54317473448821
248001,1331.0,15.0,70.0,-0.0989904636542521
228013,1925.0,1911.0,57.0,0.0341437906553146
313983,1905.0,1896.0,186.0,-4.14917433180378
61544,14.0,1887.0,10.0,15.8221289829802
434576,146.0,1896.0,116.0,1.1666511455496
8032,1924.0,1886.0,1.0,5.7704199255335
18071,229.0,1430.0,3.0,1.36481969552653
210026,1224.0,1901.0,178.0,0.971972786113909
249129,1926.0,1880.0,70.0,-0.135765215656879
14808,1431.0,1917.0,3.0,-3.53797247868043
161390,1897.0,5.0,168.0,1.24398775963724
436133,604.0,1907.0,116.0,-2.59246999311921
102613,1888.0,1900.0,173.0,6.18797176881802
191747,604.0,14.0,175.0,3.64513988269141
25471,1912.0,72.0,4.0,3.83675491819966
332609,1347.0,15.0,102.0,-1.52647308201172
27635,1342.0,1892.0,4.0,-2.97393174355363
220808,1919.0,47.0,56.0,8.2069861758732
10242,948.0,1913.0,2.0,0.442118366667189
232588,229.0,1896.0,58.0,-0.874662467671965
32096,1906.0,72.0,166.0,-0.950287330299577
313073,229.0,1907.0,186.0,-9.06087551590316
374742,1888.0,1917.0,109.0,0.3932563165
248859,1876.0,1183.0,70.0,7.92614039559916
74069,1925.0,146.0,13.0,2.92177129344526
265023,1925.0,1905.0,73.0,-4.50978095397515
303841,1915.0,5.0,98.0,0.304681803207782
303816,83.0,1895.0,98.0,-3.01134080062803
194171,1891.0,1331.0,176.0,2.06425051031916
434489,1885.0,1914.0,116.0,2.95383176317639
105462,13.0,1902.0,173.0,-8.74622392156517
246917,1886.0,164.0,70.0,-1.15267512827284
64581,1876.0,1903.0,10.0,5.98920202076029
426684,1915.0,1893.0,115.0,6.84817378747111
269112,1894.0,1911.0,74.0,5.57419826992854
267763,1886.0,1909.0,74.0,5.12698220617481
278529,1559.0,1671.0,75.0,-1.70542431006136
343502,1879.0,147.0,104.0,-1.39226875474234
437177,604.0,13.0,116.0,3.0622014292712
219216,3.0,1911.0,56.0,-1.75775498702877
241055,1916.0,1910.0,69.0,2.89598547329862
219235,1895.0,1882.0,56.0,-12.1150543057026
300313,1884.0,1881.0,98.0,-3.65326060531039
31050,1885.0,1923.0,166.0,-0.745916403022887
64380,1876.0,1927.0,10.0,-5.20614988670545
231196,1916.0,788.0,58.0,-8.34321106454634
190146,1342.0,1909.0,175.0,-17.9240887344506
324406,163.0,1904.0,100.0,-0.519946551751913
413795,748.0,120.0,114.0,-0.484391702318259
329690,163.0,1875.0,101.0,-1.94450018898779
249668,3.0,11.0,70.0,6.93404030039753
322626,1907.0,1890.0,100.0,-0.675562741944073
250314,160.0,1888.0,70.0,-2.16922104490289
285267,48.0,1887.0,77.0,10.4549034665969
388633,15.0,1922.0,111.0,-5.0074679978782
367592,1903.0,1923.0,180.0,0.824481949501253
89549,1906.0,1888.0,172.0,-3.34987013592755
180912,1430.0,20.0,53.0,-2.68104508454635
212565,1926.0,1928.0,178.0,0.461474447545748
343096,1903.0,11.0,104.0,-2.21272858432261
103898,1337.0,131.0,173.0,10.0499515484961
285017,3.0,1883.0,77.0,10.6968060029521
31095,120.0,131.0,166.0,-0.0929180078984074
311746,11.0,1918.0,186.0,3.69343815919178
48970,1907.0,677.0,7.0,-4.05486599432202
177611,1881.0,788.0,53.0,3.99689714737089
280773,1877.0,1918.0,75.0,3.59067116991796
333441,14.0,1887.0,102.0,-2.58324179689899
112876,948.0,1900.0,167.0,0.0812895357599469
15241,136.0,1880.0,3.0,-0.824891654066466
321878,85.0,1883.0,100.0,3.11254913395216
268830,1331.0,1901.0,74.0,2.71884566661976
435414,1903.0,1907.0,116.0,3.32926207432076
398999,1878.0,146.0,112.0,-2.30323097610982
357635,1559.0,146.0,108.0,2.20025404204717
314202,1919.0,5.0,186.0,11.9082820135703
244623,160.0,27.0,69.0,6.03282257358525
282898,1919.0,150.0,77.0,6.75383755319664
284640,1893.0,131.0,77.0,-4.23025637273903
221069,1920.0,788.0,56.0,-2.04688065812698
57021,3.0,1908.0,9.0,2.24341291187694
7832,1915.0,1430.0,1.0,3.72913412461278
115166,82.0,1878.0,167.0,-0.508545249830179
18553,229.0,1903.0,3.0,1.23863256652385
399235,11.0,1921.0,112.0,-4.08734335987598
254087,163.0,1880.0,71.0,-0.343492352416669
304451,1925.0,1921.0,98.0,-6.98958074697416
233252,1925.0,1921.0,58.0,-3.54369188117871
338932,1925.0,1183.0,103.0,0.649333492209742
417097,1920.0,120.0,114.0,5.82594633191371
435938,1915.0,47.0,116.0,-10.1388223953793
47986,1337.0,1560.0,6.0,-7.58391294859662
242238,20.0,1347.0,69.0,-6.28442406558734
346199,48.0,677.0,104.0,14.0326872621565
178370,1224.0,1890.0,53.0,2.709568394699
96228,1906.0,1347.0,44.0,-2.92513067497468
66782,1559.0,1671.0,12.0,-1.45548792287048
283596,1903.0,1927.0,77.0,0.163402434668269
6190,1879.0,1903.0,1.0,0.843794893483811
247928,1886.0,1890.0,70.0,-2.81222138839196
46874,1876.0,1904.0,6.0,2.00567529172168
376560,1332.0,1224.0,109.0,2.87650548797189
98311,229.0,1907.0,44.0,5.73270462423019
98555,160.0,164.0,44.0,3.75300783032239
268280,82.0,1898.0,74.0,4.46518859754603
433725,1917.0,1927.0,116.0,-2.54362050893157
414590,1885.0,47.0,114.0,22.7846240187842
433739,1887.0,1912.0,116.0,-1.15068427018593
72880,1902.0,1882.0,13.0,6.98998609545793
324127,544.0,655.0,100.0,1.15921527188272
426398,48.0,1431.0,115.0,0.0606139263344412
368975,27.0,1898.0,180.0,7.44960363774177
359031,1890.0,1921.0,108.0,-7.82216303557829
52842,1877.0,1888.0,7.0,2.11364571141491
63836,1924.0,1896.0,10.0,0.500790348772537
183601,1894.0,1908.0,174.0,-6.41293076882977
375231,1332.0,1875.0,109.0,-4.17969602683429
235691,948.0,1560.0,60.0,9.00787468447523
335771,1906.0,1908.0,102.0,-1.76580928770172
197330,1896.0,1886.0,54.0,1.29365401701078
10663,1883.0,72.0,2.0,-1.37732359748638
51220,1915.0,47.0,7.0,-5.76120338495259
246943,1908.0,1882.0,70.0,2.51914916875899
323047,1183.0,1912.0,100.0,-1.48990944701473
75187,229.0,1876.0,13.0,10.2425696972485
328668,48.0,1923.0,101.0,0.136753523263981
106139,72.0,1918.0,45.0,-1.14986256048011
332638,1907.0,1224.0,102.0,1.87011064038894
209758,1915.0,150.0,178.0,7.06006676264706
65735,1895.0,1892.0,12.0,0.59072688132595
373473,14.0,1898.0,109.0,-3.08406890313119
4822,1875.0,1431.0,1.0,-2.46239441752202
251492,1895.0,1671.0,71.0,2.08217625923227
66084,1875.0,1909.0,12.0,1.83623549389049
29370,1893.0,1912.0,166.0,2.86168535335729
71248,1893.0,195.0,13.0,-3.10374306623334
286226,1332.0,1918.0,77.0,0.984080956440372
286639,82.0,1927.0,77.0,-34.4110097630001
200861,1926.0,655.0,54.0,5.09790276605316
234192,146.0,1224.0,60.0,3.6956816774561
65629,1888.0,131.0,12.0,2.33227340332897
436920,1924.0,1893.0,116.0,13.1075900193059
170183,655.0,27.0,51.0,4.30485987149432
49858,1904.0,13.0,7.0,-1.39061860314655
34265,1918.0,1928.0,166.0,0.090249936693197
324122,1906.0,1431.0,100.0,3.35423421848707
322174,948.0,27.0,100.0,-1.15664401486341
332807,85.0,1895.0,102.0,-4.30381946856739
46565,1913.0,1875.0,6.0,-2.78516394066328
388708,1883.0,677.0,111.0,13.4034633944041
644452,136.0,1902.0,175.0,-6.502423582635235
34241,1879.0,1928.0,166.0,-7.64684975363853
69404,1924.0,27.0,12.0,3.39180889008572
325050,27.0,1882.0,100.0,-1.79042111992066
223120,229.0,1902.0,56.0,3.80061164276595
60116,1909.0,748.0,10.0,4.13645756500096
234305,101.0,1893.0,60.0,5.7075228410263
434970,13.0,1910.0,116.0,0.383776793159818
303437,655.0,5.0,98.0,3.51830740914422
243104,1880.0,1883.0,69.0,2.37068584272911
179855,3.0,1885.0,53.0,-7.23051628741073
196923,1337.0,1908.0,176.0,-3.48827561286796
204632,1885.0,1883.0,177.0,-0.115168841580692
248087,1560.0,147.0,70.0,-4.9405358234424
181791,1901.0,1914.0,174.0,-0.530053718822023
329740,163.0,1430.0,101.0,5.22487975339711
328838,3.0,72.0,101.0,-1.83436775654011
302480,1886.0,748.0,98.0,5.13942136055065
339758,1926.0,655.0,103.0,-0.65873515804977
97288,5.0,1917.0,44.0,-26.9920372157011
210040,13.0,1927.0,178.0,-6.78245689953247
164426,655.0,146.0,168.0,-5.41554901356283
184217,1916.0,677.0,174.0,3.43463202331631
104333,1342.0,20.0,173.0,-1.88296317873653
97868,1896.0,15.0,44.0,-3.04638822571161
237879,655.0,1915.0,60.0,2.40821823620474
181238,27.0,1337.0,53.0,7.44824536958769
254445,1915.0,1891.0,71.0,3.07114156427889
376895,1877.0,1900.0,109.0,-1.34201540437636
194691,164.0,1904.0,176.0,-1.21183485240965
263502,1883.0,1331.0,73.0,3.11240309122493
74255,655.0,5.0,13.0,6.13682325596287
47991,1906.0,1560.0,6.0,-1.29510676710031
250267,1905.0,1886.0,70.0,3.4987588357613
73643,1924.0,788.0,13.0,4.00718951443572
426621,48.0,17.0,115.0,6.04872176928543
178452,1897.0,1347.0,53.0,-6.13445601634573
327528,1875.0,1331.0,101.0,-0.398553176788696
357196,1560.0,1883.0,108.0,-2.64982566851792
372005,1926.0,1910.0,180.0,-1.0878391945484
345273,1877.0,1875.0,104.0,-8.44827369937657
18867,147.0,1928.0,3.0,-1.55729831293134
274870,229.0,1887.0,179.0,-3.57751904803956
283379,1879.0,1882.0,77.0,-0.539607669720338
214673,1888.0,1914.0,55.0,3.7893480363407
169276,1342.0,229.0,51.0,-5.62836858372451
29425,1183.0,1898.0,166.0,-1.40997017325253
233524,604.0,1910.0,58.0,-0.278386367407704
243385,3.0,1922.0,69.0,1.32500901671319
177279,1347.0,85.0,53.0,-0.925555973556622
13234,1342.0,1671.0,2.0,-2.11350859981788
272941,1888.0,120.0,179.0,-0.773266655784667
332194,101.0,1224.0,102.0,-3.09778881749498
26665,1884.0,1881.0,4.0,5.77611022376074
371354,1337.0,1917.0,180.0,0.0387982259591965
436877,1430.0,1884.0,116.0,-0.488576870555801
237873,48.0,1915.0,60.0,-13.5077251751689
398685,1894.0,748.0,112.0,-14.7483986593523
241516,748.0,5.0,69.0,0.599386209109728
101803,150.0,1897.0,173.0,0.196670750407813
248601,1912.0,1671.0,70.0,-0.0381561430259705
29047,1928.0,1902.0,4.0,0.842519911606971
358783,748.0,1431.0,108.0,5.04721845879437
184695,1342.0,195.0,174.0,-0.842543233154201
303393,1430.0,1891.0,98.0,4.61437421956925
315383,1559.0,1911.0,99.0,1.81339613455522
96529,3.0,1887.0,44.0,-3.71314454678583
176807,1893.0,1890.0,53.0,-2.40969171357394
368546,1559.0,85.0,180.0,-5.46924564915841
191251,1926.0,1888.0,175.0,-2.35674339211194
271981,1888.0,1927.0,179.0,1.43154173219995
180764,544.0,1224.0,53.0,2.02818815306958
300904,1885.0,1908.0,98.0,-2.39650959256407
327720,1899.0,1901.0,101.0,2.2517133559788
95480,1896.0,1921.0,44.0,-3.42002050906529
370741,1337.0,1884.0,180.0,4.30981323994767
192170,948.0,677.0,176.0,7.35172462636417
269872,83.0,1916.0,74.0,0.31325346255295
376608,83.0,1912.0,109.0,2.1261699914421
32756,1430.0,11.0,166.0,3.06044362812012
183591,1902.0,1337.0,174.0,-1.28167162874728
314592,48.0,136.0,186.0,-2.65667239368191
341716,146.0,1910.0,104.0,2.44299956360973
254112,48.0,1885.0,71.0,7.0132599611633
399665,1925.0,1883.0,112.0,-11.499032982056
204559,101.0,1879.0,177.0,-2.89932062403652
175471,1337.0,147.0,52.0,5.69366293619307
247562,164.0,1910.0,70.0,4.17465185690565
426300,20.0,1880.0,115.0,-5.5482856145711
14478,1889.0,1904.0,3.0,-1.1824823635727
270548,3.0,1889.0,74.0,-6.84097255195001
341346,1876.0,1910.0,104.0,2.00563482817688
243192,1431.0,1560.0,69.0,1.76214133643785
302994,1877.0,1885.0,98.0,9.24893327470333
215986,163.0,1916.0,55.0,10.4451676271043
192262,120.0,1900.0,176.0,1.32374306185713
271762,1894.0,748.0,179.0,-2.09241243267916
336090,1881.0,1900.0,103.0,2.92700399532501
426542,1876.0,1884.0,115.0,3.94309138990695
180097,1332.0,1914.0,53.0,-5.97869782059213
53463,1903.0,1928.0,7.0,-2.3321742126077
87756,1907.0,1918.0,172.0,0.600794445845729
312195,1887.0,72.0,186.0,2.94432280598123
390604,82.0,1886.0,111.0,1.95244280125956
53592,27.0,1902.0,7.0,-2.67085387501583
183147,72.0,11.0,174.0,2.65448803896634
389164,1332.0,1894.0,111.0,-1.88966286627118
18413,82.0,1878.0,3.0,5.07476126166776
330927,1893.0,1224.0,102.0,-0.535602072439551
340235,27.0,1918.0,103.0,0.853895573678258
233705,27.0,1928.0,58.0,-3.6986571192615
312831,150.0,1912.0,186.0,3.86507469151706
183152,147.0,1923.0,174.0,-2.98110674322046
257581,1902.0,15.0,72.0,-0.0173898183711752
397329,195.0,1348.0,112.0,-0.325903823249811
396888,136.0,1880.0,112.0,0.166273186934724
97890,136.0,1881.0,44.0,-8.99762465227296
112155,1899.0,1918.0,167.0,-0.292447571896501
216815,1332.0,147.0,55.0,-1.79027469412956
87402,146.0,788.0,172.0,1.78920284529251
300675,13.0,1927.0,98.0,14.0078037978762
345254,1920.0,13.0,104.0,3.56652280271514
197852,120.0,1927.0,54.0,3.77929387576506
325786,1559.0,1922.0,101.0,-0.556523553029475
199917,1896.0,1348.0,54.0,16.03200749931
103622,83.0,1331.0,173.0,-10.8737134686543
634643,164.0,1902.0,173.0,1.633812456562695
58776,1913.0,1927.0,9.0,-25.071332149599
242309,948.0,1890.0,69.0,3.33273296338686
183275,195.0,1923.0,174.0,-2.48799944638021
282100,1880.0,1888.0,77.0,1.80090311238095
325841,150.0,5.0,101.0,5.04355326598176
398773,1347.0,1895.0,112.0,1.0168606257059
324181,48.0,1893.0,100.0,19.0381668418285
220378,1899.0,1918.0,56.0,8.19263719246586
388974,17.0,1921.0,111.0,19.8493945188903
192884,1886.0,1908.0,176.0,-3.61900636273261
299770,748.0,15.0,98.0,2.97165286924301
114580,1430.0,147.0,167.0,-11.4742630551893
232738,1905.0,13.0,58.0,-8.10047206842228
368222,85.0,1898.0,180.0,-1.4523113643941
246510,1899.0,1927.0,70.0,-0.72219633510675
260583,604.0,1921.0,72.0,-5.91847611555968
64766,48.0,15.0,10.0,-17.8993220331872
327279,1899.0,72.0,101.0,-1.54992361587824
260911,1907.0,1902.0,72.0,5.27982724560346
66618,1893.0,677.0,12.0,2.7409604024511
301404,150.0,1921.0,98.0,-10.0117920178029
358296,147.0,1671.0,108.0,2.4280610941127
254243,1430.0,1904.0,71.0,7.69150301575465
257682,1890.0,1918.0,72.0,6.98423065637753
300595,1430.0,150.0,98.0,5.27596238077462
61676,1898.0,1911.0,10.0,-2.42637192841276
195669,1906.0,11.0,176.0,0.432829469661085
172372,1902.0,1918.0,52.0,0.393431662614967
9625,1876.0,1911.0,2.0,-2.13377582628319
235832,1882.0,1910.0,60.0,-1.37429713001768
244040,1920.0,146.0,69.0,4.18954515309634
225237,1886.0,1882.0,57.0,-2.65477286938634
75250,604.0,1924.0,13.0,8.24829983194204
336004,1925.0,1928.0,102.0,-0.0595206008202252
208672,1878.0,1907.0,178.0,-1.42574578112351
102147,1904.0,1900.0,173.0,-6.18127490526932
52911,1876.0,1559.0,7.0,6.45236731728108
98884,604.0,1431.0,44.0,2.62617515376152
426486,1926.0,131.0,115.0,3.82491966788012
326229,1893.0,1912.0,101.0,0.172480107732923
172011,748.0,1912.0,52.0,-2.72470623373514
267749,101.0,11.0,74.0,5.10884173793195
630777,1879.0,1902.0,57.0,-4.6723838531499045
201732,83.0,1927.0,54.0,-4.30093298575791
45137,1912.0,1910.0,6.0,-1.73465525648723
300009,1903.0,1918.0,98.0,1.49109756786865
217157,48.0,120.0,55.0,-21.4566542333313
170607,163.0,83.0,51.0,4.72401570840789
284814,5.0,1918.0,77.0,-5.03633428787715
237390,160.0,604.0,60.0,1.88629044898316
178400,1880.0,1903.0,53.0,-0.664459905757192
234705,1913.0,1347.0,60.0,-0.655288175916841
65688,120.0,1921.0,12.0,5.45071753033345
426143,1924.0,1926.0,115.0,7.55162204358428
13060,1876.0,1671.0,2.0,-15.4906653275112
264807,1342.0,1892.0,73.0,-1.74984115298871
426182,48.0,1881.0,115.0,9.61566886063967
388986,147.0,1907.0,111.0,-4.04981223604571
257577,1896.0,5.0,72.0,1.94004781950948
86584,1878.0,1916.0,172.0,-2.77509414987308
58757,1926.0,1342.0,9.0,0.409417112925457
358446,1878.0,1896.0,108.0,-2.90940548349331
339101,544.0,1919.0,103.0,0.597403570910869
259816,1876.0,1889.0,72.0,0.964322511141601
199850,1890.0,1892.0,54.0,15.9210697544814
304572,1925.0,677.0,98.0,0.145355051856462
269945,1913.0,1892.0,74.0,2.5404091593807
89014,14.0,1884.0,172.0,0.511525387252581
300411,1904.0,18.0,98.0,1.58444738972692
266195,1882.0,1902.0,73.0,-1.68726029415151
264901,1919.0,1893.0,73.0,-2.74126063971118
49936,85.0,1893.0,7.0,-0.771632895405671
52623,1920.0,1224.0,7.0,4.58220097418167
11152,85.0,1560.0,2.0,1.95961581054098
178870,1917.0,1923.0,53.0,0.24840288234265
330041,1905.0,1912.0,101.0,-0.0118762417343086
97719,1896.0,1918.0,44.0,9.2417549811422
108407,1925.0,47.0,45.0,12.1333902957498
177507,1559.0,1899.0,53.0,-6.28178511228351
178403,1898.0,1914.0,53.0,-0.134044109539031
322893,1883.0,1907.0,100.0,-1.074642912719
232426,1876.0,677.0,58.0,0.761443530154536
302672,1915.0,72.0,98.0,-2.38485545836047
204701,1897.0,788.0,177.0,-3.83992878721012
252629,15.0,1901.0,71.0,-34.3516075168175
302980,27.0,195.0,98.0,-2.70135055775474
226907,27.0,11.0,57.0,2.77459759969142
319220,229.0,13.0,99.0,-4.25480374356948
437315,163.0,1889.0,116.0,3.06018224568285
18866,1925.0,1928.0,3.0,1.499461379567
414143,1884.0,85.0,114.0,2.33226762718909
184160,195.0,1560.0,174.0,3.15333927593056
210336,1898.0,1348.0,178.0,6.95178274240805
412917,101.0,150.0,114.0,-0.0002693617042036
390833,604.0,1900.0,111.0,3.9529062234567
267088,1903.0,1892.0,74.0,3.89050438233985
193853,948.0,48.0,176.0,6.06534411820447
52694,229.0,544.0,7.0,6.16195546728584
436255,544.0,788.0,116.0,7.76653243180515
346012,1925.0,1900.0,104.0,1.36342505238493
331494,1919.0,1887.0,102.0,-0.5631079192674
286247,655.0,1912.0,77.0,13.8848220894818
320154,1925.0,3.0,99.0,-5.20034025944255
67470,164.0,1897.0,12.0,-3.68366326442553
373489,1894.0,1901.0,109.0,6.07237944208052
372342,1891.0,1901.0,109.0,2.43498777955258
46038,1332.0,1923.0,6.0,-2.93698957307103
102093,1911.0,11.0,173.0,2.22536854837999
300397,1559.0,1881.0,98.0,2.4916062707179
224595,948.0,1880.0,57.0,2.33794687940528
229027,27.0,1899.0,58.0,-16.4730306939971
170350,3.0,1917.0,51.0,0.408353478919952
215483,1926.0,1899.0,55.0,8.33886885841105
315918,1903.0,1671.0,99.0,-0.0701282055841182
112420,1904.0,1671.0,167.0,-6.02955642959791
310429,1904.0,1910.0,186.0,-1.07352728535819
168817,150.0,1898.0,51.0,0.400173093395653
87459,1916.0,11.0,172.0,1.54797225594804
60281,1880.0,18.0,10.0,-3.5973482280124
270005,1876.0,1891.0,74.0,-5.31924539678865
162635,948.0,1907.0,168.0,-0.729524582722512
67017,1884.0,1901.0,12.0,5.51159362486724
51843,229.0,1331.0,7.0,-20.4067850125727
27925,48.0,1879.0,4.0,-3.32080726049969
438113,48.0,14.0,116.0,4.00543214557537
56513,1348.0,17.0,9.0,-5.2048617773214
268290,1917.0,1921.0,74.0,-1.26235682910371
54848,1902.0,1224.0,9.0,-0.240132991150481
210681,20.0,1907.0,178.0,-13.7672665330196
339043,1924.0,1907.0,103.0,-8.70209639168592
243869,1924.0,1885.0,69.0,-0.206596283330619
181866,136.0,1890.0,174.0,-2.66118653893472
163223,1918.0,1927.0,168.0,-0.950581248918593
323293,82.0,47.0,100.0,-1.58040465239279
271450,163.0,1928.0,74.0,4.15900295776149
327126,27.0,1910.0,101.0,-11.141277512962
228910,14.0,1910.0,58.0,3.11161951756362
346067,1913.0,1337.0,104.0,-5.39009547515009
88210,229.0,47.0,172.0,-1.31764647654326
229910,1900.0,1918.0,58.0,-3.52222359990695
229167,1907.0,1671.0,58.0,3.49172080324254
302002,1905.0,150.0,98.0,3.85550180160663
310625,1889.0,1348.0,186.0,1.24522704107949
230858,1885.0,15.0,58.0,-0.172727961525044
357873,748.0,131.0,108.0,-6.40562011761218
184352,150.0,1917.0,174.0,-2.71786813640665
314177,655.0,27.0,186.0,6.64457235652554
203706,1887.0,1910.0,177.0,2.06165545335258
5646,1884.0,1908.0,1.0,-2.00773503681009
212741,1907.0,13.0,55.0,2.40686186607724
11412,160.0,1908.0,2.0,-3.4114757558729
367278,1880.0,1881.0,180.0,1.49682902350786
105490,1347.0,1928.0,173.0,-24.6546188071407
61640,1889.0,1922.0,10.0,-5.96820971691719
26490,47.0,1918.0,4.0,6.75787836298588
218955,1886.0,1890.0,56.0,-10.0145969036566
102226,1894.0,1911.0,173.0,-2.45101660960442
425917,1925.0,1923.0,115.0,0.372766525336721
302714,1876.0,1183.0,98.0,-3.23532731358288
180868,48.0,1430.0,53.0,-4.31682210103612
100703,1882.0,17.0,173.0,-0.214162429547371
211431,1905.0,1896.0,178.0,-2.48402907876947
228367,14.0,1902.0,57.0,-3.49814800723497
63194,1920.0,1885.0,10.0,1.62545033776423
44742,1885.0,748.0,6.0,0.830908838514459
436273,1915.0,1883.0,116.0,1.71089468355165
224565,948.0,1183.0,57.0,-1.68282534345361
112877,1888.0,17.0,167.0,-0.069938746688374
335849,1924.0,1337.0,102.0,2.72777179433065
73089,136.0,1897.0,13.0,-5.69774692258735
187422,164.0,120.0,175.0,1.9700067962719
224814,1904.0,1901.0,57.0,-4.93891423352705
282525,1907.0,15.0,77.0,-6.78884127129518
225952,1883.0,1331.0,57.0,0.464742681169337
226199,27.0,72.0,57.0,2.5382460386214
196660,48.0,1876.0,176.0,3.89359602684204
397024,1921.0,1918.0,112.0,19.407697364889
343000,1875.0,1912.0,104.0,0.460959097530303
312094,131.0,677.0,186.0,3.20035527803771
220275,1348.0,1918.0,56.0,-1.55848188227391
260148,1876.0,1906.0,72.0,1.99291328436705
248193,948.0,146.0,70.0,5.26878730089539
7822,1876.0,1906.0,1.0,14.3806053500904
434637,1895.0,1921.0,116.0,-2.0056514671058
226423,1915.0,1881.0,57.0,-1.62415225850698
416340,1877.0,20.0,114.0,-6.59600291677965
202771,136.0,120.0,177.0,-2.18042252550655
203969,1903.0,1331.0,177.0,0.633310721634587
9164,1895.0,1911.0,2.0,-0.646742590207169
250042,27.0,20.0,70.0,0.329769733450942
261520,1892.0,1921.0,73.0,1.05505047671609
10060,1559.0,1903.0,2.0,-5.62130489268923
272468,13.0,1910.0,179.0,-0.482915452641047
189484,1879.0,1903.0,175.0,17.7699354282782
389493,3.0,1881.0,111.0,0.115109527672123
401814,1224.0,1902.0,112.0,5.30057434579247
388216,948.0,1888.0,111.0,6.19281154594411
97472,1886.0,677.0,44.0,-6.94632399121847
252490,146.0,1898.0,71.0,1.76983250641239
33464,20.0,120.0,166.0,-4.22844372140008
271171,83.0,1560.0,74.0,-7.71706827363758
52830,14.0,1912.0,7.0,-6.91831585798484
390785,1877.0,1900.0,111.0,2.87114629132054
169349,1919.0,229.0,51.0,-2.90122363915555
229150,1886.0,1882.0,58.0,-1.43291195358689
203234,1559.0,1889.0,177.0,3.57655108679967
401293,82.0,83.0,112.0,-2.03905873942695
324240,163.0,101.0,100.0,11.2093403918481
200188,1877.0,788.0,54.0,-5.56030089232827
370113,1926.0,788.0,180.0,1.43286851443323
339178,1919.0,1883.0,103.0,-0.013258564583973
265259,1342.0,1912.0,73.0,-5.26286511698667
201032,1926.0,1895.0,54.0,0.550415247629241
247528,164.0,1331.0,70.0,-0.77539031552634
262343,1875.0,1886.0,73.0,-2.8887929525715
358091,1885.0,1884.0,108.0,-2.01905004780277
185742,83.0,1905.0,174.0,3.99276452808746
178501,164.0,677.0,53.0,5.38656347705496
106726,948.0,1891.0,45.0,2.11076554238067
111830,948.0,83.0,167.0,1.79420077406684
214650,1331.0,1917.0,55.0,-1.09790554962618
175330,604.0,1904.0,52.0,4.29644462300365
416251,1332.0,1891.0,114.0,2.61994467720714
253007,1906.0,150.0,71.0,6.88909044727452
367404,1908.0,5.0,180.0,2.55486555090783
373216,136.0,1916.0,109.0,0.201772240187506
112963,1893.0,1898.0,167.0,-0.464267293654685
314806,1332.0,15.0,186.0,-4.07856350868224
224177,1909.0,1888.0,57.0,9.13939266002189
272007,1183.0,1887.0,179.0,3.05461323989592
274630,1332.0,1875.0,179.0,-13.5110367554695
250741,1924.0,1882.0,70.0,-2.5199834215805
98395,48.0,1894.0,44.0,1.31781266415987
246604,1559.0,164.0,70.0,-0.667124856074836
414255,1884.0,1895.0,114.0,0.587587085675871
50786,15.0,1901.0,7.0,-5.82395168593262
48852,1904.0,1882.0,7.0,-1.95498148095666
173524,1885.0,1897.0,52.0,1.29133849821275
270388,48.0,1879.0,74.0,-7.58755151547012
209928,1903.0,788.0,178.0,-3.75616928779373
194632,47.0,1560.0,176.0,3.44201320617227
267608,748.0,195.0,74.0,-0.832280672961438
165571,163.0,1900.0,168.0,0.086763515979298
267080,1899.0,1892.0,74.0,-0.457614613727845
241343,1883.0,5.0,69.0,1.71212250351588
399578,14.0,1923.0,112.0,6.71075431902276
89754,1925.0,1920.0,172.0,-1.80221935492549
224372,1224.0,1901.0,57.0,0.978303794888032
106092,1908.0,677.0,45.0,-3.8289984014435
114398,1913.0,1348.0,167.0,-5.71653641904748
318991,160.0,17.0,99.0,-1.65424459302376
304528,1924.0,1878.0,98.0,-6.05610508958404
200797,604.0,131.0,54.0,1.64363437779221
336027,5.0,1902.0,102.0,-0.10089951616663
426760,20.0,18.0,115.0,3.08225285004677
14120,1883.0,18.0,3.0,-0.670816706075383
201035,20.0,544.0,54.0,-2.51944118036367
329882,1925.0,1224.0,101.0,2.95309484140484
10939,1917.0,1918.0,2.0,-0.396045178620841
220657,1884.0,1912.0,56.0,-6.81645000831018
229634,14.0,1347.0,58.0,-17.388585595686
368854,1879.0,15.0,180.0,-2.26670881361449
333681,1876.0,1919.0,102.0,16.151147207835
8117,1905.0,1878.0,1.0,-0.551514232075817
44022,147.0,1348.0,6.0,7.05959537294151
261632,1889.0,677.0,73.0,-1.54559851916805
163195,136.0,11.0,168.0,1.99958091173037
165171,1919.0,1888.0,168.0,1.87553191019665
33356,1906.0,1888.0,166.0,-1.25048730096739
313197,544.0,788.0,186.0,0.902599283922989
249573,544.0,1892.0,70.0,0.427682835396199
272909,1884.0,146.0,179.0,2.99247984323195
100665,1917.0,131.0,173.0,2.00129733955417
189206,1183.0,72.0,175.0,2.32245065969341
243152,120.0,15.0,69.0,-3.38275155255517
114138,1905.0,1891.0,167.0,-0.722938971710501
29430,1912.0,1911.0,166.0,2.1824025880213
166395,1885.0,1890.0,51.0,2.1869106952268
246507,1912.0,1224.0,70.0,-1.34956588273472
4480,1897.0,1927.0,1.0,-1.21281061713898
254962,1342.0,1224.0,71.0,0.204725345050268
223173,1877.0,1928.0,56.0,-0.309795590538598
170381,83.0,1888.0,51.0,2.70610210324392
226271,48.0,1923.0,57.0,22.1167261122728
279109,1906.0,150.0,75.0,1.44359027803254
223424,677.0,1910.0,57.0,0.100596153013336
400004,604.0,1885.0,112.0,1.0046370076709
200042,82.0,677.0,54.0,0.0956495785575917
64485,82.0,1430.0,10.0,4.46926433037109
361240,160.0,1671.0,108.0,-0.915229524669289
417460,1913.0,1900.0,114.0,0.101287520249324
27287,544.0,1901.0,4.0,-0.110797732544975
109979,1924.0,1332.0,45.0,4.37310489810127
325718,1905.0,1899.0,101.0,3.52371624009681
234127,1183.0,1890.0,60.0,-2.96044122031606
195545,1925.0,146.0,176.0,4.02137047370768
52837,1906.0,1912.0,7.0,-2.09601249680433
179177,1879.0,1882.0,53.0,-2.79411930809365
246368,1878.0,1897.0,70.0,5.32067389238624
268400,120.0,1917.0,74.0,6.65105250907269
276969,1885.0,47.0,75.0,20.761701737766
112310,1331.0,1914.0,167.0,-0.0811948029911047
247142,1331.0,1901.0,70.0,-2.5622031963974
104094,1876.0,1431.0,173.0,20.0131475935205
272085,47.0,1431.0,179.0,0.391505054504988
191374,1913.0,1878.0,175.0,-2.57094077545799
414674,1560.0,5.0,114.0,1.71086189868102
370839,1877.0,1893.0,180.0,2.00584394420536
434060,1909.0,1898.0,116.0,6.74371647333065
345633,1924.0,147.0,104.0,5.34074542352873
66064,5.0,1901.0,12.0,-37.0325338742085
359823,1915.0,1331.0,108.0,-5.15054353610128
190934,1920.0,1348.0,175.0,-1.03349165329129
285254,48.0,164.0,77.0,-0.774098997935316
261135,120.0,1927.0,73.0,0.0514901051772327
64696,1915.0,1900.0,10.0,0.814465798284973
396733,1919.0,1911.0,112.0,3.47808004475192
242565,748.0,1908.0,69.0,5.88560412164265
75259,20.0,15.0,13.0,-5.72585881834474
415969,604.0,1914.0,114.0,5.19366476946441
214454,1348.0,1911.0,55.0,3.23469032563725
434245,1900.0,1560.0,116.0,-1.91312329539027
315034,1877.0,1903.0,186.0,5.7191717687541
372375,72.0,150.0,109.0,-0.845987139371122
49056,1878.0,1907.0,7.0,-0.156250811078012
277917,1909.0,5.0,75.0,-4.53577840406177
266704,147.0,1922.0,74.0,4.02306443680507
345834,1920.0,1342.0,104.0,0.0176998950341029
346003,1924.0,1900.0,104.0,2.71292102357917
73962,83.0,27.0,13.0,4.27070009823817
161594,1337.0,1911.0,168.0,-1.40956089378388
258504,150.0,1907.0,72.0,-3.2686398546762
87978,1183.0,1895.0,172.0,3.31099886616485
171947,1899.0,677.0,52.0,-7.11021319313472
264032,1430.0,1183.0,73.0,-1.2899226155898
205508,48.0,164.0,177.0,6.7014370340559
32271,1430.0,1881.0,166.0,-0.333573813979535
194935,1915.0,14.0,176.0,4.64720814708467
179144,1331.0,1889.0,53.0,-4.47730193986768
31866,1892.0,18.0,166.0,-1.26223118292979
435317,136.0,1917.0,116.0,-1.51005257679376
235453,1183.0,11.0,60.0,2.1614541780613
319190,604.0,1915.0,99.0,-5.97334946639199
189348,1898.0,1901.0,175.0,-3.96641514257305
276660,1883.0,1928.0,179.0,0.0912715491800234
231483,1906.0,1894.0,58.0,-13.4223953515201
327990,1559.0,1923.0,101.0,-0.592036754997604
14836,85.0,13.0,3.0,0.98695219083195
376564,1906.0,1224.0,109.0,-1.170280632952
183005,1878.0,1917.0,174.0,2.93216152647773
184904,1342.0,1880.0,174.0,-2.04879178730382
266821,1887.0,1907.0,74.0,1.11673581506593
99066,1342.0,1895.0,44.0,-1.13696794471067
399108,748.0,1224.0,112.0,-3.63401955281678
47919,48.0,1911.0,6.0,-1.69655405135668
102051,1889.0,1923.0,173.0,-2.39240719207231
9818,147.0,1917.0,2.0,-6.76397392020034
97155,5.0,15.0,44.0,1.64830232536334
377267,229.0,1925.0,109.0,2.02742999279639
234591,948.0,5.0,60.0,3.95194169206018
15050,1905.0,1899.0,3.0,4.8946394174869
301034,136.0,1900.0,98.0,1.617232120376
328027,1893.0,1898.0,101.0,0.483426998870223
86520,13.0,788.0,172.0,-3.7054768308543
388098,195.0,1331.0,111.0,5.07939356563614
114992,1876.0,1927.0,167.0,-35.5330202189024
44728,164.0,1431.0,6.0,1.83056940699182
624727,101.0,1902.0,53.0,2.488101395800462
343592,1559.0,11.0,104.0,0.594219380756821
340354,14.0,20.0,103.0,-6.67331565414458
316615,1183.0,1907.0,99.0,-1.80973782334021
262769,17.0,677.0,73.0,0.790165211648901
109451,83.0,5.0,45.0,-7.93962717353452
212290,229.0,1890.0,178.0,-4.78775975801189
629380,147.0,1902.0,178.0,-0.5103157200089903
46636,27.0,1892.0,6.0,-4.05919752408227
183598,1183.0,1910.0,174.0,-0.0236020993542493
240698,1897.0,5.0,69.0,2.19386419634841
301659,1911.0,18.0,98.0,-5.82449322112982
388265,1430.0,1887.0,111.0,5.22617451323293
49390,1916.0,131.0,7.0,1.94323814319588
26467,1886.0,47.0,4.0,-2.84660178856759
273394,101.0,11.0,179.0,4.08126430161052
63088,1913.0,1915.0,10.0,-3.34062444188469
274498,1926.0,1908.0,179.0,0.246842757389239
68775,163.0,1431.0,12.0,-0.578383624243752
71809,1898.0,13.0,13.0,-2.07969772221355
266909,1671.0,1893.0,74.0,-5.95284121781145
201844,1926.0,1900.0,54.0,0.642093688871035
300610,1183.0,1918.0,98.0,2.69107513235013
32421,655.0,1909.0,166.0,10.4727513483685
54669,1908.0,15.0,9.0,-3.89633775653898
161002,1430.0,1910.0,168.0,1.6676089670825
358445,1559.0,15.0,108.0,-0.2334817037916
97876,1183.0,1890.0,44.0,1.35502741508766
326728,1878.0,131.0,101.0,-3.3707336358264
97631,1886.0,1896.0,44.0,-0.140149047143955
179726,1924.0,1887.0,53.0,-13.9324425751275
283461,47.0,11.0,77.0,-1.51912576966647
210232,1899.0,1881.0,178.0,-3.36229621930376
220452,1911.0,15.0,56.0,-5.39678191387218
168807,1331.0,11.0,51.0,1.59129262352832
343269,101.0,1560.0,104.0,2.7429382690499
389291,1925.0,1923.0,111.0,-0.0510164976580058
276351,27.0,1903.0,179.0,-1.09938573687613
219261,1331.0,1914.0,56.0,2.29844333333999
224785,120.0,17.0,57.0,7.11549977987639
339294,20.0,1331.0,103.0,-15.7192251611712
69212,20.0,1348.0,12.0,-27.4056080961971
251141,1904.0,1898.0,71.0,-2.72348532328777
75172,48.0,1560.0,13.0,1.87799076783529
170076,48.0,1915.0,51.0,-4.7614547816025
103714,163.0,1881.0,173.0,0.517043113876041
12560,544.0,1915.0,2.0,1.28200424706048
111404,1900.0,1887.0,167.0,-2.37755322481826
255962,1888.0,1928.0,71.0,4.45059783240332
186316,229.0,1924.0,174.0,2.89363281782918
311938,1883.0,1912.0,186.0,2.98520945688898
327558,748.0,1910.0,101.0,-1.99311319774119
320048,1430.0,1900.0,99.0,-6.59567286889749
329956,83.0,120.0,101.0,1.24004889086539
377220,160.0,1910.0,109.0,-5.67679803190054
233403,27.0,1900.0,58.0,0.591588375704425
193638,1893.0,677.0,176.0,0.934428891027115
203821,1882.0,131.0,177.0,-0.98509496251937
371065,3.0,13.0,180.0,1.61765706358894
7237,14.0,1884.0,1.0,4.26398790037188
208616,1183.0,17.0,178.0,-8.38468677064678
183910,1183.0,1895.0,174.0,2.32923013393462
313971,1906.0,1896.0,186.0,-2.14669950334319
216145,1906.0,131.0,55.0,-0.938274883078486
170497,1430.0,20.0,51.0,-0.443395889798901
278641,1899.0,1878.0,75.0,-4.34070765734063
263071,1559.0,13.0,73.0,1.98928664091062
253079,1876.0,150.0,71.0,1.25925612905265
320995,1903.0,1671.0,100.0,-0.211614196860138
6892,1906.0,146.0,1.0,6.82204207598228
5615,1560.0,72.0,1.0,-0.910291053553744
400265,1906.0,17.0,112.0,0.195862981139391
213669,5.0,17.0,55.0,-1.61317729657668
372284,948.0,1331.0,109.0,4.70840046123597
334597,48.0,1893.0,102.0,6.59054203354608
112904,85.0,15.0,167.0,1.19517060175959
75185,604.0,1876.0,13.0,15.1406395345396
326455,1880.0,11.0,101.0,-1.4832065531489
170828,1924.0,1921.0,51.0,1.19519966612633
114690,1924.0,1224.0,167.0,-3.4361229907863
435398,1875.0,1892.0,116.0,-5.8011523624075
28889,1876.0,1921.0,4.0,-7.56576071561818
97610,1893.0,120.0,44.0,8.8631552857222
106816,1886.0,1923.0,45.0,-0.974418876025414
190045,1913.0,195.0,175.0,-2.70581781332118
110065,544.0,1924.0,45.0,20.7150645752866
203091,147.0,11.0,177.0,-5.64555168831503
14826,1918.0,1923.0,3.0,0.811397174288555
267593,1879.0,1893.0,74.0,-1.43291895983208
372643,1224.0,677.0,109.0,0.1179205992659
321925,1897.0,27.0,100.0,-1.23229173351091
269646,1913.0,146.0,74.0,-1.80537455070339
217232,1905.0,748.0,55.0,-2.03215418058922
434962,1880.0,1893.0,116.0,-1.90214025469308
325265,1337.0,1922.0,100.0,-0.715082030011316
194538,1907.0,1923.0,176.0,1.17451728118089
279673,20.0,1923.0,75.0,-0.228342258271887
208945,120.0,17.0,178.0,-0.959560606539217
4527,1896.0,1895.0,1.0,3.89125514439618
345673,655.0,1927.0,104.0,5.27442293495872
101957,1912.0,1331.0,173.0,4.15204386072607
195648,3.0,131.0,176.0,0.456056088521538
200938,604.0,11.0,54.0,0.239019357623194
423940,1902.0,1896.0,115.0,-0.497675441642766
195494,14.0,1909.0,176.0,-0.401317680869054
5389,1913.0,1910.0,1.0,3.10764803841242
14307,1900.0,131.0,3.0,8.38060932757161
270402,1920.0,1877.0,74.0,-0.938216485475813
330911,136.0,1900.0,102.0,-2.07885578726831
360716,20.0,147.0,108.0,-0.448366347123676
28853,1913.0,1921.0,4.0,-6.11638829081316
388666,1183.0,1908.0,111.0,3.82334377876644
46674,229.0,146.0,6.0,1.65255326350192
59850,101.0,1896.0,10.0,33.3651324159911
170113,160.0,13.0,51.0,-2.86301172616345
317412,1894.0,17.0,99.0,1.24753617980681
87684,1183.0,164.0,172.0,-0.320222934117433
112528,1888.0,1900.0,167.0,2.74589706533425
360339,1342.0,11.0,108.0,0.0277756058371999
207358,1890.0,1902.0,177.0,-1.46039884819567
235053,195.0,1892.0,60.0,-0.403030078940268
371352,83.0,120.0,180.0,4.13554058794762
274020,1890.0,1927.0,179.0,0.819125857396553
328339,1901.0,1923.0,101.0,-6.72919641317843
97730,1559.0,47.0,44.0,1.12217428622688
310228,101.0,1560.0,186.0,-8.20983719816947
28451,1905.0,748.0,4.0,2.61330486065714
277013,1875.0,147.0,75.0,0.230118630579002
55114,1331.0,1907.0,9.0,0.273585855499672
6059,1885.0,1923.0,1.0,5.88772610928587
423846,1879.0,1671.0,115.0,3.18274666570579
415883,14.0,195.0,114.0,0.471801645431897
72837,1891.0,1914.0,13.0,4.16333223505484
211381,1877.0,1884.0,178.0,-1.62848628233516
220243,17.0,677.0,56.0,10.2436070669776
179041,1880.0,788.0,53.0,2.94846724204001
99275,1920.0,1905.0,44.0,0.370215323862686
358233,47.0,195.0,108.0,15.795505912564
300208,748.0,1918.0,98.0,9.62306165756489
68200,82.0,1879.0,12.0,0.0397386462223963
67337,1908.0,1901.0,12.0,-3.72500267635245
251522,1875.0,11.0,71.0,6.73750424752535
62443,948.0,146.0,10.0,-0.822809164384409
16504,1926.0,1899.0,3.0,2.86432361960337
337385,150.0,1916.0,103.0,-1.67109943341594
236857,1332.0,1183.0,60.0,3.25996971445265
111362,1896.0,72.0,167.0,6.22749120340256
270105,48.0,1893.0,74.0,-0.629594089415687
270101,1342.0,17.0,74.0,5.66535778875647
318866,160.0,1347.0,99.0,-13.9596177247575
104376,1342.0,1904.0,173.0,-1.31170403686351
318189,1906.0,1183.0,99.0,-0.414035537222879
324475,1920.0,1877.0,100.0,0.507930207010964
214623,1912.0,1331.0,55.0,-0.0383179099331511
222460,1876.0,1912.0,56.0,1.45182002059348
180700,1877.0,1224.0,53.0,-6.26062707802751
359378,544.0,160.0,108.0,-3.48905664556572
89419,1332.0,1895.0,172.0,-1.88612176860227
61901,150.0,1560.0,10.0,-0.708086137145521
195080,229.0,1894.0,176.0,3.37153091926574
97133,147.0,1923.0,44.0,-4.67633453818141
374406,1183.0,131.0,109.0,1.18999727134423
400716,1926.0,1879.0,112.0,-7.82952832149319
358490,17.0,1910.0,108.0,-2.95364146188959
438346,163.0,1902.0,116.0,-0.471859791410263
272124,85.0,1888.0,179.0,5.60463812792246
416413,1919.0,1893.0,114.0,8.24024757555385
375170,1919.0,1894.0,109.0,5.29190177002926
4165,1889.0,1890.0,1.0,2.39133422442422
221577,1925.0,5.0,56.0,5.27128509061767
115474,604.0,1928.0,167.0,-6.98913000278523
232315,1920.0,1895.0,58.0,-3.59381572165389
265088,544.0,1879.0,73.0,0.745335252668075
47728,27.0,1882.0,6.0,5.7243463553636
110418,1898.0,1928.0,45.0,-2.85583959258955
332862,1880.0,1902.0,102.0,0.480166018155023
64986,1924.0,1902.0,10.0,-6.06378204294537
259925,1924.0,1875.0,72.0,-4.39199625072503
370407,604.0,1901.0,180.0,-1.66176947365956
434419,72.0,788.0,116.0,3.4470350611481
261971,1430.0,1899.0,73.0,6.25482497551402
50911,146.0,1898.0,7.0,-3.97199934182311
331370,1899.0,1918.0,102.0,-8.18847372557418
325268,1913.0,85.0,100.0,-2.3764341002499
15783,1224.0,15.0,3.0,3.51927401895581
211407,1920.0,1884.0,178.0,-0.612851482982133
213055,72.0,1912.0,55.0,-0.318000696131201
174781,1906.0,1880.0,52.0,3.77699712096304
68115,1915.0,14.0,12.0,3.81055849132959
237822,20.0,1889.0,60.0,-8.1339344225761
16261,1886.0,1923.0,3.0,-2.42303484635065
216958,229.0,1559.0,55.0,3.94606924636624
368107,1880.0,146.0,180.0,3.45122827805681
332949,1912.0,1431.0,102.0,-3.50316918313428
254460,1332.0,1891.0,71.0,3.08646389719534
415377,229.0,160.0,114.0,4.82909725854682
389758,1332.0,1914.0,111.0,-0.0761069517528617
176331,1919.0,1921.0,52.0,-5.30012247263045
205411,1337.0,164.0,177.0,-8.68305962422711
261676,1900.0,1331.0,73.0,-3.21052254688503
301377,14.0,1899.0,98.0,-3.12330277517208
333962,14.0,164.0,102.0,0.0719983998363715
267614,147.0,5.0,74.0,0.245079634176185
236376,1878.0,1894.0,60.0,-1.36024276250391
328858,1926.0,1887.0,101.0,1.01489591625319
281109,1905.0,1917.0,75.0,3.08425308923451
16609,1337.0,1923.0,3.0,-14.3828615276166
190518,83.0,1431.0,175.0,3.15886733214571
62518,47.0,1890.0,10.0,-0.255657579006253
207162,1924.0,1882.0,177.0,-0.16569826801265
401568,1337.0,1890.0,112.0,3.66080407477728
162037,1892.0,1910.0,168.0,-1.14410874026647
14923,85.0,131.0,3.0,4.52503787691295
8751,13.0,1890.0,2.0,-3.49662517262841
199775,1559.0,1903.0,54.0,0.610001848602515
303518,48.0,11.0,98.0,-12.8942078092087
398820,1894.0,164.0,112.0,6.96925008894677
187157,147.0,1889.0,175.0,2.16492890293868
321455,1431.0,1914.0,100.0,0.0978467828107759
265008,1876.0,18.0,73.0,3.41868584120979
279110,1878.0,147.0,75.0,1.76247982230948
8780,1183.0,1894.0,2.0,12.851463746364
70586,1900.0,131.0,13.0,-4.45885249504786
12782,1877.0,1348.0,2.0,-5.331430136779
261595,1880.0,1331.0,73.0,-0.599425467551699
202939,1893.0,17.0,177.0,-0.750472904364118
274319,136.0,72.0,179.0,0.859297384410601
62449,1902.0,677.0,10.0,-4.50210882552681
234050,1891.0,1560.0,60.0,-5.69466891683941
102380,1912.0,677.0,173.0,-1.29914284971638
50731,85.0,1911.0,7.0,1.20443573011606
435983,655.0,85.0,116.0,-1.66791089112248
166864,1671.0,1893.0,51.0,0.0629942132223226
236661,1880.0,788.0,60.0,-7.46880685684357
212933,1347.0,1901.0,55.0,-6.4724561775349
434044,1889.0,1894.0,116.0,1.35545303691449
401461,1430.0,85.0,112.0,6.73594897353306
342837,1671.0,1900.0,104.0,3.27195165830516
311272,1886.0,1922.0,186.0,-7.18349499614155
45636,136.0,1917.0,6.0,-3.66421383593675
250823,1876.0,1908.0,70.0,-1.51218152642416
304835,101.0,1928.0,98.0,23.2274880010382
416741,3.0,1348.0,114.0,-7.05962745093165
24336,1916.0,1890.0,4.0,2.87792782286273
265943,544.0,1903.0,73.0,2.18265264975454
49888,1888.0,1910.0,7.0,3.53951881440996
108319,1920.0,1908.0,45.0,7.29430931353103
181856,1183.0,1875.0,174.0,-2.11973802061249
275060,82.0,1892.0,179.0,-3.19702071529506
111928,1920.0,1910.0,167.0,-34.9978244727076
203781,1916.0,788.0,177.0,4.50181383994443
310273,1347.0,1901.0,186.0,-14.065652279739
26117,14.0,1899.0,4.0,-2.870096932158
396920,136.0,1900.0,112.0,0.288398046517396
172647,17.0,1901.0,52.0,-2.82241404242256
177038,101.0,1907.0,53.0,-13.7677305305886
303289,163.0,27.0,98.0,10.22555440198
7079,14.0,1892.0,1.0,2.07435902993892
29237,1895.0,1560.0,166.0,-5.1714174116408
327526,1886.0,1914.0,101.0,-3.59793177532053
401606,1877.0,18.0,112.0,3.30144176120252
258952,14.0,1907.0,72.0,-4.97680104971591
54286,1907.0,677.0,9.0,0.22865008163509
210254,1875.0,1910.0,178.0,-1.71562893810558
72773,1559.0,17.0,13.0,-2.47232516003422
99330,604.0,1904.0,44.0,10.6837600604966
170173,163.0,1879.0,51.0,-3.6509492282092
371185,83.0,13.0,180.0,-0.454149898183839
415692,14.0,164.0,114.0,5.16798042577962
336570,136.0,85.0,103.0,9.90169171570397
113091,1916.0,18.0,167.0,0.329969827163546
163660,1902.0,1911.0,168.0,-1.12677168621124
49009,1893.0,1927.0,7.0,-1.64271384389453
284123,1331.0,677.0,77.0,-2.41635031746577
252206,47.0,17.0,71.0,1.65139920023353
208416,1879.0,5.0,178.0,0.0166999247976661
26867,1919.0,72.0,4.0,2.03072295920366
229285,1348.0,1914.0,58.0,2.16868480474316
337848,1879.0,1886.0,103.0,-0.473779683677899
181900,1898.0,1923.0,174.0,-7.97690164385914
173074,85.0,164.0,52.0,-0.236310552666495
215993,604.0,1926.0,55.0,2.37990037213891
425640,544.0,160.0,115.0,7.0294114549924
340331,1919.0,1888.0,103.0,0.344155886939291
181466,229.0,14.0,53.0,-4.98780205109643
49016,948.0,1183.0,7.0,12.0254546076906
317690,1885.0,1898.0,99.0,1.23829260023917
318956,1920.0,1892.0,99.0,-1.98315954106922
57619,1905.0,1880.0,9.0,-0.80124333837189
165806,1919.0,1560.0,168.0,1.19579540777552
46628,160.0,604.0,6.0,9.93491837246445
319820,1926.0,1332.0,99.0,-5.17377042957588
323812,20.0,146.0,100.0,3.81158105172253
315910,1899.0,748.0,99.0,-0.938045208810691
230239,146.0,17.0,58.0,8.44509770553612
201980,1906.0,1900.0,54.0,-5.92862428344091
327348,677.0,1921.0,101.0,0.275880935933461
217736,1899.0,1928.0,55.0,10.0657357911053
254777,48.0,1904.0,71.0,9.60758882503955
73766,655.0,1887.0,13.0,0.730907857623372
368373,1886.0,1923.0,180.0,-1.99624601998763
208757,1909.0,1347.0,178.0,9.28334051599914
245637,131.0,1928.0,69.0,-1.7574499171771
193016,948.0,1920.0,176.0,-1.01174681433923
167928,1560.0,18.0,51.0,1.87016452524554
259958,163.0,1430.0,72.0,0.53750247136281
234699,1891.0,1910.0,60.0,-0.725987115535984
210400,48.0,85.0,178.0,-12.2888342677138
316775,164.0,1918.0,99.0,0.291109601731918
258024,1348.0,1908.0,72.0,2.92758976016894
255538,544.0,1890.0,71.0,4.2789747760763
7151,1924.0,131.0,1.0,7.03850404321807
413631,1560.0,1921.0,114.0,-1.75338774660512
335435,83.0,1927.0,102.0,0.800735970654551
174882,83.0,1914.0,52.0,-6.67018248468567
343448,1883.0,11.0,104.0,3.42681520133431
184961,163.0,1914.0,174.0,-4.08796883925416
225253,1922.0,1921.0,57.0,-2.38059411277107
110714,146.0,788.0,167.0,6.14476172402189
250501,1876.0,1878.0,70.0,-1.61035036861355
321890,677.0,1921.0,100.0,3.150956676433
388059,1888.0,1927.0,111.0,-9.87231830795674
55740,120.0,1881.0,9.0,-3.18352627363178
229471,1910.0,1927.0,58.0,3.32489733686025
33783,1876.0,15.0,166.0,-0.283293072062046
230823,101.0,1878.0,58.0,2.0912305698327
225538,1895.0,131.0,57.0,1.49459985636466
330797,163.0,1928.0,101.0,1.06678556210136
312234,1917.0,15.0,186.0,8.94767178331478
340596,1342.0,1886.0,103.0,2.74790977576292
358655,948.0,1337.0,108.0,-2.5484041460418
16250,101.0,748.0,3.0,-3.95256720336038
43169,101.0,1896.0,6.0,22.0019682257617
276489,20.0,1560.0,179.0,-3.8275214716062
222457,82.0,1559.0,56.0,1.7602152278059
312657,146.0,1888.0,186.0,-6.34567387397005
282974,1888.0,1916.0,77.0,1.58651420146104
283611,1342.0,1887.0,77.0,-4.81695486301082
5319,85.0,131.0,1.0,-2.51366820704827
165709,82.0,20.0,168.0,-1.07931281642249
86484,1895.0,195.0,172.0,30.8771218961918
201936,82.0,1890.0,54.0,-4.56303378318996
247905,1900.0,1348.0,70.0,3.47556972324921
233241,1926.0,748.0,58.0,-3.34893909154349
18543,160.0,1882.0,3.0,-4.64860154069444
194143,1891.0,72.0,176.0,1.22259213165104
85482,1903.0,18.0,172.0,4.00248768867919
24677,72.0,1888.0,4.0,0.998794634591909
25634,5.0,131.0,4.0,-1.21471469037656
199567,136.0,1916.0,54.0,-0.672910151771419
368551,1348.0,18.0,180.0,-0.0203193193192756
105783,1879.0,1909.0,45.0,1.3269755050945
180927,3.0,1927.0,53.0,4.78628182998706
357678,11.0,1918.0,108.0,2.50973935457545
426008,48.0,229.0,115.0,-0.178646595125702
235288,1559.0,18.0,60.0,1.09603896714004
205736,1430.0,1880.0,177.0,-22.5023704822728
16974,1906.0,229.0,3.0,-1.45895882620301
320590,136.0,131.0,100.0,-0.132392208554516
201468,1926.0,48.0,54.0,3.29843547147499
108190,146.0,1881.0,45.0,1.32626575823958
370851,1906.0,1893.0,180.0,-0.758054032179163
3911,1885.0,1224.0,1.0,4.89922499774382
203818,1879.0,150.0,177.0,1.87472617029247
178356,1878.0,1880.0,53.0,-1.1105629743191
318061,160.0,1922.0,99.0,2.29854831975335
60973,85.0,17.0,10.0,-2.75316953547526
220108,14.0,1347.0,56.0,-4.1256954291123
215217,1909.0,120.0,55.0,3.16958779102048
263381,1892.0,1923.0,73.0,-4.16221647145319
170699,1920.0,1560.0,51.0,-2.17442639001298
284471,1895.0,1911.0,77.0,0.963562160646603
335068,655.0,1224.0,102.0,3.09614128395795
101478,948.0,131.0,173.0,-3.32090729050262
318516,163.0,1880.0,99.0,-0.792524911937748
110511,47.0,1902.0,45.0,-13.7332773938848
227274,544.0,13.0,57.0,1.32391534863575
207662,1878.0,11.0,178.0,-6.73806382231345
321082,1897.0,1923.0,100.0,0.324482400858446
367679,1878.0,146.0,180.0,5.09901796253541
230141,85.0,1348.0,58.0,-0.604675389629469
86119,1877.0,1347.0,172.0,-0.968804028026171
101620,1898.0,788.0,173.0,1.33473135388195
264610,83.0,1914.0,73.0,6.53425926935634
176257,604.0,677.0,52.0,-5.8301952652742
437734,655.0,1342.0,116.0,7.74706346108619
413040,1882.0,15.0,114.0,-13.9134139210882
64964,1332.0,1928.0,10.0,-12.6895222008413
277667,72.0,195.0,75.0,-4.3060024194472
89929,229.0,1876.0,172.0,5.79487149325578
330250,1915.0,1878.0,101.0,-1.42314406621191
181439,48.0,3.0,53.0,-7.92396645388567
113002,1885.0,1671.0,167.0,-2.74023646149809
371157,1337.0,147.0,180.0,1.56462329814605
368903,1908.0,677.0,180.0,3.28912845072551
169801,1926.0,655.0,51.0,-4.5903552116574
162397,1917.0,131.0,168.0,2.22705656304042
257046,1898.0,1901.0,72.0,-2.92744905298524
87634,147.0,195.0,172.0,15.4231398393557
88545,1877.0,1880.0,172.0,-4.38835733777171
281874,1914.0,1928.0,75.0,-3.19066991889286
75261,1925.0,1921.0,13.0,-12.2182178590321
369650,1884.0,1900.0,180.0,0.562096735759222
67436,195.0,15.0,12.0,-3.20983966254815
249220,160.0,1916.0,70.0,3.13283333085412
178191,1899.0,788.0,53.0,4.33220437457316
30941,1901.0,1922.0,166.0,-11.939816867017
346056,1337.0,85.0,104.0,2.7485024861056
321277,85.0,1892.0,100.0,-1.24455520161334
300930,1887.0,1921.0,98.0,-7.34043274211097
225610,136.0,72.0,57.0,5.28046654131454
338382,1896.0,1914.0,103.0,0.229294956533835
435160,1909.0,1897.0,116.0,1.15560925033412
316436,1891.0,1224.0,99.0,-2.74162735270746
97367,1875.0,1907.0,44.0,-3.70616221025187
231595,1920.0,788.0,58.0,-3.39439912312559
179924,3.0,1331.0,53.0,-20.1223451287489
258651,1924.0,85.0,72.0,-0.842783173389035
260727,82.0,1913.0,72.0,-1.63140607820471
359039,1879.0,1878.0,108.0,1.89244616561036
57924,1876.0,1904.0,9.0,-1.53556402509625
257519,1878.0,85.0,72.0,-1.44121277825252
231187,146.0,1909.0,58.0,24.7067237579149
344526,1915.0,1875.0,104.0,-4.22778958259239
374098,1879.0,1431.0,109.0,1.00932981668601
196803,604.0,1890.0,176.0,1.4776081412692
207321,1332.0,47.0,177.0,0.138665225525697
6873,14.0,1904.0,1.0,2.50654854166221
343437,1902.0,163.0,104.0,0.749097638120263
17821,1337.0,1895.0,3.0,-13.8040630308817
90113,1913.0,85.0,172.0,3.66913937127757
86389,1879.0,1899.0,172.0,-1.98277663980822
201114,229.0,1905.0,54.0,3.53884399163135
198571,1331.0,147.0,54.0,-0.522392993471289
369244,1560.0,1887.0,180.0,2.83930918704239
400434,160.0,1893.0,112.0,35.3587329910249
191183,48.0,147.0,175.0,1.61300241493448
345857,1332.0,1882.0,104.0,-2.00630326567571
206459,1913.0,13.0,177.0,6.25927808890815
265114,1926.0,1896.0,73.0,-1.70418281102074
56135,1331.0,1927.0,9.0,-5.43787025514847
32537,14.0,1880.0,166.0,2.44252669959437
274412,1891.0,1881.0,179.0,0.688121408608829
4815,1880.0,1902.0,1.0,4.89219028804523
250967,72.0,1923.0,71.0,5.31756260237085
193814,1899.0,120.0,176.0,2.78835431171497
231329,72.0,1922.0,58.0,-3.90076479111646
54677,1908.0,677.0,9.0,0.405620292447883
207689,1899.0,1908.0,178.0,3.43576599758887
68466,48.0,1880.0,12.0,8.53283233985676
188488,13.0,1916.0,175.0,1.60361675357136
234480,1907.0,1882.0,60.0,-1.02938385362648
334313,1332.0,131.0,102.0,-2.59913463209984
112647,1881.0,677.0,167.0,-5.96493549041583
301191,5.0,677.0,98.0,-2.0856632119867
285927,3.0,1895.0,77.0,-3.5124467555647
343298,1895.0,1892.0,104.0,2.28736183687899
177809,1559.0,1916.0,53.0,1.67153930961588
178509,1899.0,1914.0,53.0,-0.127639547498405
188371,1559.0,1893.0,175.0,2.75461711763757
268401,948.0,1903.0,74.0,7.38949436740957
232574,655.0,1879.0,58.0,-4.51381181038128
108560,1877.0,195.0,45.0,5.03909740608433
196247,1920.0,1917.0,176.0,-1.9909512180978
261377,1878.0,1921.0,73.0,1.00873770516712
72599,1879.0,1886.0,13.0,-0.0558762585829829
324327,14.0,18.0,100.0,3.12418648258847
14443,1887.0,11.0,3.0,3.76364557238427
398339,1889.0,1917.0,112.0,-3.46406197662572
106454,1916.0,131.0,45.0,-4.76104707048011
233864,47.0,1909.0,60.0,-0.497470794549607
202197,1905.0,1928.0,54.0,3.72117635598428
65413,85.0,677.0,12.0,-8.42681768466609
197560,1878.0,1896.0,54.0,1.77005361093349
220601,1904.0,1431.0,56.0,5.53826638823804
205641,1926.0,1916.0,177.0,-0.966409817372738
105889,1893.0,18.0,45.0,-1.14018930006031
164091,229.0,72.0,168.0,6.03505395752139
412754,1908.0,13.0,114.0,0.0737617521375601
102127,1902.0,1916.0,173.0,5.78239971343406
303575,655.0,1884.0,98.0,-3.1610769040383
282240,1904.0,1896.0,77.0,-0.306296421579673
165829,1877.0,1337.0,168.0,-4.71931847961009
18641,229.0,14.0,3.0,-2.16241492803879
396964,72.0,1912.0,112.0,2.56575917319142
26415,1875.0,1900.0,4.0,0.0231655927781328
227037,1925.0,11.0,57.0,-4.65128355895177
269825,1919.0,1916.0,74.0,1.3838624544117
89393,1430.0,5.0,172.0,11.9428681641059
269431,1905.0,1883.0,74.0,-4.6734284887523
197985,131.0,677.0,54.0,-0.819497001657463
234368,1431.0,1922.0,60.0,-1.92102431008503
50500,1886.0,748.0,7.0,2.37724873407067
5740,948.0,1880.0,1.0,3.65495500459868
341499,1890.0,1923.0,104.0,-0.961240558233336
107621,1893.0,1916.0,45.0,0.755292315275309
345447,1919.0,1918.0,104.0,0.636467438475382
263044,1920.0,1347.0,73.0,-0.434615080050799
71643,1900.0,1910.0,13.0,7.12465420022888
46463,160.0,1926.0,6.0,8.05637705333598
161868,1559.0,1891.0,168.0,0.318412164748084
310739,72.0,1916.0,186.0,-3.91896184930002
88937,1919.0,1879.0,172.0,-0.0240857339428236
28588,604.0,1671.0,4.0,-0.279806535629555
343168,101.0,146.0,104.0,7.42061381314659
220754,1879.0,1331.0,56.0,0.871188171341691
49819,1902.0,20.0,7.0,4.62840145445399
324885,655.0,1888.0,100.0,1.04860105250811
186224,604.0,1332.0,174.0,2.42101745701575
397691,1903.0,1671.0,112.0,5.22338264304412
196326,544.0,48.0,176.0,7.69390239047648
232605,604.0,1877.0,58.0,9.49954117498133
61200,1884.0,677.0,10.0,4.29923873977899
358166,1559.0,1885.0,108.0,-0.406817487213018
48108,1876.0,1921.0,6.0,-3.10893795101776
73327,1224.0,1892.0,13.0,1.76799094882199
71725,1908.0,15.0,13.0,-4.19476293135664
114744,1876.0,1906.0,167.0,10.7687230728636
213428,1907.0,15.0,55.0,-0.258567828241877
191177,229.0,1430.0,175.0,0.482901050216829
221952,163.0,20.0,56.0,-2.64459329821956
344039,1888.0,1331.0,104.0,-1.13818212363084
335538,83.0,20.0,102.0,2.15528705255457
340340,1876.0,136.0,103.0,-9.49217199280635
205717,27.0,1880.0,177.0,-19.1065580229869
25237,1898.0,1882.0,4.0,1.48283129589153
111592,1894.0,18.0,167.0,3.38497008932769
212234,1919.0,1337.0,178.0,-18.1011489106739
326158,1913.0,1887.0,101.0,1.39162064018636
329516,1876.0,677.0,101.0,4.66829845691617
436140,14.0,1183.0,116.0,-0.273479339855224
300399,72.0,1900.0,98.0,2.69959510926848
178684,1878.0,17.0,53.0,-2.23504778734348
214743,136.0,1917.0,55.0,1.52993708849995
18659,3.0,15.0,3.0,-5.70307849438503
24572,47.0,1911.0,4.0,-9.14755926725888
261735,1882.0,1923.0,73.0,-0.668142611324907
28231,1906.0,1917.0,4.0,-0.616353075535371
28324,82.0,1559.0,4.0,-1.31521368768268
280328,163.0,27.0,75.0,-0.616412336308327
74803,604.0,544.0,13.0,1.98699860036192
196527,48.0,1886.0,176.0,-9.07648301124352
14533,1671.0,677.0,3.0,1.63498200370973
358619,85.0,1927.0,108.0,1.60336633580917
105441,1927.0,1902.0,173.0,1.84535381754665
241444,1884.0,1914.0,69.0,5.01486237013353
46711,82.0,1880.0,6.0,-6.67333924741328
3656,1903.0,1901.0,1.0,1.60193473050386
11066,15.0,1923.0,2.0,0.34469914673592
236491,1885.0,1889.0,60.0,1.11079700815324
426203,229.0,1916.0,115.0,11.9551963984373
201803,1920.0,748.0,54.0,-0.835845509219822
99523,3.0,27.0,44.0,1.47785662486769
279349,11.0,1890.0,75.0,-1.04363090015901
412698,1902.0,1331.0,114.0,4.8021902469189
178780,1884.0,1921.0,53.0,-1.44047521822414
229517,1884.0,1331.0,58.0,-7.39091128670243
244654,1342.0,1348.0,69.0,-8.83887859518989
203730,1430.0,1898.0,177.0,-2.99334065048589
204354,1876.0,1887.0,177.0,2.07190835649164
388831,1913.0,1911.0,111.0,4.8095095300442
644587,1884.0,1902.0,60.0,-2.2321554586867944
165471,1926.0,1342.0,168.0,-0.696472498947366
192781,1331.0,1907.0,176.0,0.348242483178721
170262,3.0,1348.0,51.0,-4.88696963350773
105706,195.0,11.0,45.0,1.59841369628074
339949,1905.0,544.0,103.0,7.06403059655227
267029,1914.0,1922.0,74.0,-4.1172406204012
110148,1926.0,1878.0,45.0,3.15945272676966
263946,1926.0,1183.0,73.0,-0.410918149339222
334415,1925.0,1431.0,102.0,6.49475045011009
360087,1342.0,146.0,108.0,-0.608688072051764
259226,163.0,1331.0,72.0,-20.3073596307555
107632,1884.0,18.0,45.0,1.73149052852287
335422,1913.0,1878.0,102.0,-1.0133935951907
324722,544.0,1559.0,100.0,1.46369901755942
323690,1920.0,164.0,100.0,3.08304252933333
28222,1906.0,1224.0,4.0,0.617300151437226
68135,1342.0,1883.0,12.0,-7.26731507991738
43247,1885.0,131.0,6.0,2.2501447979711
75252,1926.0,748.0,13.0,-3.63164578195124
193219,1879.0,164.0,176.0,-2.6657128998543
18433,1919.0,1903.0,3.0,1.47123444960273
223113,788.0,1902.0,56.0,-0.645990131612018
435231,1878.0,1908.0,116.0,-0.203196494020885
358026,1898.0,1916.0,108.0,-5.04654016865557
390136,163.0,544.0,111.0,-13.1479847705442
202078,1905.0,1908.0,54.0,-1.38302821639877
58900,3.0,1921.0,9.0,-9.52316556553275
46210,1342.0,195.0,6.0,4.28630973258579
259196,14.0,1904.0,72.0,-1.78520457533012
278467,1909.0,120.0,75.0,-1.68000887034466
244685,1915.0,147.0,69.0,5.69270018459436
111393,748.0,1890.0,167.0,2.93362379698925
257607,1893.0,11.0,72.0,-5.05814250121438
389103,1876.0,788.0,111.0,-4.14498414595394
286051,3.0,1904.0,77.0,0.219718540482941
413989,13.0,1923.0,114.0,-0.941099629475207
58859,3.0,748.0,9.0,0.754658580681379
272361,1883.0,164.0,179.0,-4.0170763672543
107057,146.0,1893.0,45.0,-0.0452893851127199
182704,1880.0,146.0,174.0,-5.57295906596932
32250,48.0,1898.0,166.0,-9.62514375518458
415656,1920.0,1894.0,114.0,-0.771766772056585
47388,1332.0,1888.0,6.0,1.08988329551693
388605,948.0,1891.0,111.0,5.40191242963382
186431,1919.0,85.0,174.0,3.24640265480031
179333,82.0,1923.0,53.0,-12.6554579779601
111491,1880.0,1884.0,167.0,1.46634905627296
25205,195.0,1671.0,4.0,0.502400451287506
377376,11.0,1902.0,109.0,-3.76175765497833
312612,1342.0,1899.0,186.0,0.124713804504017
284780,1917.0,17.0,77.0,8.30260493960173
435798,147.0,1898.0,116.0,-4.53635550877908
321574,163.0,1347.0,100.0,5.20364976776953
230248,164.0,1347.0,58.0,3.65245301213351
173041,14.0,1347.0,52.0,-4.19942782046831
433892,1908.0,1901.0,116.0,0.722450243393063
222024,1905.0,1348.0,56.0,0.0369965121262178
103281,1920.0,1908.0,173.0,0.283223680521627
316587,1893.0,1560.0,99.0,3.58533194271399
338158,1897.0,1913.0,103.0,-1.84539228594585
183538,1224.0,15.0,174.0,3.18194186908152
210171,1892.0,1923.0,178.0,-2.94124960211239
187082,1347.0,13.0,175.0,-8.96482177258436
111237,1888.0,1347.0,167.0,8.32391923311448
27165,20.0,229.0,4.0,-0.614960655879512
310454,1893.0,1347.0,186.0,-1.28163382492182
200336,1913.0,1907.0,54.0,8.3859924270689
273738,1183.0,1904.0,179.0,-6.06073425144207
359562,3.0,1883.0,108.0,11.80083131869
109638,604.0,544.0,45.0,4.03780231408408
343216,1183.0,1892.0,104.0,2.48639427129021
417629,11.0,1902.0,114.0,-1.10061235848803
163832,1877.0,47.0,168.0,-8.31217521018715
85916,1892.0,677.0,172.0,-2.15775473831218
12735,1913.0,1918.0,2.0,-0.485356440103143
98575,1332.0,1331.0,44.0,-8.21137544574994
314237,655.0,1348.0,186.0,-1.55139885782986
104989,1920.0,1560.0,173.0,2.49303427512959
4626,1337.0,1899.0,1.0,4.53250103020443
314394,20.0,136.0,186.0,-2.3505449729779
169369,1332.0,229.0,51.0,-6.41613052292512
175726,655.0,147.0,52.0,4.36743367893024
74445,1924.0,1895.0,13.0,4.14930755386714
204069,1886.0,1894.0,177.0,1.48831473924668
284041,1880.0,1887.0,77.0,1.66434750344638
275600,163.0,1918.0,179.0,-2.58078281270598
186476,1915.0,1900.0,174.0,0.481470330174645
199004,1900.0,5.0,54.0,1.27142774861305
57063,27.0,788.0,9.0,-2.71005788279768
33258,163.0,1889.0,166.0,2.40219006517566
371605,604.0,1342.0,180.0,4.16395894356604
334764,1876.0,27.0,102.0,6.42346539650863
401285,655.0,1332.0,112.0,1.39017300833544
278542,1875.0,1890.0,75.0,5.09435864001446
367209,1671.0,1348.0,180.0,1.65538827194306
59235,1926.0,1902.0,9.0,0.586610169301054
69821,27.0,1878.0,12.0,-1.27714595789237
335374,1906.0,1559.0,102.0,-4.72979961761924
327097,1897.0,1337.0,101.0,-7.25582579061595
315987,1880.0,18.0,99.0,-0.647530299236435
300524,85.0,1904.0,98.0,-2.40114946119271
237150,83.0,195.0,60.0,-5.43441044038258
96100,1900.0,1922.0,44.0,0.143945212981632
254023,544.0,164.0,71.0,0.977819976565898
185754,20.0,147.0,174.0,-1.56182829838618
86186,1884.0,1560.0,172.0,20.0024964570754
342936,15.0,1921.0,104.0,4.39217248580315
170459,3.0,147.0,51.0,-0.170231871011608
644509,1900.0,1902.0,4.0,3.4719362487268497
180708,1342.0,1224.0,53.0,-6.7503125714157
45828,1889.0,1909.0,6.0,-1.15603422758019
271111,1332.0,1903.0,74.0,-5.06520550895551
367400,1882.0,1914.0,180.0,0.816968196259262
235211,1897.0,1922.0,60.0,-6.79809394802915
70031,82.0,1904.0,12.0,1.53043436341285
312650,1560.0,1889.0,186.0,-6.47734560925153
99271,1342.0,1905.0,44.0,-0.699634315082457
359453,1915.0,788.0,108.0,-7.27162458035141
188489,1875.0,47.0,175.0,-9.72577932051213
320496,164.0,677.0,100.0,-2.80543217585891
319890,1924.0,748.0,99.0,-2.90407293204764
211631,1913.0,1895.0,178.0,-1.78356790187638
187821,1183.0,1890.0,175.0,-1.14886152413472
4387,1894.0,1904.0,1.0,-2.50003773821144
53502,136.0,1928.0,7.0,-3.12077932972502
27462,14.0,17.0,4.0,-4.35000548619478
417350,1926.0,1878.0,114.0,-2.93197677533472
215603,1337.0,1894.0,55.0,-12.1999146474503
339293,1332.0,1331.0,103.0,-10.7094883665914
221193,1332.0,1901.0,56.0,-0.182864419257314
184460,160.0,1922.0,174.0,-1.76957896855353
222032,229.0,13.0,56.0,-5.39094681788076
73116,1183.0,1883.0,13.0,-0.211624939156268
277373,1431.0,131.0,75.0,-0.17758955255885
100018,83.0,1903.0,44.0,-4.37709022616381
426108,27.0,195.0,115.0,-3.08913393098162
164295,160.0,1331.0,168.0,-21.2839634212191
98271,604.0,18.0,44.0,7.27942598135018
171072,3.0,15.0,51.0,6.773610102693
631692,1883.0,1902.0,58.0,-6.805138405851931
299823,164.0,1890.0,98.0,0.401982465733533
52873,1906.0,1671.0,7.0,-6.44758981772097
327342,1899.0,1914.0,101.0,-0.393945859149495
200808,27.0,1891.0,54.0,1.98271438634056
629470,150.0,1902.0,55.0,4.54976189844643
200936,604.0,1891.0,54.0,-2.07193132224883
71769,1882.0,1892.0,13.0,-4.81966300576668
335243,1332.0,1886.0,102.0,-1.07379953238598
229451,147.0,1886.0,58.0,2.20200438641126
374174,1883.0,131.0,109.0,1.19778539609738
237427,1906.0,1892.0,60.0,1.39294765498991
213965,1908.0,1224.0,55.0,-1.39393072521091
417504,604.0,14.0,114.0,4.50028813490093
56851,1914.0,788.0,9.0,-2.39987711594778
272520,1886.0,131.0,179.0,-0.541761102828784
55524,1903.0,1911.0,9.0,-0.630269663988908
57551,163.0,1885.0,9.0,1.12138233833411
172214,1888.0,15.0,52.0,2.86807877446102
280415,1919.0,1891.0,75.0,-2.64354088753014
236104,1908.0,1882.0,60.0,-0.171727059034682
245509,163.0,15.0,69.0,-1.52360423849916
167554,1877.0,1332.0,51.0,-4.11564511623875
73109,1886.0,1917.0,13.0,-2.8294777058564
315527,1331.0,1911.0,99.0,2.73584245064121
397140,1883.0,195.0,112.0,-5.55120309029048
372038,14.0,1921.0,180.0,-6.05531278558635
163108,1908.0,1923.0,168.0,0.327378748901836
267269,1897.0,1337.0,74.0,-2.96022111265009
200271,1905.0,164.0,54.0,0.428050829858932
162159,1903.0,15.0,168.0,-4.84700488741039
331859,136.0,1896.0,102.0,-0.282576446691648
254813,3.0,13.0,71.0,-3.65496656877989
185148,1925.0,146.0,174.0,-6.65940091140457
316611,20.0,1911.0,99.0,2.8979222637133
424310,101.0,1907.0,115.0,-1.49596222312705
257940,147.0,13.0,72.0,3.32757947894913
259008,1337.0,1881.0,72.0,-6.6251638018845
181325,82.0,1908.0,53.0,-6.59964910928446
325068,1876.0,1878.0,100.0,-4.97865063950837
56127,1895.0,1916.0,9.0,4.60716708545969
435163,1885.0,1897.0,116.0,-0.335003909978936
188152,120.0,1918.0,175.0,0.218001258838743
108080,1560.0,1914.0,45.0,1.36897633266829
88987,1430.0,1431.0,172.0,4.75500878816492
52001,1924.0,5.0,7.0,7.07660061196488
211835,544.0,48.0,178.0,6.11415813013665
390407,604.0,1559.0,111.0,8.23272495227127
206492,14.0,13.0,177.0,3.80432723555032
238819,229.0,3.0,60.0,-5.39666137184767
313411,48.0,1909.0,186.0,4.81587991502526
175756,1877.0,677.0,52.0,-1.54437009856244
215701,1926.0,195.0,55.0,-5.39941867842611
207298,48.0,1337.0,177.0,-8.55922864112595
344669,1920.0,1901.0,104.0,-2.68655978274765
205805,1915.0,1892.0,177.0,-3.20153446094344
95542,1904.0,1892.0,44.0,-0.0998856507571624
327548,1904.0,1890.0,101.0,0.640231381256157
286199,1876.0,1918.0,77.0,3.38082463554215
416829,82.0,1915.0,114.0,-3.38784320525357
374135,1880.0,131.0,109.0,2.67027302668945
339986,1342.0,1905.0,103.0,-6.89035363290092
101866,1912.0,748.0,173.0,9.55477856329274
434669,1880.0,1883.0,116.0,-9.32244424638342
67463,1902.0,163.0,12.0,0.714311287174551
216813,1906.0,147.0,55.0,3.84760734116287
330009,1913.0,1912.0,101.0,2.00685075662004
319240,1924.0,13.0,99.0,-6.76096513365646
46899,163.0,11.0,6.0,5.61756775664044
257336,1671.0,18.0,72.0,-5.15680550068996
279525,1898.0,1911.0,75.0,-3.03423810884678
197814,1896.0,1347.0,54.0,31.6793327818584
279955,83.0,1915.0,75.0,1.86822387990056
324898,544.0,1920.0,100.0,-1.87305355635654
55299,1875.0,1887.0,9.0,0.554204339344771
338665,1882.0,1910.0,103.0,8.01023771206277
15360,1878.0,1898.0,3.0,-7.78017190618471
399206,1904.0,195.0,112.0,1.709905107195
245628,1430.0,1928.0,69.0,-1.26886448348919
250125,1915.0,1888.0,70.0,-0.65982525221334
437099,229.0,1918.0,116.0,3.67444701744875
325690,1886.0,1911.0,101.0,-6.23360892414573
73640,1430.0,1883.0,13.0,5.23481385686734
197624,1889.0,1923.0,54.0,-1.35459556317911
435728,1883.0,5.0,116.0,-3.76292195352922
279129,85.0,1894.0,75.0,3.62222317870534
414196,1903.0,1921.0,114.0,10.7572184678282
435890,131.0,1890.0,116.0,1.47572700588983
74453,1332.0,18.0,13.0,-0.485606038551618
237270,229.0,1901.0,60.0,-1.78020654383753
12397,1905.0,677.0,2.0,4.40058039998493
413814,1891.0,1909.0,114.0,16.8404139300307
32442,544.0,1916.0,166.0,-9.29399145084419
332783,748.0,1916.0,102.0,1.07750236314984
275204,14.0,17.0,179.0,1.21677594875744
87868,1908.0,17.0,172.0,-3.57136929657619
223778,1559.0,788.0,57.0,1.91967024401534
315223,1908.0,1902.0,186.0,-0.419433891114202
104695,82.0,1918.0,173.0,6.06509787754032
220134,1888.0,18.0,56.0,5.99828920758172
184572,160.0,1883.0,174.0,-6.06391748272778
265878,83.0,1876.0,73.0,7.94532954659838
265630,1905.0,1882.0,73.0,2.20610971086131
45789,1912.0,1922.0,6.0,0.846862000229723
300057,1903.0,1921.0,98.0,-1.84872156289598
223992,1891.0,1911.0,57.0,-1.25408259400483
415510,1877.0,1883.0,114.0,4.32776524732846
646703,1883.0,1902.0,176.0,2.482295118321285
57823,604.0,131.0,9.0,3.80227139113543
167801,1887.0,1897.0,51.0,0.27753898605941
367418,85.0,120.0,180.0,-0.51281044686403
6957,1337.0,1916.0,1.0,10.7659334700127
106435,1430.0,1347.0,45.0,-2.87299923731335
231380,1920.0,1908.0,58.0,1.12339355547485
322233,1895.0,1908.0,100.0,0.771413852570809
202719,1560.0,1331.0,177.0,-4.65654352916329
181542,229.0,1925.0,53.0,4.24104955290861
248432,1889.0,5.0,70.0,-1.20140071220158
16565,1876.0,788.0,3.0,-2.26358113941667
370815,160.0,1891.0,180.0,3.453052965218
107062,131.0,1910.0,45.0,6.96962134201989
390366,544.0,544.0,111.0,11.4373742089065
415076,1879.0,1911.0,114.0,-1.82129326064622
243758,3.0,164.0,69.0,2.11361788308524
192484,1885.0,1348.0,176.0,0.250817598491207
279772,1913.0,1183.0,75.0,2.97294733029639
252604,1902.0,1915.0,71.0,8.63210388618418
196764,1342.0,1921.0,176.0,0.248246542921143
167885,1908.0,1922.0,51.0,-11.9448284478002
249211,1342.0,1914.0,70.0,9.84244239335593
231116,1342.0,1911.0,58.0,-2.51206959119485
229694,1907.0,13.0,58.0,6.24656231222084
358642,101.0,1922.0,108.0,3.65007947874477
239013,160.0,1902.0,60.0,1.90137522825716
89385,83.0,1895.0,172.0,1.43969664244811
172311,1559.0,1911.0,52.0,2.33143297424411
423437,1879.0,1922.0,115.0,-4.63180612447392
285218,1342.0,229.0,77.0,-16.0300839203066
61535,1559.0,101.0,10.0,0.0878664411135957
6301,1895.0,15.0,1.0,4.57775597953798
318223,1877.0,1919.0,99.0,-1.57245769577121
265600,1430.0,748.0,73.0,5.68833009331436
220063,136.0,1882.0,56.0,-0.798786594265795
301504,1909.0,1904.0,98.0,7.56352550584024
212711,1900.0,1914.0,55.0,-1.1369395035779
426895,163.0,1875.0,115.0,0.221012881638317
335257,1924.0,1927.0,102.0,0.126167043218171
424402,677.0,1918.0,115.0,-2.87204074009434
14203,1348.0,1907.0,3.0,0.96010876106536
230707,11.0,1918.0,58.0,5.19706897950064
50043,1224.0,5.0,7.0,4.22772562354523
107300,1903.0,1921.0,45.0,16.1760011022958
88567,1876.0,195.0,172.0,7.04105359832032
70341,1905.0,1902.0,12.0,-3.30833457405686
335643,1906.0,85.0,102.0,2.06267228225964
275222,1906.0,1914.0,179.0,-2.80538728798469
376566,1913.0,136.0,109.0,-2.59635851239142
24943,1183.0,1894.0,4.0,3.07453996186516
177177,1331.0,1908.0,53.0,-3.35917033563208
270348,544.0,1915.0,74.0,-3.35621998775333
435514,1916.0,1921.0,116.0,0.678800116440472
369162,948.0,14.0,180.0,0.590191842125871
161083,1881.0,1900.0,168.0,-10.5014926992071
286891,1337.0,1890.0,77.0,-12.0026444114311
189138,1889.0,1896.0,175.0,-0.375635587971172
213832,164.0,677.0,55.0,-1.39360832732373
15380,17.0,1901.0,3.0,-2.90206422847602
336860,748.0,131.0,103.0,0.337156909882796
172957,82.0,150.0,52.0,4.22942329097605
28632,3.0,1900.0,4.0,0.111624546979661
173265,1920.0,1347.0,52.0,-2.59633045520323
203802,1183.0,1907.0,177.0,5.48093767125522
315389,1886.0,1912.0,99.0,-2.4055779574001
300403,1885.0,1921.0,98.0,0.624529408588243
183462,1884.0,1331.0,174.0,-6.6993347620801
331273,748.0,1431.0,102.0,-5.34341218906222
63339,48.0,163.0,10.0,6.65769214980667
57856,1332.0,1891.0,9.0,-6.49165463066069
255635,27.0,1900.0,71.0,7.86442677732242
246095,1908.0,677.0,70.0,-1.47826996742028
318469,1876.0,1331.0,99.0,-13.7930078636991
361393,1337.0,1900.0,108.0,-14.5162989692778
66453,1894.0,1896.0,12.0,-1.4078306869057
64047,48.0,1224.0,10.0,-8.31620451538056
334389,1332.0,1892.0,102.0,-5.61205467867334
188585,1899.0,748.0,175.0,2.05017420389612
177455,195.0,13.0,53.0,-6.65706721038396
214373,1881.0,1921.0,55.0,-16.4026109993638
106632,1879.0,1887.0,45.0,-6.94621316774699
165994,1926.0,1902.0,168.0,0.542344831792586
247064,1896.0,15.0,70.0,-0.233383102284193
303945,1906.0,13.0,98.0,12.6340307420195
196960,1924.0,1906.0,176.0,2.07853762343148
222296,655.0,544.0,56.0,-2.61290697813353
45390,1899.0,1895.0,6.0,-5.17497858191483
329274,1905.0,11.0,101.0,-0.691202717315558
245524,1924.0,1910.0,69.0,-0.998861523407738
197996,1559.0,1880.0,54.0,-1.30175267737811
280039,20.0,229.0,75.0,-8.50539454479059
423671,1892.0,1923.0,115.0,-0.598276160073611
231342,1896.0,1224.0,58.0,6.39071176799984
110715,1891.0,748.0,167.0,-0.330409483267003
304655,160.0,3.0,98.0,-0.813411324736897
217877,1909.0,1902.0,55.0,-5.37677655199138
178250,1912.0,1907.0,53.0,2.24956398832867
630171,1903.0,1902.0,7.0,-2.603039002046925
322680,1878.0,146.0,100.0,0.565993619387878
108246,1909.0,195.0,45.0,46.1626901609475
178723,72.0,1897.0,53.0,-2.45994198483423
69524,1913.0,136.0,12.0,-7.30208341572665
241581,1889.0,195.0,69.0,-5.15515909681699
265365,14.0,1224.0,73.0,0.230124145279394
283855,1878.0,18.0,77.0,-8.00050452891838
252795,1892.0,17.0,71.0,-45.975289336415
86428,1883.0,1921.0,172.0,-3.57875158213609
200100,20.0,1894.0,54.0,-13.5522809676785
333558,1916.0,1914.0,102.0,5.00565107620233
344898,1924.0,131.0,104.0,-1.01022345892454
262092,1897.0,1560.0,73.0,2.56562373266687
108378,655.0,1183.0,45.0,4.92069513333713
28013,1905.0,1895.0,4.0,2.04196606591427
436635,14.0,1885.0,116.0,-2.84141874787107
239034,1916.0,1928.0,60.0,-10.2772763106552
264426,163.0,1909.0,73.0,12.3104406780871
51742,3.0,1881.0,7.0,-4.09788196461101
284124,677.0,1922.0,77.0,1.29016649903404
194038,1559.0,1886.0,176.0,-0.259231917693163
184964,3.0,1885.0,174.0,0.335201767608676
285837,1342.0,1891.0,77.0,-4.63076561679149
344913,655.0,1347.0,104.0,2.77373759171423
323220,1902.0,14.0,100.0,-3.30554274654377
372771,47.0,1893.0,109.0,1.60765552375974
283590,164.0,1900.0,77.0,3.16158284054465
241795,1883.0,1331.0,69.0,1.65155630421237
413297,1879.0,1900.0,114.0,-10.5562024347344
436507,1342.0,1885.0,116.0,1.16991499112969
221411,1342.0,1331.0,56.0,-0.629872201209161
71760,1902.0,1912.0,13.0,0.499713947429591
17176,1905.0,1909.0,3.0,-7.22168685980531
267578,1875.0,748.0,74.0,-3.74024469788022
210607,48.0,1923.0,178.0,16.9488123203015
206665,1905.0,120.0,177.0,1.34014815089493
280543,604.0,1891.0,75.0,-1.6531044047161
173016,1183.0,1899.0,52.0,3.21360496437734
314012,1905.0,1889.0,186.0,5.00407205326625
62028,1889.0,15.0,10.0,1.94680421134619
112125,1894.0,1348.0,167.0,0.729909835059409
74239,1876.0,1879.0,13.0,8.22680179727452
101256,1431.0,1923.0,173.0,0.0629309849038585
414966,1879.0,1892.0,114.0,-2.09510924304321
45992,1430.0,788.0,6.0,-2.67174546833486
65811,1875.0,1671.0,12.0,2.53694928736526
256947,1896.0,1348.0,72.0,-1.14841091965727
436079,1876.0,14.0,116.0,-0.540451300375776
270068,1924.0,1892.0,74.0,-1.78944710270608
267382,748.0,1911.0,74.0,-1.22103916196541
227159,1920.0,20.0,57.0,-39.4167960366274
331014,1183.0,1878.0,102.0,-1.01716158342385
213820,948.0,120.0,55.0,-4.96072169224743
315699,1915.0,1887.0,99.0,1.02268963275636
425935,1876.0,164.0,115.0,2.12152282715205
390411,1926.0,1559.0,111.0,-1.15744178353972
111024,146.0,1914.0,167.0,9.51090434926767
436435,20.0,195.0,116.0,-3.31016391580616
427090,20.0,1888.0,115.0,-6.32901565024211
268546,47.0,11.0,74.0,1.73341698072069
204414,1897.0,1908.0,177.0,-9.80983208066693
200263,27.0,164.0,54.0,-0.299650451627517
258595,1348.0,1907.0,72.0,5.65497651063
102818,146.0,1890.0,173.0,-0.277480845627614
281434,82.0,1906.0,75.0,2.00804635295247
97809,136.0,1431.0,44.0,2.9538679647968
178388,101.0,18.0,53.0,-5.9461858816439
251604,1887.0,1927.0,71.0,15.7116427547193
216124,20.0,1880.0,55.0,-12.4100567659684
268317,1889.0,748.0,74.0,-1.45077014563349
171130,655.0,1925.0,51.0,-0.0853199099102721
433212,72.0,1892.0,116.0,-3.54819395064607
95659,1559.0,1889.0,44.0,4.49495479733527
344345,1342.0,195.0,104.0,-4.7395120774623
244658,163.0,1348.0,69.0,2.14682438443752
179651,27.0,1907.0,53.0,1.15089330243548
642286,1895.0,1902.0,2.0,0.0115895782054089
255677,3.0,1906.0,71.0,9.47457091956078
179017,85.0,1892.0,53.0,-3.37862535006581
212085,1430.0,1927.0,178.0,2.13571502294589
316835,1882.0,17.0,99.0,-4.0512419055239
276395,1430.0,85.0,179.0,4.27317957728709
71840,147.0,1883.0,13.0,-7.66598133515716
315610,146.0,1889.0,99.0,2.68854758053766
310505,1883.0,1908.0,186.0,5.07893462756492
330935,3.0,1887.0,102.0,1.7848728552143
70038,1919.0,1922.0,12.0,-4.47719019871913
334309,1430.0,1909.0,102.0,8.82674507608169
376180,604.0,1918.0,109.0,5.86220283140419
255232,1913.0,1559.0,71.0,-1.9869173289916
284634,1891.0,131.0,77.0,-0.0069037070972061
235003,1889.0,1927.0,60.0,-2.33356140542787
427502,1926.0,948.0,115.0,4.23474528579213
162202,195.0,1918.0,168.0,3.37929418637031
5086,1431.0,1895.0,1.0,-1.84744035395048
245000,655.0,120.0,69.0,1.04675312070168
13421,82.0,1337.0,2.0,-6.4990884690536
371207,1924.0,1889.0,180.0,-3.23082428814455
227446,1877.0,1348.0,57.0,-5.17247844544558
191939,1877.0,1928.0,175.0,-7.70728985501105
163867,1925.0,1883.0,168.0,-3.89652464956543
278098,83.0,1898.0,75.0,-1.3070137930136
367768,1896.0,1908.0,180.0,3.50228343954771
56183,1898.0,1912.0,9.0,1.02484831924311
426551,48.0,655.0,115.0,2.51121942686868
390565,1919.0,1912.0,111.0,-14.8862599034558
205967,1919.0,11.0,177.0,-5.28027604644148
345719,1926.0,1888.0,104.0,1.88899719366919
375965,48.0,5.0,109.0,2.21905958288922
197279,948.0,18.0,54.0,-1.43462750417535
438150,83.0,1890.0,116.0,-2.27420551390436
49798,47.0,1914.0,7.0,-9.05713890353443
61530,1881.0,788.0,10.0,-1.84308881880586
368626,1893.0,1348.0,180.0,-0.63940714282001
271853,948.0,1904.0,179.0,-6.34969667128352
356866,1887.0,72.0,108.0,-0.864095544872311
279782,1920.0,1919.0,75.0,8.85948877398037
369986,48.0,18.0,180.0,0.406543185358297
270256,1905.0,18.0,74.0,2.57208631202928
103989,1924.0,5.0,173.0,6.81308640739225
100010,229.0,948.0,44.0,3.47528543191694
276726,1430.0,1902.0,179.0,-4.03111698018472
197055,1886.0,1928.0,176.0,-6.10943435739451
320806,1331.0,1908.0,100.0,-0.192332292571716
435802,85.0,1348.0,116.0,0.247873509984855
202914,195.0,1347.0,177.0,-0.516366641409859
171553,1881.0,1897.0,52.0,12.4426566122391
413836,1884.0,120.0,114.0,10.6252469606052
3883,120.0,5.0,1.0,-2.9684534699538
330263,1876.0,1878.0,101.0,-1.40690252704648
45800,1899.0,1881.0,6.0,-0.317774060437066
371982,544.0,14.0,180.0,4.2674841537267
400573,655.0,20.0,112.0,-2.21475340592608
401498,1906.0,1922.0,112.0,0.732629159326867
87699,1899.0,13.0,172.0,5.21123469672793
6030,11.0,1890.0,1.0,15.7847512660971
237476,1906.0,17.0,60.0,-2.11761305523365
25047,1671.0,18.0,4.0,-2.54141766103434
17406,1905.0,1884.0,3.0,-4.16403984486491
111147,1891.0,195.0,167.0,10.6401657356625
332741,1886.0,1348.0,102.0,-3.76941571083442
5815,1891.0,1910.0,1.0,0.157429484770092
265012,655.0,1918.0,73.0,5.35880061729567
251111,1560.0,1921.0,71.0,21.1776259574543
397064,1337.0,1910.0,112.0,0.240815421918202
279664,83.0,14.0,75.0,1.33193143303706
358186,1910.0,1927.0,108.0,3.08428384850385
4726,47.0,164.0,1.0,9.84504605502116
25376,748.0,1910.0,4.0,-1.11036186774424
75202,1920.0,748.0,13.0,-1.99515190808936
165927,1430.0,47.0,168.0,-5.41700432313202
55678,1894.0,1921.0,9.0,16.0550415147648
59844,147.0,1887.0,10.0,1.55977448143902
200290,1876.0,1883.0,54.0,0.163482327613419
262922,1897.0,11.0,73.0,-3.5419718991549
427564,1919.0,1337.0,115.0,8.20052141036855
198283,1886.0,1883.0,54.0,0.537386417749348
264055,1925.0,1907.0,73.0,1.32580796275482
401807,1890.0,1902.0,112.0,1.630408345377
400164,14.0,1909.0,112.0,0.295921452443508
322282,1560.0,1331.0,100.0,-1.7148049091952
398705,1888.0,1922.0,112.0,0.329490217838369
186300,1876.0,15.0,174.0,9.87286320479686
85505,1880.0,1891.0,172.0,-2.15184509330106
328348,101.0,136.0,101.0,3.64190205388226
330098,3.0,120.0,101.0,-0.0102352383945234
374414,948.0,1882.0,109.0,4.7243362435915
260898,1892.0,1902.0,72.0,3.94861999080213
398302,1909.0,1904.0,112.0,12.1506915099751
102899,1331.0,677.0,173.0,6.11692976325947
271711,1894.0,1883.0,179.0,3.28115804333247
376957,1925.0,1921.0,109.0,-6.49530867272253
274192,1886.0,1904.0,179.0,-0.863825573913682
357949,1893.0,1911.0,108.0,-1.67262603047653
284900,20.0,788.0,77.0,-10.0931902999353
96672,1898.0,1911.0,44.0,-5.37493174896541
367147,17.0,1918.0,180.0,2.33055207566298
178663,150.0,1912.0,53.0,-3.81803933941472
190753,3.0,1918.0,175.0,-1.30098341454584
435026,47.0,1921.0,116.0,14.0141972705331
162047,72.0,1888.0,168.0,2.20950523772805
332615,82.0,150.0,102.0,4.80995600272267
63957,1913.0,1905.0,10.0,-0.293041991078828
43565,1900.0,788.0,6.0,6.70723641404899
435261,1891.0,1912.0,116.0,5.23882153958749
323735,1920.0,1881.0,100.0,-0.420851269093723
193135,1888.0,1431.0,176.0,-0.68256726521504
318510,544.0,1926.0,99.0,5.24758980380315
322855,85.0,1886.0,100.0,2.51342558747327
279968,82.0,229.0,75.0,3.97327934080442
423362,1909.0,1904.0,115.0,3.64365306232031
183427,1907.0,1917.0,174.0,0.590676139732735
331774,1889.0,1911.0,102.0,2.78120173484338
328205,1909.0,1892.0,101.0,-1.22013594951171
173507,101.0,1884.0,52.0,-3.07040221129156
275856,1920.0,1917.0,179.0,6.28449179314277
173248,1183.0,1892.0,52.0,0.787109017790433
229069,1883.0,1904.0,58.0,-2.62939523012224
252402,1884.0,1881.0,71.0,1.2834468796239
283750,1890.0,1892.0,77.0,6.55390159836147
321838,1903.0,677.0,100.0,-0.210130937954982
190347,48.0,1431.0,175.0,10.5513578445449
26860,48.0,1907.0,4.0,5.00556266085153
199963,163.0,85.0,54.0,-1.20592769253786
179882,83.0,229.0,53.0,-10.6860892415346
277914,1878.0,1671.0,75.0,3.14533788645814
193745,147.0,1894.0,176.0,2.50595748619859
264791,655.0,1892.0,73.0,2.82918140474056
333423,13.0,677.0,102.0,-7.0127807561205
181505,1342.0,18.0,53.0,2.74602453572156
345522,1430.0,1888.0,104.0,-3.37943166847927
375961,160.0,1892.0,109.0,7.10184733355491
435857,1899.0,1560.0,116.0,5.09432734713127
361667,1430.0,1902.0,108.0,-7.3068745495933
325066,229.0,1560.0,100.0,-0.0655236180797418
196980,3.0,15.0,176.0,7.27352137184771
165629,3.0,1671.0,168.0,-6.21915217024311
358594,47.0,1431.0,108.0,12.5987950128514
243806,1342.0,1880.0,69.0,0.878164001277419
16194,1880.0,1224.0,3.0,-4.79856364502438
275815,1925.0,1889.0,179.0,-1.51310393276322
203178,120.0,18.0,177.0,0.455851432410044
203477,164.0,788.0,177.0,-3.22764943567811
104806,1924.0,1927.0,173.0,-1.95875667177665
377024,655.0,1890.0,109.0,4.88230318656865
73491,1926.0,1883.0,13.0,-7.25955804989374
49420,1885.0,1431.0,7.0,-1.26020851091553
108975,83.0,1909.0,45.0,-12.3475078464314
281111,14.0,1917.0,75.0,-4.38481598140664
13582,160.0,1337.0,2.0,-7.63540151637837
249855,544.0,1915.0,70.0,2.28602803509005
57207,1925.0,195.0,9.0,-2.03121008443393
398057,150.0,788.0,112.0,0.724186966648295
240571,195.0,1916.0,69.0,7.55538566769589
313995,3.0,1895.0,186.0,0.0965639469474801
314933,655.0,1882.0,186.0,-2.60252765433651
219316,1431.0,1889.0,56.0,6.97356254850176
254859,1877.0,1879.0,71.0,3.90956028565585
304663,604.0,3.0,98.0,-7.79258800917036
339636,1920.0,1431.0,103.0,1.50338587920088
213776,1897.0,1890.0,55.0,1.9076044732527
111330,72.0,1331.0,167.0,-1.50227615114156
369965,14.0,1894.0,180.0,-1.64712087978287
178271,1900.0,677.0,53.0,0.753045163832982
244221,604.0,655.0,69.0,2.59670363009076
257939,1899.0,1893.0,72.0,-1.36501955078788
319636,1877.0,1888.0,99.0,0.631248131462266
331008,948.0,14.0,102.0,-2.93223613708024
246664,47.0,677.0,70.0,1.23013551972042
248973,1905.0,164.0,70.0,4.29998827981699
27586,1876.0,1884.0,4.0,-4.16224840768547
186467,83.0,85.0,174.0,1.97270472022023
249045,1876.0,1881.0,70.0,-1.91390928983917
230425,1880.0,17.0,58.0,1.42818990351625
174332,1876.0,1183.0,52.0,-0.170488727348998
311563,3.0,1898.0,186.0,-1.96704646883567
327360,101.0,1910.0,101.0,1.382664266319
373072,1886.0,1903.0,109.0,-5.09058186586903
304536,1926.0,1911.0,98.0,-7.68466493822471
6455,27.0,14.0,1.0,5.94861336820789
211824,14.0,20.0,178.0,-9.42821514457729
195891,655.0,1895.0,176.0,2.8213163219964
427664,83.0,1876.0,115.0,14.0600300606987
170630,20.0,1559.0,51.0,-5.63345925885401
359566,1332.0,1875.0,108.0,-6.83848060476309
55057,1886.0,1914.0,9.0,-1.24731811978816
399989,544.0,1881.0,112.0,6.63727501923217
236238,1342.0,150.0,60.0,-0.281212249532235
49268,164.0,1896.0,7.0,4.14312507041182
284271,20.0,1887.0,77.0,1.14639647679928
276286,163.0,1900.0,179.0,1.66346796728785
193015,1880.0,72.0,176.0,0.673035213722637
265717,1926.0,948.0,73.0,5.04967032898263
433521,14.0,150.0,116.0,-2.77070561638342
375492,1876.0,229.0,109.0,5.39104153760925
358592,1331.0,1895.0,108.0,1.31708947798449
96911,1348.0,1911.0,44.0,-1.04716699634319
246128,1880.0,5.0,70.0,-2.65118765594181
329319,1906.0,1431.0,101.0,-1.74836468157699
102792,1886.0,1896.0,173.0,15.844256915387
336784,748.0,1918.0,103.0,5.85087610900889
172093,1896.0,1921.0,52.0,1.41996551307545
214848,1671.0,1911.0,55.0,9.17998049098909
251939,1916.0,1882.0,71.0,0.4060415627002
322046,1881.0,1918.0,100.0,-1.86595001034446
266593,1903.0,677.0,74.0,-3.47509137948452
28041,655.0,1348.0,4.0,-0.501793998203299
109635,20.0,1888.0,45.0,5.3062909530096
70906,1337.0,1911.0,13.0,-0.276747134384439
345226,3.0,1905.0,104.0,-2.53862797309622
257735,1900.0,1560.0,72.0,-0.957339742834489
328208,1183.0,1894.0,101.0,5.12994741543575
277118,1909.0,1331.0,75.0,10.6437474515256
170185,1926.0,27.0,51.0,6.1336311738127
179594,1877.0,229.0,53.0,-3.37483269713144
373990,1889.0,1921.0,109.0,-2.29450426286426
105639,195.0,1907.0,45.0,4.04148189723954
165178,229.0,1559.0,168.0,2.22400347076815
255954,83.0,1928.0,71.0,-5.16802557334268
115272,1913.0,85.0,167.0,-0.739624985121285
160986,1910.0,1927.0,168.0,0.340944371932871
71997,1885.0,1898.0,13.0,-5.03093296307675
185465,48.0,150.0,174.0,-1.52567814779914
426544,1337.0,1431.0,115.0,-3.39491827753434
167768,1875.0,1886.0,51.0,2.22517733064052
200969,1924.0,101.0,54.0,1.50523530531908
28782,1926.0,1906.0,4.0,1.72987709849905
102109,1897.0,1893.0,173.0,3.63169573109998
367360,1902.0,1915.0,180.0,-4.51534516226972
13616,1878.0,1928.0,2.0,-4.98783145302552
376111,1332.0,544.0,109.0,-6.25761036948128
58376,1342.0,1224.0,9.0,-1.36646308737801
274099,1904.0,1896.0,179.0,1.50301623778
269108,47.0,1921.0,74.0,23.4545974524382
227513,604.0,1559.0,57.0,3.29694473456839
104113,1876.0,1879.0,173.0,3.25765974703756
280258,48.0,604.0,75.0,-3.99534279887263
263906,604.0,1922.0,73.0,6.40847091441094
251000,47.0,1893.0,71.0,7.53397384707904
368370,1875.0,1348.0,180.0,-11.2406247514643
373578,948.0,1914.0,109.0,0.54888576272944
303096,655.0,1901.0,98.0,-2.58386992472909
401372,229.0,1900.0,112.0,2.96474808145616
220918,1913.0,14.0,56.0,4.02003493687701
114817,1919.0,1886.0,167.0,1.88795709517943
104581,1919.0,1918.0,173.0,9.97272753924225
272526,150.0,1671.0,179.0,4.68085294633554
318301,1920.0,1894.0,99.0,-5.35350965640463
9223,1888.0,677.0,2.0,-4.56752157173313
45609,150.0,1890.0,6.0,-0.898836605232306
5498,163.0,1347.0,1.0,4.80407413612206
190461,1915.0,1904.0,175.0,-2.42433812828164
320416,1886.0,1898.0,100.0,-4.53588894292451
112206,1559.0,1671.0,167.0,-5.32243551134446
13104,1924.0,83.0,2.0,3.15739516932407
114161,1919.0,1904.0,167.0,10.3432641621198
59221,1920.0,1902.0,9.0,1.48501550816956
221365,544.0,1885.0,56.0,6.22212176259727
255739,1920.0,14.0,71.0,2.13170849650075
194036,17.0,1927.0,176.0,1.1433434591073
417643,655.0,1902.0,114.0,-3.6051792597943
88698,1920.0,1901.0,172.0,1.08090570712858
230683,47.0,17.0,58.0,-1.99246261836148
166439,1878.0,18.0,51.0,-2.56684502213059
177382,1559.0,18.0,53.0,-6.05710452385694
283706,1904.0,1560.0,77.0,1.57591701742296
324559,83.0,1905.0,100.0,7.29835569290862
90281,229.0,1337.0,172.0,-21.3128264230945
223203,1897.0,1928.0,56.0,-0.92288200625684
50454,85.0,1895.0,7.0,-4.1171712758052
219747,72.0,195.0,56.0,1.44997863662934
333223,1891.0,1671.0,102.0,2.34152724928562
210004,1889.0,195.0,178.0,1.81800796792135
257453,1884.0,1882.0,72.0,3.31000116798896
330152,1906.0,1559.0,101.0,-0.879025978607161
219702,1886.0,1898.0,56.0,5.76475296470125
16087,1880.0,1916.0,3.0,-4.65289637605179
229619,120.0,17.0,58.0,-0.0237813983749818
414340,20.0,1347.0,114.0,0.453944780348044
214554,120.0,1560.0,55.0,11.5183386214031
197290,748.0,1912.0,54.0,-0.0046538611310888
303896,160.0,1889.0,98.0,0.309388295048571
165620,1924.0,1671.0,168.0,3.84808025610493
425183,1896.0,1921.0,115.0,-0.179433278631957
372269,1882.0,1921.0,109.0,5.70373274931628
286533,604.0,83.0,77.0,2.82492499408432
340134,1925.0,1877.0,103.0,-1.7487573425798
34290,788.0,1928.0,166.0,-3.69469331567519
216944,655.0,544.0,55.0,-0.803464556780508
74406,604.0,150.0,13.0,10.4841831287694
105167,655.0,1878.0,173.0,-0.0201537478322197
367579,948.0,655.0,180.0,3.07350041644528
103861,1913.0,1879.0,173.0,0.244108915980612
51984,229.0,1431.0,7.0,13.1531400907936
13266,544.0,1924.0,2.0,7.25588931234901
206115,604.0,101.0,177.0,42.6120812850458
263841,1910.0,1923.0,73.0,-3.77928434728846
87651,1911.0,788.0,172.0,-2.36461505555734
361065,163.0,83.0,108.0,9.70868478873797
110782,136.0,1880.0,167.0,-5.41039447414121
257170,1331.0,11.0,72.0,-1.19580864627255
88457,160.0,229.0,172.0,8.34380564247484
265102,1926.0,1879.0,73.0,-2.39380975231576
245499,83.0,47.0,69.0,-11.6636124989017
275156,163.0,146.0,179.0,0.0427174349135046
258157,1889.0,15.0,72.0,4.54999321552219
374861,1884.0,1431.0,109.0,-0.260332337563388
246508,147.0,1889.0,70.0,-2.13096249033937
100379,82.0,1928.0,44.0,-8.54800155647291
262183,72.0,1901.0,73.0,-1.32511870489051
194651,1900.0,1922.0,176.0,-1.29469553356944
437981,1430.0,1922.0,116.0,-0.25355240144937
238054,83.0,13.0,60.0,2.55693193744196
4706,1878.0,1890.0,1.0,-3.30305006693578
245148,1342.0,1876.0,69.0,-3.2687131461233
226754,1924.0,604.0,57.0,4.34776311210229
310890,164.0,15.0,186.0,-7.94894593905138
225643,1886.0,195.0,57.0,-0.0925411012384112
171396,1893.0,1901.0,52.0,-2.78061885436594
311504,1895.0,15.0,186.0,-8.20085016265814
214587,1891.0,1907.0,55.0,-0.359243844691998
16857,1924.0,18.0,3.0,-6.10249246183472
18030,1919.0,120.0,3.0,-5.24051022759646
326180,1875.0,195.0,101.0,-3.73127076658869
426534,1905.0,1891.0,115.0,-4.2733629063649
282295,1895.0,1882.0,77.0,-2.83325482632347
314392,1906.0,136.0,186.0,5.16528513501541
216016,1920.0,1914.0,55.0,1.76458408189001
96599,72.0,15.0,44.0,3.28514629552168
13392,14.0,1922.0,2.0,-0.345300516773606
183484,1430.0,1910.0,174.0,2.99877503965057
641571,1909.0,1902.0,45.0,-1.7448674483430855
647728,195.0,1902.0,166.0,1.215281199630895
435485,1875.0,1891.0,116.0,-1.95125456473784
177819,1907.0,788.0,53.0,-0.499167520360837
52655,544.0,1912.0,7.0,14.8408056263603
249404,160.0,146.0,70.0,-7.45227397417081
98371,48.0,82.0,44.0,-5.53158408814094
388906,948.0,1183.0,111.0,-2.50967783341093
318160,1332.0,1894.0,99.0,-13.2382992350125
66174,101.0,1904.0,12.0,3.56100593768909
7225,27.0,1884.0,1.0,-0.141551326208211
193208,1224.0,17.0,176.0,0.146807241665283
183603,1879.0,15.0,174.0,2.75602118244033
203801,1891.0,1911.0,177.0,-0.14702200254478
161197,948.0,1915.0,168.0,0.266444643804189
183802,1183.0,47.0,174.0,10.3953322924025
247675,1887.0,1883.0,70.0,-2.45518598535399
260732,544.0,1882.0,72.0,-3.36818748682961
277352,5.0,17.0,75.0,1.47522567015455
357340,147.0,72.0,108.0,-2.00707677552729
32072,1913.0,1904.0,166.0,-0.0186929827952991
248736,1924.0,1183.0,70.0,1.6278871502295
254533,1342.0,17.0,71.0,-1.42420525467014
374484,1884.0,47.0,109.0,-3.01725411927292
103722,163.0,1880.0,173.0,-5.61989363303026
312637,1886.0,1560.0,186.0,-5.67686602559344
220193,146.0,147.0,56.0,-0.908687937445356
26588,1879.0,1921.0,4.0,-6.76602220956742
396911,1904.0,1347.0,112.0,-0.254646365068932
173495,147.0,131.0,52.0,0.871124542234409
397134,1894.0,1904.0,112.0,2.71557950163149
100470,1925.0,1928.0,44.0,-1.96521700494862
201030,229.0,1895.0,54.0,2.02975462493955
12538,82.0,5.0,2.0,13.2956500234
235436,1889.0,1671.0,60.0,2.64474286855841
231782,20.0,1331.0,58.0,-16.928007686888
343801,1431.0,1889.0,104.0,-1.18583160995136
251147,147.0,1881.0,71.0,0.980559136679414
49218,1875.0,164.0,7.0,0.863304783038806
11682,1430.0,1907.0,2.0,-11.6517118233264
29623,1879.0,1894.0,166.0,2.77353775796104
209454,1876.0,1332.0,178.0,-7.69734375829939
107874,544.0,120.0,45.0,9.1867738002885
212218,229.0,748.0,178.0,-9.40588600730311
63692,1337.0,544.0,10.0,-1.60473144363932
61990,1904.0,1224.0,10.0,-0.749323868271545
397384,15.0,1921.0,112.0,-1.96363777443816
329419,1915.0,1879.0,101.0,-3.68496514868434
255082,1905.0,1224.0,71.0,2.95102908490525
205859,14.0,17.0,177.0,-2.53814083726268
216645,1342.0,1904.0,55.0,-2.76391446787972
261416,1896.0,1886.0,73.0,0.917413142414323
89491,1342.0,1912.0,172.0,1.81352945886451
367820,85.0,1922.0,180.0,4.90731884894938
251700,101.0,677.0,71.0,0.770081159028878
249688,1906.0,1893.0,70.0,2.12095530594297
344934,1876.0,1896.0,104.0,-0.660616371161944
274500,655.0,1908.0,179.0,0.481176290025674
303451,1342.0,1895.0,98.0,-0.541282029331233
229862,47.0,11.0,58.0,-4.86845797053557
17255,1913.0,1885.0,3.0,-2.03807592276877
212190,83.0,1903.0,178.0,-5.05827537569462
319694,604.0,120.0,99.0,1.44470690474214
64687,83.0,85.0,10.0,-5.25609806967944
54650,1920.0,1899.0,9.0,-0.65805082826372
185949,1332.0,1917.0,174.0,-5.60316029710328
359714,1430.0,164.0,108.0,0.136094282451293
193836,1559.0,47.0,176.0,0.114626976555413
47127,229.0,1904.0,6.0,0.190185181971605
28401,1924.0,1886.0,4.0,-0.296094100702379
75509,1925.0,15.0,13.0,-2.9906300772543
161969,1915.0,150.0,168.0,10.4078150722131
223865,47.0,1560.0,57.0,-3.82075416414424
232032,229.0,604.0,58.0,-0.0623216176153599
374320,1878.0,1897.0,109.0,1.49734546595346
11445,229.0,1183.0,2.0,1.54139459744998
161544,136.0,1907.0,168.0,-0.360917833617735
340230,1913.0,147.0,103.0,5.44752088463109
10310,136.0,1224.0,2.0,-1.46843411059829
56458,1904.0,1907.0,9.0,-0.627975905493681
106813,1888.0,1912.0,45.0,2.25455319735417
268629,1560.0,1901.0,74.0,12.2363831900661
221852,1905.0,677.0,56.0,1.66571340070013
391131,1877.0,14.0,111.0,-1.55227129417438
175648,1905.0,136.0,52.0,-10.2786646751722
223007,83.0,1430.0,56.0,3.06855094189248
210997,1906.0,1880.0,178.0,-14.8571248869487
168890,1926.0,160.0,51.0,-0.39520695435146
230190,164.0,1893.0,58.0,2.67124844916665
323242,604.0,160.0,100.0,5.52949284403709
346450,1183.0,1928.0,104.0,-3.64869614709428
229050,1888.0,17.0,58.0,0.229519661689157
359071,1875.0,1885.0,108.0,-2.19695527310736
279660,14.0,1923.0,75.0,-5.58124547748359
179331,48.0,85.0,53.0,0.719872887799242
182648,1886.0,1923.0,174.0,-1.37449086265321
339501,1920.0,27.0,103.0,-1.03343985766314
332424,15.0,1890.0,102.0,-1.17502102104001
426627,82.0,1431.0,115.0,-3.88236112194345
372121,48.0,1902.0,180.0,-10.7178728563998
327237,1884.0,1914.0,101.0,2.30153002830547
333964,20.0,1907.0,102.0,-9.10170651471647
254260,1906.0,131.0,71.0,-2.65325554112703
179297,27.0,47.0,53.0,-0.926512892341973
88215,1925.0,47.0,172.0,21.0271206510057
102833,1875.0,13.0,173.0,1.26995936315943
246920,1887.0,1918.0,70.0,-1.19897733968922
72984,1912.0,1671.0,13.0,-4.42351901286625
202168,1906.0,47.0,54.0,-6.81713048627647
254029,1332.0,1331.0,71.0,-17.2582423657299
316797,1909.0,1888.0,99.0,-0.0568272911119707
313892,3.0,17.0,186.0,4.28147735299749
107811,1889.0,1897.0,45.0,2.82410825509388
48846,1889.0,150.0,7.0,2.1022466966039
200006,1342.0,1906.0,54.0,-5.29386292623772
162147,147.0,1909.0,168.0,0.217583552124397
15397,1671.0,1348.0,3.0,-6.57216213663598
414529,1885.0,1894.0,114.0,0.315471001926009
196886,82.0,1913.0,176.0,6.43116741819973
197813,1886.0,1881.0,54.0,-2.19426876273359
334953,1920.0,1430.0,102.0,3.79807987882844
329322,1332.0,1431.0,101.0,-0.867811865312339
401502,1337.0,1922.0,112.0,4.57978641751433
338744,1898.0,1921.0,103.0,2.45388634004878
344514,1920.0,164.0,104.0,-4.95655374003004
215120,1888.0,1923.0,55.0,-3.28975833526866
168054,1880.0,1912.0,51.0,-1.67927767614963
197804,1921.0,788.0,54.0,-0.750111891387762
388710,1884.0,1893.0,111.0,4.50452811297186
304220,1913.0,748.0,98.0,4.26829381619678
196093,1342.0,1896.0,176.0,-4.6285508888572
375074,1913.0,1430.0,109.0,5.83188354922062
368235,101.0,1903.0,180.0,3.68989551376433
360364,604.0,1891.0,108.0,-2.44128773674581
391074,1913.0,1921.0,111.0,-8.61144939072059
399400,1909.0,788.0,112.0,-4.13902907821122
254739,229.0,1905.0,71.0,2.42846877027563
61688,1894.0,1917.0,10.0,0.0572810982765357
211610,1877.0,1896.0,178.0,4.43454449459202
398202,1879.0,72.0,112.0,0.772710435499457
260824,1924.0,15.0,72.0,-2.84210803023021
206881,1919.0,1906.0,177.0,19.0393703136283
58119,1919.0,18.0,9.0,7.7082718046604
195660,14.0,11.0,176.0,-4.86466402852758
346412,1881.0,1928.0,104.0,3.08949704918595
414000,948.0,17.0,114.0,0.145709649729089
72212,1880.0,788.0,13.0,-10.5266419950514
30646,748.0,120.0,166.0,-1.0459759546399
97821,1881.0,1888.0,44.0,-13.0294908375703
438005,1913.0,20.0,116.0,-0.523779041878045
62649,1913.0,1430.0,10.0,4.6938493361042
48297,948.0,1902.0,6.0,2.25566037454883
213022,1916.0,1911.0,55.0,0.356151300042353
300861,72.0,15.0,98.0,0.502702432217393
57036,82.0,47.0,9.0,-3.13422960059332
194511,72.0,1882.0,176.0,2.25156124114106
258113,1896.0,13.0,72.0,3.4900730764981
335941,1332.0,1928.0,102.0,-10.5500563728055
189270,1224.0,131.0,175.0,-2.43039383327485
400713,655.0,1879.0,112.0,-4.97715642764461
339368,163.0,1916.0,103.0,-0.0745936540087565
320767,147.0,1904.0,100.0,1.937430214969
167328,17.0,1922.0,51.0,9.15185378591367
330353,1924.0,1671.0,101.0,4.01052129132674
259481,48.0,131.0,72.0,-3.37416732092078
106143,1331.0,15.0,45.0,-3.81725384314079
7988,1913.0,1559.0,1.0,0.226225978136786
203858,1879.0,1431.0,177.0,-1.20563989188624
13800,1331.0,1894.0,3.0,-0.649291824103431
234391,1891.0,1901.0,60.0,2.00154705022843
61410,1880.0,164.0,10.0,-1.67055809182202
162256,677.0,1921.0,168.0,2.88711913543195
271809,136.0,1671.0,179.0,-0.947092106921593
176432,1894.0,1928.0,52.0,6.15791248654576
277091,1884.0,1907.0,75.0,-0.291188579701781
262610,1877.0,1887.0,73.0,1.4460956676207
427926,948.0,1928.0,115.0,2.55372453097958
222589,27.0,748.0,56.0,4.88838955608964
58417,3.0,1912.0,9.0,1.70564808952738
303859,1430.0,147.0,98.0,-3.85184174014807
333538,1878.0,18.0,102.0,1.85700459736736
276194,604.0,1342.0,179.0,-5.20502526299568
256514,1905.0,1898.0,72.0,4.13584046378665
373784,1891.0,1882.0,109.0,-3.86298300348847
64133,1920.0,1559.0,10.0,0.305648730275911
9139,1183.0,1908.0,2.0,-11.8066461062083
6853,48.0,1926.0,1.0,12.9693611623312
169540,1906.0,1880.0,51.0,1.79600191098205
263451,1887.0,1921.0,73.0,-2.90694479007133
388788,1883.0,1908.0,111.0,0.971086698163744
7619,1926.0,1875.0,1.0,3.99423129928337
337097,1883.0,1560.0,103.0,9.2306435427719
3952,47.0,1890.0,1.0,14.2641787944701
30864,1560.0,11.0,166.0,4.81036171974058
372735,150.0,1903.0,109.0,-2.16969703480034
255476,1430.0,15.0,71.0,-2.95246692529455
320374,48.0,1928.0,99.0,-8.94970749873765
232926,1430.0,1886.0,58.0,-8.2358000956862
206224,1919.0,18.0,177.0,5.92415196682213
244756,163.0,1917.0,69.0,3.02146662746167
107306,1560.0,1922.0,45.0,5.22176689070922
32970,1906.0,544.0,166.0,-2.15744001446626
319227,544.0,1896.0,99.0,7.26484195122658
98897,1905.0,1892.0,44.0,1.1682365827303
331001,948.0,1923.0,102.0,0.534976952369204
284677,147.0,164.0,77.0,-1.61471984147762
57270,1342.0,1894.0,9.0,-5.30171232477445
88461,604.0,1898.0,172.0,-2.22641482768441
237692,160.0,11.0,60.0,-2.59565138428643
177256,1883.0,1911.0,53.0,1.7767342881856
285972,655.0,1918.0,77.0,8.71110511164524
170234,1920.0,1348.0,51.0,-2.15744649945382
178969,13.0,5.0,53.0,0.588208693574251
300127,85.0,1909.0,98.0,-3.91105556550327
370994,604.0,1905.0,180.0,-1.42502369851481
338310,1884.0,1922.0,103.0,-0.625840291437151
8070,163.0,1886.0,1.0,4.07810153809402
8742,1900.0,1923.0,2.0,0.195798390119932
223020,1342.0,18.0,56.0,-2.45051978418353
103523,1877.0,229.0,173.0,2.75299774250772
314557,1915.0,1671.0,186.0,-17.5194466181873
197929,1902.0,1882.0,54.0,2.23473032633726
58614,163.0,1920.0,9.0,-1.60554826984028
90107,1342.0,1882.0,172.0,0.91614160420035
339390,1926.0,1881.0,103.0,0.971230069239269
53231,1332.0,1900.0,7.0,-7.92752165788319
225152,13.0,788.0,57.0,4.10748598764762
399796,1905.0,164.0,112.0,2.69342769901385
24914,1888.0,1560.0,4.0,1.14367701637099
340514,1906.0,1671.0,103.0,-1.04389294592013
263253,1916.0,1901.0,73.0,-5.4158610844125
43214,101.0,1909.0,6.0,3.41677308769829
331304,948.0,655.0,102.0,1.18954758761306
310951,1900.0,1923.0,186.0,5.82079428211077
61811,1897.0,1342.0,10.0,-0.392902243788901
194887,1913.0,1923.0,176.0,-4.22567372305033
218871,1331.0,1911.0,56.0,-5.6753067281087
425486,1887.0,1911.0,115.0,-0.290998857414748
167368,1878.0,1887.0,51.0,3.06145283889428
263509,1912.0,1883.0,73.0,2.65985897440273
185821,82.0,136.0,174.0,1.2274531989446
253631,160.0,1922.0,71.0,-0.608132216976702
276929,1909.0,788.0,75.0,-10.2231498223625
167390,101.0,1908.0,51.0,-1.79592280228994
324695,160.0,1917.0,100.0,-7.89177993013082
284212,1224.0,1901.0,77.0,-3.05113514440475
327463,136.0,1918.0,101.0,-3.44054615016521
343479,948.0,1923.0,104.0,-4.48401747611802
100693,136.0,1909.0,173.0,1.69667277792375
184661,1925.0,1919.0,174.0,5.31661877351751
343776,1671.0,1908.0,104.0,18.868071828922
318651,1337.0,1916.0,99.0,-0.320654458322019
274165,1891.0,150.0,179.0,-3.09748826733737
268610,1880.0,1893.0,74.0,0.65779355511601
70284,1905.0,1928.0,12.0,-0.51332166526784
69456,604.0,544.0,12.0,8.9919120201992
187360,1917.0,677.0,175.0,0.793217945854173
251557,1878.0,1895.0,71.0,-5.6385301802344
315716,1885.0,1888.0,99.0,0.205487719604144
74656,1915.0,5.0,13.0,2.41096914720921
333554,748.0,131.0,102.0,-1.43787782522041
196931,1876.0,1890.0,176.0,-0.509482903210235
228400,748.0,1928.0,57.0,-1.99811915180222
332531,1560.0,1892.0,102.0,-14.0004999044804
229178,1880.0,1900.0,58.0,6.5586800061544
9086,1431.0,1892.0,2.0,7.17731494332472
427133,163.0,1559.0,115.0,3.51287012756457
202349,1879.0,1927.0,177.0,-6.98160349459048
369132,163.0,1910.0,180.0,-7.27400062923983
187501,1559.0,195.0,175.0,1.28410716548377
189381,1224.0,1882.0,175.0,-2.41096372971133
243281,1875.0,5.0,69.0,1.80509789763051
278615,1887.0,1892.0,75.0,-3.05401256473816
248397,1902.0,1896.0,70.0,-1.47904172616622
85557,1878.0,1918.0,172.0,-2.76838470305056
247429,147.0,1927.0,70.0,-0.163095893189434
282332,1331.0,1907.0,77.0,1.37976909027548
226211,3.0,1883.0,57.0,-0.17207028825211
243698,1430.0,1901.0,69.0,1.65719529994556
338810,1880.0,1903.0,103.0,-0.26152013104972
389539,48.0,1916.0,111.0,-7.10764352940859
107091,1891.0,1921.0,45.0,-8.78162167777069
371618,1905.0,1878.0,180.0,-7.47189686168876
88769,1919.0,1885.0,172.0,4.65706935479904
188269,1903.0,1882.0,175.0,4.9725076338111
56157,1891.0,1903.0,9.0,0.950502257679684
66609,1894.0,1883.0,12.0,0.383476288678127
236220,1878.0,1904.0,60.0,-0.137210047565388
327507,147.0,1895.0,101.0,1.79672288721919
334234,655.0,1914.0,102.0,3.18538196494053
192788,146.0,1901.0,176.0,1.46095642782621
198170,1888.0,1900.0,54.0,-2.90958794790075
202319,788.0,1902.0,54.0,8.57155059282827
214052,1878.0,147.0,55.0,-9.23501541891091
360007,27.0,1880.0,108.0,-0.0150039835115811
69974,544.0,1911.0,12.0,1.10857726737932
367509,1671.0,1914.0,180.0,-4.097129984452
9221,136.0,1904.0,2.0,-4.65758327153523
274406,1331.0,1224.0,179.0,2.90698659164811
397693,1348.0,1892.0,112.0,2.02201348297744
272677,1881.0,1889.0,179.0,-1.62338322721968
193072,136.0,748.0,176.0,2.98857910550771
427741,20.0,1890.0,115.0,-10.4364640781688
225620,120.0,1908.0,57.0,-2.25222846168562
49199,1880.0,1431.0,7.0,-0.961523250881342
191838,1877.0,85.0,175.0,1.17293498103567
246857,1904.0,1917.0,70.0,1.18400166991131
252870,1880.0,18.0,71.0,-1.41032014112996
217116,1905.0,1671.0,55.0,-8.2423667659843
322371,1891.0,1885.0,100.0,-5.93761007833573
257234,1894.0,677.0,72.0,0.585054256128785
232876,1876.0,120.0,58.0,-13.2328365725766
100020,1924.0,748.0,44.0,-3.38791803440481
167370,1899.0,17.0,51.0,-2.40643120270138
60319,150.0,17.0,10.0,-1.5719916319998
272239,1891.0,1908.0,179.0,-4.73831583880138
57187,20.0,72.0,9.0,-8.34519138322597
261641,13.0,11.0,73.0,-0.723980174760911
215358,1896.0,11.0,55.0,-7.49300440455664
253492,1893.0,1922.0,71.0,4.53390886544885
27076,1919.0,1881.0,4.0,-4.64606067545794
433540,1878.0,1893.0,116.0,-0.345745497885278
101465,1894.0,1921.0,173.0,9.87129585125668
423461,1671.0,1892.0,115.0,-0.971043597309831
232995,1924.0,1888.0,58.0,3.58443563855665
285861,1877.0,11.0,77.0,8.20440572706461
232947,3.0,1927.0,58.0,0.682401828814714
320932,1922.0,1923.0,100.0,-3.9552617907907
62011,1893.0,131.0,10.0,1.53914214391109
433957,1559.0,164.0,116.0,1.10285598183572
338527,1894.0,1916.0,103.0,0.318553003902236
398085,1886.0,1890.0,112.0,-0.259278677799088
216394,1332.0,1884.0,55.0,-12.6229279385839
343705,1911.0,18.0,104.0,0.77456777239201
269720,1332.0,146.0,74.0,0.629510007579643
223886,147.0,11.0,57.0,5.82542755141131
66298,1886.0,1224.0,12.0,-2.32486346906192
250248,160.0,147.0,70.0,2.70018149378042
110786,1880.0,1927.0,167.0,1.65013494048128
314150,655.0,1877.0,186.0,16.7188742145591
346004,1925.0,1671.0,104.0,-6.73783666554112
8939,1894.0,11.0,2.0,-4.84352802852596
322038,1899.0,120.0,100.0,2.69863218689695
196268,3.0,1224.0,176.0,7.56803107676083
436538,1926.0,1914.0,116.0,2.74828903359639
4546,85.0,5.0,1.0,-2.49534393079026
89520,160.0,1912.0,172.0,2.94556581643967
46662,1924.0,163.0,6.0,6.74028889587736
179394,1919.0,788.0,53.0,1.55489894098988
423689,101.0,1347.0,115.0,-1.97145719284478
338037,1880.0,1888.0,103.0,7.19867609871861
46622,1926.0,604.0,6.0,8.9144591151749
167772,1183.0,47.0,51.0,3.46663899837655
630178,1885.0,1902.0,7.0,5.849976832027149
33331,163.0,1917.0,166.0,6.27058013063592
45734,1879.0,195.0,6.0,-1.35617274580781
163142,1894.0,1912.0,168.0,1.21857746013853
237446,1926.0,1431.0,60.0,5.59567089970939
281015,1925.0,1224.0,75.0,-2.00174939800864
434259,1878.0,677.0,116.0,-8.86381825132605
328396,72.0,195.0,101.0,1.04492001987088
416505,1332.0,1889.0,114.0,-0.850959413578644
13393,1915.0,85.0,2.0,2.48083195422621
321459,13.0,1917.0,100.0,-2.34116136713544
104152,1876.0,1904.0,173.0,-1.02779186116053
233516,1913.0,47.0,58.0,-9.22334226506471
252637,1887.0,788.0,71.0,-2.90348719963864
208451,1881.0,1331.0,178.0,2.06337177223332
324049,83.0,11.0,100.0,1.64369342263495
103200,1883.0,17.0,173.0,1.72265581116933
3631,1908.0,1882.0,1.0,3.1102638224002
425771,1915.0,1894.0,115.0,1.25325634679804
343357,1893.0,1892.0,104.0,-0.152871406175013
376767,1332.0,1559.0,109.0,-3.49458740167996
280927,544.0,1348.0,75.0,-2.79698233052691
280517,544.0,150.0,75.0,21.691130655512
69573,604.0,147.0,12.0,7.25680847828317
343023,11.0,1921.0,104.0,-0.229107476293692
413265,748.0,1560.0,114.0,-1.19237413990699
6911,48.0,1914.0,1.0,-4.87563546472174
248055,1907.0,17.0,70.0,2.6202207739873
165923,229.0,1925.0,168.0,1.35856865970477
25764,1904.0,15.0,4.0,-2.19840843684372
105693,15.0,1901.0,45.0,-25.9076179745855
89003,229.0,655.0,172.0,-0.481075080108658
324455,3.0,1879.0,100.0,-9.30286685781938
113672,544.0,1887.0,167.0,2.0427472040306
322446,1348.0,11.0,100.0,0.597179970408143
164487,1876.0,1914.0,168.0,4.2146709321285
106093,1898.0,677.0,45.0,-6.36005200371588
320134,48.0,677.0,99.0,8.4047376355551
214328,948.0,47.0,55.0,-4.6167013939638
215185,72.0,1671.0,55.0,-4.98371289908243
340984,604.0,3.0,103.0,0.448589830459088
208009,15.0,677.0,178.0,-5.49354504937597
274190,1875.0,146.0,179.0,-0.623862475191616
425438,1920.0,1889.0,115.0,-1.50767467161736
257058,1671.0,1224.0,72.0,-1.19696780051705
337029,1430.0,1899.0,103.0,8.74568712626528
72505,1912.0,18.0,13.0,-3.18867761398498
195493,1915.0,1916.0,176.0,-2.33422854340987
233498,27.0,1908.0,58.0,-6.93960563954054
24436,948.0,82.0,4.0,1.75348396436744
413787,3.0,1560.0,114.0,3.53297534701624
358150,1909.0,1917.0,108.0,-4.70481351707255
25551,1891.0,1887.0,4.0,-0.818497027508784
644529,1671.0,1902.0,4.0,1.295923848379555
346351,1560.0,1902.0,104.0,1.32552354805915
372513,1903.0,1900.0,109.0,3.66747527879373
65475,1907.0,1916.0,12.0,0.821465341273037
16493,1342.0,85.0,3.0,-0.311234637622942
49974,1886.0,1560.0,7.0,-1.60580159744425
7671,655.0,1348.0,1.0,3.78469070569963
165059,1924.0,1348.0,168.0,-23.944174851794
324678,544.0,1917.0,100.0,-3.06050841580881
33093,1925.0,1915.0,166.0,-3.67307824421482
201812,163.0,1671.0,54.0,-9.18611967416283
71964,1878.0,1909.0,13.0,1.55977509204375
182669,948.0,160.0,174.0,-0.670088257476958
276552,604.0,14.0,179.0,1.26317279034893
56446,948.0,1917.0,9.0,-3.64021630763804
367300,748.0,5.0,180.0,0.781873367351599
26984,20.0,1883.0,4.0,8.51459520577136
267977,1909.0,1900.0,74.0,1.25342444300057
373727,948.0,1893.0,109.0,10.4052869485062
334563,1337.0,1884.0,102.0,-1.63660747095602
99472,1430.0,147.0,44.0,-6.86757958137382
189854,604.0,1894.0,175.0,4.04632629818431
262235,1893.0,15.0,73.0,-0.0036750834235267
74662,1915.0,20.0,13.0,-1.95473996426065
95506,1882.0,1923.0,44.0,-1.87783906244158
335389,48.0,83.0,102.0,-0.693989675007394
85656,1879.0,1923.0,172.0,-1.19765008417182
52314,14.0,1879.0,7.0,-2.59087081666336
281354,1337.0,1882.0,75.0,-12.8176837807675
161829,1896.0,1922.0,168.0,6.6869012542483
24439,748.0,1911.0,4.0,5.50156801503608
238258,1924.0,147.0,60.0,6.90170249364197
57312,544.0,18.0,9.0,1.47754775451512
45887,1347.0,677.0,6.0,-0.630993635909362
115019,48.0,1342.0,167.0,-1.94856478039238
67732,1882.0,677.0,12.0,0.581976505003119
107174,1879.0,1894.0,45.0,4.63768136990878
238032,1919.0,1895.0,60.0,0.688329230104375
277162,1909.0,1918.0,75.0,0.887775248916432
211823,82.0,13.0,178.0,-2.36511046369861
389225,1332.0,72.0,111.0,-6.23752329863606
326301,1878.0,1671.0,101.0,-0.515809977391431
170793,1926.0,1671.0,51.0,5.75375883623651
33587,27.0,1559.0,166.0,-2.5180721331235
85438,120.0,11.0,172.0,2.88315710683931
315698,948.0,1875.0,99.0,-0.473771948050098
167795,1886.0,13.0,51.0,-4.81332259087766
275911,1919.0,136.0,179.0,-5.24278563922073
343335,1886.0,677.0,104.0,1.34375416276496
645978,164.0,1902.0,13.0,11.904426540382053
436545,1342.0,1331.0,116.0,-11.5935316228388
202280,18.0,1902.0,54.0,-1.9574540702792
27256,544.0,1914.0,4.0,1.11080050164513
215579,229.0,47.0,55.0,3.41440770809299
50676,1560.0,15.0,7.0,-0.52180520743867
263105,17.0,1921.0,73.0,13.5418244936036
59178,1924.0,1337.0,9.0,3.81043965580385
249576,655.0,5.0,70.0,4.19959026259459
256434,1431.0,1907.0,72.0,-6.44223076154478
318349,20.0,164.0,99.0,-1.72167671343239
266496,1886.0,5.0,74.0,-2.03025949344708
368143,1883.0,15.0,180.0,2.15517838246103
324613,1924.0,1889.0,100.0,1.13689875424871
272959,544.0,788.0,179.0,3.05888722229143
285555,1915.0,131.0,77.0,-2.11742503151938
271713,948.0,1899.0,179.0,2.24314446082298
194878,1924.0,1922.0,176.0,4.16299040140624
320547,1892.0,677.0,100.0,0.131714880566446
327874,1894.0,1908.0,101.0,-4.44969580655858
327665,1875.0,1903.0,101.0,-2.35902666569022
325735,101.0,85.0,101.0,0.866866162353649
247735,1894.0,1921.0,70.0,6.1654216515255
216685,163.0,1915.0,55.0,2.50070091474013
337210,101.0,147.0,103.0,7.53366194891396
433918,1902.0,1882.0,116.0,11.4874619740163
214939,11.0,18.0,55.0,3.73041910992999
326793,1880.0,1910.0,101.0,2.20919794986687
164834,83.0,1348.0,168.0,-23.9205212993181
322747,85.0,677.0,100.0,-1.47767574384789
13264,655.0,1671.0,2.0,2.34262531935654
220811,1925.0,160.0,56.0,6.33134052300729
368536,1560.0,1908.0,180.0,-3.03252509371388
14024,1348.0,1331.0,3.0,6.8776920225722
266190,1907.0,1902.0,73.0,-2.53349186568809
183646,120.0,1887.0,174.0,-2.64717165298368
300759,1891.0,788.0,98.0,-4.62797386873
176752,748.0,1904.0,53.0,-4.16825262911236
434311,101.0,1879.0,116.0,-0.0796663825119707
47888,160.0,1878.0,6.0,5.4616369093989
56617,101.0,1884.0,9.0,-6.4584058194973
260901,27.0,1902.0,72.0,0.841549182069808
210594,160.0,195.0,178.0,-1.31337535625773
242658,1875.0,195.0,69.0,-1.25349519169516
327110,1878.0,1883.0,101.0,-1.79628459037276
71258,1888.0,1904.0,13.0,5.01514988650987
175657,1913.0,120.0,52.0,-2.98593273493499
357700,47.0,1904.0,108.0,5.85309608326507
168196,1886.0,1892.0,51.0,2.14617417628443
436167,1920.0,1923.0,116.0,0.746136725386077
372090,1917.0,1902.0,180.0,-2.03111491321417
163759,83.0,1919.0,168.0,8.80017312967981
181965,1889.0,1560.0,174.0,-2.25527603239604
274437,163.0,1906.0,179.0,2.54386771004691
109756,14.0,120.0,45.0,5.46613653245147
194816,604.0,160.0,176.0,0.520071079590324
98691,229.0,1916.0,44.0,7.67231761068665
275168,3.0,163.0,179.0,2.24291015298594
281573,82.0,1908.0,75.0,-0.326195528880015
167614,1897.0,83.0,51.0,1.12851791914015
423326,1332.0,1889.0,115.0,0.494958314636808
174314,3.0,1883.0,52.0,-1.19398368131958
217844,27.0,1902.0,55.0,-3.18316773092828
5705,1902.0,1914.0,1.0,0.732642335243652
178792,150.0,1896.0,53.0,-1.86952452431504
114191,82.0,11.0,167.0,6.6883650154896
190830,544.0,1904.0,175.0,-0.265168660600559
218502,146.0,5.0,56.0,-13.7844654387039
281565,14.0,85.0,75.0,-0.807451278219672
413519,1347.0,1911.0,114.0,-4.55057061766594
68692,1876.0,1892.0,12.0,-2.69147190640652
301072,85.0,18.0,98.0,-1.65620301407413
368174,948.0,136.0,180.0,-1.51994404924478
389697,1924.0,146.0,111.0,0.555067386105825
66761,1559.0,1183.0,12.0,1.16386255003195
413702,147.0,5.0,114.0,1.02130416603627
342585,1900.0,1882.0,104.0,-3.5384368259104
5500,1885.0,1903.0,1.0,-1.3650851073525
331260,1904.0,1900.0,102.0,1.52787916611638
254708,544.0,20.0,71.0,1.10944235365789
17333,83.0,101.0,3.0,3.5401204343126
425589,1897.0,15.0,115.0,-0.428882290934706
270700,1919.0,1224.0,74.0,1.86084432590847
358536,47.0,18.0,108.0,-15.2235824774539
88857,82.0,1916.0,172.0,1.99613271355767
276442,20.0,1900.0,179.0,-5.30786642275863
300656,1671.0,1910.0,98.0,1.64521805291288
62352,1888.0,1921.0,10.0,-3.63440440053212
259778,1915.0,18.0,72.0,0.121865963385088
234452,1912.0,1348.0,60.0,-0.212550604327923
180726,1877.0,1348.0,53.0,-0.364178530402737
56874,748.0,1892.0,9.0,0.461265009801404
197757,948.0,1892.0,54.0,-5.00801053622557
269063,1878.0,1909.0,74.0,1.14143949625325
186979,1904.0,1892.0,175.0,-0.407994490477454
274535,163.0,47.0,179.0,1.06038882560746
400458,604.0,17.0,112.0,-0.882785724038856
226854,1876.0,101.0,57.0,2.86751547966275
271685,1893.0,120.0,179.0,4.83589749229746
250235,1919.0,1430.0,70.0,0.655233030479092
320486,1879.0,1348.0,100.0,-3.59753401276249
258956,1905.0,164.0,72.0,0.889659565809581
100465,948.0,1928.0,44.0,4.89396773887912
114857,544.0,1927.0,167.0,0.711069005262796
200410,82.0,146.0,54.0,5.85667977387683
346191,1876.0,1890.0,104.0,-2.17561004191331
359374,27.0,47.0,108.0,-14.3882222765253
322127,1910.0,1890.0,100.0,-6.64539656088914
204233,1560.0,1901.0,177.0,6.0259284463643
61599,1884.0,1918.0,10.0,1.035817724922
361494,14.0,1908.0,108.0,-8.77373151158557
113385,1919.0,1923.0,167.0,-0.894957655333019
250156,1915.0,136.0,70.0,-1.98566289457435
195292,3.0,1880.0,176.0,-4.75293697544939
435479,1559.0,1671.0,116.0,-3.99265951955853
64033,163.0,1224.0,10.0,4.24264261210327
238525,1877.0,27.0,60.0,-7.17617970268993
74032,1430.0,1885.0,13.0,-1.3809444338834
237590,544.0,655.0,60.0,4.34543299501875
326397,1881.0,1918.0,101.0,-5.00846176864424
223330,1899.0,1904.0,57.0,14.96906944606
199532,47.0,1914.0,54.0,0.386375848482714
244995,1925.0,120.0,69.0,-1.87236228160816
13866,72.0,1908.0,3.0,0.641199669723475
197138,1923.0,1928.0,176.0,9.86979488069777
6113,1183.0,1904.0,1.0,-0.540478546233234
357482,13.0,1224.0,108.0,0.74365519033563
246446,1878.0,1671.0,70.0,-4.24558199362129
240687,1885.0,1671.0,69.0,0.888470799855392
330749,1919.0,1928.0,101.0,4.2016726578121
332188,1884.0,1916.0,102.0,1.96211172317136
69238,1913.0,5.0,12.0,2.73800889352191
67087,1879.0,1331.0,12.0,-1.76953677028078
226925,1876.0,1884.0,57.0,-0.946046514913777
226070,1926.0,1922.0,57.0,12.311197178916
435441,146.0,1431.0,116.0,-3.79057728230487
57621,1906.0,1904.0,9.0,1.77093167614584
44099,13.0,1917.0,6.0,4.21392806466508
211174,1915.0,101.0,178.0,3.21159288499148
331631,1904.0,1331.0,102.0,3.96574464819679
252403,1902.0,1430.0,71.0,4.14401920099862
228225,83.0,1890.0,57.0,-0.790451988897149
260920,1917.0,1902.0,72.0,13.3909071063808
180645,1915.0,1895.0,53.0,-1.162255453624
200744,1906.0,1914.0,54.0,-4.6839846111977
427384,1332.0,748.0,115.0,-5.95257196764739
26503,1887.0,1560.0,4.0,-1.32641312854087
304672,544.0,1906.0,98.0,-3.57945416861052
284376,1887.0,748.0,77.0,-2.90008168388099
210803,1915.0,1331.0,178.0,-16.1170642370371
198310,1900.0,1907.0,54.0,1.38887972808455
62943,1430.0,1907.0,10.0,-3.20669268285421
173934,1896.0,1331.0,52.0,-3.87885166669549
169898,82.0,1884.0,51.0,0.0905293693254837
312051,1897.0,677.0,186.0,3.09311761514931
317068,1885.0,1887.0,99.0,0.894566366743841
69602,604.0,1927.0,12.0,6.06815587678299
370641,1913.0,17.0,180.0,0.88564519850933
375364,1915.0,1901.0,109.0,-3.23574749883201
182860,1878.0,1918.0,174.0,-2.37621696668615
62744,27.0,1894.0,10.0,-9.92551737894419
375945,655.0,5.0,109.0,3.65384778661642
256194,1898.0,1912.0,72.0,-0.858564134799549
209460,47.0,1900.0,178.0,-2.37796087911302
68187,1919.0,1183.0,12.0,-2.13035201977753
329957,1906.0,1224.0,101.0,-3.097679841614
313165,655.0,1919.0,186.0,-0.360526221889097
320156,229.0,14.0,99.0,-2.19901538050986
114365,1905.0,1889.0,167.0,5.07261904437657
320290,1560.0,1902.0,99.0,4.39572329769636
10253,1884.0,1901.0,2.0,-1.95042118370002
180156,229.0,1347.0,53.0,-0.777974521333839
47077,604.0,1918.0,6.0,4.99428485922381
424508,1331.0,1901.0,115.0,-3.03644403207173
359505,1915.0,1894.0,108.0,-12.8775112717389
67474,150.0,1898.0,12.0,-0.94191808901569
317224,1909.0,18.0,99.0,0.685210502250435
164849,1877.0,1895.0,168.0,-1.0198896522213
345759,1919.0,1559.0,104.0,8.47852825144713
265894,3.0,677.0,73.0,-1.97679199760027
161847,1909.0,131.0,168.0,-7.79037400589133
229245,1560.0,1917.0,58.0,0.390619745918407
165139,1924.0,544.0,168.0,6.48888729691152
254593,3.0,11.0,71.0,-2.50556649283931
169953,160.0,150.0,51.0,2.05022428379943
101827,15.0,1921.0,173.0,-0.709884468869005
49267,1224.0,1922.0,7.0,-1.38429427728503
25700,1891.0,1893.0,4.0,6.38463852109585
67717,948.0,163.0,12.0,2.94478610781968
113286,1926.0,85.0,167.0,-6.11127012952563
48223,47.0,1928.0,6.0,7.31778878216149
274359,164.0,1348.0,179.0,-7.19316860113955
645986,1899.0,1902.0,13.0,0.9463807441057416
224298,1886.0,1907.0,57.0,0.0787577163885619
263508,677.0,1921.0,73.0,4.54180287313348
30937,1909.0,1917.0,166.0,-4.04850579003024
223897,1878.0,131.0,57.0,-5.06410360533935
26529,1889.0,1560.0,4.0,0.453741058790784
60089,11.0,1892.0,10.0,-6.35330250123761
72782,1878.0,195.0,13.0,5.18073125628645
220492,1902.0,15.0,56.0,7.41266934867083
318244,3.0,195.0,99.0,-4.2306010608563
231701,48.0,229.0,58.0,-3.35532352455127
69113,3.0,20.0,12.0,1.60065110782601
425761,1925.0,47.0,115.0,9.12562551984889
10524,1878.0,1922.0,2.0,-4.32602183107939
415092,1888.0,1904.0,114.0,-0.27569485040488
258545,748.0,1904.0,72.0,-4.61086529955685
341331,136.0,1882.0,104.0,-5.97923730916773
329055,1913.0,131.0,101.0,0.529430470874237
334308,82.0,17.0,102.0,5.11696536346527
52871,3.0,1888.0,7.0,5.62823573010449
322653,15.0,17.0,100.0,2.93986555918355
55263,1894.0,1904.0,9.0,-1.12568056007656
69305,27.0,5.0,12.0,-0.768581712053725
186153,1926.0,83.0,174.0,2.5810487869497
265659,1337.0,1878.0,73.0,9.55093993224201
437703,1906.0,748.0,116.0,-3.2141176461855
220727,1559.0,1904.0,56.0,10.3116615737401
357050,1559.0,147.0,108.0,4.58532485790706
312112,5.0,11.0,186.0,4.24188685267702
18704,1337.0,1921.0,3.0,-17.8809731418791
58265,3.0,1877.0,9.0,-4.64733382639828
436827,1332.0,1891.0,116.0,-2.44651678452067
269148,655.0,160.0,74.0,-4.17693298706646
280252,1919.0,131.0,75.0,-0.48411776883405
318043,1920.0,1922.0,99.0,2.33017888707552
414253,1888.0,1331.0,114.0,2.05845595692295
417344,1877.0,1921.0,114.0,-3.69941907690073
241953,101.0,1898.0,69.0,4.37382500499232
300457,1331.0,1918.0,98.0,1.40122842871605
106007,1880.0,5.0,45.0,-5.67540743152363
31721,47.0,1912.0,166.0,-0.211073556927889
434888,1879.0,1895.0,116.0,-0.780933957770321
192506,1897.0,1898.0,176.0,1.83027144670125
323433,544.0,1907.0,100.0,-3.74432312401302
249066,655.0,72.0,70.0,-1.37888959510874
57742,1905.0,1892.0,9.0,-2.99137537672448
260726,1337.0,1560.0,72.0,-6.89886530929365
426717,1332.0,1896.0,115.0,-2.64742518744484
630110,1671.0,1902.0,71.0,-0.7850105001083956
329501,604.0,1895.0,101.0,5.80936956819495
422962,195.0,1908.0,115.0,0.54093813581828
97531,147.0,1896.0,44.0,-0.57102897785337
416117,229.0,146.0,114.0,-12.0332923886544
302723,1913.0,1183.0,98.0,-2.26564500543995
208686,3.0,150.0,178.0,4.27454505570338
221025,1913.0,1183.0,56.0,-4.68401676220544
412868,147.0,15.0,114.0,2.23259932509092
58823,604.0,1876.0,9.0,3.75553896559456
423438,147.0,1910.0,115.0,3.06735168480973
6336,229.0,160.0,1.0,4.6845424440106
390974,48.0,1882.0,111.0,-8.12990023275974
262533,1907.0,1927.0,73.0,2.48534809390558
262172,120.0,17.0,73.0,0.721400345747556
110729,131.0,18.0,167.0,-45.5353681176947
375538,83.0,146.0,109.0,-1.44777772523383
181342,1342.0,1882.0,53.0,-10.1406851320669
262101,1183.0,72.0,73.0,1.4236947378592
218420,101.0,1892.0,56.0,-0.0046787442500338
236529,1903.0,1560.0,60.0,1.55798197613192
13322,1905.0,1903.0,2.0,6.22545791704325
423027,11.0,1892.0,115.0,-12.6600389901453
49817,136.0,1922.0,7.0,-2.04558118553898
317203,1894.0,1917.0,99.0,-0.945114289907061
72879,1913.0,1899.0,13.0,-4.61600888905911
183758,27.0,1332.0,174.0,-4.4298476188322
208557,11.0,17.0,178.0,-7.74905875842361
98084,1897.0,120.0,44.0,10.1075377831912
388005,748.0,18.0,111.0,19.8919965818914
256772,1899.0,1912.0,72.0,8.11274896784465
264279,163.0,72.0,73.0,8.76129796627067
216196,1913.0,1909.0,55.0,-6.43853973749731
88427,544.0,18.0,172.0,-2.77042163548408
228124,3.0,1903.0,57.0,5.9286721517683
360062,1905.0,1909.0,108.0,-7.71624383688276
172422,150.0,1903.0,52.0,1.20561669208078
259264,82.0,1885.0,72.0,7.09840178059424
214455,146.0,17.0,55.0,2.72149399020403
373518,1183.0,677.0,109.0,-8.1325969105125
7127,27.0,1914.0,1.0,5.30619775636601
230863,1897.0,1908.0,58.0,-8.02410282656592
235998,146.0,131.0,60.0,-0.183683199915654
373921,1879.0,11.0,109.0,0.486975229335088
435976,48.0,85.0,116.0,3.64552799323925
52552,1342.0,1430.0,7.0,14.9307357626235
317100,1894.0,47.0,99.0,-2.05497812093503
642296,1875.0,1902.0,2.0,0.3838798919537751
30891,1910.0,1890.0,166.0,2.11312948700991
51761,655.0,1885.0,7.0,8.59084823829497
269772,163.0,5.0,74.0,-1.18545807159033
164917,3.0,1879.0,168.0,-4.79773023369019
175900,27.0,748.0,52.0,-7.78998095598518
190700,1925.0,1895.0,175.0,-3.23008761909388
191773,1924.0,15.0,175.0,-15.1246135803149
300597,1888.0,18.0,98.0,-0.861418832605881
301149,72.0,195.0,98.0,-3.89317157335033
200942,655.0,1891.0,54.0,9.45113927837481
16898,1926.0,72.0,3.0,-4.97039508362165
103883,1430.0,1909.0,173.0,-1.38641592787716
205857,1925.0,1431.0,177.0,7.02411764331686
71662,1900.0,1917.0,13.0,-3.02211392953924
276868,1183.0,1560.0,75.0,-5.33632670152626
112290,120.0,195.0,167.0,4.80392333994187
315594,136.0,1671.0,99.0,0.241338021091344
231193,13.0,1882.0,58.0,1.38966728890026
263149,948.0,72.0,73.0,-0.661948851156977
232907,83.0,1912.0,58.0,-4.77324489970701
170161,48.0,1877.0,51.0,1.085473156797
304287,1905.0,748.0,98.0,1.27383625649729
436988,27.0,1893.0,116.0,4.12964189837777
171235,14.0,1928.0,51.0,2.33442917177626
341669,164.0,1560.0,104.0,0.49756305691375
95701,1910.0,1918.0,44.0,-2.58329918501289
253195,1875.0,85.0,71.0,3.74093078558892
300000,1908.0,1917.0,98.0,-0.548763088162004
209873,1899.0,1560.0,178.0,4.92217703229956
12158,544.0,1913.0,2.0,0.979856602610442
317232,1897.0,15.0,99.0,-1.41322082989598
267397,1903.0,18.0,74.0,4.04302566880033
105882,1904.0,1910.0,45.0,-7.12907987646081
268883,146.0,1882.0,74.0,-0.578944629388117
190904,1920.0,1430.0,175.0,-0.174663445794255
345061,48.0,11.0,104.0,-3.41640587371726
213351,1891.0,1917.0,55.0,0.574265165707067
208630,1919.0,1911.0,178.0,-4.34671139912254
255235,3.0,1920.0,71.0,-3.8058281146417
100516,1926.0,1902.0,44.0,-12.3602163530013
372417,1885.0,85.0,109.0,-0.0437987958590288
360670,1906.0,5.0,108.0,1.56637726821593
53158,1905.0,1337.0,7.0,7.2579106617388
85401,748.0,1897.0,172.0,5.86159973110456
257459,1895.0,1914.0,72.0,1.62759978929608
99835,655.0,136.0,44.0,-12.4886334462508
253296,1877.0,1347.0,71.0,-2.13178601125148
74488,1924.0,1905.0,13.0,5.71399513188573
223211,1347.0,1928.0,56.0,-19.6490119429462
161276,1919.0,1911.0,168.0,0.169954484551661
44470,195.0,1911.0,6.0,-3.9780894020938
268493,147.0,72.0,74.0,3.14103469611207
388501,1913.0,1910.0,111.0,-2.15426575410329
70678,163.0,150.0,13.0,-0.628560584825414
359630,655.0,1923.0,108.0,22.9774642200807
223842,101.0,1348.0,57.0,-1.15996327865009
218672,948.0,1896.0,56.0,-2.65780077685192
110461,1896.0,1928.0,45.0,0.166407652564011
397861,47.0,72.0,112.0,0.0414637425007275
44169,1224.0,17.0,6.0,-3.39181192157916
197189,1919.0,1902.0,176.0,8.60993250449829
221459,1913.0,1879.0,56.0,-1.48865585666713
226727,160.0,604.0,57.0,10.626805508003
97126,748.0,1896.0,44.0,0.626722794380697
166735,1891.0,1917.0,51.0,1.84833359372677
222745,1877.0,1876.0,56.0,5.36435402452893
335648,1924.0,1878.0,102.0,-1.28928481692037
89796,1342.0,120.0,172.0,1.76033066659174
15366,1900.0,1886.0,3.0,-6.41849988253521
314015,1337.0,18.0,186.0,-1.5462144651502
311326,1888.0,1896.0,186.0,-4.59703932921301
271466,164.0,1928.0,74.0,2.42624012764323
264914,1926.0,1884.0,73.0,1.6845848212816
236624,85.0,1881.0,60.0,-0.0428973045230035
164017,1332.0,164.0,168.0,2.43901163269632
414893,1903.0,1671.0,114.0,1.44335450263544
331437,1895.0,1896.0,102.0,-4.08258461644647
48598,72.0,1896.0,7.0,2.77346513394338
167091,147.0,5.0,51.0,-1.40001179238348
188892,15.0,17.0,175.0,3.414125913879
114514,1342.0,1875.0,167.0,-15.3041351851915
164847,3.0,1918.0,168.0,-0.860341188447415
199409,1912.0,1908.0,54.0,-20.291139809638
330871,85.0,13.0,102.0,1.84022859583671
61980,14.0,1899.0,10.0,8.23301206440732
100150,1876.0,85.0,44.0,8.39472946096798
223028,544.0,1337.0,56.0,-1.99714613002088
88989,1430.0,677.0,172.0,0.345651904055593
265725,163.0,1900.0,73.0,-2.71783679938098
423477,1347.0,1875.0,115.0,-5.69448578899673
424497,101.0,18.0,115.0,-1.3183517886985
376908,82.0,1906.0,109.0,0.926306043767026
115397,1926.0,677.0,167.0,0.716669235297687
434236,1560.0,18.0,116.0,-0.719731652900336
220957,1342.0,1883.0,56.0,-4.47732178110939
194376,1183.0,131.0,176.0,1.74905730783925
64305,1925.0,136.0,10.0,3.0646336952472
206875,3.0,1342.0,177.0,-0.0007877809513726
372105,1929.0,1902.0,180.0,-1.30320827103608
258201,1347.0,1907.0,72.0,-7.11905465323671
63782,1919.0,1889.0,10.0,-10.6497780596733
192557,1899.0,150.0,176.0,2.3272418856743
51737,544.0,1881.0,7.0,13.4508739923854
214912,13.0,1882.0,55.0,1.8880538467833
103906,14.0,131.0,173.0,15.338743003002
30659,1879.0,131.0,166.0,4.82448360914644
284699,1878.0,1892.0,77.0,-6.39579344046155
372430,1909.0,1331.0,109.0,19.0278551840781
196635,82.0,83.0,176.0,7.57221043473692
101550,1885.0,1893.0,173.0,21.1392740154749
215425,1920.0,1887.0,55.0,3.97330552152645
162816,146.0,1908.0,168.0,-1.29777276260466
300634,1893.0,788.0,98.0,5.67612528798271
241128,1888.0,1923.0,69.0,-2.69388384589582
185578,1913.0,18.0,174.0,0.817926218875124
434508,1902.0,1890.0,116.0,-0.693646279506771
334482,48.0,131.0,102.0,-2.48527829796252
252732,1886.0,1348.0,71.0,2.90682969715748
45707,1891.0,1671.0,6.0,-0.446631684797647
43875,748.0,1914.0,6.0,-1.05181974273862
34163,82.0,1902.0,166.0,-1.43764877355958
341576,748.0,1912.0,104.0,1.6992609319821
267591,147.0,788.0,74.0,-6.41702596236541
388887,1903.0,195.0,111.0,-7.1248751200146
7734,1906.0,1918.0,1.0,0.415881353388717
43573,1880.0,1907.0,6.0,-0.994995313828348
176640,1671.0,131.0,53.0,-5.53293844281092
69807,655.0,1332.0,12.0,7.07530653757955
376636,14.0,1886.0,109.0,0.351061378875918
427505,82.0,1906.0,115.0,10.2471928181372
425953,1924.0,788.0,115.0,-1.56636247142944
433490,1347.0,1880.0,116.0,2.82985879192422
25637,136.0,748.0,4.0,0.366776780412363
325148,160.0,748.0,100.0,-1.09376154686918
197390,1903.0,1560.0,54.0,7.30193814493962
63132,14.0,195.0,10.0,-8.02274543627216
299950,748.0,11.0,98.0,0.781270516090223
334007,48.0,229.0,102.0,-0.946841228707414
234311,1891.0,15.0,60.0,-1.63270685042652
341921,1895.0,1922.0,104.0,0.223227153681636
274671,160.0,195.0,179.0,-11.4419257380594
190568,1925.0,1893.0,175.0,3.57237798344704
108742,1905.0,195.0,45.0,-1.43845479075646
32116,1920.0,1919.0,166.0,-1.7029046258311
271539,1925.0,1902.0,74.0,4.59998614125834
647735,101.0,1902.0,166.0,8.439053503729664
424352,1183.0,195.0,115.0,-0.607574766452914
271166,83.0,1337.0,74.0,-9.76083391622342
282929,1918.0,1927.0,77.0,-1.69878420393898
68242,1926.0,1923.0,12.0,-0.830614661311369
338291,1912.0,1916.0,103.0,2.27925846294445
198568,1897.0,83.0,54.0,0.964336767415417
277159,1893.0,147.0,75.0,0.129406150589016
427187,544.0,147.0,115.0,6.79987206914141
172030,136.0,1331.0,52.0,-0.40034217572097
232513,1920.0,1918.0,58.0,3.30167497345128
6149,1331.0,1910.0,1.0,-7.96696062236361
318459,1906.0,1331.0,99.0,-10.8544025344197
315208,11.0,1902.0,186.0,6.33962684578253
165018,1332.0,1895.0,168.0,-5.28594486483467
9264,1884.0,131.0,2.0,8.45961886599246
334245,604.0,1913.0,102.0,-1.19443861049225
69591,1430.0,20.0,12.0,2.8879401454154
257825,1896.0,131.0,72.0,-3.06839978915587
424907,1884.0,1918.0,115.0,-1.24845244810414
243506,20.0,1875.0,69.0,-1.68844554957751
216861,1877.0,1224.0,55.0,-1.11327108683364
278508,1909.0,1900.0,75.0,12.0217236832017
13010,48.0,1920.0,2.0,-9.92638949741818
182949,13.0,1910.0,174.0,-0.119143760262609
261608,1882.0,1914.0,73.0,-3.36837127530191
72208,147.0,1894.0,13.0,2.39408182636095
99146,1924.0,11.0,44.0,-3.91308967039411
335876,655.0,1925.0,102.0,1.57564150924152
280345,1920.0,1431.0,75.0,4.93810156433524
276561,1876.0,1908.0,179.0,7.59127715747862
65826,1884.0,1908.0,12.0,-1.84072236529582
224018,1348.0,1892.0,57.0,-4.32258497481837
303498,160.0,17.0,98.0,10.7131258891137
212713,136.0,1885.0,55.0,-2.36140207796447
216184,160.0,163.0,55.0,5.03495431954861
46605,1919.0,1885.0,6.0,-0.827760870286898
28426,1924.0,83.0,4.0,-0.0528941936006311
417684,195.0,1928.0,114.0,2.94173903870594
220077,1895.0,1917.0,56.0,-4.1446928766856
71077,1907.0,1224.0,13.0,-0.294460473646777
75127,1925.0,1342.0,13.0,1.29723363519146
195939,83.0,677.0,176.0,2.61695083706645
95617,1917.0,1892.0,44.0,-18.4434235075912
390280,1905.0,147.0,111.0,-18.4837734155037
12725,27.0,147.0,2.0,3.65521475204523
228246,1877.0,14.0,57.0,-7.78900730253726
12607,1926.0,1879.0,2.0,4.46464449823613
438062,20.0,1890.0,116.0,-7.29443579966742
434380,164.0,1224.0,116.0,1.36783775565011
369543,5.0,17.0,180.0,2.30898436659404
194103,1912.0,1896.0,176.0,-0.322832392696409
180252,1876.0,1904.0,53.0,-3.26074136191839
251229,1899.0,18.0,71.0,-2.40602955884937
164125,3.0,164.0,168.0,1.53566111621369
60783,1902.0,1347.0,10.0,1.01161390516955
424018,1878.0,1889.0,115.0,-0.423001654650694
267200,1671.0,15.0,74.0,1.57855427869017
323446,1877.0,82.0,100.0,-0.31145916034737
264698,160.0,131.0,73.0,5.38140962673479
397817,1880.0,1881.0,112.0,-0.428682770961201
424978,147.0,164.0,115.0,-0.412180606051894
10526,1898.0,788.0,2.0,2.65017119315135
57653,1919.0,1885.0,9.0,1.61520023336453
180190,82.0,101.0,53.0,-3.98301128051491
276880,748.0,677.0,75.0,9.41385951955417
99654,1877.0,147.0,44.0,-7.35000180272193
52878,544.0,1920.0,7.0,6.45108881029018
376823,20.0,1882.0,109.0,-2.47128694783265
199673,164.0,1331.0,54.0,-9.30103753338911
390612,604.0,120.0,111.0,7.94124596006117
221785,544.0,1891.0,56.0,-1.73767618188048
267516,136.0,1883.0,74.0,2.98292238510125
279414,5.0,1921.0,75.0,1.15300629061015
221347,229.0,1885.0,56.0,7.04877472563339
397001,1904.0,11.0,112.0,-7.43259278800098
389965,1925.0,11.0,111.0,-5.84082474693772
175741,48.0,1927.0,52.0,-16.2398199416389
340447,1906.0,1886.0,103.0,0.34020188766837
247732,85.0,1914.0,70.0,-1.2857539729268
229677,1893.0,1918.0,58.0,-0.454281170128232
31540,27.0,1332.0,166.0,-4.42938233058015
161554,1885.0,1884.0,168.0,-1.50077913567157
45701,1877.0,1332.0,6.0,3.92542574557958
170053,3.0,1918.0,51.0,-0.797196731604439
104952,1905.0,1927.0,173.0,-52.6462855498324
219302,1899.0,1888.0,56.0,-1.89097974114478
15047,1883.0,1900.0,3.0,-3.55007673832012
101608,164.0,15.0,173.0,-1.00327743207183
341004,655.0,14.0,103.0,3.51822669909084
214859,1559.0,1888.0,55.0,-3.70700833643522
317828,1909.0,788.0,99.0,-2.70722460312193
284314,147.0,1887.0,77.0,-0.440784423767762
235394,1911.0,1918.0,60.0,-1.77694647927075
175229,655.0,20.0,52.0,2.94691811470083
310765,1224.0,1916.0,186.0,5.78895147693708
87163,120.0,1887.0,172.0,-0.231915915397495
95482,1887.0,18.0,44.0,-3.31128724043388
168162,1911.0,1918.0,51.0,0.436039320335972
10164,1893.0,1917.0,2.0,-1.63950757494424
280867,14.0,5.0,75.0,2.21163882207943
161233,1898.0,1901.0,168.0,1.59166312204613
369659,72.0,1897.0,180.0,-0.151678531964766
215381,1431.0,1892.0,55.0,-4.20958015913596
401556,229.0,1906.0,112.0,1.52441023199966
33819,544.0,1921.0,166.0,1.29866879939609
333055,1900.0,1917.0,102.0,1.66189692701345
187140,101.0,1878.0,175.0,-2.03218102485223
174267,1430.0,1894.0,52.0,-6.6187267087043
101945,1875.0,1896.0,173.0,-1.22711571886899
182399,1922.0,1923.0,174.0,-4.83604705054573
276066,1926.0,1888.0,179.0,-2.58689158614253
340120,1342.0,1875.0,103.0,-5.27152974371096
226693,82.0,17.0,57.0,0.383744832529807
203421,1886.0,1908.0,177.0,-3.04603660532716
63236,1877.0,1914.0,10.0,-0.98009595960688
173047,47.0,1927.0,52.0,-1.96557239807419
252976,948.0,1919.0,71.0,-2.87990053696236
61352,1875.0,195.0,10.0,2.06493849265449
60666,1894.0,677.0,10.0,-2.66167244983313
65689,1899.0,1881.0,12.0,-2.5913958933612
435330,1885.0,1907.0,116.0,1.0266360197358
253038,1904.0,1923.0,71.0,1.03721834057468
50401,1896.0,1908.0,7.0,1.1837468112481
176428,1900.0,1928.0,52.0,-3.87012930943091
44239,1894.0,131.0,6.0,0.974825651108878
369840,1342.0,1922.0,180.0,-0.0852594209482526
201479,1913.0,136.0,54.0,-1.66627210733199
162664,1895.0,1882.0,168.0,0.776982092503017
285416,1905.0,146.0,77.0,2.90369485685514
317583,1898.0,1890.0,99.0,0.771478489552358
206724,1877.0,136.0,177.0,-2.31109105460361
66947,1909.0,11.0,12.0,3.52575281014167
375083,1925.0,1908.0,109.0,4.1953588898644
8417,1925.0,1903.0,1.0,-1.60167575611997
423159,195.0,11.0,115.0,3.24914689061395
367401,1899.0,1890.0,180.0,1.64815713588794
424754,1897.0,1348.0,115.0,-0.0036363399973463
330876,1559.0,1916.0,102.0,-1.76047534707148
427212,655.0,1430.0,115.0,-0.791428957984017
272666,164.0,17.0,179.0,0.458932268799006
236822,1919.0,1923.0,60.0,1.54712975696167
339055,1332.0,72.0,103.0,1.98871726539644
331301,1888.0,1916.0,102.0,-1.86875552336904
180767,1925.0,1224.0,53.0,-4.61710090174088
29766,1347.0,1894.0,166.0,4.37528601644199
56683,1331.0,131.0,9.0,-1.42006461184007
276239,83.0,1882.0,179.0,4.54749370436127
65918,948.0,1899.0,12.0,10.1610674116944
112621,1893.0,120.0,167.0,-24.0590304797723
170825,82.0,1878.0,51.0,4.18539662403231
165082,1925.0,1889.0,168.0,-0.0964503688234651
201751,1342.0,1560.0,54.0,-5.20727498796198
224672,85.0,1918.0,57.0,1.91700534642029
48713,1900.0,677.0,7.0,5.15360064939812
176492,1925.0,1902.0,52.0,3.77829297010069
66540,1878.0,1901.0,12.0,-6.02017307431675
230502,195.0,1927.0,58.0,2.52820100749646
54574,1891.0,1331.0,9.0,-3.97416835012281
188346,20.0,1347.0,175.0,-1.86738734915313
416783,20.0,1918.0,114.0,-3.6511534072804
189832,1924.0,1919.0,175.0,14.2979517724257
391135,1905.0,47.0,111.0,-1.97434966987653
271424,1898.0,1928.0,74.0,-17.5681903060504
332113,1885.0,1331.0,102.0,5.83313442170345
197077,164.0,1928.0,176.0,18.4510970077941
318523,544.0,1881.0,99.0,1.55221989285035
328895,655.0,1880.0,101.0,-7.63083999197849
32822,1332.0,1884.0,166.0,-4.87879738178524
281201,48.0,1920.0,75.0,10.9360307239146
336454,1916.0,131.0,103.0,8.16369383025869
217596,1876.0,1890.0,55.0,-3.85367779190623
162511,1880.0,1921.0,168.0,1.16377255812745
31343,1894.0,1916.0,166.0,2.0328480521965
101292,1893.0,1890.0,173.0,2.86306661223862
87911,1900.0,131.0,172.0,5.03031004728507
30355,1888.0,1897.0,166.0,4.0068920722388
236961,544.0,1923.0,60.0,4.86924294423094
313196,82.0,72.0,186.0,-0.559591406553904
240579,1897.0,1896.0,69.0,1.66351183981245
57289,27.0,164.0,9.0,6.85926319806218
360344,1877.0,20.0,108.0,-0.668269056941499
231959,163.0,5.0,58.0,-1.35903272093744
179243,1879.0,1923.0,53.0,0.371414649454433
315851,1901.0,18.0,99.0,5.59371020355417
167628,136.0,150.0,51.0,0.0302314712694131
274821,1430.0,1901.0,179.0,4.32818644986052
183507,1888.0,1901.0,174.0,-4.09999472907324
200034,1913.0,1923.0,54.0,-0.354154198824011
338615,136.0,1895.0,103.0,6.14679071144681
49139,85.0,1900.0,7.0,-1.81107235429129
222409,48.0,147.0,56.0,19.8477608611059
200650,1430.0,1885.0,54.0,-3.76466212337778
107533,147.0,18.0,45.0,-1.6003749574329
228693,1887.0,17.0,58.0,3.58231922546637
272047,1560.0,131.0,179.0,2.18150635564069
181075,83.0,1878.0,53.0,-9.40799842964088
259526,14.0,1431.0,72.0,-1.82300077547346
226495,1877.0,1916.0,57.0,4.82925259333448
30207,101.0,788.0,166.0,-16.4189312136438
370863,1915.0,1893.0,180.0,0.880989665296059
197874,1560.0,72.0,54.0,3.35012790087744
206633,83.0,136.0,177.0,4.07792019627156
251649,1916.0,1917.0,71.0,-2.9204736313419
47112,163.0,13.0,6.0,4.67036479256417
277831,1915.0,1910.0,75.0,1.82119315883994
231277,136.0,1892.0,58.0,15.3917165249288
248896,48.0,82.0,70.0,-3.56407818514754
367281,1347.0,1878.0,180.0,-14.8746682960683
340856,229.0,1911.0,103.0,-0.998607636011563
27842,1924.0,1905.0,4.0,3.61755647131414
26732,82.0,1921.0,4.0,-7.83317263257401
226112,544.0,1183.0,57.0,15.3270183243996
268126,147.0,1892.0,74.0,13.1771854625106
5720,1347.0,1887.0,1.0,-0.297419200500956
25502,1899.0,195.0,4.0,-3.20766821114656
110031,1877.0,1900.0,45.0,2.28750068517788
332192,1902.0,1912.0,102.0,1.76505659724645
340621,1332.0,1927.0,103.0,2.33764919817356
377097,14.0,1560.0,109.0,-4.90730468064209
228815,83.0,1911.0,58.0,-2.52655995036152
324940,1924.0,1886.0,100.0,5.93961549838107
5821,1890.0,1901.0,1.0,-1.65398316502399
243427,229.0,47.0,69.0,2.501569546315
194378,131.0,1922.0,176.0,0.509541935611298
231076,147.0,1224.0,58.0,8.74827437511495
250331,3.0,1920.0,70.0,-0.0315296157779252
413976,1919.0,1910.0,114.0,4.23393409262849
388024,131.0,677.0,111.0,1.82375302387179
174868,3.0,163.0,52.0,-0.777860577718678
319516,1332.0,136.0,99.0,3.865832850997
170538,1919.0,1912.0,51.0,-9.15804595000777
329586,1925.0,1905.0,101.0,4.41684807748195
336542,15.0,17.0,103.0,9.58886001914317
329115,1430.0,1906.0,101.0,11.737366786162
96574,1885.0,18.0,44.0,-0.753728794996256
172130,1880.0,1904.0,52.0,-0.18175870676431
31806,5.0,677.0,166.0,0.958005704455422
8600,20.0,1928.0,1.0,1.14454475371212
318275,1924.0,82.0,99.0,3.26462385253749
7114,82.0,131.0,1.0,-0.760748872909494
304653,1430.0,1908.0,98.0,12.8595897489224
424880,1908.0,1901.0,115.0,0.437434395078104
107977,1906.0,1898.0,45.0,3.91721294275068
95911,164.0,1890.0,44.0,7.33747854632587
235338,1884.0,11.0,60.0,3.85697273769412
316629,136.0,1895.0,99.0,-0.286731549799034
180332,1337.0,1893.0,53.0,11.4153325278738
342220,1183.0,1348.0,104.0,0.541859846193952
435235,164.0,1911.0,116.0,2.4613483476949
47152,1332.0,1348.0,6.0,-1.77654186544203
263249,1879.0,147.0,73.0,0.836369242053931
277181,131.0,17.0,75.0,1.40878229864802
268977,47.0,1910.0,74.0,0.830434154814309
397331,1894.0,1903.0,112.0,-0.0400559578359831
357321,1331.0,147.0,108.0,0.847329359722009
372792,47.0,1890.0,109.0,-0.483541954757414
255880,1929.0,1928.0,71.0,-7.15883551175211
207810,1884.0,1889.0,178.0,0.192929031809561
376540,1430.0,136.0,109.0,2.42295566608778
17668,1920.0,1918.0,3.0,-3.13940976554616
71884,1886.0,1882.0,13.0,4.02387117522242
322126,1911.0,1918.0,100.0,-5.37952256398619
336186,1880.0,1927.0,103.0,0.224114598549912
100913,146.0,1901.0,173.0,3.31923573901851
89133,20.0,1879.0,172.0,-2.8261988450175
201227,1342.0,1896.0,54.0,-5.08739776367926
7070,48.0,1431.0,1.0,11.1856977277527
88419,1906.0,1907.0,172.0,-4.09231163869926
323971,1924.0,146.0,100.0,6.99353013253042
55432,1559.0,47.0,9.0,-10.4181997743914
338284,1891.0,131.0,103.0,-4.97682689470662
170905,14.0,85.0,51.0,0.908811468465871
370267,82.0,1901.0,180.0,-0.299322156552482
56388,1897.0,14.0,9.0,1.26579585666405
415337,85.0,1895.0,114.0,0.587586558404724
55284,1897.0,1892.0,9.0,-8.87580710182916
69834,1924.0,1560.0,12.0,0.849171630042591
211860,1906.0,1917.0,178.0,0.766933747082327
171926,1880.0,1903.0,52.0,2.91854461977786
48822,1889.0,1923.0,7.0,1.19366429818265
315986,1885.0,1908.0,99.0,1.00731272307396
222687,163.0,748.0,56.0,4.1533649721455
322198,1881.0,13.0,100.0,-3.06315469330666
16055,47.0,1888.0,3.0,-22.4736624156035
414329,131.0,1914.0,114.0,-0.246415810563375
60132,131.0,1890.0,10.0,-2.58546443523334
46724,1430.0,1914.0,6.0,1.26657854069003
329616,1920.0,13.0,101.0,-1.71350666250032
336319,146.0,1560.0,103.0,-3.26295266443125
304708,1920.0,14.0,98.0,-0.481162186271646
321807,47.0,1918.0,100.0,5.30311191759014
367460,1895.0,1922.0,180.0,7.82737621661977
344246,604.0,1907.0,104.0,-3.45027085190116
54227,948.0,1431.0,9.0,-1.87704221998437
178508,1183.0,1879.0,53.0,-2.41763333295185
68671,1337.0,1909.0,12.0,-3.12149850755233
46380,1877.0,1880.0,6.0,-6.00207675314323
315093,160.0,1337.0,186.0,0.0469954980499132
244428,1924.0,1895.0,69.0,5.74998152872472
9084,1431.0,1348.0,2.0,2.62928602490912
64558,82.0,1878.0,10.0,-2.66132422645267
310708,1347.0,1907.0,186.0,-2.5847798022778
29108,1875.0,1895.0,166.0,0.624660290879066
102048,1899.0,1898.0,173.0,0.458850371110775
16233,1902.0,1915.0,3.0,7.66464559502179
63721,655.0,20.0,10.0,-5.70401378537719
337694,1914.0,1927.0,103.0,-7.58595863711804
170519,1920.0,1927.0,51.0,-19.0713757732724
435658,1909.0,1917.0,116.0,-1.02680218587506
196286,1905.0,20.0,176.0,5.72564985407873
104114,1919.0,1884.0,173.0,6.59996653033907
177233,1880.0,1914.0,53.0,5.16155161696433
188129,146.0,1917.0,175.0,2.13052462585576
372007,1920.0,15.0,180.0,-2.1221661184412
95568,1897.0,1912.0,44.0,8.87652096663028
214336,1898.0,18.0,55.0,3.7006475320593
183820,150.0,13.0,174.0,-7.67759048259782
8823,1907.0,15.0,2.0,-6.62500523262787
329267,1926.0,131.0,101.0,3.20805043807049
107167,1891.0,1892.0,45.0,-2.88776841995596
218298,195.0,1881.0,56.0,-15.5587050390379
276380,544.0,1890.0,179.0,2.49945568493973
217409,1924.0,1900.0,55.0,-1.86820171053095
360598,3.0,1896.0,108.0,-5.74561009771398
274665,544.0,1894.0,179.0,7.87555752733116
376041,1342.0,101.0,109.0,9.89622749658362
16721,1926.0,195.0,3.0,-2.9922155015416
415447,3.0,1922.0,114.0,-0.643884760254698
374335,5.0,18.0,109.0,-3.93955193463105
216955,83.0,1888.0,55.0,-0.285793472307138
339282,229.0,1887.0,103.0,2.87007269459624
374066,1894.0,1910.0,109.0,3.96923551424796
32164,655.0,1894.0,166.0,6.90683195549826
26641,101.0,1224.0,4.0,1.29632140909834
96560,1886.0,1923.0,44.0,-1.81132187203575
89126,1905.0,677.0,172.0,5.59382391088004
284462,1559.0,1886.0,77.0,4.89233766983084
286097,1925.0,1875.0,77.0,-2.51738371749459
234528,47.0,1900.0,60.0,4.14070457230076
193945,1896.0,1911.0,176.0,-1.79889415026541
106472,1894.0,1911.0,45.0,-5.11973394763208
73899,604.0,1916.0,13.0,5.34348480488685
178066,1909.0,1892.0,53.0,-1.84440710760726
89714,1332.0,1912.0,172.0,5.41563727477067
61912,1183.0,1903.0,10.0,8.3385563447883
228841,1183.0,1892.0,58.0,-5.70378295888571
340975,160.0,3.0,103.0,0.400428858247978
30900,1875.0,1889.0,166.0,8.01205173359046
50403,1431.0,1224.0,7.0,3.1579319915255
161802,1912.0,1917.0,168.0,-2.04644607517788
14928,1875.0,1888.0,3.0,-2.14017473774446
336994,1900.0,5.0,103.0,0.0440018309208385
374754,146.0,1348.0,109.0,0.328503247583291
109133,1906.0,1884.0,45.0,-3.46782822099403
279476,1891.0,85.0,75.0,0.673035783955803
340023,82.0,5.0,103.0,3.84864252078681
31454,1911.0,1910.0,166.0,5.12081760214416
103736,1877.0,1901.0,173.0,-1.39774713200177
15746,1910.0,1921.0,3.0,-8.61415033069762
342309,1881.0,1894.0,104.0,14.2127163295533
313129,229.0,195.0,186.0,-0.663770510397496
191780,1913.0,1890.0,175.0,-11.6133880943565
424937,1897.0,1347.0,115.0,-4.29181369045406
54295,1891.0,131.0,9.0,3.84582265747332
376401,1924.0,1348.0,109.0,-2.44808352475023
87662,1875.0,1881.0,172.0,-0.508421110649607
324255,604.0,101.0,100.0,22.2441620436523
213737,1904.0,677.0,55.0,-5.07862162781376
50540,1897.0,1905.0,7.0,-5.1528244626072
64684,655.0,1882.0,10.0,-5.25058470260993
208573,1898.0,788.0,178.0,11.5172331382333
11621,1925.0,82.0,2.0,12.009696999942
434209,1430.0,1347.0,116.0,-4.42831665003359
101784,1671.0,17.0,173.0,3.3617865712656
12148,1920.0,1431.0,2.0,-4.18572196023167
247034,82.0,1898.0,70.0,3.38874775716238
276119,48.0,136.0,179.0,-4.54663000577137
220296,1908.0,788.0,56.0,0.527070135076258
201057,544.0,1895.0,54.0,0.622019279569565
323825,48.0,1901.0,100.0,-1.06291917207204
428023,1885.0,1928.0,115.0,0.540950308459733
329538,27.0,544.0,101.0,14.3297195466595
286728,1925.0,1671.0,77.0,4.12882818487996
105612,1183.0,1888.0,45.0,0.934838730204739
27223,1924.0,1916.0,4.0,3.94824040802603
204375,1885.0,1927.0,177.0,-3.66756954298898
275663,1925.0,13.0,179.0,3.52983733051798
341932,13.0,1916.0,104.0,-5.84558618647652
202526,1887.0,131.0,177.0,8.02059191171458
197548,1897.0,131.0,54.0,0.362694997667229
334261,544.0,1331.0,102.0,-22.7112436342633
109848,1925.0,136.0,45.0,-4.81125233126849
201109,1877.0,1895.0,54.0,-3.2618046282962
265874,1430.0,1922.0,73.0,-0.920651394825257
189695,1430.0,1923.0,175.0,-3.98177682469777
245137,229.0,1332.0,69.0,3.74754120053766
256591,1347.0,788.0,72.0,-0.569646107958004
163854,27.0,72.0,168.0,-4.68468050633754
633574,1902.0,1928.0,180.0,-2.61460311167684
208956,1892.0,1901.0,178.0,-11.117119725318
248944,1920.0,195.0,70.0,0.0505559714248315
284229,1342.0,1332.0,77.0,-2.62591005936643
244436,1332.0,18.0,69.0,-0.97682201605004
162020,948.0,1884.0,168.0,3.71894528831985
248134,101.0,1895.0,70.0,2.67854200667038
314790,160.0,1924.0,186.0,7.86577687468435
162699,195.0,1908.0,168.0,0.856679442685205
164311,83.0,27.0,168.0,7.84645718431735
217067,1906.0,1886.0,55.0,1.57833347422265
282785,1875.0,1923.0,77.0,-2.571979881586
71640,1887.0,1896.0,13.0,10.5957942933264
345682,1905.0,1912.0,104.0,-4.87676113447526
7616,48.0,1875.0,1.0,-6.29186496581211
262992,146.0,11.0,73.0,-0.187034499938577
49375,72.0,1890.0,7.0,2.84158665418782
372798,1875.0,1881.0,109.0,-0.948088009894536
433875,1559.0,1909.0,116.0,1.25670771400846
3531,147.0,1908.0,1.0,-4.6339900131733
69471,82.0,1875.0,12.0,-2.08162100793051
178872,1899.0,5.0,53.0,-5.38720721510552
17052,160.0,1916.0,3.0,2.27763563186006
17089,604.0,1913.0,3.0,-0.55556554672003
197876,1559.0,1891.0,54.0,0.436936649243061
237653,1915.0,1896.0,60.0,0.817395932381264
276998,136.0,1885.0,75.0,0.973873268130644
11180,1911.0,13.0,2.0,-3.42447323420092
319721,160.0,1886.0,99.0,-3.5685853085061
416785,1332.0,1918.0,114.0,-1.16015644870881
279225,1879.0,1897.0,75.0,-4.12583378014404
223916,85.0,11.0,57.0,-1.38534958811291
212586,1885.0,1928.0,178.0,5.83488651884999
29369,1875.0,748.0,166.0,-7.59041287616626
188484,1896.0,1889.0,175.0,5.74169689826834
189815,544.0,1894.0,175.0,5.00424496983751
26113,1912.0,1888.0,4.0,-1.01302245702034
18821,85.0,1928.0,3.0,-2.89203029578848
300136,1342.0,1899.0,98.0,-3.30198722368265
210110,1897.0,120.0,178.0,-3.78284815021256
262653,72.0,1908.0,73.0,-0.0510859163006517
304661,604.0,15.0,98.0,-1.01320967460622
102682,1899.0,748.0,173.0,3.93810255717685
102422,1888.0,1893.0,173.0,0.881382768663176
177661,1897.0,15.0,53.0,1.48664001161529
24380,1896.0,1347.0,4.0,-0.264242531227194
258756,1925.0,47.0,72.0,6.28512426855121
164202,163.0,1916.0,168.0,3.54848440185563
166626,1883.0,1348.0,51.0,-2.2038156822325
256040,195.0,1892.0,72.0,0.587232748509503
647794,120.0,1902.0,115.0,0.825475396098418
191354,1877.0,544.0,175.0,4.38704009405997
163357,1889.0,748.0,168.0,0.30265211557143
33980,1925.0,1882.0,166.0,-3.58228423689533
46528,1925.0,1901.0,6.0,2.1425150308687
214327,1875.0,1897.0,55.0,-5.59840628725267
318406,1876.0,1881.0,99.0,-1.56901007459726
25719,1559.0,1671.0,4.0,-0.495286769789663
427915,72.0,1928.0,115.0,4.2562594969444
3510,195.0,1923.0,1.0,-2.72117756254399
255296,82.0,1882.0,71.0,2.95196409288494
271354,1924.0,1910.0,74.0,-0.938803839704963
177021,136.0,47.0,53.0,2.72723952912344
53408,1337.0,1921.0,7.0,-1.81837194551218
271810,85.0,1894.0,179.0,0.0933619718246064
367225,1431.0,1910.0,180.0,2.13140335198125
88404,27.0,164.0,172.0,6.55336070988713
174648,1920.0,1916.0,52.0,6.88292113192029
254748,163.0,1918.0,71.0,4.89485605125025
182504,1891.0,1914.0,174.0,0.0578564441627827
74423,48.0,1895.0,13.0,3.91495636530601
343680,1887.0,17.0,104.0,10.7475066365529
199526,47.0,150.0,54.0,3.07398267166437
112335,1902.0,1882.0,167.0,13.132777403225
71164,1224.0,11.0,13.0,1.24053763119735
10975,1887.0,1890.0,2.0,-4.62091133706175
315478,948.0,1910.0,99.0,1.25304425500434
253458,1879.0,1881.0,71.0,-2.34296557968629
277525,120.0,677.0,75.0,0.102807778218268
359882,1905.0,195.0,108.0,-0.549294234879485
272967,1671.0,1224.0,179.0,0.781482452049518
247689,1331.0,13.0,70.0,1.59910607178606
360545,1913.0,18.0,108.0,-4.42666898844945
177586,1878.0,1886.0,53.0,-2.05142961545557
325287,1926.0,1882.0,100.0,3.96840194714936
52529,1905.0,5.0,7.0,1.84006280956431
186340,82.0,1878.0,174.0,-1.36114862089075
282795,1881.0,1883.0,77.0,-0.157761616072764
183384,1885.0,1895.0,174.0,3.19940595194315
243293,1911.0,13.0,69.0,-2.24102074502684
315707,748.0,195.0,99.0,0.275951131312866
207913,1885.0,1904.0,178.0,5.10075483233536
330003,1905.0,120.0,101.0,-5.08889643400743
33048,1924.0,1905.0,166.0,3.03818263311569
193000,1885.0,1884.0,176.0,-1.54133462766753
242151,948.0,5.0,69.0,0.750672387662045
182951,1894.0,1904.0,174.0,-7.02525162341834
257933,85.0,11.0,72.0,4.27470013218869
194104,1224.0,1921.0,176.0,5.96067343601653
100724,1560.0,1347.0,173.0,4.65302530833415
262681,1904.0,1927.0,73.0,-1.7705154431738
107789,1878.0,1893.0,45.0,-4.2689023714459
161161,1884.0,5.0,168.0,-1.26032856881831
373914,1902.0,82.0,109.0,-4.88279311006802
27595,48.0,655.0,4.0,1.87357233509029
11587,3.0,1894.0,2.0,-10.6496023416595
190285,1919.0,131.0,175.0,6.14599686316409
267395,195.0,1431.0,74.0,14.3692448159208
200438,1924.0,1880.0,54.0,11.2898724921046
56280,101.0,120.0,9.0,4.59510974708333
341880,20.0,150.0,104.0,-0.326988829992311
269750,544.0,1901.0,74.0,-3.15463764170186
262166,82.0,13.0,73.0,-3.48326669388011
338795,1879.0,18.0,103.0,-2.05644508941065
280230,1332.0,131.0,75.0,1.88051117098368
235229,1880.0,1912.0,60.0,-1.26505504800018
265280,160.0,1912.0,73.0,8.72836746016996
427256,20.0,1912.0,115.0,-10.3826751372406
438037,83.0,1908.0,116.0,-1.9001356952025
344874,27.0,1914.0,104.0,-5.02562578431021
273679,1900.0,1887.0,179.0,-4.78348194901771
210056,1909.0,18.0,178.0,-14.3646460600165
262947,1881.0,1348.0,73.0,0.424374656376698
205113,163.0,1922.0,177.0,7.65598396328827
191300,1926.0,136.0,175.0,-3.2663194719214
13262,1925.0,1924.0,2.0,1.51999930655429
264506,1332.0,1916.0,73.0,-3.24740888324603
33800,655.0,1900.0,166.0,2.57816728951383
74050,1919.0,1892.0,13.0,-1.91056823817153
269914,1905.0,1892.0,74.0,2.64763432823807
270291,1337.0,1889.0,74.0,-14.3265525942322
240949,195.0,1908.0,69.0,-0.511739117061745
168563,1904.0,1896.0,51.0,2.02844145283157
265571,1430.0,1559.0,73.0,-0.0286164344786606
252210,1880.0,1331.0,71.0,-9.03989729181911
231130,1909.0,18.0,58.0,-10.3773549413213
34256,1908.0,1928.0,166.0,-5.65457495639232
433844,1431.0,17.0,116.0,0.22582608442541
280026,1876.0,229.0,75.0,1.96535340860736
330503,1337.0,1560.0,101.0,-2.79125707164083
399777,48.0,788.0,112.0,3.81206823481124
285480,1920.0,27.0,77.0,2.73607550500655
211955,1876.0,1912.0,178.0,-0.0885468370247339
199282,13.0,1923.0,54.0,-4.62956871022561
329133,1913.0,1880.0,101.0,-7.53474603786895
201994,48.0,1882.0,54.0,3.48636546435585
343880,1559.0,748.0,104.0,0.491685717577922
274233,136.0,195.0,179.0,-4.66530140793113
170142,1913.0,5.0,51.0,-4.60333404954828
232044,1876.0,131.0,58.0,14.3611375512404
339027,1913.0,1904.0,103.0,0.473173594874698
31602,147.0,1903.0,166.0,2.81992312704069
48784,85.0,1896.0,7.0,1.62195783580379
178081,948.0,1881.0,53.0,0.885369580445741
314059,160.0,1905.0,186.0,-3.36489090008304
247112,120.0,1896.0,70.0,-3.65018693073258
329758,1337.0,1895.0,101.0,-3.57905497631521
51299,544.0,1922.0,7.0,5.02424924216704
172029,948.0,1559.0,52.0,-3.33967940556583
63154,655.0,1885.0,10.0,3.01768178934911
230846,1183.0,146.0,58.0,-9.53768107238536
73938,27.0,146.0,13.0,5.98967499242765
287169,1882.0,1902.0,77.0,12.2801699438202
377248,160.0,1337.0,109.0,8.27252144212939
185019,1876.0,146.0,174.0,1.51173186556605
401497,1430.0,1922.0,112.0,3.27812451858084
174839,1876.0,131.0,52.0,0.517883463697123
24921,1559.0,17.0,4.0,-1.57021002648786
237157,604.0,1880.0,60.0,-4.24141918708457
105684,85.0,788.0,45.0,-0.481657543451377
202225,1332.0,1928.0,54.0,-1.87542440189855
273522,948.0,1892.0,179.0,4.43016274090493
225089,1887.0,1910.0,57.0,1.22190605380252
215387,1902.0,1907.0,55.0,7.40881832081836
114554,1876.0,5.0,167.0,12.7774466085353
271364,1926.0,1337.0,74.0,-10.8107388158321
183312,136.0,1916.0,174.0,0.156237077565232
317322,85.0,146.0,99.0,0.443970339833638
223099,1224.0,1902.0,56.0,0.578656992235515
322189,146.0,1901.0,100.0,6.6885591499814
15404,101.0,1882.0,3.0,6.29328215499323
358752,101.0,1897.0,108.0,0.955861882201953
99588,1337.0,1888.0,44.0,-18.0519746551226
6376,48.0,1922.0,1.0,17.3380072372868
173948,788.0,1923.0,52.0,2.66486324316985
188564,1559.0,1560.0,175.0,4.18113951495119
374213,5.0,788.0,109.0,-5.39064690176036
253143,1183.0,1885.0,71.0,7.6890338652161
269423,3.0,1923.0,74.0,0.725314147462175
181713,82.0,1910.0,174.0,3.81599592825485
331430,1559.0,5.0,102.0,-2.99566159494159
186515,1877.0,15.0,174.0,6.62684644590506
333409,948.0,1911.0,102.0,1.83435499805789
256316,1883.0,1882.0,72.0,2.19383001710279
335253,655.0,1927.0,102.0,1.40475993363203
165175,83.0,1888.0,168.0,0.557538427967259
181522,1926.0,1337.0,53.0,6.57958681622102
263580,164.0,1917.0,73.0,3.99422798311423
162729,1904.0,1896.0,168.0,-1.07705459794457
165234,1915.0,1224.0,168.0,-3.64187082105478
52522,1430.0,5.0,7.0,-0.0532046111829843
278116,146.0,1881.0,75.0,2.96367720672982
27775,1905.0,1879.0,4.0,-8.08214660148529
97645,150.0,164.0,44.0,23.0578313602061
424485,1887.0,748.0,115.0,-1.68263673203419
322122,1883.0,1898.0,100.0,-3.24711053157732
4802,1894.0,1897.0,1.0,1.17674654321184
189287,1884.0,1910.0,175.0,5.55012878946185
187195,1909.0,1224.0,175.0,1.20537049983482
183628,1911.0,15.0,174.0,-4.50933757943036
256189,131.0,788.0,72.0,2.47636517532775
24125,1885.0,1907.0,4.0,-0.88554933631588
178110,14.0,150.0,53.0,-2.39579442843009
104912,1913.0,1671.0,173.0,-74.0258209757468
27463,1924.0,5.0,4.0,4.17518052312173
200822,27.0,1431.0,54.0,2.26225909563765
51780,1925.0,1885.0,7.0,10.9673586543762
274547,604.0,47.0,179.0,15.1316023377857
196793,1925.0,1911.0,176.0,4.09297870365633
34292,1671.0,1928.0,166.0,-1.92016555670209
312907,1924.0,85.0,186.0,-3.32121209683916
72928,748.0,13.0,13.0,-3.0557744935531
202672,47.0,1348.0,177.0,2.54360405816152
265624,1913.0,1878.0,73.0,5.92092586564691
417378,1926.0,1911.0,114.0,2.04965721783078
218612,1895.0,131.0,56.0,7.76930868407544
90217,544.0,1906.0,172.0,-2.909439009922
332528,1904.0,788.0,102.0,-1.88724427010996
340961,1915.0,1876.0,103.0,-5.69617747994673
64550,1906.0,15.0,10.0,-1.58059826548256
219711,150.0,1560.0,56.0,10.241884442078
58627,604.0,1920.0,9.0,0.923291419995735
16441,1894.0,677.0,3.0,-3.07620912717221
236210,72.0,5.0,60.0,-1.46832947868068
238886,1876.0,1921.0,60.0,-5.73807545816124
374214,136.0,1348.0,109.0,-1.99717774618736
322819,1896.0,1887.0,100.0,0.608416744032964
335067,1926.0,1224.0,102.0,0.896878822187345
180784,1926.0,544.0,53.0,-1.24765865211891
282150,5.0,1921.0,77.0,4.81658900493631
287071,1898.0,1928.0,77.0,1.5932623585201
333629,1347.0,1923.0,102.0,-5.38891855315194
183533,1917.0,1918.0,174.0,-1.25841929994554
268966,1908.0,1918.0,74.0,-1.95468655453585
102290,1883.0,1882.0,173.0,-1.48429482010141
278381,1671.0,1908.0,75.0,19.1451332239696
357974,3.0,1887.0,108.0,0.240127899397506
229667,1889.0,1904.0,58.0,-5.67689048642713
253772,604.0,1907.0,71.0,-12.2616942309272
327521,1899.0,1894.0,101.0,5.12994741543575
69957,163.0,1890.0,12.0,5.54926193028004
234279,1900.0,1882.0,60.0,0.262935943367938
68071,1924.0,1183.0,12.0,5.14750173603043
176128,229.0,1890.0,52.0,0.264571029581407
273752,85.0,1914.0,179.0,0.569328472980947
221073,544.0,82.0,56.0,4.87164688090385
327032,1894.0,11.0,101.0,0.821342115846657
219562,164.0,1911.0,56.0,-1.57670982128975
199637,1916.0,15.0,54.0,-1.85195030514547
328218,1917.0,1890.0,101.0,-1.5734479002759
210812,82.0,146.0,178.0,10.0094622610366
343682,195.0,1890.0,104.0,-0.360930640052678
435615,85.0,164.0,116.0,2.35153283999296
370294,48.0,1880.0,180.0,-5.20959277029017
262606,1880.0,1927.0,73.0,0.460082100676217
312124,1888.0,1893.0,186.0,0.324036061352244
337237,1909.0,748.0,103.0,-0.459397059361969
51702,48.0,1880.0,7.0,10.7192302850222
114393,655.0,1918.0,167.0,18.2796234029043
199770,1886.0,1908.0,54.0,-5.85841321196389
333933,1877.0,229.0,102.0,-1.22630918503936
273548,1908.0,1923.0,179.0,1.01209685699152
259660,1877.0,1893.0,72.0,-1.32940289454765
174905,3.0,1431.0,52.0,2.14247150797736
283139,1887.0,164.0,77.0,2.42552487077087
184724,1905.0,1907.0,174.0,-12.522508190148
333258,1893.0,1900.0,102.0,-1.10252882501787
15526,1880.0,1881.0,3.0,0.52637158149009
301986,1901.0,1923.0,98.0,-2.98578924182982
177319,1892.0,677.0,53.0,1.49046701304338
193277,1912.0,1914.0,176.0,1.88855793569849
54351,1900.0,1916.0,9.0,-0.406660073159626
224558,1891.0,677.0,57.0,-2.36727755883841
282998,1347.0,85.0,77.0,1.95379994003598
317106,1224.0,1910.0,99.0,1.28216801968626
174371,1924.0,1919.0,52.0,7.02321143162469
335959,677.0,1928.0,102.0,7.48945829398806
178221,1884.0,1918.0,53.0,10.0311990552667
304435,48.0,1900.0,98.0,11.0933666173585
257055,1913.0,1887.0,72.0,2.3862821996765
317526,1903.0,1893.0,99.0,-0.427108389986445
8495,3.0,15.0,1.0,21.0850477660452
246271,1892.0,17.0,70.0,-49.4039675721917
163947,48.0,1894.0,168.0,5.54566257888409
176461,195.0,1928.0,52.0,-0.959112062093177
95718,748.0,164.0,44.0,-6.91635618004391
201241,48.0,1875.0,54.0,-0.540271032159215
248903,160.0,1923.0,70.0,-0.408779123078534
203490,1878.0,147.0,177.0,-3.19313424476773
224849,1891.0,18.0,57.0,5.15588712531332
368835,136.0,1921.0,180.0,-1.51506403184325
199823,1875.0,1888.0,54.0,-2.32378935998874
177082,1889.0,18.0,53.0,1.02369986170125
258351,1894.0,17.0,72.0,2.65865480816864
211067,1925.0,604.0,178.0,2.2056580829279
103323,1342.0,1183.0,173.0,1.29976903645296
52792,83.0,1912.0,7.0,4.16981650157617
15108,1915.0,1332.0,3.0,-7.0049773332012
248031,1922.0,788.0,70.0,-2.08514741254881
224199,1888.0,1671.0,57.0,3.9337019562181
162012,1893.0,1887.0,168.0,-1.46219071691218
259093,1913.0,195.0,72.0,-5.05154862834799
4659,1887.0,1890.0,1.0,1.91299345532084
260854,1925.0,1910.0,72.0,5.84187667958195
435416,1898.0,195.0,116.0,-0.597427498432878
13739,1431.0,1902.0,2.0,-3.13224460226508
219404,1892.0,1901.0,56.0,1.63678918020982
190685,14.0,544.0,175.0,6.43303103150696
176528,1915.0,1902.0,52.0,-11.7976070749868
172810,5.0,11.0,52.0,-2.59036872864616
192818,1878.0,1880.0,176.0,-4.03308313788681
15441,1875.0,1885.0,3.0,-4.93354361587409
165752,604.0,1882.0,168.0,-1.9103900905378
32343,1915.0,1331.0,166.0,-6.92796142798635
169719,1915.0,101.0,51.0,1.67149798259073
5950,1903.0,1907.0,1.0,4.07779586625739
100469,164.0,1928.0,44.0,10.4183989656222
388731,1348.0,1347.0,111.0,-0.320856353798704
417100,1925.0,83.0,114.0,2.52125684320946
52018,1906.0,1914.0,7.0,3.668423877743
96838,131.0,1901.0,44.0,-16.1997049172124
194265,136.0,1880.0,176.0,-1.17511752396044
251878,1914.0,1927.0,71.0,-2.37049720479602
329277,1926.0,1347.0,101.0,8.41765944339789
175689,83.0,1886.0,52.0,-7.2515943696884
333878,655.0,195.0,102.0,-8.14906536357568
24343,82.0,1347.0,4.0,2.5080208170175
417583,655.0,1925.0,114.0,5.20804945189338
215825,655.0,229.0,55.0,1.21199805226495
17873,1925.0,1430.0,3.0,-2.24248850700455
100785,146.0,1431.0,173.0,3.06347562925789
18640,1877.0,1903.0,3.0,0.83238971290991
248712,1926.0,1908.0,70.0,-3.15513250160204
113844,48.0,1914.0,167.0,7.53049042441492
334199,14.0,1904.0,102.0,-2.38828549813962
360285,27.0,1884.0,108.0,-10.497270488952
74972,1920.0,1888.0,13.0,2.17527201871559
314430,1876.0,120.0,186.0,1.57898289640928
266953,1908.0,18.0,74.0,-3.10448476442202
414185,1908.0,1922.0,114.0,-8.64668433000061
68956,1877.0,20.0,12.0,-2.71751038397316
104244,27.0,1893.0,173.0,15.7615467531312
255604,1906.0,1900.0,71.0,0.6834731094002
324601,1926.0,1889.0,100.0,3.10432942256191
204243,1897.0,1920.0,177.0,0.368964082496696
225476,131.0,1890.0,57.0,-4.36794117689653
174300,1906.0,1183.0,52.0,-3.38315118809479
201417,229.0,1917.0,54.0,-4.01054565854004
276915,146.0,11.0,75.0,2.37143767078751
371057,544.0,1904.0,180.0,7.99486577111801
185529,1876.0,27.0,174.0,5.84580497197805
343703,1906.0,1911.0,104.0,3.40664449021506
215769,1925.0,788.0,55.0,3.80779214490134
166516,1915.0,1911.0,51.0,3.28119517959395
249240,160.0,1901.0,70.0,-2.1098898759724
179433,1876.0,14.0,53.0,-10.5767947425477
64629,20.0,85.0,10.0,-8.59734412919354
202302,17.0,1902.0,54.0,-1.75226370402126
269479,1915.0,1901.0,74.0,-2.20130649511016
373211,146.0,15.0,109.0,-1.13151702847802
113735,1924.0,1880.0,167.0,1.75478001332063
233116,544.0,1342.0,58.0,19.3696405392177
271291,160.0,15.0,74.0,-5.29305079762019
343505,1883.0,1881.0,104.0,-2.1037366524647
9091,1893.0,677.0,2.0,-10.5259167422062
281655,82.0,85.0,75.0,-12.7153797431733
262987,1901.0,788.0,73.0,-1.38902838640953
313570,1337.0,1909.0,186.0,-4.0630010694353
12476,1915.0,27.0,2.0,-4.24873741513406
271757,1431.0,1908.0,179.0,0.0188648248560582
4857,1891.0,1348.0,1.0,0.838692373226078
104088,1915.0,11.0,173.0,14.4996374549235
51395,163.0,1907.0,7.0,-1.05761949415639
173623,1331.0,1916.0,52.0,0.625350332334529
100722,1224.0,1917.0,173.0,-2.59255230663894
367646,1904.0,15.0,180.0,-10.7632434434749
240830,948.0,229.0,69.0,2.10652082379032
50752,1891.0,1911.0,7.0,2.53155415592531
175872,1342.0,136.0,52.0,3.1285403212632
327612,1560.0,677.0,101.0,0.850241978865569
44882,1893.0,1886.0,6.0,0.515188326572757
7346,1430.0,1893.0,1.0,-2.04907273048135
323842,604.0,1913.0,100.0,0.311842233674664
280510,655.0,1893.0,75.0,18.8093367500545
6468,14.0,1894.0,1.0,0.327937976213522
164720,1905.0,677.0,168.0,-1.66730064304241
68021,160.0,85.0,12.0,-4.84911768836609
193473,948.0,85.0,176.0,-0.593245702747527
367948,11.0,18.0,180.0,2.07972025030125
215502,1876.0,1919.0,55.0,9.26453569127253
258409,1912.0,1886.0,72.0,6.11347259061107
189593,229.0,160.0,175.0,5.426858179206
183510,1559.0,1907.0,174.0,1.2516078608109
285523,83.0,1880.0,77.0,-5.66786823428976
284721,1875.0,1880.0,77.0,-4.20507409588324
55209,1904.0,11.0,9.0,-2.661969688064
346181,1919.0,1560.0,104.0,3.11459277418175
163139,1900.0,1916.0,168.0,2.92258757853394
264037,655.0,1907.0,73.0,-1.39338959138248
44140,101.0,136.0,6.0,-0.170278984783318
187023,948.0,1913.0,175.0,-0.652960467708777
4334,147.0,13.0,1.0,-2.11280681629878
58744,163.0,1342.0,9.0,-1.74245495584149
271416,1671.0,1928.0,74.0,-2.52282841442896
50158,1895.0,1894.0,7.0,-2.28876317030128
177218,788.0,1923.0,53.0,-1.96739199411675
253782,1924.0,1907.0,71.0,-10.4919287771448
97041,1895.0,1910.0,44.0,11.5671240609628
5743,1907.0,1671.0,1.0,1.74392983925323
251936,1183.0,1927.0,71.0,1.42154711534991
278326,1908.0,11.0,75.0,1.89283990628983
357592,1183.0,1888.0,108.0,3.3903440127483
241696,1898.0,1892.0,69.0,5.38059637967649
334050,82.0,229.0,102.0,-2.96286420550866
190931,1337.0,147.0,175.0,-2.99421166323082
285357,48.0,1885.0,77.0,17.9992161077011
17048,229.0,1916.0,3.0,-0.212924055140695
225382,1183.0,1923.0,57.0,0.489229660292679
300938,101.0,1921.0,98.0,18.2651657254294
187313,1883.0,164.0,175.0,-4.39533018878576
400704,1925.0,1879.0,112.0,-5.89685896641816
108962,1925.0,163.0,45.0,6.91636750473031
168208,1671.0,1910.0,51.0,-0.638061520028142
400522,1430.0,1879.0,112.0,-9.87371194042806
327155,1902.0,27.0,101.0,5.94642916584834
232521,229.0,1915.0,58.0,4.29049661729065
13345,1877.0,1921.0,2.0,-4.74127110284379
222536,82.0,1912.0,56.0,1.83119637015588
283528,136.0,17.0,77.0,0.25957768976634
370037,163.0,1923.0,180.0,2.24764217665044
203812,1897.0,1898.0,177.0,5.84229713078887
213580,1875.0,120.0,55.0,3.63152405524338
90459,1876.0,1902.0,172.0,-0.0797613240816963
325663,1560.0,1901.0,101.0,0.626254306150359
314636,1430.0,748.0,186.0,-2.02769810318073
218847,788.0,1923.0,56.0,-9.56479662491804
224350,1331.0,1907.0,57.0,3.74548301447745
414549,1880.0,5.0,114.0,3.92531483897744
257751,72.0,1912.0,72.0,2.56464892571004
205067,1902.0,15.0,177.0,0.182681416566783
187484,1885.0,788.0,175.0,7.45255280181237
189171,1884.0,18.0,175.0,3.13685700893005
282253,131.0,1910.0,77.0,0.0023890087888046
251130,948.0,1342.0,71.0,-4.7301015655991
14028,1902.0,677.0,3.0,0.0843081526600613
331875,1902.0,1430.0,102.0,-1.2784077135557
18303,82.0,748.0,3.0,-4.85444093852235
166847,1883.0,1910.0,51.0,0.719652063077979
109249,27.0,677.0,45.0,5.38875897340479
221352,1924.0,1916.0,56.0,6.17537708699231
162995,1895.0,788.0,168.0,0.49400774047933
5841,948.0,1925.0,1.0,5.51317743119403
330639,1906.0,1921.0,101.0,-4.91962708473771
325060,1877.0,1430.0,100.0,2.99261784536888
321161,1912.0,1889.0,100.0,1.91001783556528
223397,120.0,195.0,57.0,0.283884467829006
256729,147.0,1895.0,72.0,-5.49577575096106
70203,82.0,1876.0,12.0,5.66705739853369
58215,1342.0,1877.0,9.0,-8.60615781460167
303054,1924.0,1916.0,98.0,8.86427140677446
204043,1883.0,1348.0,177.0,-5.4762982113943
177267,1897.0,1905.0,53.0,-9.50530207170002
28840,544.0,3.0,4.0,-1.60861426838129
232191,48.0,1347.0,58.0,-2.875590386775
196532,1913.0,1671.0,176.0,-19.8500561720796
200655,27.0,131.0,54.0,2.00528068360381
417700,1929.0,1928.0,114.0,-2.18253357995692
276356,1877.0,748.0,179.0,2.92779418757674
98678,604.0,1881.0,44.0,4.26696286122347
188007,85.0,1224.0,175.0,-2.60102883350305
57723,1332.0,1892.0,9.0,-8.79131938144148
101850,1910.0,1901.0,173.0,0.488655979416585
216634,27.0,1889.0,55.0,-9.3150936734722
335357,1905.0,1559.0,102.0,-8.49158248488514
18637,1915.0,1890.0,3.0,-2.80127061059369
280654,655.0,20.0,75.0,-1.1646011141401
48826,1875.0,1348.0,7.0,-10.2813696985899
50835,5.0,18.0,7.0,-8.62411899740586
260417,1877.0,83.0,72.0,-5.29339497725138
31497,146.0,1914.0,166.0,-10.2044971298105
344443,20.0,1901.0,104.0,-9.27241196037301
15182,1878.0,1886.0,3.0,-2.99790034876038
163110,1884.0,1890.0,168.0,0.989554753190945
436447,1913.0,146.0,116.0,0.643785019232632
61426,163.0,150.0,10.0,4.85169189453236
356839,1886.0,72.0,108.0,-2.5568075827612
106672,3.0,1347.0,45.0,0.469870846778708
171376,1879.0,1896.0,52.0,4.36135612044095
30990,1885.0,1348.0,166.0,2.89159355360111
195789,48.0,17.0,176.0,-11.1437778936777
112590,1347.0,1886.0,167.0,-2.20659096432447
374297,748.0,1921.0,109.0,-4.80091002718372
277198,1899.0,1883.0,75.0,1.27128565644933
243582,1926.0,1894.0,69.0,6.65617037888327
215041,1912.0,1927.0,55.0,1.29557545673288
425882,160.0,82.0,115.0,6.15155280216921
277907,1183.0,1916.0,75.0,0.479398305563902
437936,604.0,1878.0,116.0,6.69729678979277
401261,1430.0,1882.0,112.0,7.13267658509947
227663,163.0,1888.0,57.0,8.89087007709066
216595,1337.0,18.0,55.0,-0.639388789962316
339366,1920.0,1916.0,103.0,1.24971958368367
172507,47.0,13.0,52.0,-2.35756784848554
44034,1892.0,677.0,6.0,-2.00218358779054
167404,120.0,15.0,51.0,-4.11807310884478
177942,1347.0,1918.0,53.0,3.31320224006799
437643,27.0,1559.0,116.0,-2.32172240444099
340785,3.0,1671.0,103.0,-1.32924595822237
223051,48.0,1925.0,56.0,16.0541039153128
304620,1924.0,1903.0,98.0,1.61193615434262
181552,163.0,1337.0,53.0,3.81984783612862
232020,1876.0,1885.0,58.0,-1.47780792805316
87614,1883.0,15.0,172.0,-2.33862191026087
246853,1559.0,1881.0,70.0,1.66100917552201
327868,1430.0,1332.0,101.0,2.82655291122274
427061,655.0,1912.0,115.0,10.3879353970855
170086,163.0,544.0,51.0,-2.01491787769546
64204,1337.0,120.0,10.0,0.311554839398422
254391,82.0,1891.0,71.0,-8.30461647188118
259695,1926.0,1884.0,72.0,-2.15690541380859
214254,1899.0,15.0,55.0,1.6393917749483
229054,1909.0,1900.0,58.0,7.06906714112084
416528,83.0,18.0,114.0,3.06249894293973
58509,83.0,120.0,9.0,-0.370121479743775
171463,1886.0,1927.0,52.0,-2.6910292749281
18510,1877.0,1882.0,3.0,-0.790451067514139
189222,163.0,1347.0,175.0,-1.35997669117403
321474,1912.0,1914.0,100.0,-0.0387638001225569
69097,544.0,1895.0,12.0,2.94447877342475
113597,1919.0,1901.0,167.0,2.01397853559829
98004,1899.0,72.0,44.0,-6.20066331670052
14883,20.0,1347.0,3.0,-1.40914893280764
56645,1880.0,150.0,9.0,4.42032153547897
47035,1924.0,1895.0,6.0,3.60458846381252
49892,1894.0,1921.0,7.0,14.3321228047053
54212,1559.0,17.0,9.0,-2.77840537526792
201477,1906.0,1224.0,54.0,-0.540708808803738
412714,1875.0,1904.0,114.0,-2.74707107025726
398616,47.0,1923.0,112.0,-5.39086686464174
111155,1886.0,1897.0,167.0,1.85199829187738
426936,1332.0,5.0,115.0,4.61271491177663
44173,1889.0,1901.0,6.0,-3.32884345686728
427761,229.0,3.0,115.0,-1.27557182812573
98173,160.0,1922.0,44.0,-3.73387229082134
181062,1906.0,748.0,53.0,-3.62581217024199
342625,120.0,1922.0,104.0,-1.00675805136281
47902,160.0,1890.0,6.0,10.1245283050934
373670,1895.0,1908.0,109.0,-1.99371282862011
18020,1430.0,1224.0,3.0,-5.45543960014194
242117,85.0,1907.0,69.0,-3.10702836843896
174734,1919.0,146.0,52.0,-5.76049860517948
61761,1885.0,1560.0,10.0,5.02067360199064
188906,1431.0,1560.0,175.0,-1.18096107698133
66755,1912.0,1894.0,12.0,5.62174835949566
633662,1671.0,1902.0,9.0,0.07521507803259
325020,20.0,1882.0,100.0,-0.739995841263153
65785,1909.0,788.0,12.0,-8.0589646085612
44785,136.0,1899.0,6.0,-7.11382843818702
200025,1332.0,788.0,54.0,-5.27433453494866
10369,1895.0,1890.0,2.0,-1.75341044314125
315548,85.0,17.0,99.0,2.13484014026886
109787,1905.0,1912.0,45.0,9.70685847733094
321742,1331.0,1916.0,100.0,0.909506648941378
318062,1926.0,1922.0,99.0,5.57623926918572
397190,1894.0,1560.0,112.0,-0.201749135206282
313382,1337.0,229.0,186.0,-5.11994258857402
241301,1878.0,1912.0,69.0,-5.94236525186276
283727,136.0,120.0,77.0,-2.5966812774689
345951,544.0,748.0,104.0,-0.888319828776859
396922,1917.0,18.0,112.0,-1.88277051075655
215367,1886.0,1927.0,55.0,1.15960940276401
5974,1902.0,1430.0,1.0,-1.95271503853472
321671,1902.0,1876.0,100.0,-2.24704904555388
229801,1875.0,1892.0,58.0,10.2694218833499
29909,164.0,1908.0,166.0,-1.63821366155829
329329,1919.0,1884.0,101.0,-6.88900259571027
97947,85.0,1224.0,44.0,-0.684804095093638
175192,604.0,1884.0,52.0,0.03494099296724
327059,1903.0,1904.0,101.0,0.753699278783848
424945,1909.0,677.0,115.0,-3.7338535584629
165625,1919.0,1337.0,168.0,0.828658643186172
108269,1903.0,11.0,45.0,3.79201102964563
32664,1913.0,1885.0,166.0,1.9305888893214
280809,48.0,1896.0,75.0,21.6784072546245
31761,1903.0,677.0,166.0,6.42838069372519
208050,1921.0,1918.0,178.0,12.9607251118335
259303,14.0,1916.0,72.0,0.331566196785517
221147,544.0,18.0,56.0,6.20626686944253
236068,1885.0,1898.0,60.0,-1.53924975213429
85499,1331.0,1908.0,172.0,-4.15689220022968
209822,1880.0,1907.0,178.0,-5.63615153023493
399742,604.0,1894.0,112.0,4.59949134138698
319012,1925.0,17.0,99.0,0.339083595563175
16829,1876.0,1901.0,3.0,-4.63483791623848
169967,1332.0,1896.0,51.0,-2.65638123296317
324082,48.0,1347.0,100.0,0.478891195924944
114680,3.0,1912.0,167.0,-4.02217682599337
223798,1347.0,5.0,57.0,5.54152743590949
45218,1347.0,18.0,6.0,0.62352582909646
286705,1926.0,748.0,77.0,7.80422161363179
178177,1183.0,150.0,53.0,10.2265487949653
231433,1876.0,788.0,58.0,0.411640685812028
320510,1886.0,748.0,100.0,-2.37082114488387
110227,83.0,1922.0,45.0,-6.94905195359218
196666,1342.0,677.0,176.0,3.50997173974522
249501,83.0,101.0,70.0,0.465182300965517
346147,1430.0,1560.0,104.0,2.36177554376263
425940,160.0,788.0,115.0,0.701445394015485
311046,164.0,1907.0,186.0,3.99884683422547
284078,1891.0,13.0,77.0,2.18862908324949
206567,604.0,1559.0,177.0,4.49551537936057
281858,13.0,1902.0,75.0,-1.48379652415794
15286,1889.0,1898.0,3.0,-3.45073919670884
334770,14.0,1889.0,102.0,-5.47922420865167
324785,48.0,1430.0,100.0,13.1126816637302
268398,18.0,1918.0,74.0,-8.11443913568711
64069,544.0,544.0,10.0,-1.82518373548329
115423,27.0,1921.0,167.0,-17.2729223146654
262650,1916.0,1911.0,73.0,3.20894249764399
202470,1886.0,1898.0,177.0,-2.63049838854319
344730,82.0,17.0,104.0,-8.35954709562751
330235,604.0,1332.0,101.0,0.225688666104181
370364,3.0,1916.0,180.0,-1.06932598489291
275077,1332.0,1916.0,179.0,-10.0436521955847
213726,82.0,150.0,55.0,2.31732363821204
162353,1883.0,1904.0,168.0,-3.75247549165662
101950,1902.0,1922.0,173.0,10.4563891852384
95872,1886.0,11.0,44.0,-3.16916035907381
203194,1891.0,47.0,177.0,29.5053748879436
267500,1224.0,1910.0,74.0,8.11912692378856
219917,1906.0,1899.0,56.0,4.11421931180613
361188,229.0,1560.0,108.0,0.461532911969786
233713,14.0,1928.0,58.0,0.97533282920909
301176,1916.0,18.0,98.0,1.55161618714914
179765,1919.0,195.0,53.0,-7.35745646435093
320371,1903.0,1928.0,99.0,-4.36281433924691
333600,1559.0,1895.0,102.0,-2.09240027619629
108682,1337.0,1331.0,45.0,-31.034977625711
397346,1899.0,1224.0,112.0,-0.0382797814904819
330225,1925.0,1332.0,101.0,3.63073050049104
342730,948.0,1926.0,104.0,6.19027172904751
25290,948.0,1918.0,4.0,-0.462998939063923
193657,1875.0,1922.0,176.0,-5.87130145020565
202293,15.0,1902.0,54.0,-1.21078596724248
74316,160.0,17.0,13.0,3.12320898144202
279849,1342.0,1894.0,75.0,-0.885247784186286
259371,1913.0,544.0,72.0,-0.905877212695838
269802,1430.0,1880.0,74.0,-5.20186195968714
233443,1430.0,1890.0,58.0,-6.9764974743444
51570,1876.0,1901.0,7.0,-1.89422533763894
359301,1878.0,120.0,108.0,2.28820551119498
88340,48.0,1923.0,172.0,17.7521055721237
27294,82.0,18.0,4.0,-0.89998593622079
423885,1889.0,18.0,115.0,-1.94087068457413
69389,1342.0,1224.0,12.0,1.16477958777433
106615,1348.0,15.0,45.0,0.6067138495359
66025,136.0,1431.0,12.0,-2.10278526841502
321205,85.0,47.0,100.0,-1.43818370183335
263775,1883.0,677.0,73.0,-6.46060960327684
242007,1560.0,1888.0,69.0,-2.06366399100885
191026,160.0,1912.0,175.0,4.99650976972666
413660,1894.0,1431.0,114.0,-3.53074833119027
227482,1925.0,1917.0,57.0,-11.4689101538417
373896,1342.0,1910.0,109.0,5.38074634796754
338953,83.0,14.0,103.0,1.97201834377849
437325,160.0,1889.0,116.0,0.365313769417712
635301,1897.0,1902.0,73.0,-2.110022021449515
246122,1891.0,1885.0,70.0,-4.85889709079598
257295,1183.0,85.0,72.0,0.0646422462956353
175724,1926.0,147.0,52.0,3.45448580894169
46371,3.0,164.0,6.0,1.55453360506556
72594,1883.0,18.0,13.0,9.85929980507995
47557,229.0,1920.0,6.0,1.99543361022
47738,1877.0,1430.0,6.0,0.0640737451228063
228803,72.0,150.0,58.0,-0.907646587425186
15332,1880.0,1671.0,3.0,0.845598217333836
369333,1880.0,18.0,180.0,-0.242108420140207
340404,83.0,1886.0,103.0,0.145585390809813
174441,1905.0,1907.0,52.0,-9.90813821623535
229476,1903.0,1896.0,58.0,14.8517922673041
48937,1888.0,1917.0,7.0,-1.99069035467712
388724,1560.0,1927.0,111.0,6.89303869858702
62830,82.0,164.0,10.0,4.42933917969282
191097,1337.0,136.0,175.0,-6.64434181793628
46885,604.0,1893.0,6.0,36.2803684594317
177567,150.0,1560.0,53.0,-5.45160918715017
301097,136.0,1885.0,98.0,-0.563852023688689
95984,1912.0,18.0,44.0,-7.49709756509965
189746,655.0,18.0,175.0,0.643331978779637
283939,1902.0,677.0,77.0,4.60089490236765
338735,1875.0,1918.0,103.0,4.7106692921139
311864,1887.0,1901.0,186.0,-1.01432157770598
5223,1888.0,1331.0,1.0,-3.58172538091355
112311,1183.0,1903.0,167.0,7.78429234200056
345121,160.0,1884.0,104.0,0.248799893005043
260823,229.0,677.0,72.0,3.45340323304956
238800,27.0,1560.0,60.0,-3.80842971533379
370226,82.0,229.0,180.0,10.3186383590766
299910,120.0,1890.0,98.0,-0.615639823647882
191084,229.0,1559.0,175.0,1.22092233382822
11401,1926.0,1922.0,2.0,0.943876149016812
319853,229.0,1876.0,99.0,-0.036084498530432
285711,14.0,1431.0,77.0,3.06049337653485
234001,1880.0,1901.0,60.0,-4.8127161076517
424158,1887.0,1881.0,115.0,-1.38215163024552
73296,150.0,120.0,13.0,6.89405503946802
390016,160.0,150.0,111.0,-3.70115112812664
324371,1876.0,18.0,100.0,3.71885345885383
375911,14.0,1431.0,109.0,1.38998159274698
104504,1332.0,5.0,173.0,8.37232457136151
109537,1920.0,1889.0,45.0,-1.23897590913787
228106,1337.0,1560.0,57.0,-6.62468359472281
413543,1671.0,1224.0,114.0,-7.63622736235129
71591,1893.0,1560.0,13.0,-3.53749737683313
374241,101.0,13.0,109.0,-2.41838846849159
228648,136.0,1884.0,58.0,-15.8392967623457
318136,1925.0,47.0,99.0,7.41078725843437
170764,1342.0,1671.0,51.0,0.645179765686424
228414,1560.0,1928.0,57.0,5.50632583768333
48251,1890.0,1902.0,6.0,-0.789378715838997
255174,1926.0,1927.0,71.0,-2.97458298379784
103685,27.0,229.0,173.0,-2.18971012398882
186705,72.0,1928.0,174.0,3.88474477044246
47051,14.0,1889.0,6.0,-6.00032554450785
426989,27.0,147.0,115.0,-0.0042133060667089
323009,150.0,1912.0,100.0,-3.7501224461334
323255,1926.0,1899.0,100.0,1.16150114959165
314510,1906.0,1912.0,186.0,-8.02895760217417
370775,48.0,1893.0,180.0,18.2372688868301
271250,82.0,85.0,74.0,-0.617941974431592
269291,1342.0,1883.0,74.0,-4.63130288605245
414622,1899.0,1909.0,114.0,0.558782351032339
330467,604.0,1906.0,101.0,2.23507660261244
191849,1888.0,1928.0,175.0,-0.933718831718079
3529,164.0,1918.0,1.0,2.50007864843978
312319,1889.0,1890.0,186.0,5.76773263831615
206419,1915.0,1895.0,177.0,10.4780579777663
10936,1885.0,1431.0,2.0,0.539878969032718
333237,1332.0,150.0,102.0,0.139809286376853
237811,1876.0,27.0,60.0,-5.4516260507529
261506,1907.0,788.0,73.0,-11.4458155015843
266378,101.0,1897.0,74.0,-1.78106006900442
426396,604.0,1431.0,115.0,2.6139832207323
341816,1894.0,1910.0,104.0,0.856203965239779
417328,1332.0,1903.0,114.0,2.79106514057681
342985,1896.0,1910.0,104.0,4.3657372584327
28848,1926.0,14.0,4.0,-1.75842598906462
238123,655.0,1912.0,60.0,18.4603158613515
264113,1920.0,788.0,73.0,1.58037280413155
49495,1904.0,1331.0,7.0,2.6181408290047
221218,160.0,72.0,56.0,-1.64946986775551
322239,1876.0,1911.0,100.0,2.82166162508317
260768,20.0,1908.0,72.0,-12.8917475548983
86563,136.0,17.0,172.0,2.54596895840952
276671,1889.0,1928.0,179.0,-5.37102115577166
24878,136.0,150.0,4.0,3.4236728655457
13298,1924.0,1671.0,2.0,-1.05779113079603
425275,1183.0,1891.0,115.0,0.215630458276674
334481,160.0,131.0,102.0,3.61129482916762
368151,1560.0,1886.0,180.0,-0.786638745311446
287168,27.0,1902.0,77.0,3.74010642218558
282754,3.0,1899.0,77.0,0.610761673350776
372905,1183.0,788.0,109.0,3.76012440503835
283802,1912.0,1908.0,77.0,-3.31894957828249
70738,1889.0,1910.0,13.0,4.10129626708039
170898,1913.0,1337.0,51.0,-11.5788798844003
257120,195.0,1907.0,72.0,-1.99272233804605
370420,544.0,1901.0,180.0,-7.50555064409365
304922,1912.0,1902.0,98.0,8.10278989786663
105475,1898.0,1928.0,173.0,-14.2881197572291
357160,1876.0,1347.0,108.0,-11.2248204840643
190971,655.0,1889.0,175.0,2.25724122088706
210516,1905.0,1894.0,178.0,-7.06825537085028
274757,1905.0,164.0,179.0,3.2254694985761
324121,1430.0,1431.0,100.0,2.46131767969117
368415,1883.0,195.0,180.0,1.21107578520645
163171,1903.0,1890.0,168.0,4.07707704418446
24270,1887.0,1882.0,4.0,3.27331440878167
204540,1885.0,1900.0,177.0,0.484424607558722
360343,3.0,1891.0,108.0,-3.8841964235087
360191,1430.0,101.0,108.0,28.1910278481781
416961,48.0,147.0,114.0,4.02749865681347
224377,147.0,1909.0,57.0,27.3044907042194
175947,1337.0,1878.0,52.0,2.01905622576911
331097,1337.0,1332.0,102.0,-7.46086739354797
397725,1559.0,1904.0,112.0,3.99039780990878
177467,1875.0,1882.0,53.0,-3.27475481548995
45670,164.0,195.0,6.0,0.735892177775282
62950,1919.0,1883.0,10.0,8.60505249026046
315855,1885.0,1890.0,99.0,-1.49289110775677
359134,20.0,1332.0,108.0,-5.05165935792732
322284,1904.0,17.0,100.0,-0.604604450393025
368987,1909.0,1897.0,180.0,2.25781937225252
177300,1877.0,1898.0,53.0,-1.99049823981231
54575,1879.0,1881.0,9.0,-4.97609692573288
372949,948.0,1887.0,109.0,-0.563204276193605
252000,1348.0,1224.0,71.0,0.796561632565378
259798,1913.0,1348.0,72.0,-2.51011104950711
213210,1904.0,131.0,55.0,-7.68988557217126
199968,1925.0,85.0,54.0,-11.2163431127078
232684,604.0,1348.0,58.0,2.99686095725073
270465,1876.0,5.0,74.0,4.77961724806698
14433,136.0,1671.0,3.0,0.479921315375544
31122,1894.0,18.0,166.0,-1.0338586153731
108892,1430.0,1909.0,45.0,3.86113317213106
187942,1337.0,1911.0,175.0,-0.808966440975701
261368,146.0,1900.0,73.0,0.508240817374643
254225,1905.0,1880.0,71.0,-3.37502469988067
112066,13.0,677.0,167.0,0.916256912546347
370110,1876.0,164.0,180.0,11.0809593876771
66399,1885.0,1883.0,12.0,1.91263679846288
168571,1224.0,1917.0,51.0,-1.44747135096492
251776,150.0,1922.0,71.0,2.55330765014222
338894,229.0,1922.0,103.0,-2.99238280316471
217413,160.0,1921.0,55.0,-16.3114144532977
413583,136.0,85.0,114.0,6.40498251763353
231656,3.0,18.0,58.0,2.10250404950057
184746,544.0,18.0,174.0,-4.08852155610037
28911,14.0,47.0,4.0,-8.93644897646364
58191,229.0,13.0,9.0,-2.80723669567349
73454,1924.0,47.0,13.0,10.1798507999997
66132,1891.0,131.0,12.0,1.1234770460182
227500,160.0,544.0,57.0,3.59655705930152
328006,1901.0,1892.0,101.0,-3.95589481417533
235321,147.0,1889.0,60.0,1.48310523015344
108923,48.0,604.0,45.0,-0.702402803846643
210308,1879.0,1901.0,178.0,-10.6081547056232
374866,20.0,1887.0,109.0,4.71541924085539
314739,1924.0,1876.0,186.0,4.71794345226321
44415,1559.0,101.0,6.0,-2.85850679156826
169709,1905.0,101.0,51.0,3.2612633605838
171854,1889.0,1908.0,52.0,4.77531736598247
198056,1331.0,131.0,54.0,3.32326318575341
193425,1430.0,1910.0,176.0,-3.08757208601645
312709,147.0,748.0,186.0,11.5350560813531
255637,1924.0,1882.0,71.0,-4.76469639368083
194174,748.0,1900.0,176.0,-3.05573810379744
173644,1891.0,1883.0,52.0,-2.69622819076882
269788,1877.0,1331.0,74.0,-4.66528332112071
238035,1876.0,1895.0,60.0,0.657937769755254
188380,1902.0,1224.0,175.0,-1.84530136890845
162726,1882.0,1923.0,168.0,0.666806857419077
12669,160.0,27.0,2.0,1.3992553471386
214476,1877.0,1347.0,55.0,-1.03292145735409
236906,83.0,1183.0,60.0,-2.83960745477778
226398,14.0,1901.0,57.0,4.35565271974717
281380,163.0,1876.0,75.0,12.6833012749969
190327,1925.0,146.0,175.0,7.09480675156853
435606,1878.0,1907.0,116.0,0.647667853336921
233021,27.0,1559.0,58.0,-8.10702419882604
74826,229.0,1559.0,13.0,5.91493874882816
172529,1909.0,1893.0,52.0,2.61767907577882
425856,163.0,82.0,115.0,13.1798468480995
272508,1921.0,788.0,179.0,0.522339209475092
368433,1885.0,1910.0,180.0,-4.10225337691766
7946,82.0,1224.0,1.0,2.27910054779984
336396,1912.0,5.0,103.0,2.93929402266946
372755,1891.0,1911.0,109.0,-1.57421916970245
400406,83.0,1431.0,112.0,0.343782863449341
100894,1347.0,1183.0,173.0,-1.97293353263377
204352,1891.0,1881.0,177.0,2.98506496804344
266459,1884.0,1560.0,74.0,3.08043391505252
167157,1887.0,1916.0,51.0,-0.0879763498114461
325796,14.0,1911.0,101.0,-6.46957122670586
360865,1332.0,136.0,108.0,-5.08852920431189
246094,15.0,1922.0,70.0,-4.87992110346151
187813,147.0,1907.0,175.0,2.703009615733
271669,1909.0,164.0,179.0,4.21681434317882
435881,1888.0,1910.0,116.0,-4.35444420819206
415548,1924.0,1883.0,114.0,-9.40532806311129
436842,1430.0,1431.0,116.0,1.58221714397343
240828,1560.0,1890.0,69.0,-3.87660294399316
90300,1926.0,1925.0,172.0,2.71813207937217
12236,1919.0,1431.0,2.0,3.52332006115788
89484,163.0,1912.0,172.0,13.482467258344
358022,72.0,1912.0,108.0,-0.833613050767733
12698,83.0,1905.0,2.0,-4.75036783719896
172263,1893.0,1927.0,52.0,-1.58567640283607
88705,160.0,1331.0,172.0,-7.72074580706667
9262,85.0,1895.0,2.0,-13.1077322534246
47334,1337.0,13.0,6.0,-4.25808499305876
332378,1888.0,1347.0,102.0,3.83148174722189
274431,163.0,150.0,179.0,3.27834324941715
68291,1877.0,195.0,12.0,-2.0763386131037
210314,1880.0,1887.0,178.0,1.63398387199392
334243,1925.0,1901.0,102.0,-0.654629990621999
279591,82.0,1923.0,75.0,-18.9239782104546
644425,1888.0,1902.0,175.0,-0.1536922951792498
184168,1331.0,1908.0,174.0,-2.27829128416806
344666,604.0,1913.0,104.0,-2.57623201371241
223141,1896.0,1928.0,56.0,-0.251936410876472
207808,948.0,1881.0,178.0,1.62960303491436
253832,229.0,82.0,71.0,10.1798230185883
12591,604.0,13.0,2.0,-2.24879734142099
313491,1925.0,1901.0,186.0,-1.46195836564007
243982,82.0,17.0,69.0,-6.41137487305764
329032,1342.0,1901.0,101.0,-10.7587058995744
327175,1899.0,1884.0,101.0,2.48135340549461
256423,1875.0,1893.0,72.0,-1.7479477830778
304629,1337.0,1890.0,98.0,11.6703801304428
209439,1347.0,1224.0,178.0,-5.79402730171613
272586,1884.0,1883.0,179.0,-2.01491601601721
28458,1337.0,1927.0,4.0,1.80345820747136
234933,1916.0,1910.0,60.0,6.76292021191913
4954,1891.0,748.0,1.0,1.64192107233469
52767,163.0,147.0,7.0,2.53673734949719
101484,1881.0,1921.0,173.0,-5.77902104478891
331689,1431.0,1907.0,102.0,-2.69453520713367
161212,1899.0,131.0,168.0,-4.72858359624177
246453,1881.0,1923.0,70.0,4.25713863596792
184542,1915.0,1923.0,174.0,-0.295269854639696
72761,1908.0,1923.0,13.0,1.11165713256182
279911,1342.0,1913.0,75.0,-2.75346888092815
199317,1897.0,1331.0,54.0,-3.21237820753631
170967,83.0,1922.0,51.0,-5.35781680019869
28083,3.0,1889.0,4.0,1.75189044698327
10552,47.0,1914.0,2.0,1.45148253729368
324969,1337.0,1559.0,100.0,-1.00010583407716
413852,47.0,15.0,114.0,-14.5899171413847
415965,48.0,1914.0,114.0,10.3891873764344
207933,1893.0,1917.0,178.0,-0.0887908333263112
213276,85.0,1903.0,55.0,-3.65191170344583
270293,1920.0,1905.0,74.0,2.50977684697884
202164,655.0,1925.0,54.0,7.5428886330857
8669,72.0,1928.0,1.0,-5.95707548082786
49277,1894.0,788.0,7.0,-1.41311608293898
171155,1430.0,1902.0,51.0,-4.71136857145645
316812,1895.0,18.0,99.0,3.19377766380063
262441,1909.0,1331.0,73.0,-2.45083815276249
273693,1902.0,1430.0,179.0,1.89537680519925
211600,1920.0,1896.0,178.0,-2.07537188054772
53236,82.0,1904.0,7.0,-3.07929383242107
179129,1895.0,1886.0,53.0,-2.05142928504674
259739,655.0,20.0,72.0,0.991970532812255
204703,1903.0,11.0,177.0,2.41604370483908
233120,1332.0,1882.0,58.0,-6.61654965781715
63803,163.0,1918.0,10.0,2.58571720825818
66874,1884.0,1882.0,12.0,8.04316751857265
252434,47.0,677.0,71.0,6.58447467931332
426648,544.0,17.0,115.0,0.643449072764398
52061,544.0,131.0,7.0,1.50784204263116
237011,14.0,164.0,60.0,3.75068914188312
61848,1896.0,131.0,10.0,-0.367935645180312
89039,1342.0,1892.0,172.0,-2.81773443771597
327803,1883.0,1914.0,101.0,1.09696601566724
301537,1880.0,1903.0,98.0,-0.752270732523729
375007,1894.0,1914.0,109.0,0.87509394757075
222733,48.0,1900.0,56.0,25.7778515372788
33514,1905.0,1912.0,166.0,-5.96570388728106
209429,1880.0,1348.0,178.0,-11.7115035129481
230619,85.0,1887.0,58.0,-5.76013819910331
260360,82.0,1912.0,72.0,-3.00441854569061
105966,1909.0,1882.0,45.0,1.884387386094
234176,136.0,72.0,60.0,0.993461869620097
96201,1885.0,1907.0,44.0,-8.06103098397715
371291,1926.0,1917.0,180.0,-9.8816019647081
344542,1877.0,1885.0,104.0,5.6581963449672
334716,1430.0,544.0,102.0,-1.32143159383015
329491,1342.0,1884.0,101.0,2.75425481195307
301699,948.0,1920.0,98.0,-2.75956780014186
183778,677.0,788.0,174.0,-1.50167575605726
339217,1337.0,1881.0,103.0,-4.19996363686483
398911,1908.0,131.0,112.0,-2.82617466964756
8080,1877.0,1886.0,1.0,-2.97357470327748
412926,1887.0,748.0,114.0,-0.924087358274556
323235,544.0,160.0,100.0,1.74026704908483
16041,1912.0,15.0,3.0,3.82997929649628
274613,160.0,1907.0,179.0,-2.72564506202326
422862,1881.0,1910.0,115.0,-0.41908866860454
88021,748.0,1911.0,172.0,-1.14961290228013
258499,1908.0,18.0,72.0,-1.90114588660727
344888,1913.0,11.0,104.0,-1.53732710934195
311042,1902.0,1915.0,186.0,-6.93980601447489
56676,1908.0,18.0,9.0,-2.74768083740959
281925,1886.0,1928.0,75.0,-10.3442307497135
399579,1913.0,788.0,112.0,0.542216489285489
105573,14.0,1347.0,45.0,4.20059432557217
358928,1909.0,1890.0,108.0,-2.81696947113868
31804,1896.0,1886.0,166.0,-2.74631121723617
45763,1885.0,1907.0,6.0,-4.46505743957506
222136,1919.0,5.0,56.0,-3.14821734624015
324342,20.0,18.0,100.0,-2.20923639634127
360568,1913.0,1889.0,108.0,-3.04299065640656
267806,1224.0,1892.0,74.0,-2.40299146253824
217446,1342.0,1890.0,55.0,-1.82102273617073
114096,14.0,11.0,167.0,-0.606596424867094
314436,27.0,1224.0,186.0,-0.454402319957319
426620,1925.0,1893.0,115.0,12.7860377054825
45507,1879.0,150.0,6.0,0.480023925227015
321252,195.0,1892.0,100.0,-1.86221935826739
88932,160.0,131.0,172.0,1.71336257980037
253717,1915.0,1923.0,71.0,4.35717360647009
243297,15.0,677.0,69.0,0.225800603739151
343466,72.0,1916.0,104.0,3.92623886500534
236864,1924.0,1883.0,60.0,8.56963120617993
68529,48.0,1881.0,12.0,16.4635033906949
313287,1915.0,1881.0,186.0,-1.66856443452053
88666,1920.0,1885.0,172.0,0.790716289849545
371802,604.0,1878.0,180.0,2.00450417982792
110469,1921.0,1928.0,45.0,4.03204634535502
210062,1889.0,1918.0,178.0,-7.20869812085984
368819,1903.0,195.0,180.0,-0.838273293990848
278793,1560.0,1901.0,75.0,5.82854802122345
70188,1924.0,1910.0,12.0,3.25966238711028
271000,604.0,1876.0,74.0,3.27380627490528
437586,82.0,1559.0,116.0,-1.30022908011818
197229,1884.0,1886.0,54.0,-1.65031637750496
254799,1925.0,1879.0,71.0,9.35057892364533
226874,83.0,1891.0,57.0,0.903430751269225
210405,229.0,85.0,178.0,1.65902407596099
195476,82.0,17.0,176.0,-2.34075407163878
98863,1924.0,146.0,44.0,6.14545390574044
95678,136.0,1875.0,44.0,7.26859525534422
252968,20.0,1889.0,71.0,5.952387748314
228120,1915.0,1560.0,57.0,-1.12385200577365
435786,1559.0,1880.0,116.0,0.0544584854437917
17954,1915.0,1888.0,3.0,2.01166288777927
639711,748.0,1902.0,186.0,-2.335464115297276
319098,14.0,1879.0,99.0,2.05105275514946
313101,82.0,1879.0,186.0,-3.53052548033641
194762,147.0,1914.0,176.0,2.0619107612279
98135,604.0,160.0,44.0,0.396820095690219
400084,27.0,146.0,112.0,-1.03698465604748
437339,1877.0,1917.0,116.0,-4.79441481445732
400066,163.0,1331.0,112.0,-7.09827482110933
191935,1926.0,1928.0,175.0,-4.23998811446994
5487,1888.0,13.0,1.0,-0.0713718908947957
283913,72.0,18.0,77.0,1.06945626801449
277894,1899.0,1892.0,75.0,-0.0762167869220019
193225,1917.0,17.0,176.0,0.0085716074039638
180109,1924.0,1913.0,53.0,5.78927699469926
285946,3.0,20.0,77.0,-1.25656992745587
207044,83.0,15.0,177.0,-2.55853597534816
182817,1885.0,150.0,174.0,13.9331528067544
332654,1879.0,1671.0,102.0,-3.63156133349206
56786,1879.0,1923.0,9.0,-6.18706217992837
220977,604.0,1883.0,56.0,-1.78362011943465
73005,147.0,13.0,13.0,2.59330393363803
58659,229.0,120.0,9.0,-3.03842479916215
187358,1878.0,120.0,175.0,-2.98117121602381
328419,27.0,47.0,101.0,-1.84699799897255
259164,604.0,1885.0,72.0,-1.53141537055325
415967,1342.0,1331.0,114.0,6.1779562740547
24722,1348.0,1923.0,4.0,-1.56862745423367
388311,1893.0,1908.0,111.0,9.31256597701529
166038,1923.0,1928.0,168.0,2.09494194074029
191042,1876.0,13.0,175.0,5.8043832226314
222003,160.0,1915.0,56.0,4.36418690367165
264382,229.0,1909.0,73.0,1.89548194917313
263345,1887.0,1224.0,73.0,1.42887888321448
215756,1342.0,1894.0,55.0,-1.07393278726249
269428,1913.0,164.0,74.0,0.575232626622418
180281,229.0,17.0,53.0,0.845934082916862
97542,85.0,1895.0,44.0,-7.96557108457271
167882,1898.0,1908.0,51.0,-0.837286998025545
25694,1879.0,47.0,4.0,-0.614903568205883
315534,1224.0,17.0,99.0,-0.93504782192591
371400,1876.0,1886.0,180.0,1.67602504670757
286966,1924.0,15.0,77.0,-9.92543616079169
258088,150.0,1908.0,72.0,0.86799554370842
88160,604.0,1908.0,172.0,-3.18333746578154
104201,1915.0,1879.0,173.0,4.19060008300908
322940,1885.0,72.0,100.0,-2.33002699159146
44269,1899.0,1901.0,6.0,-5.44208614126172
219454,1431.0,1918.0,56.0,-2.89530571210265
204049,1907.0,131.0,177.0,-2.38073463667746
258326,1896.0,1916.0,72.0,-6.1514068344943
312096,748.0,1348.0,186.0,-0.308739645517946
252397,1888.0,1893.0,71.0,4.83502595612348
252047,1889.0,1671.0,71.0,-0.420946759717449
374609,1902.0,18.0,109.0,-5.12360309742927
186623,160.0,1337.0,174.0,2.46473935153681
54828,1899.0,1883.0,9.0,-2.22341383436541
103668,82.0,1881.0,173.0,-4.3726066635428
203109,748.0,1916.0,177.0,-1.42131139699832
113043,47.0,72.0,167.0,0.590968948360933
278718,1671.0,1917.0,75.0,1.88351001012734
14931,1560.0,1918.0,3.0,-6.98268464566373
58559,229.0,1430.0,9.0,-0.538078447421602
167008,1331.0,18.0,51.0,-0.751471242784023
173637,1877.0,1332.0,52.0,-6.44482921296304
345377,14.0,1905.0,104.0,4.25117563215351
331569,146.0,147.0,102.0,-2.23256834238446
113975,544.0,604.0,167.0,-3.71839384907725
266981,1911.0,788.0,74.0,-9.4873662276124
324519,1877.0,1904.0,100.0,2.81059278848652
171068,544.0,15.0,51.0,10.0600143962869
45648,1904.0,1224.0,6.0,-0.0349732178130211
190661,82.0,1893.0,175.0,5.91247398348728
98262,1919.0,1923.0,44.0,-3.9372130797748
6824,3.0,1909.0,1.0,-9.30351953094299
266009,1925.0,14.0,73.0,0.0207951096270044
230949,1889.0,1917.0,58.0,-0.106671196810244
341531,948.0,1918.0,104.0,3.27261323486082
255744,160.0,1910.0,71.0,-3.67623143762837
174454,1915.0,1883.0,52.0,-0.4696993441483
103956,1926.0,146.0,173.0,-2.93915607263414
205210,1915.0,14.0,177.0,8.05286157610779
278477,1891.0,13.0,75.0,0.225486538270829
56095,1898.0,1927.0,9.0,-2.8248667144133
170703,1332.0,1878.0,51.0,-2.38366491577021
234659,1875.0,1917.0,60.0,0.88814118747776
319937,1919.0,1337.0,99.0,5.35957095280611
311752,1902.0,948.0,186.0,-4.70400965634001
285192,655.0,1898.0,77.0,-7.37944113437927
255517,20.0,1903.0,71.0,-4.54972008870272
335826,1342.0,15.0,102.0,-5.08231074640202
358118,1887.0,1895.0,108.0,4.09574391544539
30216,1183.0,1918.0,166.0,3.14105258365027
332290,1893.0,1882.0,102.0,1.57717195717999
69663,1924.0,120.0,12.0,-2.97485449983516
372374,1884.0,1921.0,109.0,-3.77602648496541
11351,27.0,47.0,2.0,-8.55572912869488
224117,1899.0,1903.0,57.0,5.04891136348301
214047,1888.0,5.0,55.0,2.60033391424211
361134,229.0,1342.0,108.0,-2.4151609973733
171528,47.0,1917.0,52.0,2.17655163112406
44560,1884.0,1897.0,6.0,-2.09683834895222
205725,27.0,1909.0,177.0,-13.3342963245596
184953,160.0,1881.0,174.0,1.64020820006532
49435,72.0,1901.0,7.0,-6.57331818254027
75532,604.0,1910.0,13.0,1.52854902523223
164964,163.0,1896.0,168.0,4.84615216272456
374282,101.0,1908.0,109.0,-6.64331775675845
262791,1902.0,1920.0,73.0,0.29107041488246
301698,1887.0,1910.0,98.0,0.287144211028625
436937,604.0,11.0,116.0,-0.963689353463031
424339,748.0,1347.0,115.0,-0.821260357941224
191617,83.0,1560.0,175.0,4.00725158841002
243444,1876.0,14.0,69.0,2.12174670382269
631517,1889.0,1902.0,44.0,-3.5005351047138946
108181,146.0,17.0,45.0,1.26869729410299
242538,101.0,195.0,69.0,-1.77297054027468
186319,1926.0,1900.0,174.0,0.903828383625751
302558,604.0,1922.0,98.0,-1.3540909759166
195109,160.0,788.0,176.0,0.818375128053091
214297,1899.0,1560.0,55.0,10.6701508450452
228771,136.0,1909.0,58.0,-2.0935372027278
186752,1224.0,1902.0,174.0,3.54362031438914
96386,1903.0,1898.0,44.0,1.79454400502619
322623,1897.0,1919.0,100.0,1.13609993722039
326477,1895.0,1224.0,101.0,-0.150581986923605
360129,83.0,1909.0,108.0,-5.90851575730938
114656,1924.0,27.0,167.0,1.46336431006323
220190,1883.0,1901.0,56.0,4.68043580285721
165254,160.0,1430.0,168.0,-2.31810122641495
102283,1183.0,1884.0,173.0,-1.7873424415735
222324,1876.0,1906.0,56.0,8.00162848738579
224808,1893.0,1560.0,57.0,-1.22826182296774
426461,1337.0,101.0,115.0,-0.282245614882107
272767,101.0,1895.0,179.0,-0.433299343334717
245407,544.0,1882.0,69.0,-0.656848305835733
88939,604.0,131.0,172.0,-0.321741456567074
4911,1908.0,15.0,1.0,-2.50394247760998
416797,655.0,1224.0,114.0,3.53247798050314
111162,1904.0,1907.0,167.0,2.09653384076665
170733,160.0,1560.0,51.0,-0.167116544952919
333679,655.0,85.0,102.0,0.945021647523412
325667,146.0,1901.0,101.0,-0.976144714631713
29143,1347.0,1878.0,166.0,-10.3647617489387
433809,1879.0,147.0,116.0,2.26920880336337
227170,1920.0,1905.0,57.0,1.59464251590894
60164,1431.0,1347.0,10.0,-6.40307439357371
58069,1877.0,5.0,9.0,8.23582671377067
337774,1885.0,1918.0,103.0,8.96545587505729
400898,604.0,1224.0,112.0,5.57591945142241
85403,17.0,1914.0,172.0,4.07844041684883
373045,1894.0,1912.0,109.0,-6.16332825409965
17010,1926.0,1909.0,3.0,3.46706158505464
61478,1880.0,1887.0,10.0,1.13889681731235
220735,1887.0,164.0,56.0,-1.60099238833873
300069,101.0,1886.0,98.0,-0.873648857527881
57564,1905.0,146.0,9.0,3.46169630279637
233730,1885.0,1928.0,58.0,-2.10489555519725
236075,146.0,1882.0,60.0,-0.716161336872793
101059,1903.0,164.0,173.0,3.77693888458301
277113,147.0,1887.0,75.0,-0.278168801407458
112418,131.0,1890.0,167.0,-8.05089858677719
374619,1878.0,1914.0,109.0,9.39274846194637
208148,1885.0,1560.0,178.0,0.995843348451969
97971,101.0,1894.0,44.0,13.7240010734881
227932,229.0,1900.0,57.0,-3.08862646628908
16915,1905.0,1331.0,3.0,-24.9591230974023
196645,1926.0,1560.0,176.0,-0.804158582602001
257389,1885.0,120.0,72.0,6.56853790968065
183665,1912.0,11.0,174.0,0.257208983089611
64226,1332.0,1886.0,10.0,-5.25871570350874
12915,83.0,136.0,2.0,-5.5297781074473
254425,1919.0,1879.0,71.0,5.53705992435857
358387,1331.0,1887.0,108.0,-3.33663944640137
222609,14.0,1882.0,56.0,11.4601258064555
245066,1915.0,1927.0,69.0,-31.6710290305771
206214,1920.0,20.0,177.0,3.83735715807855
338005,1559.0,748.0,103.0,1.28023660022403
45858,1881.0,15.0,6.0,-10.6482112222221
414258,164.0,1898.0,114.0,9.66899243308398
413550,1889.0,15.0,114.0,0.0823965220371865
108595,1919.0,1907.0,45.0,-4.03696019179006
52706,229.0,1559.0,7.0,12.3122743778332
205631,163.0,1914.0,177.0,6.05523116895932
227280,48.0,1896.0,57.0,11.6861612295078
372665,1886.0,1892.0,109.0,-2.69042048952555
30493,1906.0,1898.0,166.0,0.727240869215071
235910,1884.0,5.0,60.0,1.47883625313011
631705,47.0,1902.0,58.0,-3.0753672689145897
107967,1909.0,748.0,45.0,2.39479122973305
43485,120.0,1912.0,6.0,3.0737135358945
414294,1881.0,1907.0,114.0,-0.368144271373373
220071,1895.0,1889.0,56.0,5.18640324761535
69920,544.0,1671.0,12.0,3.97690299667099
187486,195.0,1918.0,175.0,-3.59279113713053
69251,1926.0,1877.0,12.0,16.7447382810992
227175,1876.0,18.0,57.0,8.20651158118982
110632,1899.0,85.0,167.0,-0.490748528232083
67024,1885.0,1348.0,12.0,-1.44638252860344
3651,1908.0,788.0,1.0,-3.47110444002284
231109,1891.0,147.0,58.0,6.28173863506145
342706,1912.0,131.0,104.0,-7.18776284177255
50153,1880.0,748.0,7.0,1.8591219256733
400042,1913.0,229.0,112.0,0.888916456902446
261726,85.0,788.0,73.0,0.450932078388558
95874,120.0,147.0,44.0,-2.60604733797811
257327,1559.0,120.0,72.0,7.51656501450482
171161,1896.0,1902.0,51.0,3.34487337416671
63357,3.0,146.0,10.0,1.6996081143078
73178,1899.0,1888.0,13.0,-0.592166308952634
273490,1885.0,1916.0,179.0,1.11897119936481
337659,1902.0,5.0,103.0,3.80425316394306
183355,1331.0,5.0,174.0,-3.61959869683901
47089,27.0,1889.0,6.0,-4.44894651266413
196146,1342.0,1348.0,176.0,-1.15783788869803
61074,1895.0,195.0,10.0,3.3659383026976
189369,1894.0,1901.0,175.0,1.37808680277134
299956,1899.0,1914.0,98.0,0.690833472238917
198908,1560.0,1894.0,54.0,3.84795888783082
199410,1919.0,1347.0,54.0,-2.83451067296947
333578,1893.0,677.0,102.0,-0.528162006608239
3687,136.0,146.0,1.0,-3.96124746316172
183213,1917.0,1922.0,174.0,-2.29910214794059
85394,146.0,150.0,172.0,-6.8349502671911
340715,1915.0,15.0,103.0,0.14299544560545
357939,1559.0,1916.0,108.0,-4.38625527625685
62980,1926.0,1898.0,10.0,-3.17354173245571
177054,101.0,1348.0,53.0,1.64350395074862
190519,1906.0,1884.0,175.0,-5.97866613965595
368330,1885.0,131.0,180.0,-1.4885554658272
29533,1884.0,195.0,166.0,5.7204742207086
46022,163.0,47.0,6.0,-0.968040551488438
110390,1430.0,47.0,45.0,10.4760387971477
398203,1884.0,1883.0,112.0,5.76793659517744
316809,1887.0,1895.0,99.0,-0.173122193212494
58270,1877.0,13.0,9.0,-3.73483315896256
205300,1342.0,1923.0,177.0,-7.71308272697831
279407,1890.0,18.0,75.0,-1.87848498226735
436495,3.0,1916.0,116.0,-0.929373409948165
106112,1891.0,1348.0,45.0,-1.38160176225267
241851,1887.0,1886.0,69.0,0.176698151711519
321663,136.0,1880.0,100.0,-2.081797222369
68080,1926.0,1183.0,12.0,0.486923252569039
59316,1922.0,1928.0,9.0,0.197744780355493
279951,1919.0,1881.0,75.0,-1.78271295042783
33040,160.0,1918.0,166.0,1.58747214425569
215883,1924.0,72.0,55.0,1.60280911768043
256654,72.0,195.0,72.0,0.71797601676221
75094,1332.0,748.0,13.0,-4.18355819452121
368031,101.0,1891.0,180.0,12.4901631665867
233902,146.0,47.0,60.0,12.4029489530434
16861,20.0,1881.0,3.0,-9.52400571863138
203122,1912.0,147.0,177.0,0.0436087438131561
184221,1919.0,1887.0,174.0,1.12017573235207
247941,1878.0,1886.0,70.0,6.99856947243187
273365,1886.0,1892.0,179.0,1.48190696276799
327534,147.0,1886.0,101.0,2.21256370376776
185384,655.0,17.0,174.0,2.1513521783916
180595,229.0,27.0,53.0,1.08169311876741
205792,1876.0,131.0,177.0,-4.65137567233741
110284,655.0,3.0,45.0,5.23135930857927
226736,1876.0,131.0,57.0,1.49437379954998
18059,1924.0,147.0,3.0,1.59351770462263
359289,47.0,15.0,108.0,-3.63117525809612
110406,1905.0,1928.0,45.0,0.162099046700387
174490,1926.0,1898.0,52.0,-23.1998750446165
263821,1886.0,748.0,73.0,-5.94947667933226
6704,1877.0,72.0,1.0,-1.82067255755074
58742,83.0,1878.0,9.0,0.607863084780239
96164,1885.0,1910.0,44.0,-3.42796808011091
168501,195.0,1910.0,51.0,-2.17260848021163
426181,82.0,1331.0,115.0,-9.05195353179129
171927,1560.0,1910.0,52.0,3.47059325220071
67195,1903.0,788.0,12.0,0.266873151805011
72664,1903.0,1904.0,13.0,7.31603522750659
26330,164.0,1908.0,4.0,-2.91757708332659
304260,14.0,1906.0,98.0,5.47844764742213
231518,48.0,1907.0,58.0,5.08386717686446
67915,1347.0,136.0,12.0,-10.0967964559256
102812,1912.0,131.0,173.0,-16.5709293557882
256620,131.0,1910.0,72.0,9.20851919796275
16644,229.0,18.0,3.0,-2.39168548882869
115588,160.0,1902.0,167.0,3.3044526214691
310216,1559.0,1889.0,186.0,-2.43489883859944
218309,1910.0,1927.0,56.0,-4.58758062242979
242726,1885.0,150.0,69.0,7.44826663085794
270093,163.0,1892.0,74.0,-6.80292322630519
204755,1902.0,82.0,177.0,0.575566666840314
186051,27.0,1912.0,174.0,-4.57936877327785
104670,655.0,544.0,173.0,11.7680868935238
72447,1560.0,1908.0,13.0,1.71802663312885
177948,1900.0,1914.0,53.0,2.76420323085417
67709,1879.0,1901.0,12.0,-4.29422972574293
180506,1925.0,1915.0,53.0,1.84089128630329
112786,18.0,1922.0,167.0,2.54476881382053
51639,82.0,1907.0,7.0,0.634175017480345
173826,11.0,1910.0,52.0,1.37484234235737
101869,146.0,131.0,173.0,1.73753458446402
44964,1899.0,17.0,6.0,-7.7472253480046
196629,160.0,1332.0,176.0,-1.26008847805612
285810,1877.0,101.0,77.0,17.3688478499558
240645,1883.0,1893.0,69.0,-1.47920488911673
110648,1889.0,1897.0,167.0,-0.663626699541879
224549,1878.0,1907.0,57.0,-5.7991079532627
198797,1224.0,1918.0,54.0,4.02016629414991
209153,1917.0,131.0,178.0,11.8749704833917
48916,948.0,13.0,7.0,4.37786352803836
185388,160.0,17.0,174.0,-0.749388988501883
367422,748.0,1431.0,180.0,-0.772538749876616
53079,1877.0,1560.0,7.0,0.622888802723262
255099,1337.0,1224.0,71.0,-9.04882618896483
66103,1875.0,1224.0,12.0,-1.80039945752477
198973,948.0,677.0,54.0,-0.768937739584235
301275,1671.0,1908.0,98.0,17.9297952422543
109802,1332.0,150.0,45.0,-1.7480049400099
45168,1899.0,1911.0,6.0,-0.76706023152098
66643,1918.0,788.0,12.0,18.3601334853013
88847,48.0,1431.0,172.0,1.5320920735099
163630,164.0,788.0,168.0,-5.14486718614701
3865,748.0,1898.0,1.0,4.29401362675536
317134,1884.0,1911.0,99.0,0.7228595524748
259655,1924.0,11.0,72.0,2.44827906804091
50567,1671.0,1923.0,7.0,5.74509587345855
264946,1913.0,1906.0,73.0,-0.436535670686788
52520,655.0,1875.0,7.0,1.79836438079799
173918,1880.0,748.0,52.0,4.37193997607864
31568,1560.0,15.0,166.0,-0.795442745262541
323611,14.0,1901.0,100.0,-0.76001677532216
162614,5.0,1910.0,168.0,-0.782649756927632
327841,1337.0,1347.0,101.0,-6.22851013748748
370033,1342.0,1923.0,180.0,-3.21204953798946
425643,655.0,160.0,115.0,5.77017802166055
324942,82.0,1912.0,100.0,1.43304925920566
71513,1889.0,1904.0,13.0,4.10601779617639
275341,1925.0,1892.0,179.0,-5.20769254307442
107568,1904.0,131.0,45.0,-9.01465080312377
340376,604.0,48.0,103.0,4.87062294248719
369828,1925.0,85.0,180.0,-1.30313906667637
192773,1431.0,1927.0,176.0,-0.32823910800721
204591,136.0,1885.0,177.0,2.33265211845127
241816,677.0,1901.0,69.0,-2.30754082734814
358873,1880.0,1898.0,108.0,3.38981503160377
312987,163.0,47.0,186.0,1.94277490344495
215308,748.0,18.0,55.0,9.22206792184915
254918,604.0,1348.0,71.0,-0.0643522549130892
184042,1431.0,1889.0,174.0,1.32284938417877
113214,1894.0,1898.0,167.0,1.47429869169684
190907,14.0,1905.0,175.0,4.35564512492237
5635,1878.0,1891.0,1.0,-16.3377045765569
231572,1924.0,1894.0,58.0,6.96445338720025
285116,163.0,195.0,77.0,-0.280258977154226
258217,85.0,1890.0,72.0,2.2897716189581
285828,3.0,17.0,77.0,1.54965162839376
269306,1926.0,1883.0,74.0,-14.2487423808567
216915,1905.0,1888.0,55.0,-3.04658306533986
183333,1885.0,1224.0,174.0,2.64420710781032
69494,82.0,13.0,12.0,-0.739958026549594
317234,1884.0,11.0,99.0,-0.252427956917376
50576,948.0,1915.0,7.0,1.92242338517409
164948,1920.0,1875.0,168.0,-2.45671109895541
310837,1879.0,1560.0,186.0,-2.1985463679344
244857,604.0,1430.0,69.0,5.05972577411391
370449,82.0,1892.0,180.0,3.76421672529086
357919,748.0,1908.0,108.0,7.18968989509946
107675,101.0,72.0,45.0,2.563863609461
242411,1348.0,1892.0,69.0,0.531537900008798
106025,136.0,1923.0,45.0,-1.04355486437938
360710,163.0,1348.0,108.0,-22.615545411688
435496,1899.0,1896.0,116.0,5.39034805696765
88920,1876.0,101.0,172.0,3.81389127457718
235236,1878.0,1903.0,60.0,-1.68197047480402
96456,1912.0,11.0,44.0,-5.31305396001952
368857,101.0,1922.0,180.0,4.7362080269251
106469,1893.0,1927.0,45.0,-0.271562905984713
264130,229.0,1919.0,73.0,-1.95914872045002
69157,655.0,1905.0,12.0,9.51772239713671
236027,1902.0,13.0,60.0,0.766149212069962
113458,1877.0,82.0,167.0,4.75998794467043
69315,1915.0,1905.0,12.0,6.42659052024558
215311,195.0,1331.0,55.0,4.3439863141496
207988,1894.0,1903.0,178.0,-2.95140691686654
437511,1919.0,1917.0,116.0,-3.78366192721954
179823,163.0,1916.0,53.0,0.208596528372721
69852,1920.0,748.0,12.0,1.66405734036455
303530,544.0,11.0,98.0,3.14377212035084
97303,1903.0,1896.0,44.0,6.85466816139905
252170,1883.0,1916.0,71.0,2.80249811010125
105310,655.0,15.0,173.0,-8.19287204823911
169281,27.0,1875.0,51.0,-5.11867069804387
228148,20.0,1908.0,57.0,-0.564756546632056
248940,1920.0,1894.0,70.0,-1.58165556131203
66929,1331.0,1882.0,12.0,-1.24693224736469
161668,1893.0,1927.0,168.0,-0.869288983345055
73543,82.0,164.0,13.0,5.8758720768785
162747,1921.0,1923.0,168.0,-1.02403915395367
642302,1903.0,1902.0,2.0,-0.791677108292665
272840,1891.0,748.0,179.0,-2.32271947479027
400096,229.0,1331.0,112.0,-5.72412822505954
170763,1920.0,748.0,51.0,0.0117939610931811
256392,164.0,1922.0,72.0,-0.264386600162488
401641,1915.0,1908.0,112.0,8.1378088398783
29344,1900.0,1560.0,166.0,-2.91236287222505
166854,47.0,15.0,51.0,-5.71844773118764
188576,1888.0,1348.0,175.0,0.107213754629004
106407,72.0,1904.0,45.0,5.75078157484968
335124,27.0,1888.0,102.0,-0.428618357511577
321445,1889.0,195.0,100.0,4.10731147202084
45417,1889.0,1910.0,6.0,1.24758430711317
371949,48.0,677.0,180.0,-8.64040489894808
61140,1897.0,27.0,10.0,-8.21836666258943
279530,1894.0,1923.0,75.0,7.33318592828752
96183,1891.0,72.0,44.0,7.09624763465343
332322,1888.0,1224.0,102.0,1.32308075662566
259657,1877.0,1891.0,72.0,3.10872928979251
111133,1560.0,1910.0,167.0,-4.81650859838464
310852,1898.0,677.0,186.0,4.97555814970074
316272,1881.0,1917.0,99.0,0.531052873902
57646,27.0,1885.0,9.0,-0.430815687482593
174521,1919.0,1881.0,52.0,-2.51629499158554
358114,1183.0,1884.0,108.0,-0.184513115878355
104382,163.0,1904.0,173.0,5.43536616968447
199749,1888.0,1908.0,54.0,-3.84855612972471
99181,1906.0,1879.0,44.0,-0.603474960769326
32325,604.0,1887.0,166.0,1.4408676722317
210928,83.0,229.0,178.0,-9.63291968996902
208387,85.0,748.0,178.0,-0.703960834158433
221767,1925.0,150.0,56.0,-1.06994566438849
334239,1342.0,1331.0,102.0,-11.6377775624978
282175,1881.0,1901.0,77.0,-0.933106982706171
55223,1431.0,1914.0,9.0,0.537074531504823
414122,1559.0,1331.0,114.0,-0.879933176038241
162035,1892.0,1927.0,168.0,-2.92241304262915
413910,101.0,1891.0,114.0,10.9010174539446
16947,1877.0,1909.0,3.0,-4.84154009758134
324524,160.0,1875.0,100.0,6.29527431089271
278732,1893.0,11.0,75.0,1.0544442989783
391283,3.0,1902.0,111.0,-0.18591935468616
331080,15.0,18.0,102.0,-3.71895806636634
218907,82.0,1911.0,56.0,3.59607109573355
374778,948.0,120.0,109.0,4.35775011519963
388332,948.0,1924.0,111.0,10.4335210040164
332071,146.0,1908.0,102.0,-3.57837457392215
16769,1342.0,195.0,3.0,-7.3206602764782
188628,1900.0,1914.0,175.0,10.620893738102
175547,1924.0,27.0,52.0,8.51353902893196
46630,1876.0,1892.0,6.0,-1.82258147064249
102299,146.0,1898.0,173.0,-3.61297931592677
18815,17.0,1902.0,3.0,-9.32898777445379
247812,948.0,1881.0,70.0,-2.81827787649402
237533,1926.0,131.0,60.0,-4.02779795460827
215085,1903.0,1912.0,55.0,-1.42982908861749
311033,1183.0,1923.0,186.0,-7.16181856219157
6741,48.0,164.0,1.0,21.273633059348
54365,101.0,5.0,9.0,-2.69581501557116
26557,1888.0,1903.0,4.0,-2.48829367691578
285559,1924.0,146.0,77.0,2.27393324259369
168042,1560.0,15.0,51.0,-4.29173844351008
205916,83.0,544.0,177.0,-3.98863024245643
399774,1926.0,788.0,112.0,3.32821225522423
96927,1880.0,47.0,44.0,0.483956229295807
230196,1904.0,1897.0,58.0,-3.92667158265009
261581,85.0,1892.0,73.0,2.04724775125522
224256,1331.0,1890.0,57.0,2.33298797035332
48541,1875.0,18.0,7.0,-0.20588509950129
194899,655.0,1183.0,176.0,5.6062777682795
200739,1430.0,17.0,54.0,0.428727426885526
373172,1560.0,1895.0,109.0,0.849420112867612
415049,1885.0,1897.0,114.0,-1.24413527584162
173000,1183.0,17.0,52.0,-1.81666784467916
164580,1430.0,677.0,168.0,-1.10507416450368
85459,136.0,1560.0,172.0,10.0691411577545
237268,83.0,229.0,60.0,-6.34171452052892
16102,47.0,1911.0,3.0,1.4868663031667
55121,47.0,5.0,9.0,-0.594045325354946
436483,655.0,1885.0,116.0,3.62593733333863
258416,1912.0,1917.0,72.0,-6.6883811527946
375410,1906.0,1901.0,109.0,2.2397441855687
111792,164.0,1896.0,167.0,2.57687174097639
212336,1332.0,1900.0,178.0,-11.0143052683959
32003,1926.0,47.0,166.0,7.38002624476715
242849,1878.0,1900.0,69.0,-0.552307874006632
235194,1913.0,1910.0,60.0,-2.05730120083972
284366,195.0,1882.0,77.0,-2.65711597547343
376054,229.0,101.0,109.0,13.4891070346088
111528,150.0,677.0,167.0,5.80463378057396
236406,1875.0,1921.0,60.0,1.4879737721452
109883,160.0,1886.0,45.0,11.4492899065954
361555,1430.0,1921.0,108.0,-14.1922184283714
389568,48.0,1914.0,111.0,-5.58769648969179
179316,1924.0,85.0,53.0,-14.6710050279796
389388,14.0,1881.0,111.0,3.78522791247822
272453,1885.0,1922.0,179.0,3.45842926450494
357984,1893.0,1927.0,108.0,0.415929783526403
211345,163.0,1891.0,178.0,-2.38095570633322
318395,1906.0,1881.0,99.0,-3.32431351234178
190124,229.0,1885.0,175.0,0.983250748611226
203928,1896.0,1890.0,177.0,1.20321380011995
435215,1922.0,1921.0,116.0,-7.12762182492919
271391,1920.0,1337.0,74.0,-4.63438735647489
163309,147.0,1881.0,168.0,2.41467338105417
114811,20.0,120.0,167.0,-11.433358690038
426711,82.0,1893.0,115.0,16.2581020480218
25037,11.0,1918.0,4.0,1.86284199482566
345915,1926.0,1876.0,104.0,6.76968339564833
170490,1915.0,1886.0,51.0,0.264699610579561
50745,101.0,1331.0,7.0,-0.965307687750098
191017,1906.0,13.0,175.0,0.149660502194615
57339,1926.0,1898.0,9.0,1.92706314529263
66324,101.0,1897.0,12.0,-3.17746458367218
30798,47.0,1922.0,166.0,-7.41443007326303
197051,163.0,18.0,176.0,0.964889418584944
332230,1431.0,1892.0,102.0,-0.785484520660911
85872,164.0,1912.0,172.0,9.10557393041005
254683,160.0,20.0,71.0,-2.25180839039668
43546,948.0,1893.0,6.0,-5.21069091975017
30526,1875.0,1917.0,166.0,-3.04927282454446
336218,1347.0,85.0,103.0,3.2103956861873
90170,1925.0,1903.0,172.0,3.19302870777898
114518,544.0,1875.0,167.0,1.57943613282301
165207,82.0,1888.0,168.0,4.78110466309577
376924,160.0,1671.0,109.0,6.28313242392979
242488,1909.0,72.0,69.0,-0.491161936082439
258379,1885.0,5.0,72.0,2.50496162834035
435781,150.0,1897.0,116.0,-0.222035703868587
194557,1332.0,1899.0,176.0,0.988068378855122
270026,1430.0,1891.0,74.0,-2.30804960513631
300669,1897.0,1921.0,98.0,-3.49416302440528
203990,1671.0,15.0,177.0,-2.7892341963037
417326,20.0,1903.0,114.0,7.54082317790602
104782,1926.0,147.0,173.0,4.40678006307899
262764,1431.0,1347.0,73.0,1.86168691776532
400424,82.0,11.0,112.0,6.73687377039483
32715,1905.0,101.0,166.0,-5.71799047535949
340018,1913.0,18.0,103.0,0.445767844009374
368441,101.0,1892.0,180.0,-1.54495684412554
330120,1342.0,83.0,101.0,-4.7099707907424
206478,3.0,1889.0,177.0,-14.0651084363578
192205,1885.0,85.0,176.0,1.98877379693939
101793,1907.0,17.0,173.0,2.93863686367798
73037,1887.0,1903.0,13.0,-5.48170301644045
264783,1926.0,5.0,73.0,6.8633358678537
342896,147.0,1431.0,104.0,3.45478408837669
64677,1925.0,677.0,10.0,-0.21819287105399
8614,1910.0,1902.0,1.0,1.01420977746977
268759,1883.0,1347.0,74.0,-1.97132976416204
172595,1347.0,1882.0,52.0,-3.78937723281112
376283,655.0,1896.0,109.0,2.31192451277248
633592,1904.0,1902.0,180.0,-1.848420040388306
57584,82.0,18.0,9.0,-3.17243692349391
18319,1919.0,1878.0,3.0,2.07158412310888
367687,101.0,11.0,180.0,3.39357711586079
269205,1337.0,788.0,74.0,-9.53415052376676
270389,544.0,1904.0,74.0,-4.58626431272978
229219,1892.0,1901.0,58.0,-0.607311256690219
356885,1887.0,1916.0,108.0,-6.53987839545911
250777,1915.0,1876.0,70.0,6.8991488751987
107844,1891.0,1671.0,45.0,-4.81411632217565
106919,1909.0,1224.0,45.0,-1.94439557963619
339278,604.0,1887.0,103.0,0.841367603215122
199804,1913.0,1911.0,54.0,-1.02997825389581
417068,1913.0,748.0,114.0,2.29325303215611
186102,1915.0,1559.0,174.0,-2.7422862306938
399866,1877.0,72.0,112.0,-0.0229192744762618
180655,1876.0,1895.0,53.0,-4.60698094916268
219333,101.0,136.0,56.0,-7.50422685504046
415078,1912.0,1900.0,114.0,-2.72468600518804
101327,1879.0,1917.0,173.0,-1.26982834122778
97813,11.0,1914.0,44.0,-1.27926326337957
86980,1886.0,195.0,172.0,6.91291245397084
243500,1925.0,1883.0,69.0,-3.61942448620822
247280,120.0,1901.0,70.0,-1.53105910527085
9869,1894.0,1560.0,2.0,-2.3001629482727
342717,1879.0,1922.0,104.0,-4.59878829340577
47908,1332.0,85.0,6.0,1.66532582986788
72841,1885.0,1927.0,13.0,-1.17730623437191
58669,27.0,1559.0,9.0,-1.11993349713026
214062,147.0,1431.0,55.0,2.17857233536331
229491,5.0,1918.0,58.0,1.14205156005746
400221,655.0,146.0,112.0,-1.08094548594173
99138,14.0,677.0,44.0,-8.3340135574889
281936,1903.0,1928.0,75.0,-6.52764068468699
312652,1902.0,1921.0,186.0,-5.7783229521609
401680,160.0,1337.0,112.0,4.11422944900941
329041,544.0,1331.0,101.0,-19.9381628239994
284093,164.0,1431.0,77.0,-0.431986240370687
328576,1926.0,18.0,101.0,-1.63546665276153
279223,1884.0,1886.0,75.0,4.01432805815393
178404,164.0,1881.0,53.0,5.41024335410613
213986,948.0,1924.0,55.0,-1.94657515857262
90236,1925.0,14.0,172.0,-12.1844670644696
374852,1889.0,72.0,109.0,-3.1717459248063
44855,1883.0,5.0,6.0,-1.63520425380253
377313,1430.0,1928.0,109.0,-0.598414236321814
89892,1906.0,1878.0,172.0,3.36685766774182
322276,1897.0,17.0,100.0,0.432715168177893
90232,82.0,1922.0,172.0,0.82794266445893
276379,3.0,1890.0,179.0,-0.0783787924630495
337991,1431.0,788.0,103.0,-0.966888844957834
259720,20.0,1896.0,72.0,-13.3268892747712
4400,1224.0,1917.0,1.0,0.544594162553648
209515,1347.0,1910.0,178.0,-8.0308120480268
225411,948.0,1890.0,57.0,1.99919601594942
180896,14.0,120.0,53.0,-7.097806288226
329271,604.0,1347.0,101.0,5.6838507362388
99789,1905.0,1430.0,44.0,-2.15214377195567
267238,146.0,1907.0,74.0,-0.367225937111447
7824,14.0,20.0,1.0,8.21024454038026
240923,677.0,1914.0,69.0,-2.83352554979707
315213,27.0,1902.0,186.0,-3.37787050461689
316537,47.0,1917.0,99.0,-0.319916974490377
332932,101.0,1331.0,102.0,-1.413642185708
372635,146.0,1431.0,109.0,-7.46708418106924
247640,1889.0,1912.0,70.0,-0.315090365380388
45674,948.0,1331.0,6.0,5.14459812830161
220937,1915.0,14.0,56.0,-2.45254340989057
67758,1559.0,1916.0,12.0,3.06866267770962
28938,1883.0,1928.0,4.0,1.22490542069589
64585,1877.0,748.0,10.0,6.85337160028137
188403,1899.0,85.0,175.0,1.81484168359777
285065,1342.0,1919.0,77.0,-18.5509209811027
268382,146.0,15.0,74.0,2.18460713628325
26675,1920.0,18.0,4.0,1.44537925874682
242121,1887.0,748.0,69.0,-3.34653678177938
642668,85.0,1902.0,102.0,-0.8643608447109794
318481,1876.0,229.0,99.0,-1.74865114774749
344583,163.0,1916.0,104.0,11.5398944186657
18384,544.0,1924.0,3.0,13.7453190573203
198215,1886.0,15.0,54.0,5.11264162041236
264385,604.0,1926.0,73.0,8.07957602827027
26639,1898.0,1916.0,4.0,-1.37002366997247
369642,1899.0,1884.0,180.0,1.44574674324481
639670,1903.0,1902.0,101.0,-4.922592852239704
64098,229.0,1917.0,10.0,-4.83414351138453
275782,27.0,147.0,179.0,2.49694846357514
343811,1903.0,1910.0,104.0,5.76869301710821
10527,1887.0,1892.0,2.0,-5.15580462716354
340161,1876.0,5.0,103.0,6.57737695753728
17519,604.0,101.0,3.0,10.9645593930987
371649,1342.0,1876.0,180.0,-2.47732115008186
45938,1877.0,1922.0,6.0,1.21754766671829
236055,1894.0,1916.0,60.0,1.51225686837606
29066,1882.0,1902.0,4.0,-2.94304239828122
274288,1559.0,1890.0,179.0,1.94355951112832
202612,1183.0,1914.0,177.0,2.6538597560354
276684,1893.0,1928.0,179.0,16.5259185420387
327610,1891.0,788.0,101.0,0.959824915974367
227459,1915.0,13.0,57.0,4.80291444196455
416299,20.0,677.0,114.0,-4.95186088224516
277197,1183.0,1888.0,75.0,1.87521580064597
237904,655.0,13.0,60.0,-3.01352673357098
424238,1880.0,1885.0,115.0,-1.47543771729681
218448,1892.0,1921.0,56.0,1.03139870511278
174910,1337.0,1914.0,52.0,-5.6197688837586
27899,1877.0,1875.0,4.0,2.15043630955489
51955,1913.0,1914.0,7.0,0.72628008174077
202812,1921.0,1923.0,177.0,-1.01839434978632
250311,604.0,1888.0,70.0,-0.924797790494482
367597,1884.0,17.0,180.0,1.3201984137002
173361,1875.0,1888.0,52.0,-11.9535319114252
14240,1894.0,17.0,3.0,1.03884205575576
171845,120.0,1922.0,52.0,1.28782547082608
11996,1919.0,1880.0,2.0,2.74414126535693
59965,1900.0,1917.0,10.0,0.29937832002955
273075,164.0,5.0,179.0,0.19656259250523
216874,1337.0,1918.0,55.0,-6.99388337226001
104991,544.0,1332.0,173.0,1.4531246106322
97462,1560.0,1908.0,44.0,-2.05690911417272
190915,3.0,544.0,175.0,-0.125586794231891
52763,1876.0,120.0,7.0,1.34653057828771
182752,1900.0,1911.0,174.0,0.863296939509728
253655,1332.0,788.0,71.0,-0.405560896540169
60937,1890.0,1923.0,10.0,-0.0517998658781139
339537,20.0,1904.0,103.0,-0.336655627121881
358379,1920.0,13.0,108.0,0.133160515287569
33635,1877.0,120.0,166.0,-3.54308885469985
233426,544.0,1903.0,58.0,11.6214829512394
335999,147.0,1928.0,102.0,1.84121312512196
33752,82.0,1430.0,166.0,1.4350355359626
361445,1924.0,677.0,108.0,-7.50326411576524
281342,604.0,1342.0,75.0,-4.62361741351268
249029,1337.0,1901.0,70.0,3.59528705889062
104948,27.0,1927.0,173.0,-31.5458014333375
434592,1899.0,1910.0,116.0,-11.8294869559597
401669,1924.0,1910.0,112.0,-2.12222301857601
329224,1905.0,1914.0,101.0,1.81496596565581
62537,136.0,748.0,10.0,7.18788832353361
263325,1893.0,1900.0,73.0,1.10852137553898
72460,82.0,1332.0,13.0,-3.01427494260666
28370,655.0,120.0,4.0,0.744151827959449
50159,147.0,1917.0,7.0,-0.0113201612133887
331982,1875.0,120.0,102.0,3.26404058798255
229668,948.0,1337.0,58.0,1.27944167541772
231302,1886.0,17.0,58.0,-2.25707051573946
43170,1907.0,677.0,6.0,-0.404497148782825
165963,17.0,1902.0,168.0,-2.59833666358793
186744,18.0,1928.0,174.0,-1.72125326144956
198251,47.0,1224.0,54.0,1.77694719893788
375342,82.0,72.0,109.0,1.93492804184302
311421,1896.0,1910.0,186.0,5.90277270850973
370047,3.0,1894.0,180.0,1.85268374470949
433660,1331.0,1887.0,116.0,2.69264623111899
241311,1907.0,5.0,69.0,-0.530510154880428
277434,136.0,72.0,75.0,4.69470717003459
329678,604.0,27.0,101.0,18.9503413383553
71374,1875.0,1908.0,13.0,-0.948064816388765
280312,83.0,1909.0,75.0,-9.68933500324521
427656,1332.0,1922.0,115.0,0.963696968954673
66463,85.0,1883.0,12.0,0.13946043732847
101393,1884.0,1912.0,173.0,17.6313901528532
390722,163.0,1560.0,111.0,-5.70284633739312
220208,147.0,677.0,56.0,0.420952762495649
26889,1877.0,1919.0,4.0,-1.31087863172026
194413,1879.0,1224.0,176.0,-0.218521463178927
13100,20.0,1559.0,2.0,-5.84316079294687
322451,72.0,1923.0,100.0,-0.330692819216872
320723,47.0,1560.0,100.0,0.448270639679195
197123,14.0,1928.0,176.0,1.86383851475354
326616,136.0,120.0,101.0,-0.461773666810911
66919,1431.0,1894.0,12.0,8.16895328976177
71309,1887.0,131.0,13.0,-0.894077257987672
268866,1884.0,1887.0,74.0,-1.07895487826378
174375,655.0,82.0,52.0,15.0693536484837
253175,1183.0,1894.0,71.0,7.7988859959476
338633,1884.0,1896.0,103.0,1.66144149675289
627519,147.0,1902.0,103.0,1.2074954598574197
45878,948.0,136.0,6.0,5.18023856692222
315359,1331.0,1907.0,99.0,-4.46318351165624
254432,229.0,1347.0,71.0,-0.168524303217983
417737,14.0,1928.0,114.0,0.0679348517923219
388671,748.0,1893.0,111.0,1.44401857207472
300727,1881.0,1897.0,98.0,5.82821460276537
253624,1342.0,1908.0,71.0,-2.37818255212974
391036,14.0,1890.0,111.0,3.97384011902672
248291,1907.0,18.0,70.0,-0.0913932966326691
68681,1905.0,1885.0,12.0,-1.40256237988884
65779,147.0,1921.0,12.0,9.5620416703876
229976,1894.0,1903.0,58.0,-3.96841821510907
104937,1342.0,1886.0,173.0,-4.70644091696849
301233,1881.0,1910.0,98.0,-8.68189980571779
171777,1671.0,1224.0,52.0,2.33214630126961
48813,147.0,1894.0,7.0,1.01600011839464
231660,1430.0,1907.0,58.0,11.2796126671887
218983,72.0,164.0,56.0,-2.01194212295536
7886,1877.0,1927.0,1.0,1.86043723197479
190314,1915.0,1892.0,175.0,-3.7183977278766
13096,3.0,83.0,2.0,-4.94211403940342
230319,1559.0,47.0,58.0,3.068936054857
282361,1893.0,17.0,77.0,0.146864007786909
193261,1183.0,1896.0,176.0,4.84548208574338
424302,1917.0,1910.0,115.0,1.98738939999144
275416,1920.0,1893.0,179.0,-1.91192624999546
312050,1876.0,1332.0,186.0,-4.76764594457649
112847,1885.0,1895.0,167.0,-2.34295264009116
387962,1348.0,1916.0,111.0,-6.42050022489923
176205,83.0,1922.0,52.0,-6.3107577733475
281559,1332.0,85.0,75.0,-1.78328443243675
98215,82.0,677.0,44.0,-0.344677474041424
373384,1912.0,748.0,109.0,-3.98410221472256
73268,948.0,1898.0,13.0,-0.212927914043521
173697,147.0,677.0,52.0,-1.85006903949683
244826,163.0,1559.0,69.0,-0.320076128112528
179908,27.0,146.0,53.0,6.34710328182618
339480,160.0,1913.0,103.0,0.64352251320807
281080,160.0,48.0,75.0,-0.591304649685687
319045,14.0,1893.0,99.0,5.94641069105694
56549,101.0,1886.0,9.0,-1.96714109641074
437534,604.0,147.0,116.0,7.18220560168594
245288,1337.0,1903.0,69.0,-0.113809999035997
190634,1915.0,1893.0,175.0,4.94834291619936
190292,160.0,604.0,175.0,0.74077476802244
218145,1896.0,1917.0,56.0,-2.54094352757507
259395,48.0,1431.0,72.0,2.71134946587692
316784,1912.0,1887.0,99.0,-1.64770431037212
174920,1337.0,17.0,52.0,4.32609734534722
68955,3.0,1891.0,12.0,-5.08659120638813
426553,229.0,655.0,115.0,4.22390251824548
372034,20.0,1921.0,180.0,-8.69103459758648
243106,1884.0,1901.0,69.0,3.2054482134423
272653,101.0,120.0,179.0,-0.464255743693554
245958,120.0,1907.0,70.0,0.171291902553681
47346,160.0,1224.0,6.0,3.35091283366182
344435,14.0,1901.0,104.0,-1.08087658048249
95443,1898.0,131.0,44.0,-7.09540942920349
177234,1878.0,677.0,53.0,1.24670353441428
398144,1892.0,1923.0,112.0,-3.69839053660564
65266,1878.0,1916.0,12.0,-4.92407964926038
45593,47.0,1922.0,6.0,-1.32758068901889
201012,1925.0,1884.0,54.0,13.0726135969068
198344,101.0,15.0,54.0,-2.76108249439824
372087,1927.0,1902.0,180.0,1.28578617624935
397596,47.0,13.0,112.0,-8.51821064869943
302498,1920.0,18.0,98.0,-4.4224633930425
201345,14.0,1918.0,54.0,-3.0824655617664
336896,1899.0,1918.0,103.0,6.41689682276738
223938,948.0,14.0,57.0,-1.76632015756225
436404,1876.0,1331.0,116.0,-11.8660809953187
331823,1903.0,1917.0,102.0,-7.57209907965482
265602,1332.0,748.0,73.0,4.9692273603612
88514,163.0,72.0,172.0,0.692452965520436
168767,164.0,1897.0,51.0,-3.24948272569998
221809,229.0,1891.0,56.0,-0.857754124016763
319947,655.0,1921.0,99.0,-7.28418710181814
358084,1918.0,1927.0,108.0,0.400963397958124
273917,948.0,1879.0,179.0,-2.60921386910308
341245,1921.0,1928.0,103.0,8.84228761765069
260961,1920.0,1928.0,72.0,1.45848366834612
197326,1899.0,1927.0,54.0,3.61459962897734
8257,604.0,1921.0,1.0,-1.41293284574534
212748,1893.0,1922.0,55.0,2.43481146877084
175366,1925.0,1904.0,52.0,1.48190188252262
114417,82.0,5.0,167.0,0.909666115604396
262853,1891.0,748.0,73.0,-1.0208873475959
48221,1914.0,1928.0,6.0,-3.63346314958169
6388,82.0,47.0,1.0,1.46636741998129
397839,85.0,1903.0,112.0,-9.70731874314678
281282,1430.0,1559.0,75.0,9.1445263845223
201451,1920.0,1559.0,54.0,-6.81433468731307
273086,1347.0,1879.0,179.0,-1.28328686345009
335953,15.0,1928.0,102.0,1.67839123667425
222813,1924.0,1911.0,56.0,-4.48446028687686
75662,1224.0,1902.0,13.0,3.59685727010418
173305,1879.0,13.0,52.0,-5.34312587311326
29489,146.0,1892.0,166.0,-4.17181244619868
259291,1906.0,1880.0,72.0,3.28834895483946
90413,1901.0,1902.0,172.0,-22.1165216068699
268272,1895.0,1890.0,74.0,-2.85223612400627
107845,1875.0,11.0,45.0,-2.96164306190474
49415,72.0,1927.0,7.0,0.912786815599665
52274,1337.0,1896.0,7.0,-8.52570981011746
427225,1906.0,1886.0,115.0,4.37805779000979
17981,27.0,136.0,3.0,2.59173299300862
164434,3.0,5.0,168.0,-2.44793338424283
247788,150.0,1901.0,70.0,4.83656193694668
267215,150.0,15.0,74.0,1.3865498160388
49557,1875.0,1923.0,7.0,2.78375130656739
194308,1888.0,1893.0,176.0,-1.38926580074169
206291,48.0,1904.0,177.0,-0.16786513654632
15598,1877.0,1899.0,3.0,7.22481345294432
637235,748.0,1902.0,74.0,3.691528116025385
274485,1926.0,1922.0,179.0,3.56980646917763
376704,1924.0,120.0,109.0,2.73951872672811
89150,48.0,1884.0,172.0,11.4361810575589
340520,3.0,1920.0,103.0,-0.413096460165157
225632,1883.0,1916.0,57.0,-2.30811957942582
198265,1895.0,47.0,54.0,0.958080225552549
167721,1911.0,131.0,51.0,-2.87050007160033
397147,1904.0,788.0,112.0,3.49295445511368
270172,3.0,101.0,74.0,-1.79113131438204
372001,160.0,1910.0,180.0,-0.365766077894762
98789,1905.0,1916.0,44.0,-0.777011699434839
44810,1347.0,1907.0,6.0,-4.68810385328996
263327,1879.0,788.0,73.0,-2.79707176587221
173556,1883.0,1892.0,52.0,-3.76139096774686
247063,1886.0,1897.0,70.0,-1.19488031435694
197751,1889.0,1882.0,54.0,0.810391814243005
192779,85.0,1883.0,176.0,-0.129906324891961
318110,48.0,1183.0,99.0,12.9198988863495
372625,47.0,1927.0,109.0,0.211541493957411
223422,1917.0,1890.0,57.0,-1.55052050639533
227487,1925.0,1224.0,57.0,2.53856756942812
171060,48.0,14.0,51.0,3.27957834539004
50411,1879.0,1348.0,7.0,-10.2168283637274
437922,163.0,1878.0,116.0,2.39911830598285
399874,83.0,1915.0,112.0,1.74779211890779
15738,1919.0,1332.0,3.0,-1.58193585032163
276612,229.0,1337.0,179.0,9.08301778506809
50722,1882.0,1918.0,7.0,2.89836006052256
279147,1883.0,1897.0,75.0,4.03776259382647
69442,1925.0,1917.0,12.0,0.4094299606854
69231,1925.0,13.0,12.0,4.31425829776206
226276,3.0,1919.0,57.0,-2.29493728559442
427029,1342.0,1912.0,115.0,-3.91546617629015
175322,655.0,1915.0,52.0,-1.4530953688796
175700,1332.0,120.0,52.0,-3.86286421153893
191138,1913.0,1886.0,175.0,-2.20746023032247
433860,1895.0,1904.0,116.0,-1.72529425162767
230376,1909.0,1883.0,58.0,0.287831330820799
179720,1924.0,72.0,53.0,-7.28431495902554
56757,677.0,1923.0,9.0,-2.73075354177155
56857,47.0,13.0,9.0,7.14961972606776
254684,1905.0,544.0,71.0,-11.1593767141027
227622,1906.0,20.0,57.0,32.3129200397984
415375,48.0,160.0,114.0,7.1329476362904
113920,27.0,1885.0,167.0,-8.54603858203604
111352,1903.0,17.0,167.0,2.97787681103572
372404,101.0,1224.0,109.0,-0.811756151332633
252680,1887.0,1916.0,71.0,5.50165026710587
268225,1911.0,18.0,74.0,0.880384685999526
225254,47.0,1914.0,57.0,-6.79923910512718
9182,150.0,195.0,2.0,-3.13263472838513
55081,1905.0,1347.0,9.0,-1.16274596904241
197849,1430.0,1332.0,54.0,-5.56367689465116
99721,160.0,147.0,44.0,9.42920289962511
303671,1915.0,1889.0,98.0,-1.84348258030681
326009,1886.0,1898.0,101.0,-4.29609130304942
170344,1924.0,1224.0,51.0,0.792830998886176
358259,1877.0,150.0,108.0,-2.76409416872541
360623,160.0,1896.0,108.0,-0.249148664132124
45850,1893.0,195.0,6.0,-1.34969759258213
330922,1893.0,1911.0,102.0,-2.94568901132592
30453,1893.0,1911.0,166.0,1.85739980636792
108220,1900.0,1923.0,45.0,-1.39994444890318
104720,655.0,48.0,173.0,6.7855154102952
66436,1903.0,1910.0,12.0,-1.67161284821091
58126,83.0,1348.0,9.0,-5.18112088981721
224039,147.0,1881.0,57.0,-0.207985323478116
88735,1905.0,1880.0,172.0,-10.6949668905333
204892,1878.0,1885.0,177.0,1.38701842652865
373077,1899.0,164.0,109.0,11.6540195411109
273670,1892.0,17.0,179.0,-71.1427669514202
433257,1895.0,1927.0,116.0,0.966995595661764
319650,229.0,1920.0,99.0,-0.531799907107298
9323,1898.0,1912.0,2.0,6.16710757009893
201655,1920.0,83.0,54.0,2.2744382432662
256257,72.0,1893.0,72.0,-1.9391557418784
61179,85.0,1901.0,10.0,0.0018963258717403
75622,136.0,1928.0,13.0,4.42180211505334
253216,1888.0,17.0,71.0,2.35772414037804
389998,1332.0,1879.0,111.0,1.26063048788835
390939,82.0,20.0,111.0,0.0967404748099154
203220,72.0,15.0,177.0,-0.862826362162491
248732,1913.0,1923.0,70.0,-5.69909436206154
43592,1894.0,788.0,6.0,3.31433822432189
334172,229.0,1926.0,102.0,2.2884500613312
100297,3.0,14.0,44.0,4.24877607218078
280103,229.0,1881.0,75.0,8.80339674852251
188086,1875.0,17.0,175.0,-1.50001826163486
414312,72.0,1916.0,114.0,-7.92085516022675
74695,1919.0,20.0,13.0,1.4844568418961
337343,1348.0,788.0,103.0,-2.1053049597144
229255,5.0,1882.0,58.0,1.68034796723919
371720,1913.0,1903.0,180.0,5.83141891113034
231406,1915.0,1919.0,58.0,10.3533620434608
423508,1885.0,1887.0,115.0,2.7414020401073
214674,1888.0,1916.0,55.0,-4.36706197068621
207450,1912.0,1928.0,177.0,-8.17325003450275
47463,1906.0,1917.0,6.0,-2.29964190691795
270795,160.0,1920.0,74.0,-1.47048530669874
206938,1925.0,1876.0,177.0,-1.56854004233405
342227,1893.0,788.0,104.0,1.77765905158272
344454,1919.0,1881.0,104.0,9.90342110152875
88936,1926.0,131.0,172.0,-3.39169930871747
335796,1915.0,1890.0,102.0,-3.36646015667369
373927,1880.0,1914.0,109.0,0.715052755892446
223504,1912.0,1560.0,57.0,3.34822613536825
253173,1886.0,1921.0,71.0,-7.39621255810751
179444,604.0,18.0,53.0,-12.6285690389055
97514,17.0,18.0,44.0,-16.1618770786519
88484,1919.0,1881.0,172.0,-0.734499902789829
327853,1887.0,1908.0,101.0,2.39997288359634
377048,82.0,1908.0,109.0,-2.52036145123268
238474,1924.0,1342.0,60.0,11.632704259229
168187,1878.0,1890.0,51.0,-1.51010312287957
247565,131.0,1901.0,70.0,-2.33929675173844
104523,82.0,1348.0,173.0,-5.79855076487177
433298,1875.0,131.0,116.0,-1.88360490412668
185010,14.0,146.0,174.0,-1.68218371148301
45001,1332.0,1910.0,6.0,-3.83827182968483
325726,146.0,5.0,101.0,6.71199953630846
260287,1919.0,1912.0,72.0,5.86154974193385
255429,1915.0,15.0,71.0,-0.554405865648739
322273,1183.0,1885.0,100.0,-5.0889316102845
367482,1559.0,1431.0,180.0,0.988104369186009
336062,136.0,1898.0,103.0,-0.891646355556025
225309,1893.0,1886.0,57.0,3.54119749701617
172910,17.0,1890.0,52.0,-2.62691310344583
333887,655.0,82.0,102.0,5.66713573884929
226498,655.0,1880.0,57.0,-2.15731639135611
263101,85.0,1900.0,73.0,-0.286722532236262
435024,1331.0,1224.0,116.0,0.138332526754438
260346,544.0,1886.0,72.0,-2.58587006220279
17775,1925.0,1877.0,3.0,1.33390753622751
215064,948.0,17.0,55.0,8.63268564404798
325229,82.0,1890.0,100.0,-3.83628691729924
55145,146.0,677.0,9.0,4.08132108297032
191802,544.0,1910.0,175.0,2.32255751517329
237776,20.0,544.0,60.0,1.5546730489197
346269,1925.0,1337.0,104.0,5.05013206069609
28205,544.0,48.0,4.0,8.2965429429413
169073,1925.0,1883.0,51.0,-8.42939868736728
269701,1925.0,1885.0,74.0,2.14443623709242
102861,1902.0,1882.0,173.0,11.6754970747473
330132,163.0,83.0,101.0,3.35780624972814
199888,748.0,1882.0,54.0,3.63910562902621
221045,1877.0,788.0,56.0,-1.9475944793261
436647,1430.0,1885.0,116.0,-2.51239381058895
162326,136.0,1880.0,168.0,3.22205089865366
372184,1905.0,1928.0,180.0,-7.76234630160417
251449,1348.0,1922.0,71.0,5.49478072938538
168682,1883.0,1888.0,51.0,-3.09466270753546
340562,1905.0,1559.0,103.0,1.65434658143679
210032,146.0,1560.0,178.0,3.06908371330761
426625,1920.0,1895.0,115.0,3.10788973311824
252034,146.0,11.0,71.0,5.04647680283345
368195,1224.0,1910.0,180.0,0.55178147741455
344327,1342.0,788.0,104.0,-2.88257749732566
266233,1926.0,1928.0,73.0,10.8251531762399
259581,1332.0,677.0,72.0,-4.93094708915952
60300,1883.0,1923.0,10.0,-0.973943877984711
302249,1916.0,1917.0,98.0,-3.52756874630931
62217,1881.0,1917.0,10.0,2.56077415040885
86751,1183.0,1911.0,172.0,-2.11375794717521
184817,160.0,72.0,174.0,2.50996994419895
270734,229.0,1430.0,74.0,-3.36943903090124
424745,1899.0,1918.0,115.0,-2.82798606715649
214165,147.0,1671.0,55.0,-3.12253985927916
219843,1886.0,1917.0,56.0,-5.48211172392612
163306,748.0,788.0,168.0,-2.07010696083653
426506,1925.0,1347.0,115.0,-5.06687354078482
114566,82.0,1348.0,167.0,-8.79309530898675
361635,1914.0,1902.0,108.0,-2.22738425110064
8932,136.0,1898.0,2.0,-2.5502378751669
417076,655.0,136.0,114.0,-6.7548513924266
247344,1915.0,1911.0,70.0,3.65483081500435
230206,1559.0,72.0,58.0,0.424096742858285
265500,1926.0,1888.0,73.0,5.18681270580513
276191,229.0,1342.0,179.0,-5.19683365100454
324687,1919.0,13.0,100.0,-1.70353447035132
390966,82.0,1337.0,111.0,-8.16808340196524
424490,146.0,1900.0,115.0,-1.94288124068342
164368,1876.0,1885.0,168.0,12.156040638599
174284,655.0,18.0,52.0,1.24209421022669
301719,1893.0,131.0,98.0,-0.0838725381408076
254385,1924.0,1913.0,71.0,5.18708210460348
74986,14.0,1671.0,13.0,1.64061961392121
333938,1332.0,1883.0,102.0,-0.265999145143549
313840,1342.0,17.0,186.0,1.23120885618593
330384,83.0,15.0,101.0,-3.4803654533145
281246,1924.0,136.0,75.0,-19.016046342287
6115,195.0,677.0,1.0,2.68174427006734
285469,1337.0,1916.0,77.0,-6.96777499667029
275961,1876.0,120.0,179.0,7.37801219049831
175742,1905.0,1886.0,52.0,-6.82029374803575
107501,1904.0,1331.0,45.0,0.314357636135561
266453,1559.0,1879.0,74.0,0.985038771821886
234078,1903.0,1908.0,60.0,-3.20775110728556
104762,27.0,1917.0,173.0,-6.76735462038487
415373,544.0,160.0,114.0,4.61022015397559
416292,655.0,5.0,114.0,1.25396280526121
67799,1671.0,1923.0,12.0,2.21964229450803
234609,146.0,1912.0,60.0,2.80823911881131
32627,1913.0,544.0,166.0,-1.5403764841199
29216,72.0,18.0,166.0,-2.34235154012224
28345,1905.0,1430.0,4.0,3.99223874657041
316966,13.0,1916.0,99.0,-0.810856582496194
198734,1875.0,1880.0,54.0,0.760539415722205
316815,1896.0,1887.0,99.0,-0.635639542397704
629384,195.0,1902.0,178.0,-13.410927737417468
177988,1559.0,85.0,53.0,-2.08444577946805
52572,48.0,1348.0,7.0,7.31195051636792
435282,120.0,1431.0,116.0,24.0944707643458
342449,47.0,1896.0,104.0,-1.24303669284583
220852,1925.0,1908.0,56.0,-4.89996848149089
320835,1892.0,1922.0,100.0,-4.51970139426022
304075,1905.0,1917.0,98.0,2.78187995198245
324852,163.0,1927.0,100.0,-7.18358881147162
268484,147.0,1904.0,74.0,1.82964831032049
61916,1898.0,17.0,10.0,-2.89218254515918
171214,1923.0,1928.0,51.0,-3.79107137680384
272117,150.0,788.0,179.0,-3.69797458494785
114046,82.0,131.0,167.0,-0.813910229258801
169876,1342.0,1893.0,51.0,1.04505635642444
108435,1920.0,1883.0,45.0,-3.82449816707434
254296,1342.0,146.0,71.0,0.211961606433036
258258,1898.0,13.0,72.0,0.73024784507426
24714,1902.0,788.0,4.0,0.922690558161759
242751,1887.0,1888.0,69.0,0.522863257451375
357207,1888.0,1918.0,108.0,2.15370917793555
73609,48.0,1919.0,13.0,0.695234264306187
396817,147.0,1903.0,112.0,3.078185421631
316129,1888.0,1922.0,99.0,-0.668181257206937
31422,1875.0,1883.0,166.0,-0.95583751096536
172679,147.0,1922.0,52.0,-0.023328470951701
59934,1911.0,788.0,10.0,1.28970348601274
10187,1896.0,195.0,2.0,-5.99681557689702
70932,18.0,1921.0,13.0,3.45808007242233
267385,1559.0,1892.0,74.0,-0.72708599722383
314575,27.0,1559.0,186.0,-4.34423430371307
172496,1919.0,1332.0,52.0,-4.44746473206005
208392,1901.0,18.0,178.0,-6.19791469140181
215121,1885.0,1908.0,55.0,-8.0595285288053
45625,1891.0,1898.0,6.0,1.73602595607711
271515,5.0,1902.0,74.0,4.12628491756009
178529,72.0,1901.0,53.0,-2.17082047525812
213892,1883.0,1881.0,55.0,-2.53994779201467
247908,1906.0,1347.0,70.0,-4.38639429133951
46152,544.0,195.0,6.0,1.66985535898954
211505,1342.0,1904.0,178.0,1.72359852341663
345073,544.0,11.0,104.0,-4.95649749322999
55483,1916.0,1901.0,9.0,1.86307622995628
337051,1883.0,1923.0,103.0,1.43732515275237
67283,1891.0,1923.0,12.0,1.95620403262776
234387,1183.0,1348.0,60.0,1.20240310877039
262181,1183.0,15.0,73.0,-1.47331645843576
299852,85.0,1917.0,98.0,-0.0952701518542442
33729,48.0,1560.0,166.0,1.89912939529445
312005,1876.0,1899.0,186.0,6.9037709618401
50233,1911.0,15.0,7.0,-3.23829100501151
4809,1671.0,1893.0,1.0,-1.77819009482256
108122,1883.0,1560.0,45.0,0.445851761392491
108043,1878.0,15.0,45.0,-7.98859896453843
75021,544.0,136.0,13.0,-3.48769076774444
312629,146.0,1897.0,186.0,-9.71633225696361
388495,1895.0,195.0,111.0,-5.17040367963335
188560,1875.0,1923.0,175.0,-0.882684833159372
340356,1920.0,1559.0,103.0,1.35495562499213
25333,1902.0,1908.0,4.0,-3.98559894872097
359636,604.0,82.0,108.0,1.17016632399052
87560,120.0,1892.0,172.0,-3.16307904228735
279191,150.0,677.0,75.0,1.141255021184
46948,1924.0,101.0,6.0,20.8413291806785
51783,1342.0,1914.0,7.0,-4.23437953734741
206056,1337.0,677.0,177.0,-14.3165461291358
317116,1875.0,1224.0,99.0,-1.3550533331743
417129,1332.0,748.0,114.0,-0.995847183940305
101226,1903.0,1882.0,173.0,-0.981377473337261
161787,146.0,788.0,168.0,-0.893336532062808
333755,655.0,47.0,102.0,6.43042032278125
311313,1876.0,1887.0,186.0,7.32191358151242
71108,1886.0,1901.0,13.0,-8.00429871509453
320976,1347.0,131.0,100.0,-0.729884369826097
8725,229.0,1928.0,1.0,0.0216772996710771
322748,1908.0,1917.0,100.0,0.594825407190283
209063,1902.0,1914.0,178.0,-7.09571429312948
26099,1888.0,1224.0,4.0,2.76632115820772
7073,655.0,1431.0,1.0,7.67667747317429
100550,1884.0,1893.0,173.0,-0.756677575177647
223983,1893.0,1331.0,57.0,-1.09493550332097
50337,1224.0,1914.0,7.0,0.31263338457981
17881,1925.0,27.0,3.0,-1.30603393206091
251933,1183.0,131.0,71.0,-5.15030255945821
69040,229.0,150.0,12.0,-1.45085121271001
31578,163.0,1910.0,166.0,-3.94689691366226
57338,1926.0,229.0,9.0,1.516380785612
229096,1875.0,1912.0,58.0,-5.09391383782329
259120,1332.0,229.0,72.0,-6.20801939832589
56916,17.0,1914.0,9.0,-0.840926072299474
229426,72.0,13.0,58.0,5.65211781405872
368603,20.0,1899.0,180.0,4.7857245397758
70151,544.0,14.0,12.0,0.105731454474524
327494,1880.0,1884.0,101.0,1.32545954399748
637236,1671.0,1902.0,74.0,4.440288376390376
236972,1915.0,164.0,60.0,7.50757058425851
99801,1913.0,1559.0,44.0,-2.17852578710385
237626,160.0,1892.0,60.0,0.0349966544817528
264145,14.0,1883.0,73.0,6.10118662255519
55307,1347.0,1899.0,9.0,-4.47671275202248
416434,160.0,150.0,114.0,-4.85923094482928
391031,3.0,1906.0,111.0,9.96466328440882
96160,948.0,1882.0,44.0,-8.9265345474869
18891,1922.0,1902.0,3.0,-2.47750417042163
102816,948.0,1887.0,173.0,-3.42575031805388
169699,1919.0,1914.0,51.0,-1.52394566985581
246779,120.0,1900.0,70.0,-0.708090579134717
437444,1919.0,136.0,116.0,-3.61528058532535
227455,229.0,1224.0,57.0,0.858174423595771
106686,748.0,1224.0,45.0,-5.90473573412202
69505,1924.0,48.0,12.0,9.53137803631167
398123,136.0,677.0,112.0,-0.0162243039279234
323147,948.0,1899.0,100.0,2.77076597523428
170446,1905.0,1917.0,51.0,-4.78018244453557
300652,1903.0,17.0,98.0,1.05453808597639
311825,85.0,146.0,186.0,1.81701228778345
367314,1878.0,1918.0,180.0,-1.43414056487294
114569,1906.0,1895.0,167.0,6.66437069734472
106668,1902.0,1896.0,45.0,-0.989508191232218
75238,1926.0,1924.0,13.0,4.99347122123624
66050,72.0,1921.0,12.0,-3.58953716642959
184345,120.0,1894.0,174.0,1.19577043101421
191088,1919.0,136.0,175.0,-0.628524308444623
203404,1886.0,1883.0,177.0,-1.77980212706963
198073,1903.0,1900.0,54.0,-0.0706388709474159
284121,1894.0,1917.0,77.0,2.08139458205229
328779,48.0,1898.0,101.0,-7.14172254001962
185822,1332.0,1918.0,174.0,1.93509278039644
373511,136.0,1907.0,109.0,-0.445264312454829
319728,1920.0,120.0,99.0,2.47578918325673
231177,147.0,1887.0,58.0,2.79146387723792
273176,5.0,1917.0,179.0,-22.5214207077902
231169,1884.0,150.0,58.0,2.09643203528186
104861,1337.0,1671.0,173.0,3.11517831169658
182797,1560.0,5.0,174.0,1.03987563809853
319846,1913.0,1882.0,99.0,-0.804829232860842
322878,195.0,1914.0,100.0,7.24968670469184
342027,101.0,1927.0,104.0,1.00780931671925
398966,1887.0,1897.0,112.0,-2.91787933867205
59930,83.0,150.0,10.0,0.234166106016491
196087,163.0,1896.0,176.0,-0.916897591230701
166916,1902.0,1560.0,51.0,-0.262083981781775
95954,1893.0,1898.0,44.0,-6.16913155140211
277787,1891.0,47.0,75.0,24.6257182656547
400584,1925.0,1895.0,112.0,4.18472762999521
201640,83.0,1671.0,54.0,-3.40824059320107
4192,1882.0,1892.0,1.0,-3.02568184131145
249375,1337.0,1885.0,70.0,-3.09299568215862
25457,1885.0,146.0,4.0,2.73759220678751
369989,1906.0,1183.0,180.0,-4.30103751539671
370728,27.0,1884.0,180.0,9.51393395311859
361692,1878.0,1928.0,108.0,-4.81368138789275
367803,1887.0,13.0,180.0,0.653797110511614
317276,1900.0,131.0,99.0,1.20230175438044
192514,1347.0,1927.0,176.0,-5.11453957287665
188702,748.0,18.0,175.0,3.9257847022389
300681,11.0,1923.0,98.0,0.971138317692747
370054,655.0,195.0,180.0,-5.40814956282975
323005,1891.0,47.0,100.0,18.1071523434593
170761,1877.0,1900.0,51.0,-4.5226437076408
47509,1906.0,1886.0,6.0,-2.81758721287106
302323,1887.0,72.0,98.0,1.76914412179369
338893,1926.0,1922.0,103.0,-4.02171159255827
274835,1915.0,1881.0,179.0,-1.02845894081885
5224,1887.0,195.0,1.0,0.0982833992556205
285422,1924.0,1901.0,77.0,-1.10596203898836
374534,136.0,1880.0,109.0,1.70517433667402
427559,1924.0,1671.0,115.0,1.01753775665974
267753,164.0,1431.0,74.0,1.83260773351788
167635,1559.0,15.0,51.0,-4.88709932425058
257353,1888.0,1922.0,72.0,-0.658363045547995
197897,1891.0,11.0,54.0,0.519540626725219
55043,1896.0,72.0,9.0,-3.82449989172351
437773,27.0,1882.0,116.0,-2.10760744560017
224746,1431.0,1918.0,57.0,3.11894568451829
196718,1905.0,1906.0,176.0,2.03536268586521
101343,136.0,47.0,173.0,3.84915087313036
43375,1903.0,1897.0,6.0,-3.87968336389203
115022,229.0,1342.0,167.0,3.58949257101856
209946,1878.0,5.0,178.0,-3.82616725420401
273271,101.0,1908.0,179.0,-7.02272512136223
48129,1337.0,1921.0,6.0,-7.27113381300622
235512,1887.0,748.0,60.0,-1.80505741172188
413405,1880.0,147.0,114.0,4.95955313372084
311374,1183.0,1912.0,186.0,2.77754153678943
333436,101.0,13.0,102.0,0.703082600326226
187044,1559.0,677.0,175.0,-5.24088793353963
425343,1560.0,1888.0,115.0,-2.72371303485307
233462,604.0,15.0,58.0,4.62541850289582
401537,160.0,1903.0,112.0,3.12715754919775
311334,1898.0,1348.0,186.0,-1.080008106369
375546,160.0,1909.0,109.0,-1.10331728801576
372965,1875.0,164.0,109.0,2.91592503903263
58927,1915.0,1337.0,9.0,-8.12240931972916
360268,1915.0,1884.0,108.0,-9.36818673615989
184154,1559.0,47.0,174.0,0.55558159606544
54167,85.0,1898.0,9.0,-1.05267602249302
268933,1885.0,1887.0,74.0,-2.21683863056708
285669,1919.0,1879.0,77.0,-1.87969483574595
184788,1332.0,1881.0,174.0,-8.16394560137823
312339,1892.0,1914.0,186.0,3.10428481995579
427290,1925.0,1888.0,115.0,1.73026415837366
242404,1560.0,18.0,69.0,-3.9358195196919
90367,1224.0,1928.0,172.0,3.5845533543648
54814,1887.0,1907.0,9.0,-0.709289184076812
253389,1889.0,1912.0,71.0,4.39309686448871
216418,83.0,1884.0,55.0,0.233578235646003
3637,1884.0,195.0,1.0,-1.82618242510588
71406,1875.0,788.0,13.0,-8.52281437349582
183886,1907.0,17.0,174.0,-0.949336791875429
198622,1897.0,1876.0,54.0,2.63029234199052
248589,120.0,677.0,70.0,1.05061667484111
332021,1917.0,1923.0,102.0,-0.35247154885589
371953,604.0,3.0,180.0,3.80514545056221
18855,1920.0,1928.0,3.0,-6.6665980956472
199300,1884.0,131.0,54.0,0.332977948041288
72688,1884.0,18.0,13.0,-2.3769833898673
44371,163.0,1911.0,6.0,4.39360956005482
47966,48.0,1882.0,6.0,8.35061404856616
52270,83.0,1893.0,7.0,8.54799048841255
95653,1348.0,1890.0,44.0,-1.5455807429128
43512,1879.0,1886.0,6.0,-1.0854617664231
32844,1342.0,1892.0,166.0,-6.86397012427995
425716,1913.0,1919.0,115.0,12.486406484914
219998,1895.0,1927.0,56.0,0.778735614524031
46705,1924.0,5.0,6.0,4.10830105933052
332186,1890.0,18.0,102.0,2.87671143135374
33700,1332.0,1878.0,166.0,-3.37408789451076
191749,1925.0,3.0,175.0,-3.60770020488472
279274,1889.0,1881.0,75.0,1.68024284760439
319788,604.0,1342.0,99.0,-16.580799233046
373368,1897.0,1922.0,109.0,-13.3243579247612
31150,147.0,11.0,166.0,-4.77087138053883
203710,1347.0,1894.0,177.0,2.44482074419265
203237,101.0,136.0,177.0,-0.550061334689747
201134,163.0,13.0,54.0,3.47422459229168
371387,1877.0,1927.0,180.0,3.52873376524472
265847,544.0,1878.0,73.0,0.534599829790522
274354,1431.0,1917.0,179.0,3.13012283926169
300791,1885.0,1896.0,98.0,3.09674738010101
50979,1347.0,146.0,7.0,-0.602650624859999
206178,1905.0,1896.0,177.0,4.47100887690877
47143,48.0,13.0,6.0,-1.98350804433827
162067,195.0,1900.0,168.0,1.30274909252587
18679,27.0,1921.0,3.0,-17.6196376064832
214794,1891.0,1898.0,55.0,1.00565779509052
437897,229.0,1921.0,116.0,-17.1884285307748
189784,1924.0,1907.0,175.0,-5.27633726196152
262944,136.0,1878.0,73.0,-8.33605252869554
74729,1925.0,27.0,13.0,7.96537576218413
172283,1880.0,1908.0,52.0,-0.0467657415730839
44356,1881.0,1889.0,6.0,-2.22755383732412
342221,1899.0,677.0,104.0,3.91789349876687
67672,1903.0,1907.0,12.0,-1.01487386961552
7022,20.0,1885.0,1.0,-3.11011271392217
322228,72.0,1911.0,100.0,4.03725485543437
388130,195.0,1911.0,111.0,-2.05142423247907
105515,83.0,1928.0,173.0,-26.1258458562624
46738,1919.0,1914.0,6.0,3.75022099053623
67765,147.0,748.0,12.0,-1.12897182061149
371868,82.0,1337.0,180.0,-6.52842720091244
196521,1924.0,1886.0,176.0,-2.50288414045886
328251,146.0,195.0,101.0,-3.27042167628552
31625,748.0,1893.0,166.0,4.31348653826571
332687,1891.0,146.0,102.0,6.49525297481113
315028,14.0,1908.0,186.0,-1.13165542735699
60787,1901.0,1927.0,10.0,-1.24612786892224
52932,1430.0,1559.0,7.0,4.18509077432972
106358,1887.0,1886.0,45.0,-3.069593967667
190130,82.0,1331.0,175.0,-4.9169688427879
215809,1876.0,1901.0,55.0,-5.26070708593446
186945,1899.0,1882.0,175.0,1.8469193205182
243282,72.0,1923.0,69.0,2.85303845973127
624682,1903.0,1902.0,6.0,-2.1145130077388
176560,101.0,1889.0,53.0,4.9737429851767
256547,1880.0,1911.0,72.0,-0.379671665410384
437438,1926.0,1559.0,116.0,-0.880044103276258
629390,1671.0,1902.0,178.0,-2.259048304688725
168561,195.0,1907.0,51.0,0.141214555904185
175754,1337.0,20.0,52.0,4.86457818960146
247596,1894.0,195.0,70.0,-2.67695098394221
269560,544.0,72.0,74.0,4.89038073494509
166507,1875.0,1888.0,51.0,-9.68438275279065
264512,1430.0,1880.0,73.0,-2.57786633574189
274396,1884.0,788.0,179.0,4.29624096089017
69215,1925.0,1896.0,12.0,-5.71072647043983
334351,1876.0,131.0,102.0,-0.323335252219802
340679,1919.0,1878.0,103.0,-0.924757044715939
17377,1905.0,1431.0,3.0,-4.07485269608886
105307,1877.0,18.0,173.0,0.598950792188869
52149,1926.0,5.0,7.0,11.2675497498433
241144,1899.0,1884.0,69.0,0.597675065077441
223142,1559.0,1928.0,56.0,0.924241406404629
234175,1560.0,1908.0,60.0,-3.19900779285879
66031,1347.0,1908.0,12.0,-9.36083695458039
181601,1559.0,1928.0,53.0,-2.79639333132413
427554,1332.0,15.0,115.0,-5.13599503476762
374837,1917.0,1882.0,109.0,-2.62286520244516
340275,229.0,1224.0,103.0,2.38480127918111
277039,1886.0,1894.0,75.0,0.789074085935866
397341,1899.0,13.0,112.0,1.95346015465677
259138,1337.0,195.0,72.0,-10.5340148833499
232339,14.0,677.0,58.0,-8.86395258433987
368610,1879.0,1908.0,180.0,1.35569571972848
172349,1875.0,1912.0,52.0,1.5189809088474
107987,1898.0,1900.0,45.0,-3.75679423510167
110772,1431.0,17.0,167.0,4.57953935695002
399672,1905.0,72.0,112.0,-0.857447413146066
189105,1907.0,1882.0,175.0,3.66207619613936
282179,1896.0,1224.0,77.0,-3.58574653037884
166530,146.0,1910.0,51.0,-3.09631560135597
280353,1430.0,1914.0,75.0,-1.54943025678284
215153,1910.0,1922.0,55.0,4.08675100722114
263135,1907.0,1882.0,73.0,2.10618238689538
212869,101.0,1898.0,55.0,1.95408629870229
358688,1885.0,150.0,108.0,15.1831277714167
264625,1913.0,1896.0,73.0,-0.820901494244932
283866,1887.0,1889.0,77.0,-0.450730703956373
301451,164.0,1348.0,98.0,-1.29324873616039
415997,655.0,1913.0,114.0,5.08054082216902
273843,1875.0,1911.0,179.0,3.5155721684312
17936,1876.0,13.0,3.0,3.02079485923411
105073,1924.0,748.0,173.0,-3.80808621985741
50522,1884.0,5.0,7.0,1.61102526268914
248654,1925.0,160.0,70.0,4.43994762055902
427060,229.0,1912.0,115.0,1.58485325664854
280662,1905.0,18.0,75.0,-7.02391904306138
99118,1877.0,101.0,44.0,5.87020038238937
358819,1886.0,1911.0,108.0,-0.183900534695534
230576,1890.0,18.0,58.0,-1.15885306021516
320518,1883.0,1901.0,100.0,2.11883372733962
178995,1331.0,1917.0,53.0,-4.34441854717613
436693,544.0,163.0,116.0,11.0813446355863
423428,1885.0,195.0,115.0,1.43568559837607
14525,1224.0,131.0,3.0,2.80333000854306
232115,1337.0,1914.0,58.0,-44.5252919962489
103225,1899.0,47.0,173.0,2.5037962594848
7055,1925.0,163.0,1.0,5.29509687515687
10418,1912.0,1895.0,2.0,9.99143098067879
73827,163.0,1881.0,13.0,-3.22741301517366
284168,27.0,150.0,77.0,4.82564532279434
54512,1920.0,1911.0,9.0,-1.51657394907495
397092,1908.0,677.0,112.0,-0.811357278712396
324010,544.0,1431.0,100.0,6.60687776954608
359966,1924.0,1901.0,108.0,3.7895758304281
188881,1878.0,1560.0,175.0,1.52469490776886
68141,1877.0,1907.0,12.0,-6.40263218997032
89434,20.0,147.0,172.0,-8.76945773389213
65285,1332.0,1911.0,12.0,-7.00607110141689
337826,1878.0,1907.0,103.0,-5.06413769151848
199597,1875.0,147.0,54.0,-0.783351877074121
196952,544.0,1906.0,176.0,2.27769222697174
178406,1899.0,1891.0,53.0,-1.19399997843518
338130,1899.0,11.0,103.0,13.0012538849058
237208,1920.0,1916.0,60.0,4.12651658075563
368667,1897.0,1901.0,180.0,-2.40697974563943
357703,120.0,1894.0,108.0,-2.53093613814172
71071,1897.0,1911.0,13.0,-1.19628164749875
182593,1883.0,1916.0,174.0,1.4061714565222
231609,544.0,1923.0,58.0,1.11967484736713
178436,147.0,1896.0,53.0,-0.100500838071839
176322,1913.0,47.0,52.0,-5.74569605620112
250296,1342.0,1888.0,70.0,5.93732717043994
175041,1926.0,655.0,52.0,4.38935572222764
75295,1332.0,1903.0,13.0,0.913055451143292
191784,163.0,15.0,175.0,5.51524857736529
25331,1901.0,1927.0,4.0,-2.56401806785493
17561,1430.0,544.0,3.0,-2.78819816555441
279451,1881.0,1909.0,75.0,19.175469124178
266164,1901.0,1928.0,73.0,5.7623589595927
345142,655.0,1895.0,104.0,-1.64724891546095
326446,1885.0,1901.0,101.0,-1.16566835511837
184821,82.0,229.0,174.0,-2.57756964875112
218355,1878.0,1907.0,56.0,-4.82040032795637
62204,1891.0,17.0,10.0,0.848722087912494
111396,1886.0,788.0,167.0,-1.75089283634319
6676,1926.0,229.0,1.0,3.2786574095293
361662,1908.0,1902.0,108.0,-15.8873986164677
324707,27.0,1888.0,100.0,-5.4439073179913
255690,229.0,3.0,71.0,-2.29111553272807
86465,1891.0,18.0,172.0,5.06013970783173
232657,1905.0,1895.0,58.0,-4.70636169594868
330188,83.0,1878.0,101.0,-2.85805466216034
211525,544.0,1915.0,178.0,-7.73212059331899
46710,1332.0,17.0,6.0,0.824408926958586
322470,1900.0,1894.0,100.0,-4.63652640146783
85863,47.0,1911.0,172.0,-4.51028797140262
417325,1342.0,1921.0,114.0,-4.70159698038939
194912,1913.0,1894.0,176.0,-2.50916605861594
414338,1880.0,1882.0,114.0,-2.32641917528246
65348,1909.0,150.0,12.0,0.154302834842537
13305,1924.0,1900.0,2.0,-1.2259994519617
174472,1876.0,1901.0,52.0,-3.05443190032666
67517,1908.0,1923.0,12.0,-0.426796626932289
177844,1895.0,1348.0,53.0,-0.170860023696147
115373,229.0,15.0,167.0,-0.964927373473597
281013,3.0,1917.0,75.0,-2.44284827782881
17869,1913.0,147.0,3.0,-2.10355121083559
235962,1885.0,1922.0,60.0,5.60856800039776
321587,948.0,1891.0,100.0,0.0169761563908517
174328,1337.0,72.0,52.0,2.50411383183141
260343,14.0,1430.0,72.0,-0.517552616582284
373284,1913.0,164.0,109.0,3.30159691675576
321614,1904.0,18.0,100.0,3.12716038735417
222383,83.0,1224.0,56.0,5.80674723798237
51576,27.0,1907.0,7.0,0.976084681116757
89352,1926.0,1877.0,172.0,8.96225117996807
282358,1902.0,1877.0,77.0,-2.77640527869589
185407,229.0,11.0,174.0,4.44072412517858
339234,14.0,1881.0,103.0,-0.0797257286732776
115489,1337.0,1928.0,167.0,-40.9550370888203
425090,1909.0,72.0,115.0,1.10269640579559
416139,1913.0,1885.0,114.0,2.45703091406947
316546,1893.0,1882.0,99.0,1.04038613821634
336231,1880.0,72.0,103.0,1.08577854052221
313257,83.0,1907.0,186.0,1.69967460377091
373589,1888.0,1331.0,109.0,-4.39463618848395
56003,1898.0,1917.0,9.0,-1.22102150281383
255560,1913.0,1337.0,71.0,-4.44006164722231
276748,1917.0,1902.0,179.0,-4.88642096821393
223021,604.0,1910.0,56.0,-4.47877835948814
252509,1901.0,1914.0,71.0,1.99449254529998
237161,1877.0,164.0,60.0,7.52902405238858
65537,13.0,17.0,12.0,-4.17513014637782
184565,1926.0,18.0,174.0,-3.99667191785596
177251,1909.0,15.0,53.0,13.6867592719696
220313,147.0,1903.0,56.0,5.31668881215242
101082,1888.0,677.0,173.0,9.89230747327487
245873,1559.0,1878.0,70.0,0.72717697863195
388383,1885.0,1671.0,111.0,14.4626710162973
371292,229.0,1917.0,180.0,-6.43517283146271
273581,1880.0,1891.0,179.0,-5.77909559895091
314807,3.0,1921.0,186.0,-5.26380093914355
269042,1876.0,1899.0,74.0,4.28831451997734
216788,1919.0,1905.0,55.0,-0.575369272530344
262926,948.0,163.0,73.0,1.07674127541812
87305,1878.0,1884.0,172.0,0.675941413093668
262751,1348.0,1921.0,73.0,0.830238977906758
198054,120.0,1224.0,54.0,-0.353484935786688
14477,1909.0,1923.0,3.0,-2.59754164207652
415718,1919.0,1907.0,114.0,-6.27318147273444
399064,1881.0,1918.0,112.0,-1.1784850668432
399985,1925.0,1909.0,112.0,10.7320761261092
213421,1560.0,1927.0,55.0,-6.0975432132953
241052,136.0,1909.0,69.0,-0.12790808773366
4807,1183.0,147.0,1.0,3.33439347626767
57816,160.0,131.0,9.0,4.45791564341253
86152,1894.0,1910.0,172.0,1.70298105761978
167883,1902.0,1877.0,51.0,-0.568669380769505
18163,1915.0,1671.0,3.0,-23.3951803476549
213512,948.0,1877.0,55.0,-5.83910811439111
315614,72.0,1896.0,99.0,0.383501493298134
434874,1893.0,788.0,116.0,7.52540770859271
103232,136.0,1918.0,173.0,-2.70228226895859
341837,948.0,131.0,104.0,0.956616430436947
161792,146.0,1910.0,168.0,-0.240150466129685
98861,1913.0,1914.0,44.0,0.338045156250083
106841,1900.0,1918.0,45.0,-0.586715290056939
285932,1924.0,1895.0,77.0,1.59760242901449
238228,1430.0,1917.0,60.0,-3.86944475885987
198049,72.0,17.0,54.0,1.4334027777069
416073,1876.0,1892.0,114.0,3.31525913197643
12613,1913.0,5.0,2.0,7.81262865850884
227844,1926.0,1332.0,57.0,6.28802496357564
246067,1878.0,1891.0,70.0,-2.62981789237431
168572,1331.0,1887.0,51.0,1.44171200308342
427770,1877.0,18.0,115.0,7.15888886888055
358189,82.0,1910.0,108.0,-0.139316681619499
340325,1905.0,20.0,103.0,-6.24460431614639
436102,1926.0,18.0,116.0,-5.01954627938997
625385,1883.0,1902.0,177.0,0.4786020930776549
179439,1877.0,1883.0,53.0,-7.60892380017357
217554,3.0,1882.0,55.0,4.15509874091643
208066,1909.0,1916.0,178.0,2.72779352156155
27964,1920.0,1896.0,4.0,-1.70307664382147
281065,1920.0,1559.0,75.0,3.33976673680677
173631,1899.0,1914.0,52.0,-2.63058896215452
376098,163.0,1884.0,109.0,0.347329801170712
342443,1891.0,1892.0,104.0,-0.451685529906414
165976,131.0,1902.0,168.0,-1.10146960102286
105032,3.0,1560.0,173.0,-1.19049943870702
245295,1342.0,1890.0,69.0,-5.40642893861996
74404,1920.0,1884.0,13.0,-2.12818981198241
397637,1903.0,195.0,112.0,-1.94417196317255
257071,1883.0,1921.0,72.0,-3.39675399221476
168352,1887.0,1907.0,51.0,-1.32261816336907
18276,544.0,1342.0,3.0,0.50230742219886
258312,1879.0,1880.0,72.0,-5.10097352397646
200801,1905.0,11.0,54.0,1.77834786714347
361700,677.0,1902.0,108.0,-2.17320349655207
436807,1919.0,1891.0,116.0,0.93339300027463
211325,604.0,1891.0,178.0,-0.106200639898815
328787,160.0,229.0,101.0,1.29740012375993
313219,1337.0,1907.0,186.0,-0.235853105500412
67194,1888.0,1907.0,12.0,1.55224267213083
433218,948.0,1896.0,116.0,0.9548118615656
361570,1337.0,47.0,108.0,-14.7050527863445
65980,1881.0,1889.0,12.0,2.75067488383118
278955,1877.0,1347.0,75.0,0.101673243908956
169971,1430.0,1896.0,51.0,-1.14058628454291
434677,1887.0,1916.0,116.0,4.44814366944306
242346,1896.0,15.0,69.0,2.12421067331434
215388,1224.0,1918.0,55.0,-3.6235483142121
373274,11.0,1890.0,109.0,-3.65901977855339
52233,1925.0,11.0,7.0,-2.39067415881459
106429,101.0,1909.0,45.0,9.66785146495652
311014,1895.0,47.0,186.0,3.69545903719967
325237,14.0,85.0,100.0,2.14820396558028
374783,120.0,1331.0,109.0,-4.59724744806194
178105,1890.0,1918.0,53.0,-0.202062503949607
108516,3.0,1919.0,45.0,-3.09565254213691
312476,1892.0,1918.0,186.0,-11.4715148731001
272203,85.0,1892.0,179.0,-1.23635102697749
279482,1883.0,18.0,75.0,4.03898521600521
334556,1919.0,1904.0,102.0,-1.23082195807514
175321,163.0,13.0,52.0,-2.71057124218279
184363,1347.0,147.0,174.0,0.289820570159885
228058,1906.0,1922.0,57.0,0.279326900354587
251825,13.0,1914.0,71.0,5.54028864208624
325669,1894.0,1671.0,101.0,0.0348094247049799
236297,948.0,1887.0,60.0,1.56029825736957
200742,83.0,1875.0,54.0,-5.8310718834323
103891,1430.0,131.0,173.0,-0.301842589417482
275477,1337.0,1896.0,179.0,8.49198164018404
423279,1896.0,195.0,115.0,0.298903457306798
369269,1879.0,1881.0,180.0,-3.98881655350756
372245,136.0,1918.0,109.0,0.574125443402365
112861,1903.0,1901.0,167.0,0.126455146089614
66145,1348.0,788.0,12.0,-1.41337994472267
244247,655.0,1892.0,69.0,0.564176702571022
8574,1888.0,1928.0,1.0,2.60698000828331
261410,1560.0,1927.0,73.0,-3.99707578944251
259259,1925.0,1331.0,72.0,-24.3589518228744
311643,948.0,1917.0,186.0,2.86666615662741
368360,1902.0,27.0,180.0,7.40817711913606
358696,948.0,1920.0,108.0,-3.81032303703667
400851,544.0,1430.0,112.0,4.32370654003694
303508,1920.0,1893.0,98.0,2.87659236070828
202625,101.0,13.0,177.0,-1.46718514029473
249544,27.0,1904.0,70.0,-1.60727980213076
73083,1331.0,1901.0,13.0,-3.92658098324578
302423,1879.0,1895.0,98.0,-0.204420437252565
181609,15.0,1902.0,53.0,-0.517927038968897
390265,1332.0,1895.0,111.0,-0.0247850811571207
267857,1671.0,1900.0,74.0,-3.48295039761125
28725,1337.0,1922.0,4.0,0.0623475398757563
396818,1904.0,131.0,112.0,-0.571912243759497
17866,229.0,1889.0,3.0,1.72761818072677
360037,1876.0,1916.0,108.0,-7.6077005339569
321184,1890.0,788.0,100.0,-0.783022081500332
12225,1915.0,1891.0,2.0,1.63488795923501
244307,1926.0,1891.0,69.0,0.38045421269973
9095,948.0,1901.0,2.0,-5.08273466290778
15998,13.0,1910.0,3.0,-2.46694596525903
166402,1911.0,1224.0,51.0,2.81309023008905
260443,1337.0,1882.0,72.0,-5.064689676403
187605,1884.0,150.0,175.0,-3.55317899145662
43543,748.0,1892.0,6.0,-3.83369281845146
12832,604.0,544.0,2.0,-1.41418904256232
423155,1877.0,1332.0,115.0,-1.55908044598095
426565,1337.0,1884.0,115.0,-0.445939444592696
376830,14.0,1878.0,109.0,-1.8741997505197
345151,48.0,1895.0,104.0,15.9961961557455
184465,1342.0,1906.0,174.0,3.35964555428324
266458,1879.0,150.0,74.0,-0.320237062084124
328982,655.0,1916.0,101.0,8.6184350014104
210326,1909.0,1897.0,178.0,-1.36310205277908
50695,164.0,5.0,7.0,1.88615417310575
397716,1897.0,677.0,112.0,-1.24056982633008
257294,72.0,1671.0,72.0,-1.73684239713482
100256,14.0,1890.0,44.0,5.38601528151909
324189,1925.0,1891.0,100.0,0.866371428098897
302350,1893.0,5.0,98.0,1.06531886557164
72939,147.0,17.0,13.0,0.767792362348424
4871,1891.0,150.0,1.0,2.61554541383195
88962,1915.0,1431.0,172.0,3.19253769012397
175436,229.0,1875.0,52.0,-0.320510127108531
230202,1912.0,1881.0,58.0,-10.7293353513739
279175,1904.0,677.0,75.0,0.268640801620773
437471,1877.0,147.0,116.0,4.97705983721464
199691,1907.0,1918.0,54.0,-1.21942247288412
370968,1876.0,18.0,180.0,6.7954136405792
360281,1919.0,1884.0,108.0,-6.13625425791081
115583,604.0,1902.0,167.0,-7.2526373679628
338556,1559.0,1892.0,103.0,-1.01151752373381
63312,1905.0,1885.0,10.0,-2.82820221232102
209747,1887.0,164.0,178.0,5.96528244632941
7618,1906.0,5.0,1.0,1.60647037745914
43987,1889.0,1927.0,6.0,-1.83422650449715
222263,544.0,544.0,56.0,-1.56620893080199
272412,1898.0,1916.0,179.0,-0.347347050801069
217636,1925.0,14.0,55.0,-6.32866391205407
16604,1925.0,47.0,3.0,6.35084310256024
341246,748.0,1928.0,103.0,-3.39618425006948
104115,604.0,655.0,173.0,-4.15725267612749
337709,1899.0,1927.0,103.0,5.9682447569264
278151,47.0,748.0,75.0,-10.5967396766984
170960,82.0,1903.0,51.0,3.71996242244532
200529,1430.0,146.0,54.0,4.70055598855131
114634,544.0,1889.0,167.0,12.6335126847607
100395,1331.0,1928.0,44.0,-5.21255949191097
233115,14.0,1882.0,58.0,12.4816879635507
190596,544.0,17.0,175.0,-1.87480433422357
104652,1925.0,1224.0,173.0,5.75952535056484
400463,163.0,1893.0,112.0,11.4033402654412
388865,1431.0,1331.0,111.0,1.6965383010821
285970,1926.0,1918.0,77.0,11.6804135315009
257352,150.0,1918.0,72.0,4.02948578685038
183335,1902.0,1898.0,174.0,1.58100534843206
266995,1431.0,13.0,74.0,0.70146845853195
30408,1879.0,1887.0,166.0,-7.09110485194551
337094,1895.0,1917.0,103.0,0.584238553525223
181415,1877.0,15.0,53.0,1.31909221338324
238067,229.0,1889.0,60.0,2.5841220354425
283897,120.0,1331.0,77.0,-0.625491682341221
284625,1911.0,13.0,77.0,-5.57282478901417
73949,1877.0,1914.0,13.0,6.24326742616302
90460,1927.0,1902.0,172.0,-5.15776083212925
312006,101.0,1875.0,186.0,-2.84304917247541
67686,1909.0,13.0,12.0,0.021746758757272
175769,1920.0,1888.0,52.0,-0.364894795780662
89512,1926.0,1224.0,172.0,-1.69374236798617
5630,1884.0,748.0,1.0,4.4020556254002
303673,1924.0,1905.0,98.0,-1.07368306226708
268436,1911.0,1892.0,74.0,-9.28330487652428
191039,1342.0,1917.0,175.0,-0.733225576861475
100273,1877.0,18.0,44.0,-1.04443541246783
266354,5.0,1882.0,74.0,1.67311304065272
330113,1915.0,1559.0,101.0,0.0705461744657516
400170,14.0,131.0,112.0,-1.39779423535591
341201,1927.0,1928.0,103.0,2.70705720051403
192552,1903.0,120.0,176.0,0.650182804460327
54176,1560.0,748.0,9.0,-1.85955666436163
342472,1875.0,677.0,104.0,5.0109897658656
213306,147.0,131.0,55.0,-6.54824338768055
300308,1875.0,1560.0,98.0,0.206692391610232
90348,163.0,1928.0,172.0,0.0714643511700069
31756,1889.0,1892.0,166.0,4.3071481088604
48613,150.0,1911.0,7.0,0.709465164290527
95865,1918.0,788.0,44.0,9.1337497179876
358652,1875.0,147.0,108.0,-5.2712128957212
32658,1925.0,5.0,166.0,5.26784548245728
299971,1902.0,1927.0,98.0,4.07750349100521
199145,1881.0,1923.0,54.0,-5.85184597015912
44341,948.0,83.0,6.0,0.31755327806876
424328,1905.0,1887.0,115.0,4.87790923108798
61995,1879.0,1927.0,10.0,-4.21494025581751
250807,229.0,15.0,70.0,4.26158675379134
413369,1891.0,1918.0,114.0,-2.88986588845694
435006,1884.0,1918.0,116.0,-4.13537877944229
26899,1342.0,1923.0,4.0,1.76617818976888
206312,544.0,1879.0,177.0,-6.37473563818744
182324,1431.0,1890.0,174.0,-3.87480905273253
280523,1877.0,20.0,75.0,-2.28973220885943
358583,948.0,82.0,108.0,3.28971177731874
206829,655.0,83.0,177.0,-4.69416540393511
302504,1924.0,160.0,98.0,4.7024866203391
284491,1884.0,1908.0,77.0,-5.04872581134541
75658,1928.0,1902.0,13.0,-3.66597579025368
339878,1906.0,1893.0,103.0,-1.3878324411901
274731,604.0,788.0,179.0,2.79010670681103
332052,1881.0,1883.0,102.0,-7.8591849400778
74020,14.0,1885.0,13.0,-2.95447706889272
14189,147.0,1910.0,3.0,-1.71785586702084
339571,1915.0,1892.0,103.0,-1.71638962320101
215843,1430.0,1881.0,55.0,-1.55693374910062
95999,136.0,1888.0,44.0,-10.8557234568279
372168,82.0,1928.0,180.0,0.0071338730038421
18169,82.0,1886.0,3.0,-1.22553127465713
183266,3.0,1899.0,174.0,-3.13362952344141
286305,1919.0,136.0,77.0,2.49123695168072
279653,48.0,1183.0,75.0,25.3900977513142
63746,1915.0,544.0,10.0,-2.66857922471181
108651,163.0,1913.0,45.0,-1.72735254230331
273346,1887.0,72.0,179.0,-3.81627480820906
109168,1925.0,1891.0,45.0,7.38863567298979
304026,1876.0,1906.0,98.0,7.84069451676066
44060,1888.0,1331.0,6.0,0.330060995843114
211335,655.0,11.0,178.0,-3.66648853618753
252429,1888.0,1914.0,71.0,5.50125520252221
426097,1913.0,195.0,115.0,-3.60091264030961
65862,1879.0,1885.0,12.0,-0.546577461176831
285371,655.0,1881.0,77.0,2.95783683614896
29768,27.0,1911.0,166.0,-0.317166366028733
241665,1881.0,18.0,69.0,-4.490278672874
374709,136.0,1560.0,109.0,2.06461654971809
373570,1895.0,1671.0,109.0,4.02404224683301
179554,655.0,1923.0,53.0,-5.46738894309279
225754,948.0,1910.0,57.0,4.98930226645819
178088,1883.0,748.0,53.0,-7.32747935503045
12558,83.0,1913.0,2.0,3.8551928433608
261853,1331.0,15.0,73.0,-1.26843403611676
357330,1888.0,195.0,108.0,-2.47357440770233
249469,1915.0,1914.0,70.0,1.66612091292488
192537,1886.0,17.0,176.0,-2.17388500118869
60378,1910.0,1922.0,10.0,-0.821577851984054
183060,1885.0,1887.0,174.0,3.19462072724127
302581,948.0,1922.0,98.0,-2.52778844064037
170971,604.0,1903.0,51.0,-6.21391354188278
269080,1889.0,17.0,74.0,-3.01641216954317
425320,1430.0,1347.0,115.0,5.58017311164191
218887,1909.0,1907.0,56.0,-12.1919995246204
285325,544.0,1926.0,77.0,5.0732940370391
6326,1876.0,47.0,1.0,10.134014806972
286421,1920.0,1927.0,77.0,-19.3803597967697
227588,1915.0,120.0,57.0,6.23139079157684
276616,48.0,1337.0,179.0,9.37920317813751
71699,13.0,11.0,13.0,3.20779531241957
397112,1896.0,1917.0,112.0,-6.86405047215389
263007,147.0,1903.0,73.0,2.29751739410568
360224,14.0,11.0,108.0,1.50802402657264
437919,1920.0,1890.0,116.0,-1.94665030468725
225519,1903.0,164.0,57.0,9.81209006680862
114131,1876.0,1431.0,167.0,16.1670410897047
32131,229.0,195.0,166.0,4.11686202811198
110946,1909.0,1897.0,167.0,6.39077517856439
329099,1919.0,1916.0,101.0,12.4963747117124
24861,1894.0,1883.0,4.0,-0.295162285451528
238471,655.0,1342.0,60.0,10.0248751318315
108940,1919.0,1892.0,45.0,1.68760460723715
214695,13.0,788.0,55.0,-7.383049765427
5203,85.0,1922.0,1.0,1.47390991030506
319484,1876.0,1888.0,99.0,1.40301577415274
227061,20.0,1893.0,57.0,5.306846916188
334687,1877.0,1884.0,102.0,0.246826747023923
437504,1342.0,147.0,116.0,2.91705488180888
401636,544.0,15.0,112.0,-5.15111526837335
63508,14.0,1431.0,10.0,0.814132420371795
242054,1898.0,18.0,69.0,4.36700215644805
178614,1902.0,15.0,53.0,-3.00860628256515
377039,604.0,1911.0,109.0,0.720118663277431
174365,655.0,195.0,52.0,-0.247547689604016
268839,1880.0,13.0,74.0,-1.16111325074481
275903,48.0,1559.0,179.0,8.22436059760305
176025,48.0,1671.0,52.0,-2.96849742914023
427436,1337.0,1430.0,115.0,10.1839186746668
233993,146.0,164.0,60.0,-0.199459294741557
238770,1430.0,1560.0,60.0,-5.10281886086328
25231,1886.0,1923.0,4.0,-3.53823322052097
242699,1884.0,147.0,69.0,-0.545699117999418
267486,5.0,788.0,74.0,-5.91372781103913
111560,1881.0,1894.0,167.0,8.63618119831184
29795,1879.0,72.0,166.0,-13.6280373958501
303823,229.0,1875.0,98.0,-0.0226930916489032
425041,1559.0,150.0,115.0,1.41608711574321
96468,1891.0,1918.0,44.0,-2.25397684510572
25408,1431.0,13.0,4.0,-1.15670799473472
312288,1331.0,1886.0,186.0,-1.78341258710451
377268,1342.0,1337.0,109.0,2.53298574936991
103963,160.0,146.0,173.0,-3.71174130431498
47997,229.0,1906.0,6.0,1.88649593393411
24265,1560.0,1883.0,4.0,-1.68539105111094
274801,229.0,1898.0,179.0,-8.03197254744904
45744,1897.0,3.0,6.0,0.301135906797514
280418,20.0,11.0,75.0,-4.14269735190609
344209,1920.0,1883.0,104.0,1.59994055813906
69890,655.0,1924.0,12.0,13.0516076685204
335740,1925.0,1903.0,102.0,6.16336069216321
276221,1906.0,1878.0,179.0,2.18612992590379
112930,1903.0,1560.0,167.0,4.32533310798732
340442,1906.0,20.0,103.0,-1.60084680264365
112328,1889.0,1914.0,167.0,1.07761048860454
228321,1224.0,1928.0,57.0,0.222961624953991
97019,13.0,5.0,44.0,2.99188376693711
266550,136.0,15.0,74.0,1.04745386959219
110491,1348.0,1928.0,45.0,0.154271146520321
249478,83.0,11.0,70.0,4.37654851008579
110916,748.0,677.0,167.0,-2.37482883912779
221309,1906.0,195.0,56.0,1.69437401672008
220729,1875.0,1907.0,56.0,-7.08382878746564
322271,1899.0,1895.0,100.0,0.0724744820972543
227737,14.0,1559.0,57.0,-2.93586372841483
203041,1897.0,18.0,177.0,1.09986909368656
201817,1920.0,1900.0,54.0,-9.30285251910062
253761,27.0,72.0,71.0,7.659872163872
28923,1342.0,1337.0,4.0,1.66041406757998
220883,1342.0,1183.0,56.0,1.0994568133627
223595,150.0,1890.0,57.0,4.14710653980389
236672,1891.0,47.0,60.0,11.7815328100249
113167,1891.0,1881.0,167.0,-9.92056697543897
272890,1896.0,1901.0,179.0,-0.16996561087286
24708,1895.0,1903.0,4.0,-1.91191465567828
329846,1332.0,13.0,101.0,-2.26035201244297
61027,1891.0,677.0,10.0,-2.58630771389027
271008,544.0,1876.0,74.0,7.16595912598733
187498,1878.0,1911.0,175.0,-2.1731767814183
100536,1885.0,1224.0,173.0,-3.18706763054362
252387,1331.0,147.0,71.0,7.07894606504412
61647,1890.0,1901.0,10.0,0.929501326181588
436256,1430.0,1883.0,116.0,-3.83259075370129
227976,27.0,1903.0,57.0,6.48930033761436
320256,1876.0,1902.0,99.0,2.66008113306505
373556,1431.0,1927.0,109.0,1.93234969983204
46922,48.0,1891.0,6.0,15.8483349304923
54992,1878.0,1918.0,9.0,-5.5834439553281
88189,160.0,1183.0,172.0,-2.0913516521768
326756,1224.0,1882.0,101.0,15.5886275237092
219154,1889.0,15.0,56.0,-2.26668176087392
170549,83.0,1559.0,51.0,-2.41721970475197
287018,82.0,788.0,77.0,-3.11396038939384
177146,1885.0,72.0,53.0,4.90151918969723
202383,1895.0,5.0,177.0,-3.45900447733612
286564,1337.0,1927.0,77.0,-7.55138821024628
423064,1885.0,17.0,115.0,-1.53365024189984
54686,948.0,1430.0,9.0,-1.68254503900329
313407,1877.0,1901.0,186.0,-1.96960287364526
433449,1898.0,1907.0,116.0,2.01803448454808
278831,1879.0,13.0,75.0,0.0937851761790615
64997,1430.0,1902.0,10.0,-5.03933119761572
165317,82.0,1917.0,168.0,-0.0427333354088155
209501,1883.0,1910.0,178.0,-5.12190738883775
54790,1886.0,1903.0,9.0,-1.37479824424223
438296,1431.0,1902.0,116.0,-4.08649987291701
179359,82.0,47.0,53.0,0.924697272357612
89291,82.0,27.0,172.0,-13.5306506623774
181347,1920.0,1882.0,53.0,-1.91169478710591
438230,13.0,1928.0,116.0,-2.72833234146005
178590,72.0,1671.0,53.0,-7.58806379112686
98333,1876.0,1183.0,44.0,2.20709388692743
163120,1904.0,1898.0,168.0,-3.16756089761263
324436,1924.0,1896.0,100.0,2.30709610592499
334321,1332.0,1904.0,102.0,-1.63144098904317
427518,1877.0,1560.0,115.0,4.57443716780427
267553,1342.0,1887.0,74.0,0.717759775056394
252205,195.0,13.0,71.0,-8.16037584229625
202118,48.0,1910.0,54.0,-4.93427193208647
277037,83.0,1910.0,75.0,2.65711767593631
33841,655.0,1921.0,166.0,-7.906932709135
267799,1885.0,1912.0,74.0,17.3517347730962
63286,1342.0,5.0,10.0,-4.49840764996348
106611,1559.0,1881.0,45.0,-7.49877964182702
371159,163.0,1348.0,180.0,-1.68643945715099
227425,163.0,1912.0,57.0,7.22256885833599
198208,1431.0,13.0,54.0,2.0444896614825
30940,1348.0,1922.0,166.0,1.79286261889042
172838,1224.0,1901.0,52.0,4.71802540557052
375127,27.0,788.0,109.0,-1.31472196013378
104417,1920.0,1915.0,173.0,-0.50835402637988
210222,136.0,1918.0,178.0,-11.6841511679755
14910,146.0,1881.0,3.0,0.413628041192745
104298,1926.0,20.0,173.0,5.28718954134511
211103,160.0,1431.0,178.0,-1.67048464469591
313677,1430.0,17.0,186.0,-1.80746011814578
438053,1337.0,1890.0,116.0,-12.8821907578584
166810,1879.0,1914.0,51.0,-0.425198883855355
260493,1924.0,1560.0,72.0,1.41330813507331
96657,85.0,1671.0,44.0,-5.2181423846726
68090,14.0,1923.0,12.0,1.35660364814212
326638,18.0,1918.0,101.0,0.217725225457783
70046,27.0,1922.0,12.0,-6.06374141610542
254668,1913.0,1906.0,71.0,9.09806481463234
7325,1920.0,1891.0,1.0,3.41026994599275
315307,1886.0,150.0,99.0,-0.998943381293381
270456,1430.0,5.0,74.0,2.69822655860821
256063,15.0,1921.0,72.0,2.61716475963882
232842,14.0,136.0,58.0,-0.324878842038162
300160,1912.0,1431.0,98.0,3.17525928606034
233514,1342.0,14.0,58.0,-10.9644009350488
339643,1877.0,146.0,103.0,5.53439490623343
18087,1906.0,1886.0,3.0,-1.57611346088617
253191,101.0,1671.0,71.0,-4.83567419731693
327112,1560.0,1923.0,101.0,1.78760265588667
425903,14.0,1875.0,115.0,2.71354051062338
208567,1878.0,1886.0,178.0,-3.44553587196668
323698,83.0,195.0,100.0,-4.70321831452966
331531,136.0,677.0,102.0,-1.51736274919519
224251,1904.0,17.0,57.0,-5.62786752877884
265145,229.0,27.0,73.0,0.815260276108307
166897,1431.0,677.0,51.0,-1.40456760336381
248951,1926.0,788.0,70.0,0.701538429256308
283582,1559.0,1897.0,77.0,5.33659512134991
399204,1183.0,1908.0,112.0,0.848591092058588
300701,1888.0,677.0,98.0,1.98745180601554
400052,20.0,146.0,112.0,-4.52549432399992
234889,146.0,1896.0,60.0,-2.0045612450998
71705,1884.0,1922.0,13.0,0.499816538705468
258990,1342.0,1913.0,72.0,3.61432376092283
172170,1912.0,1224.0,52.0,-0.725592324701383
226372,1919.0,1907.0,57.0,-5.87664650999029
359691,1905.0,1875.0,108.0,-0.0735255082198754
74922,655.0,1430.0,13.0,5.84186144412565
180013,1876.0,131.0,53.0,0.530585905200235
24672,164.0,1918.0,4.0,-0.0961064244175891
372991,1899.0,1880.0,109.0,-1.74551987528816
252942,18.0,1922.0,71.0,-0.614580632614943
423342,11.0,1910.0,115.0,3.20156314642233
184944,655.0,1926.0,174.0,-0.14351580824103
63704,655.0,1895.0,10.0,-2.80272285112801
161097,147.0,1903.0,168.0,5.68423070269033
316977,1883.0,1896.0,99.0,2.33768803665858
368616,1886.0,1560.0,180.0,-7.76791899843624
263532,146.0,1922.0,73.0,8.17018005592684
244104,1920.0,1431.0,69.0,2.51181580697649
268808,1347.0,1901.0,74.0,3.62759073676948
103880,1876.0,1916.0,173.0,13.4955401669756
52641,1926.0,1224.0,7.0,5.71511804999023
324714,1926.0,1559.0,100.0,-0.80611455514037
217414,1876.0,1337.0,55.0,-4.79408442278787
237785,1926.0,20.0,60.0,-5.60465434360959
231480,1337.0,1894.0,58.0,-30.0488337334636
371901,1906.0,1560.0,180.0,-5.16571917825861
336595,1894.0,13.0,103.0,-0.937455616888689
9254,14.0,1332.0,2.0,-4.43869736459427
268587,1671.0,1914.0,74.0,3.88535036475382
369718,948.0,17.0,180.0,1.28098519085417
258883,48.0,1923.0,72.0,3.550256607538
338429,85.0,147.0,103.0,-1.51789898093513
319876,1926.0,948.0,99.0,2.32128910704253
256196,1431.0,1882.0,72.0,-0.982072472677206
202299,1914.0,1902.0,54.0,-5.63499185932177
29448,13.0,18.0,166.0,10.0130637743394
318619,1876.0,146.0,99.0,2.87916073358964
328062,1224.0,1927.0,101.0,0.869391794587878
66890,13.0,1910.0,12.0,-0.997137541959985
194838,604.0,85.0,176.0,-4.08595043679729
166045,1890.0,1928.0,168.0,3.23621600118148
109418,1924.0,13.0,45.0,3.09943356424329
302771,1924.0,82.0,98.0,4.0734126606251
186072,20.0,1671.0,174.0,-11.3577582766593
173907,120.0,17.0,52.0,1.52411500790932
275919,1337.0,136.0,179.0,4.22761378611427
327911,1885.0,1900.0,101.0,-1.15889945689408
52454,160.0,1879.0,7.0,-19.5906832421177
225227,1559.0,15.0,57.0,3.09279922516026
333784,604.0,18.0,102.0,1.69748934848747
62143,1893.0,1894.0,10.0,5.51749532569387
361622,195.0,1928.0,108.0,4.22519490139264
324954,163.0,120.0,100.0,6.37804026251894
163939,604.0,82.0,168.0,11.3165924759925
329492,1337.0,544.0,101.0,-2.96172331020102
280673,1906.0,18.0,75.0,-4.52144771056329
189291,1560.0,1887.0,175.0,-3.24929347478907
220898,544.0,1183.0,56.0,1.95974769753525
330326,229.0,1924.0,101.0,8.85904516629253
416109,3.0,163.0,114.0,0.433993224652781
321616,1894.0,1903.0,100.0,-2.5258010634543
228574,677.0,1927.0,58.0,1.40736802420545
228273,1900.0,1928.0,57.0,0.402857992246979
229026,1894.0,1347.0,58.0,5.26053127285268
202906,1919.0,1898.0,177.0,1.11405755965441
219628,1877.0,150.0,56.0,1.07944493724348
304622,1925.0,1903.0,98.0,1.68234590632163
105568,948.0,1876.0,45.0,1.21842910048723
73464,27.0,1923.0,13.0,-0.917709360544629
238785,3.0,1903.0,60.0,1.64146280071803
336920,1895.0,195.0,103.0,3.02052512781841
204909,164.0,1908.0,177.0,-4.39303847429612
398586,1347.0,1922.0,112.0,-3.72991443444125
245369,1430.0,1900.0,69.0,1.6893844591342
339953,1905.0,18.0,103.0,7.32343322667013
185059,1919.0,1909.0,174.0,7.01305669875643
5637,1888.0,1927.0,1.0,-0.205429086824535
427448,48.0,1332.0,115.0,-9.9992407432395
267488,1347.0,1914.0,74.0,-1.28663598802342
227397,3.0,1348.0,57.0,-15.1043675767196
401018,163.0,147.0,112.0,3.34768858654245
323059,1889.0,1917.0,100.0,3.11904384856147
415106,948.0,160.0,114.0,6.30166564192333
3508,1875.0,1671.0,1.0,-0.745942945982654
371551,1906.0,1559.0,180.0,-6.14384379094428
14365,85.0,1927.0,3.0,-2.10602695764187
329440,163.0,101.0,101.0,16.0262161048049
111182,47.0,1901.0,167.0,-2.87550231025266
8670,604.0,1902.0,1.0,7.3988462561468
115382,1925.0,3.0,167.0,-8.2338215147612
252307,1902.0,3.0,71.0,-2.28402212039952
220436,1921.0,1918.0,56.0,15.6850611715374
195881,1920.0,1884.0,176.0,1.75841149249228
189979,1342.0,229.0,175.0,-3.59929880597729
43556,1897.0,1915.0,6.0,-2.01709991943317
188941,101.0,1895.0,175.0,2.27728950729822
337389,1877.0,1332.0,103.0,-2.16102829533675
253961,1332.0,1881.0,71.0,-1.15100767070768
374470,1880.0,1927.0,109.0,6.05832557183043
26133,1431.0,1348.0,4.0,-7.05298375417126
629396,47.0,1902.0,178.0,-3.3861238126351347
211713,3.0,27.0,178.0,-1.22709913940747
166150,1882.0,1927.0,51.0,-2.20872077991655
49962,1902.0,82.0,7.0,1.61187164480386
327343,85.0,748.0,101.0,-0.595542829282549
215136,1886.0,1882.0,55.0,-4.1108695819396
70859,164.0,677.0,13.0,-2.34834941409304
198639,1671.0,18.0,54.0,-2.31948370971384
99615,27.0,1888.0,44.0,-4.8186688501317
247691,1559.0,1921.0,70.0,-0.582164774862796
434654,1899.0,1927.0,116.0,-0.227232309645282
324344,1924.0,20.0,100.0,-3.0761520747914
179896,229.0,1914.0,53.0,1.06660187786634
176757,1909.0,1917.0,53.0,-2.94496964268028
46222,655.0,788.0,6.0,3.06266766650624
65405,1899.0,1878.0,12.0,-4.2681332807529
200115,229.0,18.0,54.0,-1.0608523603264
274455,1925.0,1899.0,179.0,7.62374162746253
202234,136.0,1928.0,54.0,3.80689427603558
109760,229.0,147.0,45.0,6.1062914025437
256271,1875.0,164.0,72.0,-0.261511289051525
100307,3.0,15.0,44.0,1.71707542148636
434495,1431.0,15.0,116.0,2.89827469051444
188292,1888.0,1882.0,175.0,-1.54613516224689
74259,1926.0,5.0,13.0,4.05463603941582
333903,3.0,82.0,102.0,-4.41944109195319
32799,1924.0,655.0,166.0,5.4306957676568
203773,1891.0,1916.0,177.0,-3.60837168687938
324910,229.0,120.0,100.0,6.23697032287203
196736,82.0,1878.0,176.0,-5.30618943625996
222207,1924.0,1889.0,56.0,-3.47873441520453
9905,1431.0,1889.0,2.0,8.5075331178118
95458,83.0,1898.0,44.0,10.5807960284691
207977,1907.0,1224.0,178.0,3.07912673563222
206900,82.0,748.0,177.0,4.52424170191349
204763,1910.0,1918.0,177.0,1.05659947527035
13078,1920.0,83.0,2.0,-1.1036321977429
105851,1891.0,1911.0,45.0,-8.82969884413556
166453,1903.0,1912.0,51.0,-1.72803439379591
29689,1897.0,1342.0,166.0,-7.62642333665138
66869,1917.0,11.0,12.0,-2.09906302363766
211126,20.0,17.0,178.0,-6.87611788651783
171147,1347.0,1902.0,51.0,-5.95529130070671
216775,160.0,27.0,55.0,-1.90680722516119
357084,1891.0,47.0,108.0,14.6700416422284
188811,1885.0,15.0,175.0,-2.91572395749555
413219,1901.0,1914.0,114.0,-2.68699214113498
256874,1875.0,1916.0,72.0,-3.29899527833943
162024,1881.0,131.0,168.0,2.79474252868073
300858,1892.0,677.0,98.0,3.3132900027002
242577,72.0,1911.0,69.0,5.63177152642669
18764,1905.0,1902.0,3.0,-1.05147110261581
110337,48.0,1910.0,45.0,7.17142773172492
95528,164.0,1900.0,44.0,-8.82501889948668
280092,229.0,1885.0,75.0,11.2314690401135
284435,1895.0,1886.0,77.0,4.25597072702478
173638,1886.0,195.0,52.0,2.68963417947091
105534,1671.0,1928.0,173.0,0.622722928310554
387883,1912.0,1927.0,111.0,-8.55863211022263
198468,1889.0,1896.0,54.0,3.63602448865659
99080,1877.0,17.0,44.0,0.147007309751369
267384,1903.0,1921.0,74.0,14.1154822452405
110768,1911.0,1918.0,167.0,-3.36658945510108
163943,3.0,82.0,168.0,0.652606301394272
333691,27.0,1919.0,102.0,2.74725465580831
86603,1884.0,1910.0,172.0,6.93139716665268
425879,229.0,195.0,115.0,0.398398648235429
374587,1875.0,1904.0,109.0,7.95625464908182
229195,5.0,1890.0,58.0,1.57754996222116
196826,83.0,1560.0,176.0,-6.34555439398357
6160,1897.0,1224.0,1.0,0.152396279924658
54237,948.0,1916.0,9.0,-3.70888795782224
264437,83.0,229.0,73.0,-0.541931868610041
244323,82.0,1884.0,69.0,-4.52861643670269
423847,1893.0,1431.0,115.0,0.306084241811685
161119,1880.0,1890.0,168.0,1.41784325138739
105631,47.0,1560.0,45.0,4.28557916694603
30733,83.0,1899.0,166.0,-8.31250629108407
331321,1902.0,11.0,102.0,-4.84814647521249
164682,1926.0,11.0,168.0,3.91173540047403
265198,1920.0,1348.0,73.0,3.13776389993211
114267,948.0,101.0,167.0,34.3666622428296
416337,163.0,1895.0,114.0,4.81474297232824
163277,1897.0,11.0,168.0,-1.50519099512309
14997,1560.0,1914.0,3.0,2.32006431396433
335285,1919.0,1912.0,102.0,1.36709719357571
95924,1891.0,1894.0,44.0,4.9392630378111
334567,1332.0,1884.0,102.0,-11.5217878832814
61839,1883.0,11.0,10.0,0.2215759827442
320279,1928.0,1902.0,99.0,-2.92670858468745
251347,1897.0,1348.0,71.0,-0.501736093152763
372711,147.0,5.0,109.0,4.22238905564306
438265,1342.0,1928.0,116.0,-3.69993991378067
400339,1430.0,11.0,112.0,-5.86098257941797
335554,160.0,1900.0,102.0,2.95705068619461
415732,1926.0,1898.0,114.0,-8.40023059823877
181783,948.0,146.0,174.0,-0.449680398552748
178011,1671.0,1560.0,53.0,-1.46922370065493
303666,1876.0,18.0,98.0,-4.64390259539039
102815,1671.0,1918.0,173.0,-1.86613685285292
241296,1902.0,677.0,69.0,-7.58034156997403
281732,1915.0,1908.0,75.0,2.30498459475998
374459,85.0,677.0,109.0,0.340474461469013
424980,1560.0,5.0,115.0,1.65832274467029
60212,1560.0,1883.0,10.0,5.17981333944814
27199,83.0,146.0,4.0,-2.06417470376348
315905,948.0,160.0,99.0,-3.05679448883957
281766,655.0,1337.0,75.0,-8.55481636334379
245943,1885.0,1914.0,70.0,-0.175721715008039
265157,1906.0,5.0,73.0,0.0821578375464518
108729,163.0,1881.0,45.0,1.9303433904046
396948,1332.0,1911.0,112.0,0.941459641397392
232360,655.0,101.0,58.0,27.8616083230657
401725,1913.0,1928.0,112.0,-4.96816888926285
106343,101.0,1348.0,45.0,-2.13668228242915
273646,1896.0,18.0,179.0,1.37475307940231
259828,1920.0,544.0,72.0,1.37433519641628
251610,5.0,131.0,71.0,2.89418260755708
415711,1906.0,164.0,114.0,10.4159655388962
312421,1909.0,1910.0,186.0,7.69144485928246
414904,136.0,1916.0,114.0,-2.11695525325262
112724,1875.0,1896.0,167.0,-6.49252940916367
192882,1885.0,150.0,176.0,16.0778994069629
284267,1559.0,85.0,77.0,1.86116391685264
275525,48.0,20.0,179.0,-0.558947915181875
33366,1926.0,1917.0,166.0,-1.49353338336646
180916,160.0,1927.0,53.0,-15.7357674037445
163213,1886.0,150.0,168.0,-2.42969233805546
330490,1926.0,1903.0,101.0,-4.9021267018526
427723,1915.0,1560.0,115.0,-1.28610625315978
211530,229.0,1904.0,178.0,-1.8454550216343
280808,160.0,1896.0,75.0,-6.62755889037069
179758,1876.0,1331.0,53.0,-19.0926901528992
187799,1348.0,1347.0,175.0,7.53892734658803
339207,1926.0,229.0,103.0,-1.12018179855768
44126,146.0,1921.0,6.0,-3.52089851043996
52858,14.0,1671.0,7.0,-0.70714922945703
233622,1926.0,1902.0,58.0,-1.38651985105213
329280,1876.0,1891.0,101.0,3.71710684176519
164872,1920.0,544.0,168.0,0.758351218693341
246572,1879.0,120.0,70.0,6.64902831456381
71822,948.0,229.0,13.0,2.86401119553726
184332,1912.0,1331.0,174.0,-2.42715692257384
105544,748.0,1928.0,173.0,-5.70214180484259
161525,1902.0,1901.0,168.0,-2.6965091656543
204831,1904.0,1917.0,177.0,-1.81878647755603
435198,72.0,1560.0,116.0,-0.631232470945089
321849,1347.0,788.0,100.0,-4.38622834134319
340751,229.0,1924.0,103.0,14.3549402984502
14508,1886.0,5.0,3.0,0.389150323459776
206672,48.0,147.0,177.0,9.23687979429165
177599,1671.0,1893.0,53.0,-3.82114798093656
315258,27.0,1347.0,99.0,-1.33968549883818
274863,655.0,164.0,179.0,-0.588598119963743
53176,604.0,1878.0,7.0,3.30490690883718
332876,1889.0,15.0,102.0,0.666962927614435
433486,1347.0,1917.0,116.0,-1.85796287422732
250534,1926.0,948.0,70.0,0.713280736199757
258680,48.0,1922.0,72.0,-1.94379779019265
5507,1331.0,1882.0,1.0,0.990513263460482
342781,1560.0,147.0,104.0,2.55966993731047
302479,1883.0,1911.0,98.0,2.68352676231012
361327,160.0,1878.0,108.0,-1.08322757113202
277010,1883.0,748.0,75.0,0.413029898962475
17822,83.0,1905.0,3.0,0.87675242396379
31791,101.0,15.0,166.0,-5.28909725803241
218586,1891.0,150.0,56.0,4.89163451418497
425780,1337.0,1894.0,115.0,3.29390376509121
71758,677.0,1921.0,13.0,1.34033628429093
173051,1900.0,13.0,52.0,-0.995335891628404
330024,83.0,1917.0,101.0,0.402319569101299
337656,1431.0,131.0,103.0,-9.69105802356647
267482,147.0,13.0,74.0,7.35549948794306
427344,604.0,1886.0,115.0,-1.86038990602166
300303,83.0,1347.0,98.0,-3.21701357200311
193391,1904.0,1671.0,176.0,-3.92559268118755
199106,1880.0,1898.0,54.0,0.647663683402544
367625,1347.0,1889.0,180.0,-2.49743153877065
336418,1671.0,131.0,103.0,-2.2995195276306
320292,163.0,1902.0,99.0,5.60563565277951
52840,20.0,1912.0,7.0,-2.50890927948904
341395,948.0,1916.0,104.0,1.53784417320054
66307,1671.0,1898.0,12.0,1.78518954765522
426550,160.0,655.0,115.0,4.04294867114734
318988,1925.0,1893.0,99.0,9.54305518021061
345691,82.0,1917.0,104.0,-10.3838663148998
196025,163.0,1915.0,176.0,1.48281223493251
220602,164.0,18.0,56.0,-6.68193587811017
4371,1917.0,17.0,1.0,4.49060650479862
175394,1920.0,1875.0,52.0,4.22543120800846
10033,1900.0,1907.0,2.0,-2.26429880791734
14238,748.0,1921.0,3.0,6.7739261254002
262013,120.0,1889.0,73.0,-0.947382107336886
52698,82.0,1875.0,7.0,1.94182306973833
329537,1915.0,27.0,101.0,-3.50740939498152
69829,1876.0,1878.0,12.0,0.450980996210631
312042,147.0,1901.0,186.0,3.49048752363547
216410,1924.0,150.0,55.0,-5.33684729858627
261160,120.0,788.0,73.0,-0.750583139611447
224421,1894.0,1224.0,57.0,0.828728754933533
222615,1332.0,1882.0,56.0,-0.725876053717799
273918,1912.0,1560.0,179.0,4.23500167128538
44936,1879.0,1431.0,6.0,-0.816315679078608
85810,1671.0,1897.0,172.0,-7.49816328000867
196114,1430.0,5.0,176.0,0.0238680491789513
213956,1893.0,1911.0,55.0,2.71600352099014
33806,1905.0,1906.0,166.0,7.53811895975916
234955,1897.0,1900.0,60.0,-4.80458782010107
53369,1920.0,14.0,7.0,0.78496249317453
70021,1337.0,1922.0,12.0,-1.83082857685992
219921,1891.0,1907.0,56.0,-14.8894166729427
265982,1877.0,1337.0,73.0,2.73960774778693
391184,1224.0,1928.0,111.0,5.94397925648469
51729,1905.0,229.0,7.0,0.531397242760815
218128,1885.0,1900.0,56.0,4.79850483250523
89840,27.0,1927.0,172.0,-16.4182613444569
107192,47.0,1907.0,45.0,-8.28068402018498
388568,1878.0,1927.0,111.0,-5.67081017536292
225646,1912.0,1900.0,57.0,-1.2484570690588
334238,160.0,1914.0,102.0,2.97804082385688
203161,85.0,1560.0,177.0,0.0429527249472958
72520,1902.0,1881.0,13.0,0.806991495099436
60932,120.0,1348.0,10.0,-1.29205106476857
273773,146.0,1903.0,179.0,-6.92619431507821
212159,229.0,1876.0,178.0,7.55907458176797
316726,146.0,1900.0,99.0,-1.15249986219788
192951,1919.0,1347.0,176.0,2.37836479725406
8119,1913.0,1927.0,1.0,-19.4531474376729
173829,1911.0,1892.0,52.0,-0.962329104822355
280452,1430.0,677.0,75.0,0.854772461447752
343105,72.0,1908.0,104.0,-4.74334102785777
9598,195.0,1347.0,2.0,-4.14094862340213
90084,229.0,1911.0,172.0,-13.1139169090004
340285,163.0,1917.0,103.0,0.744105532260985
162337,72.0,1331.0,168.0,-0.117482614499669
176876,1893.0,1900.0,53.0,-4.88847885996494
413837,1347.0,17.0,114.0,8.62276103127798
389458,1876.0,229.0,111.0,-19.6910908311706
279952,1920.0,229.0,75.0,-14.7730248411491
389511,229.0,1885.0,111.0,7.39991822271901
96940,146.0,1224.0,44.0,-4.6841211978778
246106,1348.0,1918.0,70.0,-1.55394950371722
376350,1915.0,5.0,109.0,-0.172732959345734
107701,948.0,1896.0,45.0,11.7906326843868
169066,1337.0,1183.0,51.0,-8.23047631623264
194025,5.0,1918.0,176.0,3.63157744685858
254469,27.0,1904.0,71.0,7.04305805381731
224918,136.0,1890.0,57.0,-1.31124867149557
234655,1885.0,1897.0,60.0,-7.60024513707573
234303,120.0,13.0,60.0,-0.246927689292618
241261,85.0,1671.0,69.0,1.39583902439862
89176,1332.0,544.0,172.0,-1.61951135605438
322734,13.0,1910.0,100.0,0.791057244869988
324358,163.0,20.0,100.0,-1.7514627925748
240705,1671.0,1890.0,69.0,-0.992017853114196
360155,20.0,17.0,108.0,-3.96414662615219
304369,82.0,1927.0,98.0,-8.45957709800618
221935,1430.0,18.0,56.0,5.1902859915766
240895,136.0,1887.0,69.0,-1.23496373337658
174764,27.0,1880.0,52.0,0.682605575146831
398569,1671.0,1348.0,112.0,-0.588979655418935
114239,160.0,1891.0,167.0,6.39800441880708
174684,1924.0,1885.0,52.0,4.37656363482694
178265,948.0,1885.0,53.0,-4.19073619604567
372154,1342.0,1928.0,180.0,-5.3011559300919
313502,48.0,1331.0,186.0,-15.8451400823059
13915,1914.0,1921.0,3.0,-4.94863176809582
250274,544.0,1927.0,70.0,-6.3605053970291
233987,1878.0,1900.0,60.0,-2.92342236716285
331009,1880.0,120.0,102.0,4.29708671499171
338958,83.0,1894.0,103.0,-6.04768969043073
66600,1875.0,1907.0,12.0,0.327514011637183
334329,1905.0,131.0,102.0,-0.218710671306387
304058,1337.0,1917.0,98.0,13.2187758963764
186561,604.0,14.0,174.0,1.50373557458138
262502,1909.0,748.0,73.0,-1.00592733386857
328811,1342.0,229.0,101.0,-12.0168435671542
180890,1876.0,1886.0,53.0,-2.24395903783468
46548,3.0,1331.0,6.0,-16.266467067237
18196,160.0,136.0,3.0,-5.32936001519328
302969,1913.0,195.0,98.0,-1.64742603481552
207236,1925.0,3.0,177.0,-7.8892466511245
58635,229.0,1888.0,9.0,5.31892723310165
414660,131.0,1922.0,114.0,1.57630751364799
425274,1888.0,164.0,115.0,-0.365008416219102
12676,1905.0,5.0,2.0,13.1953189072771
113296,948.0,1908.0,167.0,-3.96170425005151
401096,1877.0,1888.0,112.0,4.74684823045154
249524,27.0,1879.0,70.0,-6.75705770665917
227313,1877.0,1896.0,57.0,3.36537347424487
212581,1923.0,1928.0,178.0,-1.29553672364748
66186,136.0,15.0,12.0,1.33072609706049
254565,604.0,17.0,71.0,-6.50571311312965
324871,48.0,1920.0,100.0,1.151238103941
173547,1894.0,1892.0,52.0,-1.22288011603725
26298,1886.0,1224.0,4.0,-2.2890593245091
187271,47.0,17.0,175.0,-8.05005993357357
166814,1888.0,5.0,51.0,6.76952252017288
170499,1337.0,1886.0,51.0,-15.0197848487802
51297,1332.0,788.0,7.0,-0.744326837118606
64916,1892.0,1928.0,10.0,-7.81227513299615
282197,1560.0,1923.0,77.0,-1.14627360476894
98665,1926.0,1885.0,44.0,7.73995050074091
426666,1925.0,101.0,115.0,0.380436927867889
69416,229.0,1224.0,12.0,-0.307424797950177
206822,1924.0,83.0,177.0,1.12759903918763
44441,1914.0,1892.0,6.0,1.97388936883332
318247,160.0,195.0,99.0,-0.864006438202761
304820,1899.0,1928.0,98.0,12.9231833222656
219159,1881.0,1918.0,56.0,1.58211907346434
235580,1899.0,5.0,60.0,-4.09416908496731
97597,1906.0,1332.0,44.0,0.601870333576208
376353,1905.0,1895.0,109.0,-4.17883217887675
399482,163.0,85.0,112.0,4.3688150060169
59928,101.0,1560.0,10.0,-1.73336645384151
196844,1913.0,85.0,176.0,1.30195447547396
228311,1906.0,1928.0,57.0,0.687554972923419
203522,748.0,15.0,177.0,-7.68239860718471
6907,1905.0,1904.0,1.0,-3.69183510156791
192184,1879.0,1922.0,176.0,0.254496355126079
341453,101.0,1904.0,104.0,-4.51303812186833
255689,655.0,3.0,71.0,-1.42369629141423
370661,655.0,131.0,180.0,3.95973205645479
226813,1906.0,17.0,57.0,2.41138638122804
391026,1906.0,1890.0,111.0,-0.978761778343815
340211,82.0,1905.0,103.0,-0.798847752563162
12515,1915.0,1889.0,2.0,-0.323289134406658
113400,1920.0,1883.0,167.0,-2.87686455685401
100520,3.0,1902.0,44.0,0.345677567492566
24629,1885.0,1922.0,4.0,5.31031837982245
4866,1431.0,1224.0,1.0,2.65325102067798
175459,1915.0,1905.0,52.0,3.60653076373955
29630,131.0,18.0,166.0,-0.436991432434622
398584,1912.0,1890.0,112.0,-0.394924606308379
345611,1920.0,147.0,104.0,-5.43317428862612
171142,163.0,18.0,51.0,1.92768734614005
170709,1906.0,1878.0,51.0,2.94089884117539
261702,1900.0,131.0,73.0,0.175335888999089
114426,48.0,1915.0,167.0,-4.00748033362133
337821,85.0,1431.0,103.0,1.2781286663039
320362,82.0,1928.0,99.0,-0.158025001118371
331193,120.0,18.0,102.0,1.31352592114955
223575,1881.0,1671.0,57.0,-4.63913280098621
243754,544.0,164.0,69.0,-0.465999206396849
236049,1903.0,195.0,60.0,-5.72567543861588
229407,164.0,11.0,58.0,0.591917556619572
215361,1880.0,1907.0,55.0,-7.22483373030411
332643,1560.0,677.0,102.0,-3.49744582627023
434366,1894.0,1898.0,116.0,-1.35095768207652
223833,136.0,13.0,57.0,1.73687872614306
389081,1926.0,1908.0,111.0,-2.5297886402438
264902,20.0,1879.0,73.0,-6.23119112618409
335563,229.0,748.0,102.0,-1.0218970606268
373899,1347.0,15.0,109.0,-2.74448431756582
314479,1915.0,1886.0,186.0,3.04737840853575
110162,544.0,1878.0,45.0,13.2473697577017
415127,1560.0,1887.0,114.0,2.53275239472549
314867,604.0,1878.0,186.0,-0.223506233733364
397708,1560.0,788.0,112.0,-1.3724974168484
206654,1924.0,147.0,177.0,6.68380889073284
99787,160.0,1888.0,44.0,0.311090249374598
188393,1907.0,131.0,175.0,3.75484548734033
304684,1926.0,14.0,98.0,3.26469866436365
16937,163.0,164.0,3.0,3.48560642911292
265089,3.0,1879.0,73.0,5.26358356265967
75032,1913.0,748.0,13.0,-5.09966423251328
319725,655.0,1886.0,99.0,-4.47886879944974
370723,1876.0,1879.0,180.0,-7.21270583729157
15973,1886.0,72.0,3.0,2.27537336870186
337188,1348.0,15.0,103.0,0.931006167994358
237628,48.0,1892.0,60.0,-10.2469284619389
68847,1876.0,1891.0,12.0,-1.5901697969202
75500,3.0,14.0,13.0,-1.33330999179613
371430,655.0,1927.0,180.0,0.708847173960912
29734,136.0,195.0,166.0,-2.19490443910665
63397,14.0,17.0,10.0,-6.99850409716768
47128,1926.0,1904.0,6.0,3.21863439388758
164473,20.0,1914.0,168.0,-0.940619174344114
311945,1909.0,788.0,186.0,-19.4763477994531
222895,160.0,1903.0,56.0,-0.815473298982281
16141,1332.0,150.0,3.0,1.40603126017789
195274,27.0,229.0,176.0,-2.31429417836175
398645,1559.0,18.0,112.0,-2.69232566993879
323478,160.0,82.0,100.0,10.9775411538886
52548,1332.0,1895.0,7.0,-0.0231308027253386
50214,150.0,1907.0,7.0,-0.671902977259013
265188,1332.0,1895.0,73.0,2.6826654804768
205841,655.0,1431.0,177.0,7.34172316196189
193649,1894.0,1892.0,176.0,-0.758936431327052
321433,1912.0,1910.0,100.0,2.5047441554622
221111,160.0,788.0,56.0,-3.57668498613835
310369,1908.0,1927.0,186.0,-8.66392191689582
200749,82.0,131.0,54.0,1.25577392979555
212942,1183.0,1908.0,55.0,3.28350926354372
235392,748.0,1347.0,60.0,-4.33716194500827
437714,1905.0,1927.0,116.0,-17.4453678560202
30999,1884.0,85.0,166.0,-7.67186495577068
173381,1881.0,131.0,52.0,2.74747129445306
112285,150.0,13.0,167.0,8.68154276313869
111418,1892.0,17.0,167.0,-35.5421693769193
173078,748.0,164.0,52.0,-0.917627804039213
388806,1898.0,1431.0,111.0,6.164310229225
172146,1884.0,1886.0,52.0,4.50897269754991
50431,1889.0,1912.0,7.0,2.65276854618677
107001,1875.0,85.0,45.0,6.16584899233353
75015,3.0,136.0,13.0,-3.11741012396753
300589,1560.0,1892.0,98.0,-3.2741635478637
237293,1919.0,146.0,60.0,11.6205214809837
258510,1886.0,1923.0,72.0,-3.77172768484444
103805,163.0,1331.0,173.0,-7.08191554541638
170211,1919.0,1905.0,51.0,1.32284880591024
313833,163.0,1892.0,186.0,-2.85901501881743
11828,1877.0,1916.0,2.0,1.59686134302224
16180,146.0,1922.0,3.0,10.3633796477688
246773,1875.0,150.0,70.0,-0.556538335580949
245149,83.0,1882.0,69.0,-0.948439280872359
286886,3.0,1903.0,77.0,4.26254304823355
86349,1895.0,1922.0,172.0,9.63271842383751
99919,1924.0,1342.0,44.0,-0.112977142191896
304611,544.0,1882.0,98.0,-5.55151239603583
413482,1893.0,1895.0,114.0,-2.08105979978687
171740,1875.0,1892.0,52.0,-0.834486344827394
11526,48.0,18.0,2.0,10.3068212755421
235073,1881.0,1917.0,60.0,0.179269612634588
172799,1559.0,788.0,52.0,2.56426552937052
256863,1337.0,1911.0,72.0,-0.221499089802896
14224,1888.0,1893.0,3.0,0.854683879801851
246540,1916.0,1923.0,70.0,7.63486587266758
13518,14.0,1908.0,2.0,-10.9310068596054
24350,1671.0,1331.0,4.0,3.41463430865519
256238,195.0,1881.0,72.0,-2.80079673267199
335528,1919.0,15.0,102.0,2.90542117024509
334094,1877.0,1880.0,102.0,4.72655721944833
162883,748.0,1347.0,168.0,-0.331216694966989
218035,5.0,131.0,56.0,-1.07975785904298
368702,1183.0,1889.0,180.0,1.44269983518625
229810,1559.0,1897.0,58.0,4.03364825796951
335281,163.0,1920.0,102.0,3.33635539813587
345695,1342.0,1927.0,104.0,3.73010382054346
209180,82.0,1910.0,178.0,4.68859265920162
68578,604.0,1901.0,12.0,1.94228920004788
259763,1876.0,27.0,72.0,5.3317095040606
31079,1671.0,1347.0,166.0,1.22481129238177
110462,1560.0,1928.0,45.0,-0.494461049957471
624722,1885.0,1902.0,53.0,5.49289060912527
64851,1337.0,1921.0,10.0,-3.3204974224323
436871,229.0,5.0,116.0,4.41503470595475
187742,1875.0,1889.0,175.0,7.52272523880422
253661,82.0,14.0,71.0,2.47904515124389
424093,1913.0,150.0,115.0,2.67396903219893
266635,164.0,1900.0,74.0,7.42068611402583
222235,1430.0,1918.0,56.0,0.115715954626116
236911,163.0,1919.0,60.0,4.1063291410044
218067,1430.0,1332.0,56.0,-4.93930304837529
7481,1877.0,1895.0,1.0,3.91726931797593
194926,160.0,47.0,176.0,-0.880620450938744
389079,48.0,1908.0,111.0,9.43824082554793
213751,1887.0,1917.0,55.0,-3.26071283560138
210970,82.0,1885.0,178.0,5.30865363941914
160956,948.0,788.0,168.0,1.31271560804014
113534,1920.0,1894.0,167.0,-7.9969428150854
280982,1926.0,1224.0,75.0,-7.61439442594837
211206,1925.0,1347.0,178.0,0.483249958828945
222048,544.0,1879.0,56.0,2.72397414751799
88435,544.0,1898.0,172.0,-6.77151721065944
370670,229.0,1347.0,180.0,-0.243293823282549
62502,1671.0,17.0,10.0,-0.217066653166717
336985,1559.0,18.0,103.0,4.01272995181316
50393,146.0,1912.0,7.0,-1.35663368301043
325834,1886.0,1892.0,101.0,-5.6473277932961
218567,1896.0,1927.0,56.0,-2.39609845177466
264577,604.0,163.0,73.0,5.27950288011702
58080,1905.0,544.0,9.0,6.64117150286297
177315,1881.0,748.0,53.0,8.37801462726102
49051,1902.0,1918.0,7.0,2.22973393570902
249504,83.0,1891.0,70.0,-2.73084425939128
250304,655.0,1920.0,70.0,-4.76637267553176
89462,48.0,1889.0,172.0,0.55499143365263
199025,948.0,1921.0,54.0,0.383612016878381
271756,150.0,120.0,179.0,6.22328045186644
172808,85.0,1560.0,52.0,1.79085563285773
371033,229.0,13.0,180.0,-0.381398281075744
423475,1911.0,1882.0,115.0,-0.54809082816276
257490,1916.0,15.0,72.0,0.76819946869668
423718,47.0,1893.0,115.0,3.407871914133
263641,1891.0,1898.0,73.0,1.8097505617195
51795,163.0,1909.0,7.0,10.3731182945338
26787,83.0,14.0,4.0,2.42840579616695
317332,1908.0,1911.0,99.0,-0.744197228476963
259262,1920.0,5.0,72.0,1.08567754320764
209257,1881.0,131.0,178.0,4.88676235018655
390712,83.0,1927.0,111.0,-1.73464491001566
369624,1907.0,17.0,180.0,3.14697529934627
320304,160.0,1902.0,99.0,3.12315850798852
185229,1906.0,101.0,174.0,9.91675426381231
281868,1876.0,1928.0,75.0,3.65334335797985
171210,83.0,1928.0,51.0,-7.84127151294379
326708,1431.0,1671.0,101.0,-1.43599141910545
87166,1889.0,17.0,172.0,-0.0869657338421365
269130,1887.0,1898.0,74.0,1.07045273580084
191351,20.0,748.0,175.0,3.32649771005395
168134,1183.0,72.0,51.0,1.71469794820852
173376,1875.0,85.0,52.0,-0.499038147562382
47634,1925.0,83.0,6.0,4.67751911668264
437374,1906.0,13.0,116.0,1.21029970866795
112413,1891.0,1890.0,167.0,7.46009228781134
13744,11.0,1902.0,2.0,-1.06438913927941
96262,1893.0,1560.0,44.0,11.2354408028742
46941,1342.0,1891.0,6.0,1.22441753793214
264876,1877.0,1891.0,73.0,1.74512056271483
339820,1337.0,677.0,103.0,-1.53116392111333
46136,1877.0,82.0,6.0,-2.606610569641
252770,13.0,11.0,71.0,7.7067469392625
31712,1906.0,1910.0,166.0,-2.59327648890638
234723,1890.0,1922.0,60.0,0.203625660892223
227518,655.0,1559.0,57.0,5.6608306349948
48480,1911.0,1917.0,7.0,4.45779095422154
369458,1907.0,1918.0,180.0,-1.06631253574463
301647,120.0,131.0,98.0,-0.252613306857368
245131,1906.0,1878.0,69.0,3.90097719606028
169355,1876.0,229.0,51.0,-4.64842486287005
191053,3.0,1224.0,175.0,1.72989522899312
629373,1875.0,1902.0,178.0,-12.61710841627044
242367,1902.0,1906.0,69.0,2.33196012736299
330320,544.0,1924.0,101.0,16.558331992104
173067,1347.0,1923.0,52.0,-2.68242513757583
180567,27.0,1348.0,53.0,-2.89897668912264
223723,1908.0,18.0,57.0,2.19162960723332
416581,48.0,1904.0,114.0,1.32351548025816
433814,1916.0,1917.0,116.0,-2.21899663551272
225533,948.0,1879.0,57.0,1.57072218412706
247390,1900.0,677.0,70.0,-0.995959906208469
390154,163.0,1915.0,111.0,-2.82768984631557
263837,85.0,1898.0,73.0,2.10611082392392
424804,131.0,11.0,115.0,-0.293515130690726
200975,1337.0,1893.0,54.0,-0.825441348133314
180422,1919.0,544.0,53.0,-5.59632026998235
344167,1430.0,1923.0,104.0,-1.85948737996716
196975,1924.0,14.0,176.0,4.37066365568693
68975,163.0,1893.0,12.0,11.2804481865747
253408,1886.0,150.0,71.0,0.899159706944458
372865,136.0,1886.0,109.0,5.63728617573173
317131,1901.0,788.0,99.0,-0.535218763112813
170043,655.0,1918.0,51.0,4.7796877681658
46648,1337.0,1885.0,6.0,-4.75138118997132
108113,101.0,1331.0,45.0,1.41662716236774
96473,1900.0,13.0,44.0,4.14143264499809
373871,1885.0,1904.0,109.0,7.33216000138782
96165,1875.0,1921.0,44.0,-3.68743092979018
398852,1912.0,131.0,112.0,-6.6709757108425
215179,1891.0,1885.0,55.0,-11.688684254013
311769,1559.0,1884.0,186.0,-2.37840537703567
87172,1899.0,748.0,172.0,-0.75638471913252
332680,1903.0,195.0,102.0,-8.79354713744084
74155,14.0,101.0,13.0,2.93526254101642
59912,13.0,1224.0,10.0,1.85741498193195
417718,136.0,1928.0,114.0,2.4028639610441
231878,655.0,1881.0,58.0,-1.34420846154213
113223,748.0,195.0,167.0,-4.35444680574619
198843,1878.0,1921.0,54.0,1.1521544487225
248275,1897.0,1877.0,70.0,-3.8020043803524
208821,1891.0,1890.0,178.0,-18.5889603845357
5969,164.0,131.0,1.0,2.53186585776026
234808,1905.0,1910.0,60.0,3.41597610898043
302829,1925.0,18.0,98.0,0.224687652475754
242237,11.0,1901.0,69.0,-14.4259279292786
101888,1893.0,147.0,173.0,1.35687267696687
173072,1899.0,1893.0,52.0,2.90803625622039
222592,1920.0,1342.0,56.0,-0.163453616046639
426836,1924.0,1915.0,115.0,-1.42625395457418
172729,1885.0,1910.0,52.0,0.515495068854173
397915,82.0,1332.0,112.0,-3.13839161154388
261790,1880.0,1431.0,73.0,2.84351788185576
258234,47.0,1900.0,72.0,6.83130780171862
388628,1876.0,1899.0,111.0,-3.21028469336433
95934,1909.0,1918.0,44.0,5.16903463144412
413874,136.0,1918.0,114.0,-0.444362544262148
178314,1879.0,1891.0,53.0,-2.25947901685826
49246,146.0,748.0,7.0,5.66479668487744
178208,1902.0,1921.0,53.0,-2.77808675741929
202586,1879.0,1884.0,177.0,-4.67402154376647
4953,1903.0,11.0,1.0,-0.6500929824289
304080,1876.0,1917.0,98.0,3.83196664076123
260363,160.0,1886.0,72.0,1.77017096675681
50558,1893.0,1892.0,7.0,0.350517793835995
375720,655.0,604.0,109.0,6.61044765547475
184480,83.0,1923.0,174.0,2.02475648202233
285059,3.0,195.0,77.0,-2.11885538797215
317014,1899.0,1903.0,99.0,1.80436885627771
243129,948.0,1894.0,69.0,-8.14036125662133
227930,229.0,1924.0,57.0,4.55843793989164
361379,83.0,1876.0,108.0,1.96972731421681
5765,1904.0,11.0,1.0,-2.41618850849396
326851,1898.0,1916.0,101.0,-6.58089324487907
112576,1886.0,1901.0,167.0,-2.06224246502269
311331,1885.0,1917.0,186.0,1.56876292103068
181117,1430.0,1878.0,53.0,-5.1091976161046
96698,1331.0,131.0,44.0,-5.28296066092455
272713,1879.0,1918.0,179.0,1.86621299075454
197064,1671.0,1928.0,176.0,4.01679706085512
56993,1924.0,85.0,9.0,-4.08442414668147
102467,146.0,1917.0,173.0,-9.12044814479678
360126,3.0,5.0,108.0,1.08811264606597
269679,655.0,1926.0,74.0,8.01088839606843
269839,14.0,131.0,74.0,-5.58749795589568
332904,150.0,1927.0,102.0,-2.64030596996669
278144,1895.0,131.0,75.0,1.74097334544063
218237,101.0,1904.0,56.0,-0.0034783232007896
45073,13.0,17.0,6.0,1.87525371272664
339608,229.0,1431.0,103.0,12.0802167783889
357605,1431.0,131.0,108.0,-2.33010722130792
50614,1885.0,85.0,7.0,-1.90902809905822
413432,1884.0,677.0,114.0,-2.02356675647926
269811,1915.0,1909.0,74.0,-10.107231240575
318511,1913.0,146.0,99.0,3.00701866040136
70730,1897.0,20.0,13.0,-4.25515940840286
256355,1880.0,1895.0,72.0,2.16740905324812
345012,1342.0,17.0,104.0,2.16601506567566
74851,1905.0,136.0,13.0,-17.4517438987499
424957,136.0,1884.0,115.0,-1.06739739609642
173782,1893.0,1887.0,52.0,25.8553356544886
99391,1915.0,1348.0,44.0,-25.5632819514216
283331,1904.0,1892.0,77.0,-1.0943270028199
231429,1915.0,788.0,58.0,-2.59021923486842
222841,1876.0,85.0,56.0,-0.363130336290911
633542,1900.0,1902.0,108.0,3.057174888157168
207472,1560.0,1928.0,177.0,1.64639425884942
7391,1430.0,544.0,1.0,11.6756638062681
424370,1889.0,1348.0,115.0,0.247887585342087
114709,160.0,1917.0,167.0,-0.495842529106012
283309,1887.0,1903.0,77.0,-3.75632067247511
332936,1671.0,1900.0,102.0,-1.67152476656796
59978,150.0,1893.0,10.0,-2.53047209541025
6977,1337.0,1880.0,1.0,3.05444245819045
255216,83.0,1559.0,71.0,0.744550892876564
8995,1896.0,1671.0,2.0,-2.31774092229184
377362,1896.0,1902.0,109.0,4.1410989473036
256633,948.0,1926.0,72.0,6.67932981149693
304209,544.0,136.0,98.0,0.406142397754347
272498,1893.0,1918.0,179.0,1.76331833141605
61300,1899.0,1897.0,10.0,-1.46818089890072
161474,1899.0,1918.0,168.0,0.9919514364613
232839,1430.0,136.0,58.0,0.381124070920696
310407,1900.0,788.0,186.0,2.89705908640759
254440,1919.0,1891.0,71.0,4.92376103905721
55523,1912.0,5.0,9.0,-4.00091337049121
387874,1893.0,1347.0,111.0,-2.40784333117844
188181,147.0,150.0,175.0,7.77845176268655
320648,1905.0,1911.0,100.0,2.45893568016544
88401,544.0,788.0,172.0,18.8033788142414
178791,146.0,1890.0,53.0,-0.674263840780363
426755,1915.0,27.0,115.0,2.57159589550302
280368,82.0,1891.0,75.0,-10.3455138794439
223482,136.0,17.0,57.0,8.87963571729781
113709,1877.0,1909.0,167.0,-0.84386903107012
287055,1430.0,1928.0,77.0,2.7910491574232
229834,1912.0,1907.0,58.0,-6.32624118833494
245293,163.0,1878.0,69.0,4.37583423989783
267039,1881.0,1917.0,74.0,3.91921491034896
11346,1893.0,131.0,2.0,0.581378599277309
274608,1332.0,1183.0,179.0,3.18833881670683
270329,83.0,1906.0,74.0,3.03588366947133
215583,1342.0,27.0,55.0,-8.99850781470329
112819,1431.0,1892.0,167.0,-2.85241321697123
333997,48.0,1898.0,102.0,4.95961975048102
396807,1224.0,1910.0,112.0,-5.76042720028919
208752,1885.0,1883.0,178.0,2.31796741446309
187790,1183.0,1909.0,175.0,8.4869593549875
388567,1902.0,1877.0,111.0,-2.09915477883326
317874,1880.0,1904.0,99.0,-0.040333772864963
413912,1889.0,1896.0,114.0,-3.73700553262361
388923,1909.0,1908.0,111.0,-15.1085097825207
320455,1875.0,146.0,100.0,-3.79667376219823
401719,1887.0,1928.0,112.0,-5.05623289183109
47290,1915.0,147.0,6.0,5.45579093360613
202457,47.0,72.0,177.0,-6.01768621963208
55973,163.0,150.0,9.0,4.00991177713461
412841,1882.0,1914.0,114.0,4.33657849152539
209163,1908.0,15.0,178.0,-12.8731790144736
303886,83.0,13.0,98.0,6.38524020134083
4692,1900.0,677.0,1.0,0.336895796051823
374031,147.0,1901.0,109.0,-2.82364035325191
254132,163.0,1914.0,71.0,0.541060832238517
401652,160.0,1910.0,112.0,-0.687775889396339
110036,1342.0,748.0,45.0,-3.14099431584277
194755,1903.0,1897.0,176.0,-2.47169868473766
332493,1879.0,13.0,102.0,1.43839650357592
11971,48.0,1331.0,2.0,-5.91636665114366
212273,1924.0,1890.0,178.0,-0.719728906491054
74472,1342.0,1905.0,13.0,-1.27484207080634
270805,83.0,1559.0,74.0,-7.1925436167057
68245,544.0,1919.0,12.0,5.44911843592884
231599,14.0,1875.0,58.0,-11.0883149119402
425693,1915.0,1919.0,115.0,5.64083695880916
390516,1906.0,20.0,111.0,14.6715300934972
342011,136.0,15.0,104.0,-3.46968875531676
69039,1337.0,1896.0,12.0,-2.0843349286262
173577,1909.0,150.0,52.0,1.3894326429192
183163,1882.0,18.0,174.0,-2.43795435643929
316911,1891.0,1900.0,99.0,1.22003290696101
358558,1905.0,1899.0,108.0,1.91700914506082
113268,1924.0,85.0,167.0,-6.29281277697246
52416,604.0,1904.0,7.0,6.28101627549594
18396,48.0,1900.0,3.0,12.9245935880034
17712,20.0,1348.0,3.0,-11.5365716695332
210246,1878.0,195.0,178.0,1.07746046703642
53398,655.0,1337.0,7.0,9.68362608062479
223275,83.0,150.0,57.0,0.195195085224224
299915,5.0,1882.0,98.0,-0.364844152099717
390957,1332.0,1900.0,111.0,-1.66305978373313
101029,1903.0,1922.0,173.0,-27.0924236367543
213510,1884.0,5.0,55.0,3.82798407845449
438313,1927.0,1902.0,116.0,-4.75631921728582
314273,3.0,27.0,186.0,1.0465415398356
177749,1896.0,1671.0,53.0,-0.179245675362399
53169,544.0,1890.0,7.0,7.89660697745842
337266,1890.0,1901.0,103.0,-2.84272748757049
112899,17.0,1918.0,167.0,15.706031230187
217624,1925.0,3.0,55.0,-1.91062994809313
338729,1559.0,1910.0,103.0,-0.807025101539711
190962,3.0,1348.0,175.0,-2.57524176697838
103343,1919.0,788.0,173.0,-23.9019911981663
193688,1893.0,11.0,176.0,-1.49982645359014
204715,1879.0,1896.0,177.0,-0.123999329965447
179973,1906.0,1909.0,53.0,-2.64408725230593
98528,1913.0,1331.0,44.0,-9.78621182686928
27955,1342.0,544.0,4.0,-2.50494597912597
108821,1926.0,1914.0,45.0,-1.31900335714525
9973,1875.0,1908.0,2.0,-6.12755100803208
248130,1183.0,788.0,70.0,-0.676577185574202
273680,1878.0,1895.0,179.0,-1.29708675289327
315711,1183.0,1885.0,99.0,0.506556932825486
359951,1337.0,146.0,108.0,1.38976380382851
97780,1880.0,1900.0,44.0,-1.50224848389155
325793,1919.0,1332.0,101.0,2.11311095370576
301365,1895.0,131.0,98.0,2.12301450043195
375367,1876.0,1883.0,109.0,15.7186182751286
337431,1914.0,1922.0,103.0,3.21706181620338
186110,604.0,136.0,174.0,1.94135682599189
400061,1926.0,1901.0,112.0,1.66753018648563
29868,1875.0,677.0,166.0,-2.19458903759675
106639,85.0,1904.0,45.0,2.43778879054254
318505,1337.0,229.0,99.0,-6.72271086113159
89555,48.0,1917.0,172.0,10.3986002786215
247383,1671.0,1910.0,70.0,0.0395271660230009
101416,1899.0,1891.0,173.0,-0.164545211367733
283615,136.0,1916.0,77.0,-2.2719670576004
237633,163.0,1892.0,60.0,-9.96047659926036
96646,47.0,1911.0,44.0,-1.83975922176554
272327,1880.0,72.0,179.0,-1.13664726650138
189345,1342.0,1347.0,175.0,-3.66882323382345
203995,1431.0,1347.0,177.0,-2.36636480192848
269532,1905.0,1881.0,74.0,-1.80073805538225
303328,82.0,1891.0,98.0,3.42734415820196
375783,229.0,1431.0,109.0,4.16517061839502
107401,195.0,1911.0,45.0,5.71633056687789
286817,1905.0,1900.0,77.0,-5.96406066759557
262983,948.0,1915.0,73.0,0.0330927665860053
437961,1926.0,1911.0,116.0,6.90213532245835
326248,101.0,164.0,101.0,7.01194769061437
266680,136.0,1896.0,74.0,3.9845427611503
63602,3.0,1893.0,10.0,1.88047528819457
401570,160.0,1906.0,112.0,4.29952743755522
4710,1895.0,1560.0,1.0,0.210942849765074
417646,604.0,1902.0,114.0,10.2093963362219
97529,1559.0,1921.0,44.0,-4.02913365900895
180746,163.0,1917.0,53.0,-2.47744821566721
228055,544.0,677.0,57.0,5.9490713614788
373282,1878.0,748.0,109.0,-2.76294507049875
280037,1915.0,195.0,75.0,1.45264801358418
65718,195.0,1671.0,12.0,-2.2800385535218
64265,1876.0,1912.0,10.0,1.79375495245901
257038,1342.0,1911.0,72.0,-4.21327111833096
231979,1913.0,1879.0,58.0,-36.5808442833205
285846,3.0,101.0,77.0,18.7085092672354
328905,3.0,1880.0,101.0,-6.30603591616594
270881,163.0,136.0,74.0,3.20205314541937
161402,1559.0,101.0,168.0,-14.2367418257414
245175,544.0,1876.0,69.0,6.24954304654316
177807,1875.0,1886.0,53.0,-2.05142961545557
29190,1900.0,1896.0,166.0,1.95098008598039
162450,1893.0,1889.0,168.0,-1.62157535450129
434616,101.0,1183.0,116.0,14.0322001523522
424337,948.0,48.0,115.0,12.158225418366
59274,1928.0,1902.0,9.0,-8.1627238362819
60487,1880.0,1922.0,10.0,-2.16207961699506
370819,229.0,11.0,180.0,-0.950920148102186
194412,1884.0,1907.0,176.0,-1.18614660209524
218573,1921.0,1927.0,56.0,-8.76107281765009
427120,1919.0,136.0,115.0,-4.6181830828132
325447,1332.0,1921.0,100.0,-5.94866158165887
359116,1347.0,1224.0,108.0,0.536414158171202
27948,27.0,1348.0,4.0,-2.25740135597017
70685,948.0,120.0,13.0,2.91104051109962
60461,948.0,1923.0,10.0,0.0353704324476007
283082,1912.0,1910.0,77.0,-1.74376673934159
226828,1915.0,17.0,57.0,0.533036008193473
245389,655.0,1903.0,69.0,4.55400252636201
205583,1920.0,1880.0,177.0,-7.92315405938536
301267,147.0,1901.0,98.0,-2.01237733533367
322136,195.0,11.0,100.0,0.0988652273174067
201139,163.0,544.0,54.0,-4.09774792878819
397148,101.0,147.0,112.0,-1.03893847388558
367621,1885.0,1431.0,180.0,2.05316708320939
374420,1889.0,748.0,109.0,-3.26160082684809
286736,229.0,1921.0,77.0,-16.1969838078205
191275,544.0,120.0,175.0,1.8050196494708
176717,1879.0,1896.0,53.0,-0.722083030390096
50658,1899.0,15.0,7.0,4.89425128404569
43726,163.0,1910.0,6.0,-8.02864038629313
189394,164.0,1431.0,175.0,-1.55694572881348
66584,1883.0,1347.0,12.0,-5.94191415725009
73053,1879.0,1917.0,13.0,-2.22723994101939
106449,1902.0,788.0,45.0,5.23845700419435
237753,1925.0,1884.0,60.0,1.89318733694527
282449,82.0,1898.0,77.0,0.577049757531973
173287,1342.0,1887.0,52.0,-0.483938937841062
109906,1877.0,120.0,45.0,9.11101198080523
101395,1903.0,1927.0,173.0,-4.05273619806281
73819,20.0,195.0,13.0,-7.04318811008596
302634,1915.0,14.0,98.0,1.79671880194711
185428,1924.0,101.0,174.0,12.6880657864724
52888,82.0,1886.0,7.0,-1.82562752466008
11475,1342.0,27.0,2.0,-6.8247028305989
372101,677.0,1902.0,180.0,-1.06959579247071
339329,1332.0,229.0,103.0,-1.83549330829043
303388,1337.0,1891.0,98.0,13.9246834818184
161926,164.0,1882.0,168.0,-0.615611117864982
194131,1883.0,1888.0,176.0,-3.40972910061665
25829,5.0,1914.0,4.0,2.46745896759984
235418,1878.0,131.0,60.0,-0.942613454730083
280323,1905.0,1892.0,75.0,-5.00838061918604
388959,15.0,18.0,111.0,3.17901541430322
230373,1916.0,677.0,58.0,0.475311044112447
208413,1896.0,1916.0,178.0,6.80688031164734
27567,20.0,1891.0,4.0,-3.38687231725494
191532,1919.0,1337.0,175.0,2.09275057279941
171132,1342.0,1337.0,51.0,-12.7254637640614
15100,147.0,1890.0,3.0,9.31515036440973
162888,1559.0,677.0,168.0,0.340656025521048
52017,1332.0,1914.0,7.0,-2.63141204021712
102101,1887.0,1907.0,173.0,-1.89082989536795
161248,1886.0,47.0,168.0,2.85059492812251
66262,1559.0,788.0,12.0,3.52101115288612
275717,83.0,1895.0,179.0,7.55657439060695
234085,1875.0,1923.0,60.0,-1.13672430746255
199315,131.0,1914.0,54.0,-0.0679622143312502
304683,655.0,14.0,98.0,2.27230582330624
251176,1883.0,1921.0,71.0,-2.467403555158
111881,1337.0,1899.0,167.0,3.24175655315844
44025,1183.0,1918.0,6.0,-3.00324250777767
223557,1900.0,1911.0,57.0,-0.444837445671755
263225,18.0,1910.0,73.0,-0.748657436164131
26759,163.0,1183.0,4.0,0.980177704964012
333737,48.0,1183.0,102.0,9.79048367951255
333574,1880.0,1881.0,102.0,4.83532915823915
258555,147.0,1889.0,72.0,-1.30666156353095
327686,1895.0,1923.0,101.0,-2.55680512589876
173101,1904.0,1898.0,52.0,-5.36570133497315
357875,11.0,17.0,108.0,6.76593737605268
114258,1924.0,11.0,167.0,-2.74219187669856
401229,1905.0,1927.0,112.0,-3.90422346799598
284692,1875.0,1914.0,77.0,2.45271170521348
284285,1559.0,1885.0,77.0,-1.55094162538147
95460,948.0,1884.0,44.0,-6.00678579726146
5191,164.0,1224.0,1.0,6.59124984429862
194055,1875.0,1910.0,176.0,7.16790296660685
48640,1915.0,1899.0,7.0,2.68355363632975
435687,27.0,1887.0,116.0,3.74361436637166
161556,131.0,788.0,168.0,1.89883368203173
231178,1886.0,1912.0,58.0,4.5236432086957
185436,229.0,101.0,174.0,10.5517248938007
285976,83.0,18.0,77.0,3.49426494267137
206069,1877.0,101.0,177.0,7.60171758900631
88135,1876.0,1919.0,172.0,10.0139881278602
345220,1919.0,1889.0,104.0,0.425743389263773
261449,1903.0,1900.0,73.0,-2.68793897880477
172365,195.0,1348.0,52.0,2.2865262523496
346069,1924.0,1878.0,104.0,-1.19585093772645
169292,160.0,72.0,51.0,1.89837377185224
171258,1907.0,1928.0,51.0,-5.35293963045094
63134,83.0,146.0,10.0,-2.27599308926411
198771,150.0,13.0,54.0,-3.81677738454551
340450,27.0,1430.0,103.0,2.90798190569756
412604,120.0,5.0,114.0,1.85491250346719
330284,1877.0,1671.0,101.0,-19.8058094255098
246858,948.0,164.0,70.0,2.6603364727002
433901,101.0,1891.0,116.0,6.24167964246687
260354,14.0,1559.0,72.0,-10.2170422176543
314417,1906.0,1224.0,186.0,1.0615679602737
176712,146.0,47.0,53.0,7.02586656077744
277790,948.0,1899.0,75.0,4.23629357971078
242755,1887.0,1914.0,69.0,2.17008428438412
161692,85.0,1911.0,168.0,1.03209591888803
161216,147.0,1897.0,168.0,3.89306861282786
205820,1906.0,1892.0,177.0,2.38471774669769
45595,1902.0,1876.0,6.0,2.62065134747571
265916,1905.0,1560.0,73.0,-1.89756732628629
71170,1431.0,1890.0,13.0,1.22594250764063
269801,1920.0,27.0,74.0,1.68070353078566
15473,150.0,1881.0,3.0,7.37323036323745
624436,1899.0,1902.0,69.0,1.362868056756128
374351,1879.0,1671.0,109.0,-0.675167632639942
247873,1888.0,1348.0,70.0,-0.214633710129236
32366,229.0,1880.0,166.0,-4.82541470057369
90063,1924.0,1911.0,172.0,-2.45608650981435
232900,1924.0,147.0,58.0,1.57065067953428
198763,120.0,1431.0,54.0,14.5294430119696
237582,604.0,5.0,60.0,2.59130099484117
315787,1878.0,677.0,99.0,4.37232563774391
27916,604.0,13.0,4.0,0.160109708003816
214784,1183.0,85.0,55.0,16.6063013390364
52836,1430.0,1912.0,7.0,1.03063306439299
101699,1884.0,5.0,173.0,-1.35083616177747
277926,1560.0,1921.0,75.0,6.36166909378855
4837,146.0,1922.0,1.0,3.16484125994778
224025,136.0,1885.0,57.0,8.91340807597264
368169,1897.0,14.0,180.0,-1.25936005567652
96563,1902.0,1876.0,44.0,2.75312495947617
167875,1879.0,11.0,51.0,-2.58237582294236
388000,1901.0,1918.0,111.0,13.963960848745
218290,948.0,1886.0,56.0,1.8423064869272
359429,1915.0,1919.0,108.0,8.42048371451196
177629,1183.0,788.0,53.0,4.72345981172221
204142,72.0,17.0,177.0,-4.16698784767097
324482,604.0,1896.0,100.0,1.09675632260128
272679,948.0,20.0,179.0,-1.45106746761826
212321,1877.0,1882.0,178.0,0.0612032300125176
426906,544.0,1875.0,115.0,0.511727473241644
332922,136.0,1894.0,102.0,-2.49936569679846
219334,120.0,1894.0,56.0,1.53830705418779
315763,1888.0,1912.0,99.0,-0.949309061435041
14863,1559.0,1921.0,3.0,-3.28973933687916
101758,1902.0,1917.0,173.0,0.534640414470315
11447,1926.0,1183.0,2.0,-0.626267577929949
360951,1913.0,1917.0,108.0,-4.66321458173662
399086,1881.0,788.0,112.0,10.2081412609
219291,5.0,677.0,56.0,-4.09804257795694
163153,47.0,17.0,168.0,1.96434054674474
63248,229.0,1913.0,10.0,9.31939007163044
207880,136.0,11.0,178.0,-1.21266743791926
58468,1877.0,1912.0,9.0,5.24938513397552
196524,1342.0,120.0,176.0,4.98724818008056
417164,83.0,1927.0,114.0,-2.08937681562553
13756,229.0,1902.0,2.0,-2.50891717459101
424157,1560.0,1911.0,115.0,-0.890747290868823
109001,3.0,1913.0,45.0,-1.28309554408041
323228,1920.0,18.0,100.0,0.630429812237668
370909,160.0,1895.0,180.0,5.8477670219279
281640,1925.0,1882.0,75.0,-1.17947823943249
262851,1879.0,1914.0,73.0,0.86073882888531
258221,195.0,1916.0,72.0,-2.56053627485929
344647,1877.0,1881.0,104.0,0.940298627112783
425687,229.0,1922.0,115.0,0.362225897027568
51744,1877.0,1901.0,7.0,-4.87092538792001
342213,1889.0,1894.0,104.0,-0.0629395751222331
170998,1924.0,677.0,51.0,0.62912990785574
212885,120.0,1916.0,55.0,7.7566265758525
4638,1903.0,1914.0,1.0,0.138516654616003
89479,83.0,147.0,172.0,-0.0419791743299765
13839,195.0,1918.0,3.0,-1.11596849157884
328121,1913.0,1347.0,101.0,-1.9159431634106
186069,229.0,1888.0,174.0,-1.75612860829069
433276,1896.0,1908.0,116.0,0.194064679392697
376065,1876.0,1893.0,109.0,7.64317740791472
26165,1898.0,5.0,4.0,2.5773119075526
301060,948.0,1895.0,98.0,-0.483306889648118
67266,1907.0,1224.0,12.0,-0.955775818867805
251301,1902.0,1882.0,71.0,11.4555844895129
47196,1342.0,1875.0,6.0,-3.66619471911735
186417,3.0,1878.0,174.0,-0.942673704454061
368982,1887.0,1918.0,180.0,3.40728510392561
173840,1903.0,1916.0,52.0,0.213845887730067
274478,1876.0,1919.0,179.0,8.76539187541435
209557,948.0,1926.0,178.0,0.568227657505747
199865,1899.0,164.0,54.0,-0.942296346671171
334384,1926.0,146.0,102.0,4.90230422894575
197866,1337.0,1899.0,54.0,-1.94351377607551
47155,1925.0,1879.0,6.0,-0.378075763376171
210915,604.0,1916.0,178.0,4.35159394626098
196260,1924.0,544.0,176.0,8.18139732657535
25011,1560.0,788.0,4.0,-2.25256609612256
434738,1887.0,1348.0,116.0,-7.06711752455746
284746,1881.0,1914.0,77.0,-5.9753895271248
275256,1342.0,131.0,179.0,0.494376356099553
427386,1877.0,544.0,115.0,-2.78375683652905
11853,163.0,1881.0,2.0,1.60539822829737
397891,1671.0,1897.0,112.0,1.00369228428754
209520,85.0,1882.0,178.0,9.27199941720689
337731,1183.0,1923.0,103.0,2.44336050679222
328285,120.0,1331.0,101.0,-1.32373185082192
162317,1875.0,1882.0,168.0,-1.54809034571091
205196,1926.0,47.0,177.0,12.2876572154334
270763,1926.0,1927.0,74.0,-2.59000262814613
259115,48.0,1880.0,72.0,2.78225183096894
237565,1919.0,1431.0,60.0,8.45500832567973
51110,1885.0,1918.0,7.0,-4.15564223039823
282807,1896.0,1348.0,77.0,0.991228269076636
315998,17.0,18.0,99.0,2.95770955091729
99059,83.0,1431.0,44.0,4.5626985103959
260465,655.0,1332.0,72.0,7.73438596409264
227959,1915.0,1903.0,57.0,4.04611502647733
106866,1894.0,150.0,45.0,-2.85391786214276
244548,3.0,1879.0,69.0,2.23113612742956
51823,1342.0,1331.0,7.0,-13.8230406162528
232077,1926.0,146.0,58.0,-6.21255545252425
367817,164.0,1893.0,180.0,1.09731913749966
28624,1919.0,1337.0,4.0,7.69239323653855
46560,1913.0,131.0,6.0,0.654877144960035
206333,1920.0,1877.0,177.0,-2.67393826149655
167536,1900.0,1224.0,51.0,6.93204836692419
316182,1183.0,150.0,99.0,4.37740879033698
56235,1895.0,788.0,9.0,-1.60349282838382
435778,20.0,1910.0,116.0,0.827606410722951
399088,1881.0,1927.0,112.0,-6.25631452078661
277287,1903.0,15.0,75.0,-0.751923790962809
342284,1893.0,1331.0,104.0,-2.88958505190694
215178,147.0,11.0,55.0,-4.48238724213452
279440,85.0,1888.0,75.0,-0.43679875927842
281960,1342.0,1928.0,75.0,-11.8034333772134
16848,655.0,1898.0,3.0,-12.4515831793096
25152,1897.0,1348.0,4.0,0.462308730104433
236834,1342.0,1883.0,60.0,4.47741097005144
31140,1884.0,1348.0,166.0,-3.54956645356957
224904,1887.0,1923.0,57.0,2.59579421976633
235761,72.0,1914.0,60.0,0.675993853026338
388359,1885.0,1898.0,111.0,-4.69016418331804
45422,120.0,1894.0,6.0,-3.66120181704597
328015,136.0,677.0,101.0,-1.72772054673068
642540,1878.0,1902.0,111.0,-6.22050865701843
323957,48.0,163.0,100.0,10.5003588694841
253347,1891.0,1917.0,71.0,-9.48716289340893
301230,1887.0,1224.0,98.0,-2.08663154530899
28085,3.0,1430.0,4.0,-1.83466436726305
56713,85.0,1907.0,9.0,-0.935348289625456
642666,47.0,1902.0,102.0,-5.585325660758546
184097,5.0,1882.0,174.0,1.50697459129835
205460,1332.0,1881.0,177.0,-1.18244362470518
194371,101.0,1671.0,176.0,-0.981268115261195
5468,150.0,1918.0,1.0,-0.89785829679172
318663,1920.0,27.0,99.0,7.23654225576206
261501,1560.0,5.0,73.0,3.08092834540394
260440,1906.0,1882.0,72.0,0.431809374181968
337866,1892.0,1921.0,103.0,3.76173673703348
52574,160.0,1348.0,7.0,2.73627815701217
89131,27.0,1893.0,172.0,-2.99668002505261
360787,655.0,1224.0,108.0,-7.494053591422
199203,1888.0,1671.0,54.0,-1.89411579647613
425499,1903.0,788.0,115.0,1.8278305353947
17201,1342.0,146.0,3.0,-7.74614186302965
18367,163.0,1900.0,3.0,0.455398895402326
176889,1891.0,1348.0,53.0,-12.5937188771203
26536,146.0,1911.0,4.0,1.06659792605519
73800,1876.0,229.0,13.0,-5.11556857804718
342283,1891.0,1909.0,104.0,13.9246442182418
427304,1925.0,120.0,115.0,-2.78325606710864
438303,1911.0,1902.0,116.0,-4.92342809756109
400305,27.0,101.0,112.0,2.50345941642224
177717,1880.0,1911.0,53.0,3.67270366438887
368401,1342.0,1347.0,180.0,-5.66821904593895
218751,1912.0,1883.0,56.0,-0.757001360331132
279227,1912.0,1888.0,75.0,0.78952735497379
270811,229.0,1888.0,74.0,5.36539515891708
213883,1883.0,1224.0,55.0,3.35058536988909
261979,1881.0,1882.0,73.0,-2.91771215851578
103315,1906.0,788.0,173.0,-15.1437661375084
167874,164.0,1907.0,51.0,-3.2392521307861
56607,1183.0,748.0,9.0,-0.755080974856655
302927,82.0,1907.0,98.0,-1.46962290901789
198164,1915.0,1332.0,54.0,-5.85320624971231
343967,1893.0,1889.0,104.0,-2.47778350775077
341793,15.0,788.0,104.0,-5.7266299486736
328909,20.0,195.0,101.0,-1.5527390916815
54738,1892.0,17.0,9.0,-20.2802858042069
373715,1183.0,1900.0,109.0,2.38012068334233
224675,1894.0,1896.0,57.0,2.17880494563405
52359,1342.0,1905.0,7.0,4.38123452591652
4280,1883.0,1904.0,1.0,-3.02996040023283
314628,160.0,83.0,186.0,-1.00167351306538
71292,1879.0,1900.0,13.0,2.42577663506528
32562,82.0,17.0,166.0,-2.17194782553785
68069,83.0,1919.0,12.0,14.4688640097849
301017,1917.0,1918.0,98.0,3.06938486862868
189419,1895.0,1907.0,175.0,-2.35829527332249
269931,82.0,1880.0,74.0,-4.35921791089149
49402,1880.0,1922.0,7.0,1.15914851279274
423796,1895.0,1882.0,115.0,-0.695808335811006
33792,229.0,1671.0,166.0,1.02216147542358
261574,1886.0,1923.0,73.0,-0.164189539756907
63479,27.0,1891.0,10.0,1.42843253152779
376888,1924.0,1876.0,109.0,4.74047225966483
281525,1337.0,1903.0,75.0,-12.4677742470648
629488,948.0,544.0,55.0,-0.7259010290001551
9979,1898.0,18.0,2.0,1.14982264980375
243358,229.0,1922.0,69.0,7.09662975690127
257292,1883.0,1890.0,72.0,-0.179325766052594
68966,48.0,17.0,12.0,13.9582903346977
192825,15.0,11.0,176.0,-1.84709749819745
417451,1924.0,1903.0,114.0,0.291329690015538
273796,5.0,788.0,179.0,2.97604439917928
358486,131.0,1923.0,108.0,1.40184815450288
203309,1904.0,1901.0,177.0,1.28105605611348
336287,1431.0,1918.0,103.0,3.54971283663421
187215,1897.0,163.0,175.0,3.6919348424524
280370,20.0,101.0,75.0,10.4696305302751
16832,83.0,1883.0,3.0,-8.43345404022228
103439,27.0,1183.0,173.0,0.496898751225584
260572,1332.0,15.0,72.0,1.56094254501236
242339,1903.0,5.0,69.0,4.92269999378194
333718,1913.0,1919.0,102.0,15.382265769688
314942,82.0,1903.0,186.0,-7.49947704183855
281070,14.0,136.0,75.0,-5.62383398271049
376017,1926.0,1891.0,109.0,-1.7386189368385
263033,1902.0,1882.0,73.0,-0.113798579668149
422840,1878.0,1914.0,115.0,6.97251013723714
210781,1926.0,164.0,178.0,-4.22971976129706
115231,160.0,1890.0,167.0,-3.84350067076116
167994,1893.0,17.0,51.0,-2.54003284562975
165163,1926.0,544.0,168.0,0.0968669379290219
52753,1337.0,1224.0,7.0,4.420053311894
108939,1877.0,1431.0,45.0,12.4936641179699
65305,948.0,1904.0,12.0,2.83792749235365
90385,1876.0,1928.0,172.0,-0.252044422388831
414469,1898.0,1348.0,114.0,-0.898270625845571
259712,1920.0,1884.0,72.0,-4.33850800090263
233222,655.0,1671.0,58.0,-3.86401854292731
227542,14.0,136.0,57.0,4.22941716739687
230595,1885.0,1927.0,58.0,0.673178438515109
54701,1224.0,131.0,9.0,1.1388909892943
427570,160.0,1921.0,115.0,-7.92281561680646
415890,604.0,1909.0,114.0,14.1993526391376
46524,1342.0,1331.0,6.0,-17.0677567546073
368585,1902.0,5.0,180.0,0.160942726600199
112863,1904.0,1331.0,167.0,-2.41501629488443
231545,1876.0,1183.0,58.0,-3.56611617012202
45393,14.0,1887.0,6.0,-0.186787151470212
258920,1915.0,164.0,72.0,3.91543363737821
162330,1875.0,164.0,168.0,1.68402724576665
218516,1886.0,18.0,56.0,2.84325349870126
103208,1893.0,131.0,173.0,2.10830400972387
107639,1902.0,82.0,45.0,-0.0373250447557652
316901,13.0,1224.0,99.0,5.27204356990285
16394,1913.0,1910.0,3.0,-2.84289472591235
244203,27.0,1904.0,69.0,1.19845565795511
283833,146.0,1892.0,77.0,-1.11812104521117
179631,1337.0,1907.0,53.0,6.88419751413129
166583,195.0,1881.0,51.0,5.50070514933531
223090,1431.0,1902.0,56.0,-6.63755925486579
87175,1902.0,1914.0,172.0,5.96231879787493
208219,1878.0,1897.0,178.0,-3.06069604978471
207798,72.0,11.0,178.0,3.24625260349421
204397,1183.0,147.0,177.0,-1.48867376485533
280546,1920.0,1893.0,75.0,2.23219662158524
168171,1886.0,1890.0,51.0,-1.69547721247797
235396,1897.0,1906.0,60.0,-3.73266237605557
248862,1332.0,72.0,70.0,-7.15319747574207
184943,229.0,1926.0,174.0,1.17359525882929
342131,1883.0,120.0,104.0,0.245766005822424
343361,1893.0,1912.0,104.0,6.4899154855279
223094,1907.0,1902.0,56.0,-2.71975397261468
433427,1347.0,1892.0,116.0,-9.38424426825177
370823,1925.0,17.0,180.0,-2.8835231654891
63395,1925.0,1431.0,10.0,-2.43223624048729
639693,1902.0,1928.0,186.0,3.06912295798292
97794,1898.0,1917.0,44.0,-7.70999695021871
100921,1896.0,1889.0,173.0,1.05637378511315
174694,48.0,1916.0,52.0,-6.15810456287838
196052,1925.0,13.0,176.0,0.0309969555260735
345202,1337.0,1889.0,104.0,-9.77516541969731
97628,1889.0,1431.0,44.0,1.35700584622078
427335,160.0,136.0,115.0,-1.63908945518413
321017,1671.0,18.0,100.0,1.79603602228763
423373,131.0,1901.0,115.0,-8.32520898324708
181858,1898.0,1890.0,174.0,1.18971607054338
264488,48.0,1913.0,73.0,-10.1194121820273
105597,1898.0,1912.0,45.0,1.56371926660306
62898,1924.0,1923.0,10.0,-2.08928076499579
30845,1886.0,1901.0,166.0,-3.36997192896242
437789,1926.0,1560.0,116.0,-2.62551021191721
238744,229.0,1882.0,60.0,6.20990642228533
30885,1903.0,1897.0,166.0,-5.69387230543785
16970,1925.0,1880.0,3.0,-3.79360754938036
331685,1884.0,1431.0,102.0,-1.52563465082604
194805,27.0,47.0,176.0,4.37222832365691
262323,1902.0,83.0,73.0,1.5637718019719
248016,1916.0,1901.0,70.0,-1.72402423513944
205834,3.0,5.0,177.0,-7.19181957046455
98422,1876.0,164.0,44.0,4.93825627156959
280266,20.0,1885.0,75.0,-4.40406258680671
205441,544.0,229.0,177.0,2.69339732609759
245649,1888.0,1928.0,69.0,0.709772960074927
194951,1906.0,1894.0,176.0,-0.325692017998186
9430,1895.0,1916.0,2.0,4.86058660794976
220441,1897.0,1916.0,56.0,-2.72138459547509
189843,229.0,1923.0,175.0,-2.34608494755062
325865,1889.0,1917.0,101.0,-2.35151168301849
416978,14.0,1886.0,114.0,-0.245094858552379
233117,1925.0,1342.0,58.0,14.637134921801
69091,14.0,18.0,12.0,1.93149782500818
103352,14.0,1923.0,173.0,-1.91930327376794
115445,1332.0,1921.0,167.0,-2.82503889149652
238726,1920.0,1882.0,60.0,1.97796403415409
223124,1922.0,1902.0,56.0,-5.18634600002142
11919,655.0,1916.0,2.0,3.35670286465017
180886,1919.0,1430.0,53.0,-4.65724204304095
177283,1883.0,13.0,53.0,-3.20497726596541
390630,14.0,1559.0,111.0,-3.30080503041648
274475,1877.0,1183.0,179.0,3.3537190992134
247292,163.0,1910.0,70.0,-0.604412728218966
314798,655.0,748.0,186.0,-6.83429693090308
171997,195.0,1890.0,52.0,3.30916713563227
174372,604.0,195.0,52.0,-7.17559737477365
367420,1882.0,1892.0,180.0,-14.0736285971626
427922,1925.0,1928.0,115.0,1.00557743880406
253179,1891.0,1907.0,71.0,-11.1988446859137
374373,1899.0,1903.0,109.0,2.16510118373501
343150,1885.0,1901.0,104.0,2.2809624259306
374755,164.0,1927.0,109.0,-2.73861743242529
100095,1920.0,1921.0,44.0,-28.5557824572385
108054,47.0,1671.0,45.0,-8.68946670811557
399789,1924.0,788.0,112.0,4.56169152699564
387906,1922.0,1927.0,111.0,2.24284837828196
210517,1877.0,1907.0,178.0,-4.01438069467144
343940,1875.0,1889.0,104.0,-0.457837240304008
17556,1337.0,544.0,3.0,-15.9377248536495
220279,1913.0,1347.0,56.0,-7.29356874793416
374233,1879.0,1907.0,109.0,-0.944129550832733
30801,47.0,677.0,166.0,-1.68624201454803
98416,163.0,1894.0,44.0,-4.82917346956262
28236,1919.0,1224.0,4.0,3.80682473490985
372736,1878.0,1912.0,109.0,-8.96806376958261
61601,136.0,1880.0,10.0,1.05814103680923
323561,20.0,1907.0,100.0,-3.28471568777835
423491,1671.0,1900.0,115.0,3.92848691989277
173326,1897.0,1347.0,52.0,-1.39760484882447
102262,1878.0,1914.0,173.0,-2.52266737325929
250938,1885.0,85.0,71.0,0.985872376109422
343812,1431.0,1882.0,104.0,-3.81268124169669
66082,1877.0,1899.0,12.0,0.306789601465696
58328,604.0,1348.0,9.0,-1.06702091681806
314008,1332.0,18.0,186.0,-1.47777349994254
229159,1904.0,1892.0,58.0,-8.96558493583388
58230,604.0,27.0,9.0,3.9070820058381
54442,1183.0,1923.0,9.0,1.02243696122127
63436,1332.0,101.0,10.0,2.69470012485208
58807,1919.0,1878.0,9.0,-1.08418260741521
423299,1347.0,1899.0,115.0,-3.85331128046001
335485,1876.0,1878.0,102.0,-6.53043424371046
357023,1183.0,1348.0,108.0,0.708802444184714
232073,3.0,163.0,58.0,-10.7344168429971
265866,14.0,1922.0,73.0,2.31369822856974
205832,160.0,146.0,177.0,5.4392965611009
195724,3.0,1892.0,176.0,0.514683920988169
436567,544.0,1331.0,116.0,-8.52809700272571
177224,1884.0,1908.0,53.0,-3.94416779693367
316467,1888.0,1911.0,99.0,3.83487870967776
310586,1909.0,72.0,186.0,-1.56802319471158
434613,1891.0,1887.0,116.0,3.39948521978677
32136,1924.0,1919.0,166.0,6.92129131403768
630157,72.0,1902.0,7.0,-6.007217423434405
323764,604.0,1885.0,100.0,4.71565211890234
43539,101.0,1910.0,6.0,1.47195686876238
314304,48.0,1224.0,186.0,6.73364695157636
401164,1342.0,83.0,112.0,0.476732519232917
217365,1925.0,1924.0,55.0,5.66592825107905
425031,1901.0,1923.0,115.0,-3.34298153836908
110751,948.0,1560.0,167.0,-9.14088407975337
186831,788.0,1927.0,175.0,4.05761073631643
328373,1183.0,150.0,101.0,0.948849557216485
328782,1926.0,229.0,101.0,0.238939753853215
436577,83.0,27.0,116.0,2.86675751350785
337869,1897.0,1918.0,103.0,-4.39371106475055
336748,1902.0,1898.0,103.0,2.90993047772507
172429,1896.0,1886.0,52.0,-1.61740963407521
360362,1342.0,1893.0,108.0,2.8270805663737
178978,146.0,18.0,53.0,-3.31247044118806
54169,1348.0,11.0,9.0,-0.899068235916282
426440,544.0,1913.0,115.0,9.6108211678779
53226,1337.0,1922.0,7.0,-5.67183328605085
205563,1332.0,229.0,177.0,-3.80017634073058
231099,677.0,1923.0,58.0,-6.23355898002194
229996,1919.0,150.0,58.0,-4.19784760811647
167461,1331.0,1886.0,51.0,-1.22084879893342
111774,1883.0,1922.0,167.0,0.377570150664762
217782,1671.0,1928.0,55.0,-1.34543347792423
175816,229.0,120.0,52.0,2.4723045442798
328915,1337.0,229.0,101.0,-0.831959026542419
69308,27.0,1905.0,12.0,3.23091916033471
52022,544.0,1913.0,7.0,6.62801145073836
201741,1913.0,1927.0,54.0,-7.95227189504221
250991,948.0,1882.0,71.0,1.05307435739639
425213,1885.0,1888.0,115.0,1.85161593303605
18555,48.0,1903.0,3.0,-7.48446054433249
343988,85.0,120.0,104.0,-2.25929648177535
334204,1924.0,1914.0,102.0,2.27938967341557
231651,1905.0,1875.0,58.0,-10.9767301237286
13766,1920.0,1902.0,2.0,-0.880113679810441
103962,48.0,146.0,173.0,-1.10007911086121
435925,47.0,1914.0,116.0,-3.11364379395566
343052,1881.0,1901.0,104.0,-1.19392069640362
264750,1905.0,1891.0,73.0,0.522773412075904
97488,136.0,1560.0,44.0,-0.291636746497663
414729,1560.0,1888.0,114.0,-6.22130785197435
111354,1888.0,1922.0,167.0,-2.814432768586
423094,164.0,1912.0,115.0,-2.01224620499013
32078,604.0,1907.0,166.0,1.97859490938953
194400,136.0,1888.0,176.0,5.41810837382897
64372,48.0,83.0,10.0,2.32735513866318
187959,1883.0,150.0,175.0,-1.51034118945662
369690,1894.0,1907.0,180.0,-4.13744993749512
5365,150.0,1912.0,1.0,-0.205058682336949
202441,1912.0,1916.0,177.0,6.19397347834411
328900,1915.0,229.0,101.0,-0.780837795487602
11598,160.0,82.0,2.0,13.2378261458324
186504,1924.0,1903.0,174.0,-2.6009584197967
105546,150.0,1928.0,173.0,5.97612441322428
6903,163.0,1331.0,1.0,-17.9855319324123
312002,1907.0,1918.0,186.0,8.06169974214549
215356,146.0,1922.0,55.0,-0.145179361597545
75642,1925.0,1902.0,13.0,0.186351819480111
72799,85.0,147.0,13.0,-4.32013533376915
397771,163.0,1898.0,112.0,-0.395779464189522
98677,544.0,1916.0,44.0,18.6276035145281
108317,604.0,1899.0,45.0,8.17794277987622
66445,1897.0,1905.0,12.0,-7.61921969940054
344912,229.0,1347.0,104.0,-1.09925920166482
51665,544.0,164.0,7.0,5.57731205014374
321394,85.0,195.0,100.0,2.17846812546528
162346,1898.0,1892.0,168.0,6.32337818237032
220970,229.0,1883.0,56.0,6.12658209817424
110259,1913.0,1900.0,45.0,6.00243682408838
5937,1894.0,677.0,1.0,0.182141478043536
338938,655.0,1183.0,103.0,3.52322687901306
163296,72.0,1917.0,168.0,2.658733485086
198094,13.0,1882.0,54.0,-0.693310015197022
321940,1902.0,1331.0,100.0,-3.26772591938764
245697,1347.0,1902.0,69.0,-15.0733487524151
370276,1919.0,1331.0,180.0,-9.6263484935529
30561,101.0,1894.0,166.0,12.4480871189744
204577,1887.0,1896.0,177.0,3.13169321743241
202862,47.0,1431.0,177.0,-1.5794061472419
52912,1926.0,136.0,7.0,-11.6590348198288
45381,1920.0,150.0,6.0,1.70638769462688
99888,20.0,748.0,44.0,-2.65099783301776
399052,1897.0,1922.0,112.0,-4.70305553073606
325767,1875.0,1917.0,101.0,-1.09787409324312
95859,146.0,1671.0,44.0,-6.37948493347831
256560,1880.0,1912.0,72.0,3.10320552062242
28646,1342.0,1921.0,4.0,-4.10608858493387
183933,1348.0,1892.0,174.0,-1.49281558553761
67190,1878.0,1918.0,12.0,-0.438371736279076
280234,1430.0,131.0,75.0,-1.01218816096117
270951,1905.0,1878.0,74.0,-3.73003399955333
340795,544.0,1900.0,103.0,-0.317357185041899
55663,1431.0,131.0,9.0,-3.44038628182604
224787,1875.0,1904.0,57.0,4.38125193153428
215069,1886.0,195.0,55.0,7.74215668782089
164982,604.0,1875.0,168.0,5.10945613508345
4690,1918.0,788.0,1.0,17.8022439506219
344396,544.0,18.0,104.0,0.731599363422404
175438,160.0,27.0,52.0,3.73197985606288
346308,1924.0,1925.0,104.0,2.10122737099092
222014,1913.0,1889.0,56.0,-8.17827243123904
28424,14.0,1906.0,4.0,5.93437888161343
88136,1924.0,1908.0,172.0,-2.32824251008555
328287,1431.0,15.0,101.0,-0.120404341375833
184183,1900.0,1910.0,174.0,3.68643558511152
433609,1889.0,1881.0,116.0,4.23664607370987
257214,72.0,120.0,72.0,-1.74895110906999
373487,1332.0,1898.0,109.0,-0.614659282109801
186812,1911.0,18.0,175.0,0.661026099809022
301232,1903.0,15.0,98.0,2.89526672402201
424544,1915.0,1898.0,115.0,2.66124722649003
189463,1560.0,1923.0,175.0,0.969431970291262
316827,13.0,1917.0,99.0,1.28569094755455
3913,1912.0,1914.0,1.0,0.921951127732273
215342,1884.0,1895.0,55.0,0.258423642666758
340870,1915.0,85.0,103.0,4.24222513943242
24903,1899.0,1878.0,4.0,-1.16964539422387
86089,1885.0,1882.0,172.0,2.72763855582031
49173,1889.0,1916.0,7.0,2.96872911182084
102194,1882.0,18.0,173.0,-13.9258562027916
186312,1905.0,15.0,174.0,6.71018605413369
74471,1906.0,1889.0,13.0,1.87920925800894
277066,1909.0,13.0,75.0,-5.29413342251479
202824,1881.0,5.0,177.0,-2.45676625521072
199592,1224.0,1890.0,54.0,2.84388321045206
232664,1332.0,1895.0,58.0,3.11299471857146
7338,544.0,101.0,1.0,27.9204252687373
168390,101.0,1894.0,51.0,6.27904272648779
211141,1430.0,1914.0,178.0,-1.27255773726852
281045,1926.0,1559.0,75.0,-1.15898635871053
99843,163.0,83.0,44.0,1.9499204042476
435155,47.0,1883.0,116.0,-6.10355011542787
108250,1894.0,1892.0,45.0,-2.40426108944448
67293,13.0,1890.0,12.0,1.08274329799381
282539,1897.0,1917.0,77.0,0.597081487766554
322041,1559.0,1917.0,100.0,-6.97957424689112
264029,160.0,1907.0,73.0,3.29323235290163
238769,82.0,1913.0,60.0,-0.890877881399127
368495,1888.0,18.0,180.0,-1.03253852603366
396952,85.0,1331.0,112.0,-1.76897229737444
90381,1899.0,1928.0,172.0,8.08009242912847
398079,120.0,1892.0,112.0,0.147606727781084
414557,1899.0,131.0,114.0,5.97507431625815
320992,82.0,1332.0,100.0,-5.73045470592693
357674,1896.0,15.0,108.0,-3.80652584697392
207991,1183.0,150.0,178.0,0.0885004607746714
56324,1888.0,150.0,9.0,-1.34762886108911
222164,1332.0,147.0,56.0,-0.60892884171872
112231,1559.0,1917.0,167.0,-3.05468571082713
265121,655.0,1877.0,73.0,8.42022032502005
396872,1224.0,11.0,112.0,4.99860914681307
96397,163.0,1899.0,44.0,16.85106871022
229873,748.0,1896.0,58.0,1.86290060377174
4057,1912.0,1917.0,1.0,-4.13099543905548
111011,1348.0,1916.0,167.0,1.56615720586625
268761,164.0,1921.0,74.0,5.38993457939905
100768,1889.0,1224.0,173.0,-15.4921607741042
238367,1925.0,136.0,60.0,0.527021145925088
217077,1905.0,1886.0,55.0,1.53202813762743
102654,1332.0,150.0,173.0,-0.685425799685021
24640,1896.0,1918.0,4.0,0.0231293753959655
46498,544.0,1914.0,6.0,1.89204601988172
71421,1880.0,1922.0,13.0,-7.18376814266268
87318,1348.0,131.0,172.0,-2.55777324667516
71910,1912.0,5.0,13.0,5.83261494456528
161566,1899.0,1901.0,168.0,-1.34531838277187
271532,1917.0,1902.0,74.0,-2.63556976732357
28907,82.0,1876.0,4.0,11.9062357893778
630115,1559.0,1902.0,71.0,-4.802004411037247
210375,1926.0,160.0,178.0,-1.07363106902816
6454,1919.0,1923.0,1.0,1.27586248377554
311382,1903.0,1910.0,186.0,-0.730010175210912
68553,48.0,1916.0,12.0,-1.22795762336394
344821,1926.0,1431.0,104.0,5.46513490133781
103321,544.0,1922.0,173.0,-2.32257662052192
18706,14.0,1921.0,3.0,-5.17570238618478
31670,1883.0,1882.0,166.0,-1.57635197502596
268584,1560.0,17.0,74.0,-2.96223930296641
172615,1904.0,1911.0,52.0,0.686219176710015
201183,1342.0,1877.0,54.0,-2.73730474640798
283929,1909.0,15.0,77.0,-8.1825876453853
264044,544.0,1883.0,73.0,-2.11982824663671
434302,1431.0,131.0,116.0,-2.36829952970604
361068,1905.0,1559.0,108.0,-6.07374310562832
248719,83.0,1923.0,70.0,-1.20384547244937
271966,1224.0,5.0,179.0,-2.86159108647086
181949,1917.0,1892.0,174.0,-9.85013870112258
251428,195.0,1923.0,71.0,6.36919096472189
397916,1881.0,1908.0,112.0,-4.01496286263666
196059,1913.0,5.0,176.0,-0.0194763537041982
64854,1905.0,47.0,10.0,-11.1707655330637
102595,47.0,1927.0,173.0,-0.513587104264532
243261,1908.0,1914.0,69.0,2.64657387378703
26715,1926.0,85.0,4.0,-2.9549357134688
377219,48.0,1910.0,109.0,-2.91065073718624
373586,1917.0,11.0,109.0,-0.557877583074926
249680,1925.0,101.0,70.0,17.3122427847994
195966,1924.0,1918.0,176.0,6.59295152804638
271132,82.0,1560.0,74.0,-0.98538740232551
359168,1560.0,1894.0,108.0,-9.70544145308697
417356,1924.0,1911.0,114.0,-2.79667142344846
374021,195.0,15.0,109.0,3.94166008244678
209059,101.0,1888.0,178.0,4.92183425269998
9422,1883.0,1916.0,2.0,2.52808981531445
162624,195.0,17.0,168.0,-1.01503638882517
282913,1893.0,5.0,77.0,0.719364073070543
183123,150.0,1927.0,174.0,-3.78547690581728
338675,47.0,1917.0,103.0,9.78330946360663
369386,1912.0,13.0,180.0,1.58035548253172
234290,1183.0,131.0,60.0,-0.973066527931013
236093,1883.0,18.0,60.0,1.20575172727316
263090,1347.0,136.0,73.0,5.46004557049624
367955,1887.0,1889.0,180.0,1.44269983518625
162561,1875.0,146.0,168.0,-3.56266196820706
63417,1430.0,1914.0,10.0,-6.07508986112877
244841,160.0,48.0,69.0,15.2627095892365
360778,1332.0,1918.0,108.0,-0.685553952129025
257866,164.0,1923.0,72.0,-0.622501138545727
336006,1918.0,1928.0,102.0,0.681848742026683
95908,1898.0,1881.0,44.0,10.8130002127473
257054,948.0,1879.0,72.0,1.76834941720384
246968,17.0,1901.0,70.0,-5.17017297915086
254037,1342.0,164.0,71.0,3.64963649445317
111442,72.0,1881.0,167.0,0.63627605996956
343082,1183.0,1875.0,104.0,1.08804920428278
165537,1924.0,1560.0,168.0,4.52165527781129
55685,1347.0,1882.0,9.0,0.0633954194499036
184828,3.0,72.0,174.0,-4.39829173070534
209431,948.0,1927.0,178.0,1.7267764848924
242118,1890.0,1922.0,69.0,1.51243561660385
238729,1332.0,1900.0,60.0,-5.73333974117113
195996,1926.0,1915.0,176.0,-1.999893959015
220022,85.0,5.0,56.0,-0.813238572375201
190591,48.0,11.0,175.0,-1.36870827654269
280661,1915.0,677.0,75.0,-6.09968233689589
270810,655.0,1888.0,74.0,6.22105630413519
214293,1348.0,1923.0,55.0,-3.64332733615589
313168,48.0,1919.0,186.0,4.66537553307244
234432,1915.0,1899.0,60.0,4.41352254772665
188992,1884.0,1224.0,175.0,-1.70311693228978
357236,15.0,1910.0,108.0,8.52894551984939
72873,147.0,1916.0,13.0,-6.3193698659291
426754,1913.0,677.0,115.0,3.55348213873868
49130,1883.0,1914.0,7.0,1.96573711054585
10780,1899.0,1890.0,2.0,0.849507193392893
181481,655.0,677.0,53.0,-11.1891035935309
208704,72.0,1671.0,178.0,-3.32426136031218
316868,1899.0,150.0,99.0,0.326300136459425
278225,1887.0,1916.0,75.0,0.676597484592791
203211,1912.0,1896.0,177.0,-4.16942620711376
247517,195.0,1431.0,70.0,8.27165354273132
169828,48.0,1892.0,51.0,4.25574427785873
206079,1915.0,1879.0,177.0,-4.63663770209851
56505,146.0,788.0,9.0,-0.215169040339289
198823,120.0,1911.0,54.0,-2.15523924600033
301263,85.0,748.0,98.0,4.09684058763893
425745,1905.0,1923.0,115.0,-1.90248935490791
220920,1906.0,1923.0,56.0,0.335975830386601
423719,1880.0,72.0,115.0,-1.37278135454277
387975,677.0,788.0,111.0,-6.62969838835543
218276,1559.0,1918.0,56.0,-3.7156008852793
338920,1342.0,1183.0,103.0,0.20550541289091
207794,1913.0,1332.0,178.0,-1.25973959754448
425283,1560.0,1914.0,115.0,-0.423716781090478
220399,85.0,1909.0,56.0,-1.51375369954237
269768,1925.0,1331.0,74.0,-9.60243458874493
193229,1880.0,1883.0,176.0,5.12094743406725
326337,748.0,1560.0,101.0,1.49499303265841
238876,1926.0,1910.0,60.0,2.96376814491986
8976,131.0,1910.0,2.0,20.5748572902123
427997,1929.0,1902.0,115.0,-4.26897329981374
398623,146.0,5.0,112.0,-1.23755695546705
98974,655.0,131.0,44.0,-1.59986039955671
257998,85.0,18.0,72.0,-2.25464075381056
61470,1342.0,1332.0,10.0,-3.72172987526907
369502,948.0,1912.0,180.0,7.28058579179701
229758,1891.0,120.0,58.0,6.3027473222111
25963,1919.0,150.0,4.0,6.01872108704347
14681,1883.0,164.0,3.0,-6.99543941425789
64168,1906.0,1917.0,10.0,-1.02028368679308
199372,1889.0,1904.0,54.0,-0.376139337544154
27154,1877.0,1916.0,4.0,-5.3878394309112
262597,1904.0,1922.0,73.0,0.112095242822663
247597,1896.0,1888.0,70.0,-5.78132176771327
252309,150.0,11.0,71.0,6.56468946037744
210126,748.0,1431.0,178.0,1.57833772391208
103557,83.0,1881.0,173.0,1.22500747629313
226278,655.0,1923.0,57.0,0.296131790002717
424669,1891.0,11.0,115.0,-1.46703272817233
330346,544.0,1921.0,101.0,-2.47721581808562
25594,1895.0,1910.0,4.0,-0.582194067134717
258036,18.0,1922.0,72.0,-3.12427779579511
328246,82.0,1910.0,101.0,5.2166097550952
242837,748.0,1907.0,69.0,-0.489838401775278
262654,147.0,1895.0,73.0,0.631113781065283
225870,1560.0,1883.0,57.0,-6.36588673094561
267142,1331.0,1917.0,74.0,-0.380412177537452
57056,163.0,1183.0,9.0,-0.599487057417019
171148,1331.0,1902.0,51.0,-5.53744921067832
108828,1342.0,1331.0,45.0,-10.5406293556472
169468,655.0,1901.0,51.0,3.60361648082626
33241,14.0,147.0,166.0,-1.59350318631279
236586,1902.0,1342.0,60.0,-1.45887243997108
333248,11.0,1914.0,102.0,6.07028336108101
368427,1896.0,15.0,180.0,-4.35210539154059
106804,1560.0,1909.0,45.0,3.29909890123195
64451,82.0,15.0,10.0,6.34478735565263
304884,1903.0,1928.0,98.0,1.61044189327948
641547,1894.0,1902.0,45.0,5.646437042434435
413315,1348.0,1892.0,114.0,2.19337211806506
28965,17.0,1928.0,4.0,-5.54380008537369
374179,1897.0,13.0,109.0,3.30944266165394
11755,27.0,1881.0,2.0,-3.82802304572807
215951,1924.0,1880.0,55.0,-11.0273460656444
100623,1879.0,1910.0,173.0,10.9364860660319
87290,18.0,788.0,172.0,-7.27096727376022
358008,1903.0,1348.0,108.0,0.941062083626084
65477,948.0,1883.0,12.0,2.16169727997706
74558,20.0,1348.0,13.0,-4.30376939278717
325401,655.0,677.0,100.0,0.745655866926741
642595,85.0,1902.0,112.0,-2.9000908978425373
195373,48.0,1916.0,176.0,-2.45599705753124
110278,604.0,677.0,45.0,1.36129838751787
182717,72.0,1881.0,174.0,-0.119244212361199
257926,147.0,1904.0,72.0,-6.17733588875244
266196,5.0,1902.0,73.0,4.71300865764383
63070,163.0,164.0,10.0,2.47209872091651
171050,1915.0,1890.0,51.0,1.91525201189171
272098,1898.0,1348.0,179.0,1.03720055734853
249509,1926.0,1347.0,70.0,-6.15342679161886
11679,14.0,164.0,2.0,0.302105335678073
53286,1925.0,1903.0,7.0,6.03167109737885
222612,3.0,1342.0,56.0,-0.64328545557554
174079,1331.0,1224.0,52.0,0.225267867712633
101980,101.0,1903.0,173.0,3.32162076206592
250960,164.0,1896.0,71.0,-2.59494212343878
95673,1904.0,5.0,44.0,-0.906625539849942
171168,3.0,1902.0,51.0,5.86535825013845
203691,1347.0,1922.0,177.0,-5.01181180276249
161238,1885.0,748.0,168.0,-2.43361573197184
269061,1899.0,1897.0,74.0,0.532953646781336
266980,72.0,1348.0,74.0,-5.21647690188524
187928,72.0,1893.0,175.0,0.894795542456811
271109,20.0,1903.0,74.0,-4.85791187110582
26591,1347.0,1224.0,4.0,2.50940062732099
314271,1924.0,1889.0,186.0,2.98694789051172
12789,1926.0,1224.0,2.0,-1.51078835773319
321581,1431.0,1894.0,100.0,5.06485614379501
97961,948.0,1430.0,44.0,-7.2476716555568
113578,1337.0,1907.0,167.0,-14.1270513908602
357829,1886.0,17.0,108.0,-6.24612246813313
230600,146.0,1889.0,58.0,0.68538905658021
248703,1342.0,1906.0,70.0,6.41208958225744
373078,1881.0,1671.0,109.0,-2.6228655156857
233442,1919.0,1560.0,58.0,0.0312846027629931
265310,1332.0,1888.0,73.0,0.205049283888946
182859,1899.0,146.0,174.0,-3.84105162218996
285731,604.0,655.0,77.0,2.79086270318166
73594,3.0,82.0,13.0,-1.38427738116719
427295,1924.0,1920.0,115.0,0.091785273610496
357967,1897.0,1922.0,108.0,-6.37653044867968
320770,1903.0,11.0,100.0,-0.7792210072128
170463,27.0,1917.0,51.0,-1.54608662318439
171207,1894.0,1928.0,51.0,26.1740598155438
315523,1902.0,1431.0,99.0,6.78284379975888
369788,1431.0,1882.0,180.0,2.57604236461565
51255,1920.0,1922.0,7.0,0.936186149861905
389924,3.0,1891.0,111.0,2.24236288509857
344551,1332.0,195.0,104.0,-1.47192377988497
103551,1332.0,1907.0,173.0,-8.73431368070406
107886,47.0,1898.0,45.0,-4.50259581220749
257674,948.0,1880.0,72.0,-3.92046169761056
437870,229.0,748.0,116.0,-8.90450842380493
373963,1902.0,1914.0,109.0,-1.10682185413164
426594,1925.0,150.0,115.0,-6.73822095852165
163302,948.0,136.0,168.0,-2.56985257745739
280224,1342.0,5.0,75.0,-0.115726641194955
370096,1924.0,1923.0,180.0,0.169548492720261
226579,1925.0,1885.0,57.0,11.6674990976054
333176,146.0,1910.0,102.0,2.10910493018522
437576,1906.0,1912.0,116.0,-4.29789785857282
340251,1876.0,20.0,103.0,-5.65649625468312
270987,48.0,1560.0,74.0,5.94320724358511
176421,17.0,1928.0,52.0,-3.25657468480533
174340,82.0,164.0,52.0,5.98880941611595
369273,1671.0,15.0,180.0,-5.33167222422277
286757,1905.0,1337.0,77.0,-10.3568646717867
101642,136.0,1898.0,173.0,-0.98112454201113
243125,1907.0,13.0,69.0,-4.78088390643974
326055,72.0,1917.0,101.0,-1.07828171536293
175205,1430.0,544.0,52.0,-1.26694073135989
168314,1431.0,18.0,51.0,2.85781947187719
54943,1893.0,1348.0,9.0,1.0823613766111
245912,164.0,120.0,70.0,1.89834136332234
277098,1909.0,1892.0,75.0,1.16332287308486
28239,163.0,147.0,4.0,2.57363113333425
109359,1913.0,18.0,45.0,-9.38537058113843
375766,1926.0,146.0,109.0,-2.40496487219721
53298,1332.0,1890.0,7.0,-7.27312037702422
358754,1899.0,1224.0,108.0,-1.9549938955809
342287,1881.0,677.0,104.0,-8.42636385796773
28987,788.0,1902.0,4.0,1.67009632392024
274451,3.0,85.0,179.0,3.35658801193035
162611,748.0,1904.0,168.0,-4.71566456630718
389699,1924.0,163.0,111.0,11.5304419251164
26537,1671.0,1917.0,4.0,2.20725147651255
189845,163.0,788.0,175.0,-2.95253600575662
286332,160.0,48.0,77.0,-3.08135006680078
71878,1342.0,1910.0,13.0,4.50289483617363
114810,27.0,1917.0,167.0,0.485178587027651
52933,163.0,120.0,7.0,4.13800244568458
102412,1924.0,1925.0,173.0,0.686320123810433
163777,1342.0,47.0,168.0,-13.834100616465
95533,948.0,748.0,44.0,4.51393452234287
361154,544.0,1332.0,108.0,1.24602265030679
201810,1920.0,1671.0,54.0,-23.3168512816609
28309,1337.0,1912.0,4.0,1.73239001684756
413593,1907.0,17.0,114.0,-2.99542770277711
278502,1917.0,1910.0,75.0,-0.353268754428603
89355,1342.0,544.0,172.0,-1.91826878723834
283418,195.0,18.0,77.0,0.0744589308107755
208553,1889.0,1897.0,178.0,-1.44472838234027
315558,1347.0,788.0,99.0,-6.23353736071976
360435,48.0,150.0,108.0,7.41971289176428
27798,1876.0,544.0,4.0,7.44235587712421
252289,1890.0,1892.0,71.0,0.631616388198393
330690,3.0,1902.0,101.0,-1.20993581418996
415458,1925.0,1183.0,114.0,3.96136418583724
376114,1905.0,1879.0,109.0,-2.6688205650047
367361,1882.0,17.0,180.0,-0.411295450616005
220439,1891.0,120.0,56.0,-7.27484959629354
330835,1881.0,1348.0,102.0,3.84444247335166
372367,948.0,1905.0,109.0,-1.06567022759633
367877,1879.0,1560.0,180.0,-1.80033838359943
235071,15.0,131.0,60.0,-2.87205357408958
219915,1894.0,1922.0,56.0,-8.24539813962138
254693,1924.0,1895.0,71.0,2.12889191095197
46461,655.0,1885.0,6.0,4.18445738331911
300386,1884.0,1897.0,98.0,-3.53563440798342
50895,1891.0,85.0,7.0,-3.43895429509752
165906,1906.0,1921.0,168.0,-4.66222407633588
259347,20.0,1885.0,72.0,-5.31407210372891
173933,1909.0,120.0,52.0,5.11769004853983
199292,1897.0,1896.0,54.0,3.19336204711843
3888,1875.0,1224.0,1.0,1.0328103282903
398703,1902.0,1876.0,112.0,-6.71136368225596
234579,136.0,677.0,60.0,-5.0603629822998
322721,1889.0,1923.0,100.0,-1.31846849022235
316763,20.0,1898.0,99.0,-1.30612246998044
220092,1882.0,131.0,56.0,3.46021755249212
62543,131.0,677.0,10.0,-0.889215715231872
89652,160.0,1430.0,172.0,-5.42701305572551
327870,1889.0,15.0,101.0,0.0886086876468082
171230,47.0,1928.0,51.0,-0.902338505411416
169462,1920.0,1885.0,51.0,-0.181970085377375
323253,229.0,1899.0,100.0,6.7638304337679
250932,136.0,1894.0,71.0,7.7988859959476
180495,229.0,1915.0,53.0,3.92164045859488
212193,1877.0,1560.0,178.0,-3.03513330626021
31327,1891.0,131.0,166.0,10.0184396389804
264062,1877.0,1919.0,73.0,3.30968566198698
208196,146.0,748.0,178.0,-4.62662565210002
371798,160.0,1878.0,180.0,-2.40097957768089
322922,788.0,1927.0,100.0,-0.723388072621326
377377,15.0,1902.0,109.0,-2.93271336045949
332707,1909.0,1904.0,102.0,1.88370840170127
275848,1430.0,13.0,179.0,5.7048868000905
321625,150.0,1917.0,100.0,-2.88033834294826
161070,1885.0,1904.0,168.0,-0.0219947883191928
192020,147.0,1224.0,176.0,3.3653026375068
212215,1926.0,748.0,178.0,-11.3162310197862
174308,1337.0,1183.0,52.0,1.14073854125404
171154,1916.0,1902.0,51.0,0.625640509845006
271879,47.0,1914.0,179.0,-2.96507168294045
192198,1912.0,1923.0,176.0,1.56788243237301
53431,1877.0,1928.0,7.0,4.12428775928089
318670,82.0,1914.0,99.0,3.58551616960719
326742,146.0,1671.0,101.0,-1.95412671279937
271864,1878.0,1890.0,179.0,-3.59795246605421
267588,1897.0,788.0,74.0,-1.50315312608186
250159,1924.0,1559.0,70.0,0.0986735782971446
13357,544.0,1911.0,2.0,-1.27065527689367
230419,1900.0,1896.0,58.0,-0.83773137737206
72808,13.0,1882.0,13.0,-7.87927832934931
112755,1881.0,1882.0,167.0,15.9479206085675
357964,1559.0,748.0,108.0,0.375512104115807
259311,1332.0,131.0,72.0,1.82991541334011
214745,1900.0,1331.0,55.0,-14.6147064465671
197349,1900.0,788.0,54.0,8.19336359749517
187808,1331.0,1911.0,175.0,-4.10249631055291
426817,1926.0,1915.0,115.0,-2.94033631540547
58476,1924.0,1559.0,9.0,-0.147473511232965
113693,1906.0,1331.0,167.0,-17.8336237574627
344980,1924.0,1892.0,104.0,-5.93747778052598
87508,1430.0,1911.0,172.0,-3.7511427374563
59214,1877.0,85.0,9.0,4.3348419245139
226155,1915.0,1923.0,57.0,-0.050493052854493
75161,82.0,15.0,13.0,3.23080695842567
226945,1924.0,1892.0,57.0,-2.83749608493396
201878,160.0,1921.0,54.0,-14.4654631814134
247483,1224.0,17.0,70.0,2.22796405516063
162135,1877.0,1898.0,168.0,2.86987222210094
202011,27.0,1900.0,54.0,-2.42150826881869
61480,1885.0,120.0,10.0,-2.33988043747537
314927,1430.0,1900.0,186.0,-3.74805718103162
300842,47.0,195.0,98.0,-0.609976531894771
184443,163.0,1922.0,174.0,-3.86011032757779
376077,655.0,150.0,109.0,-2.7790440200205
339068,163.0,1923.0,103.0,1.41978563963688
425353,120.0,1912.0,115.0,0.772127860961598
69436,1925.0,544.0,12.0,0.400516290526868
374183,164.0,17.0,109.0,8.32053017856398
105636,1894.0,1896.0,45.0,-7.75489170389154
257547,1879.0,1903.0,72.0,2.14449155647671
250619,1342.0,1921.0,70.0,-2.11748283265746
100427,1915.0,1928.0,44.0,-19.9515934945751
198335,948.0,1888.0,54.0,-1.12979983231067
185289,20.0,1891.0,174.0,0.666171542748297
283220,1183.0,1923.0,77.0,-2.3777005961517
96632,1875.0,120.0,44.0,-8.80413379185365
195175,160.0,229.0,176.0,2.25982130456506
60234,1891.0,1431.0,10.0,0.960082142409023
390997,1925.0,1882.0,111.0,8.81336132569179
320588,146.0,1908.0,100.0,-8.14121727840321
372958,1909.0,1907.0,109.0,-2.63014152080026
206524,14.0,1888.0,177.0,0.840764823970622
87819,5.0,1922.0,172.0,0.448260564613454
177608,1897.0,1920.0,53.0,-3.04645819480107
48180,604.0,1928.0,6.0,9.05860840466183
396965,1906.0,1910.0,112.0,5.10831553102872
396742,1905.0,1347.0,112.0,0.381235119597978
242988,1887.0,1560.0,69.0,3.73971580287311
187353,1910.0,788.0,175.0,6.49540948581109
397290,1918.0,788.0,112.0,13.2195048292004
272321,136.0,1878.0,179.0,2.17995946943699
218295,1331.0,1910.0,56.0,-2.81916797736129
241603,120.0,1916.0,69.0,0.687728599888687
166492,120.0,1921.0,51.0,-1.66423253138092
335476,1877.0,1430.0,102.0,1.42934803524725
300081,146.0,1904.0,98.0,-2.11302553351699
4159,146.0,1886.0,1.0,-2.92474464193472
106830,948.0,147.0,45.0,17.8038826934921
197617,147.0,47.0,54.0,4.05889665853454
250833,544.0,15.0,70.0,5.44956524452731
51290,82.0,1894.0,7.0,-4.35224400658211
105874,1880.0,1896.0,45.0,-0.0510584588841153
179619,1925.0,18.0,53.0,-7.25373850023729
240820,1903.0,1904.0,69.0,0.402070533355002
339218,1924.0,18.0,103.0,-1.84722493612412
238229,1919.0,120.0,60.0,1.19443635048009
87108,146.0,13.0,172.0,-5.80452671009534
74291,48.0,1893.0,13.0,20.2242062470743
14371,72.0,1898.0,3.0,-4.89459624340693
200889,48.0,5.0,54.0,9.8456177187316
371847,1430.0,1922.0,180.0,2.68323544330685
169834,163.0,1892.0,51.0,-2.21389464776579
252125,1905.0,1899.0,71.0,6.25320454600746
377399,1430.0,1902.0,109.0,-3.81228279341597
264942,229.0,1895.0,73.0,-3.55158577307777
212268,1920.0,1878.0,178.0,-1.00330515019596
367652,101.0,5.0,180.0,3.57252845971579
257980,1331.0,15.0,72.0,-7.82951055836103
424650,1887.0,131.0,115.0,-0.897995804043899
175579,1925.0,544.0,52.0,-3.64841757311489
252512,1895.0,1886.0,71.0,-1.16446119430129
110545,3.0,1902.0,45.0,-8.15399082832429
361399,229.0,1882.0,108.0,-1.7847579542148
178582,1880.0,1917.0,53.0,3.46877100116309
57744,1913.0,1885.0,9.0,-3.61310755201079
210740,1905.0,1881.0,178.0,-3.62597040277162
85885,72.0,1892.0,172.0,7.63640721577084
642184,147.0,1902.0,174.0,-3.80694175282356
237514,1919.0,101.0,60.0,26.5429459174491
7066,3.0,5.0,1.0,-5.28030061693608
115481,160.0,1928.0,167.0,1.96933966116989
252650,136.0,1918.0,71.0,-8.77979425682331
331580,1331.0,1892.0,102.0,-2.59094828961402
44245,1348.0,1911.0,6.0,2.261679084933
216524,27.0,677.0,55.0,6.82463854129412
338888,544.0,1908.0,103.0,8.16110649784187
170426,1430.0,1224.0,51.0,2.18089989290132
10826,72.0,1900.0,2.0,4.0931865038259
192404,1559.0,1887.0,176.0,-0.0352309000980562
234134,1875.0,1909.0,60.0,0.795976164089757
360975,1337.0,1912.0,108.0,-6.79322579822449
286540,48.0,83.0,77.0,13.8789651588231
644517,1893.0,1902.0,4.0,3.4801368063045897
174397,1926.0,1894.0,52.0,3.25194300770253
111804,1908.0,1927.0,167.0,-4.417402937586
188302,1348.0,1918.0,175.0,-1.83597739729719
18269,1926.0,1342.0,3.0,1.54451327827035
46062,1919.0,14.0,6.0,5.89040190658719
345112,655.0,150.0,104.0,15.3209864937543
245009,27.0,1671.0,69.0,-15.1557317356526
103187,1347.0,131.0,173.0,-11.8783054887506
217075,160.0,1927.0,55.0,1.97472040178503
6313,1559.0,1893.0,1.0,-0.694030038086227
281090,83.0,120.0,75.0,2.75729090511192
437707,1332.0,748.0,116.0,-5.38591968511106
173109,1906.0,1347.0,52.0,-0.945596378447771
233420,1915.0,1560.0,58.0,0.46323197743281
283606,101.0,1875.0,77.0,3.37474951884454
170180,229.0,27.0,51.0,2.86726387225602
321942,1894.0,1881.0,100.0,1.17289808909565
7252,160.0,1892.0,1.0,4.74824197003039
336669,47.0,15.0,103.0,0.0628209755276913
217174,1926.0,136.0,55.0,-8.40545685168807
87551,1885.0,146.0,172.0,11.8292209281362
59962,1342.0,1887.0,10.0,9.22221087250108
328917,1906.0,195.0,101.0,1.9454290618118
341415,1914.0,1918.0,104.0,-2.02302153159122
329260,544.0,131.0,101.0,1.87372812175387
186803,1900.0,1331.0,175.0,-3.63130362297899
330022,27.0,1430.0,101.0,5.75425475105147
113820,544.0,1914.0,167.0,6.83155563445196
436605,1332.0,1880.0,116.0,-1.23822981442616
52159,1926.0,1892.0,7.0,7.30673870015387
265212,48.0,1348.0,73.0,12.3067913040845
31851,1907.0,1671.0,166.0,1.55674164064552
328666,604.0,195.0,101.0,-2.65146200141614
112692,1559.0,1898.0,167.0,1.71770481301406
311111,147.0,5.0,186.0,-1.60153504615048
221113,20.0,1883.0,56.0,-2.55354133631179
177860,120.0,1431.0,53.0,28.3482625791918
264369,14.0,229.0,73.0,0.547813272948743
198547,82.0,1887.0,54.0,1.10680167216755
285493,82.0,17.0,77.0,0.958400019150064
266555,1907.0,1917.0,74.0,-2.14150098717075
433811,1887.0,1901.0,116.0,1.31785257741497
376610,1926.0,1430.0,109.0,4.43386227288342
268785,1895.0,11.0,74.0,1.74368477455205
203772,1887.0,1895.0,177.0,0.862151638483229
85410,1911.0,1901.0,172.0,7.33730656383972
315166,1331.0,1928.0,186.0,-5.60165646336293
257377,1894.0,11.0,72.0,2.00212121929967
73646,14.0,1907.0,13.0,-6.29374175264319
369148,1909.0,131.0,180.0,-10.0307015206405
194692,85.0,1900.0,176.0,2.81327602264205
185853,1924.0,1912.0,174.0,7.27700451353469
218102,85.0,1912.0,56.0,-6.30562321295746
24172,1884.0,1431.0,4.0,-4.46993085220746
13342,1913.0,15.0,2.0,-2.52203843177231
332078,85.0,1889.0,102.0,-4.78673451195589
179723,1920.0,72.0,53.0,-4.15706696133478
216433,163.0,1895.0,55.0,3.50028985983763
336533,136.0,17.0,103.0,-1.13837054430478
109687,544.0,48.0,45.0,1.23761216129358
176934,948.0,3.0,53.0,-2.9283969049642
12086,163.0,146.0,2.0,4.0357572739984
62407,1885.0,1910.0,10.0,0.899110519591607
56177,1885.0,1922.0,9.0,18.6636399884715
179414,655.0,47.0,53.0,5.2508543280582
200685,1924.0,163.0,54.0,7.87677382944595
322253,136.0,1893.0,100.0,-0.915445612832526
323920,1337.0,1909.0,100.0,-7.31930525737529
103386,1877.0,1883.0,173.0,-5.01904492291396
100226,1915.0,1560.0,44.0,1.43021128398109
14205,1887.0,1888.0,3.0,9.377516021391
208813,1875.0,1900.0,178.0,3.34140385539968
17338,1905.0,11.0,3.0,0.581652009633938
46585,20.0,1880.0,6.0,-7.55105669454737
70670,146.0,131.0,13.0,-2.20852104005101
337791,147.0,1911.0,103.0,4.55821738670288
44788,5.0,1922.0,6.0,1.14158251277052
168899,1924.0,1899.0,51.0,10.6831916460517
283778,1910.0,1901.0,77.0,-1.58423270006317
254234,1920.0,27.0,71.0,-2.7444034498478
372123,1901.0,1902.0,180.0,-5.69532887807007
274933,544.0,1926.0,179.0,-3.80528166833479
71039,1886.0,1923.0,13.0,-4.47003341933732
331827,1224.0,18.0,102.0,1.85215201979809
360451,1430.0,544.0,108.0,-9.57771693220741
45835,3.0,1332.0,6.0,-0.779472548551879
413214,47.0,1921.0,114.0,5.3598126315457
226833,27.0,17.0,57.0,2.77088174879393
639583,1887.0,1902.0,99.0,-0.9345634467678036
219863,163.0,1899.0,56.0,7.37258169396242
281442,3.0,748.0,75.0,5.65123773749068
12219,1906.0,11.0,2.0,0.226257824478321
230494,1878.0,1908.0,58.0,-0.790787543699898
66981,1183.0,1887.0,12.0,-0.111810529600799
111586,1902.0,1907.0,167.0,0.919388711188871
74740,1337.0,1918.0,13.0,-9.3169525750809
304681,1877.0,1903.0,98.0,0.0031907837621335
241865,1895.0,677.0,69.0,-0.39261391327026
73855,160.0,1909.0,13.0,7.3529915038172
209517,1885.0,1896.0,178.0,-3.10285061205533
338637,1913.0,1899.0,103.0,5.00048553423342
203317,1183.0,1885.0,177.0,0.74624349703195
242692,1884.0,131.0,69.0,2.64798271856712
15839,136.0,1890.0,3.0,-2.39702373940949
339251,163.0,1913.0,103.0,4.06265384061083
345615,27.0,1224.0,104.0,-1.82089252972312
228917,1893.0,1908.0,58.0,-0.465767109967274
219288,1899.0,1348.0,56.0,0.324471335726077
68849,1906.0,11.0,12.0,1.36115965101829
319774,1877.0,83.0,99.0,-0.939196033465256
186815,1914.0,1918.0,175.0,3.47180954057726
302462,1347.0,1183.0,98.0,-3.65050467298684
10290,1903.0,1892.0,2.0,-2.29102360026497
164930,1926.0,1879.0,168.0,-2.25810866109287
74622,229.0,27.0,13.0,7.92462057945359
340223,160.0,1889.0,103.0,-2.85362038413099
88148,604.0,1922.0,172.0,7.10106277961491
109372,604.0,1915.0,45.0,-0.694880775503132
50623,948.0,3.0,7.0,2.45704036124464
327132,1331.0,1914.0,101.0,-2.34272891900564
178351,1431.0,18.0,53.0,-4.92233201025314
304758,1926.0,1925.0,98.0,2.4943329839492
329841,1430.0,1918.0,101.0,-0.147768314439952
320028,1332.0,1922.0,99.0,-1.11990347150628
238048,1919.0,20.0,60.0,-6.95139451763924
179808,544.0,1909.0,53.0,-9.35154647893724
400875,1920.0,1224.0,112.0,5.31341159265843
336330,1881.0,1894.0,103.0,4.98859596042615
253773,3.0,1883.0,71.0,0.132813268646139
191607,229.0,1911.0,175.0,-0.462731238613083
75061,1913.0,1671.0,13.0,-18.4915025372815
278084,1183.0,1878.0,75.0,-6.07338486492521
100198,14.0,1560.0,44.0,-1.09753031037892
71920,1891.0,748.0,13.0,7.26572372193122
304061,20.0,1917.0,98.0,6.82931558719578
398764,1903.0,13.0,112.0,2.73347527111512
70946,1897.0,1918.0,13.0,-3.73113717380873
200221,160.0,1894.0,54.0,-1.77524362277247
102274,27.0,1347.0,173.0,-1.784402178067
416569,1913.0,1889.0,114.0,-2.11192967637112
275581,1919.0,1889.0,179.0,2.19201185407719
359916,1926.0,1881.0,108.0,-5.00635796898301
215577,655.0,47.0,55.0,12.3592497119932
166500,1880.0,150.0,51.0,1.93229283152766
245931,1920.0,1910.0,70.0,-23.9809444257448
9026,1886.0,1348.0,2.0,-2.26080028477081
322565,1896.0,131.0,100.0,3.0684909220633
367463,1888.0,1916.0,180.0,-0.287869940641949
231935,3.0,1901.0,58.0,-2.54732061165633
232955,163.0,1927.0,58.0,6.88332651836921
196672,163.0,748.0,176.0,1.92367477946205
85992,1896.0,1892.0,172.0,0.0023312699042356
162722,1879.0,1917.0,168.0,-3.26519483761916
43473,1331.0,13.0,6.0,1.82218385827729
48194,1911.0,1928.0,6.0,-7.51842776487682
86683,1912.0,1331.0,172.0,1.75124552330978
197670,1891.0,1895.0,54.0,-0.138529743580915
164729,1332.0,1879.0,168.0,-12.0658733527631
238600,604.0,748.0,60.0,-5.60956142244185
11648,1342.0,1894.0,2.0,-9.91587855707894
276642,1924.0,1925.0,179.0,3.7576343699366
244321,544.0,17.0,69.0,1.40317936757214
285436,163.0,1901.0,77.0,-1.00923780913851
179961,20.0,1880.0,53.0,-9.15010496121304
415526,1342.0,1907.0,114.0,-5.15034152246871
173961,101.0,150.0,52.0,5.0758319550562
434296,195.0,1560.0,116.0,-1.35871454477916
261083,1887.0,1671.0,73.0,-1.09764638467952
58866,48.0,1671.0,9.0,3.05103145326668
110762,85.0,1893.0,167.0,-6.20839094704111
311478,748.0,11.0,186.0,-1.76925819943313
282909,1883.0,1900.0,77.0,3.15007924796008
237456,1913.0,1896.0,60.0,-0.215269961255877
271057,229.0,1900.0,74.0,2.81514111939285
187425,1894.0,1347.0,175.0,0.008790326419759
31109,1918.0,1927.0,166.0,0.475162903424705
13774,82.0,1928.0,2.0,-5.43243097482067
335460,1919.0,1882.0,102.0,3.25195441472844
31158,1904.0,1892.0,166.0,-3.69481236729631
208817,147.0,1917.0,178.0,-2.95918126759281
324418,163.0,544.0,100.0,0.923856074184362
276206,1337.0,1882.0,179.0,6.22871925201875
187092,948.0,788.0,175.0,-2.45837789752276
200678,1924.0,604.0,54.0,-0.23281885853519
238418,3.0,83.0,60.0,-2.12419327879448
359634,1920.0,788.0,108.0,-0.358053039942935
251128,1331.0,1911.0,71.0,-4.1882448575516
69600,1926.0,1927.0,12.0,0.730519782592799
99805,1925.0,1920.0,44.0,1.22834786263025
284221,1886.0,18.0,77.0,-2.05157034035116
325459,1337.0,47.0,100.0,-4.81102802811851
12307,82.0,11.0,2.0,10.3733787486345
172715,1885.0,748.0,52.0,1.25423471801025
10797,1894.0,1904.0,2.0,-6.84225736982422
161308,1347.0,1907.0,168.0,1.23885230188071
47081,1924.0,1918.0,6.0,5.42817900264466
262308,1347.0,1331.0,73.0,-4.64479733038342
272584,1902.0,1905.0,179.0,2.26671403219966
373865,1183.0,18.0,109.0,-2.92318630212864
62927,1430.0,1883.0,10.0,14.7181726722996
63622,229.0,11.0,10.0,-6.01693932280897
197315,1559.0,1892.0,54.0,-0.954631633034193
192813,1888.0,1918.0,176.0,0.980582428968171
12997,1877.0,1888.0,2.0,-1.7210465815991
374456,83.0,1898.0,109.0,0.693050739998925
257986,948.0,1876.0,72.0,-0.883300823621948
416363,1926.0,1891.0,114.0,0.241033351283
398463,1885.0,1916.0,112.0,-2.78206877793481
51672,20.0,1331.0,7.0,-22.2040886560693
260255,655.0,1927.0,72.0,-0.232440970259202
397025,72.0,1923.0,112.0,-3.88434589301788
222234,1924.0,27.0,56.0,4.2164032646835
329130,20.0,1885.0,101.0,-9.10683964816397
60574,101.0,1885.0,10.0,20.1707788051319
345171,544.0,1895.0,104.0,0.938662678133447
48741,136.0,1909.0,7.0,-1.94885809595785
44176,1911.0,788.0,6.0,3.05730548550125
236720,1913.0,1430.0,60.0,7.00654825455043
74381,83.0,1893.0,13.0,0.826769689509768
115435,1925.0,1910.0,167.0,14.1939022078846
177073,195.0,15.0,53.0,6.798325560414
207285,1925.0,1337.0,177.0,-6.85586917523049
376961,27.0,1337.0,109.0,5.28532419532547
103203,136.0,1900.0,173.0,-4.17768299183805
324692,1915.0,1888.0,100.0,2.77805707759752
315505,1912.0,1901.0,99.0,-2.05437428564539
54740,146.0,1900.0,9.0,3.8419787509096
316950,1880.0,164.0,99.0,0.0312636480098753
219772,1885.0,1910.0,56.0,7.1511041361903
71105,1904.0,1897.0,13.0,1.69104246841739
415109,101.0,1671.0,114.0,8.93834163032551
237214,229.0,1909.0,60.0,4.90801116191545
255228,1430.0,1671.0,71.0,4.15793979503257
376150,1905.0,1889.0,109.0,-1.94718395674781
277681,1914.0,1921.0,75.0,1.29507376919144
277350,1903.0,195.0,75.0,-2.80871963543498
74301,1925.0,1891.0,13.0,1.40730921384216
31064,1883.0,1892.0,166.0,-3.5006027760817
213833,1883.0,1912.0,55.0,8.08842692922057
323111,1885.0,1914.0,100.0,-1.64026654044633
197441,1902.0,1916.0,54.0,-0.0418966912979652
62069,1224.0,677.0,10.0,1.13202781743168
200681,1913.0,1914.0,54.0,-4.79635387270456
167599,1903.0,1923.0,51.0,1.690843077033
321395,1559.0,150.0,100.0,2.95653116568497
263644,1559.0,1927.0,73.0,0.0995730062247989
232391,48.0,150.0,58.0,-1.93815148650713
11722,1913.0,1883.0,2.0,-1.02897472542083
434764,5.0,1927.0,116.0,-2.88584020926491
199333,1183.0,1887.0,54.0,-1.47649593349967
256151,1902.0,1332.0,72.0,-2.11552805277671
302528,48.0,1899.0,98.0,1.700217382149
423611,1895.0,1914.0,115.0,-3.34745710321907
58838,1925.0,948.0,9.0,6.76022248697106
223704,948.0,83.0,57.0,-0.243570546401076
426840,1877.0,1875.0,115.0,-3.42861740621105
32291,27.0,1881.0,166.0,2.5356292569961
337590,748.0,195.0,103.0,2.81857990098431
65674,146.0,195.0,12.0,1.38948122632566
310573,1884.0,150.0,186.0,-2.44214689340095
301554,1347.0,11.0,98.0,0.821222236410731
356793,1909.0,1892.0,108.0,-11.6880607747222
172719,1347.0,11.0,52.0,-3.50545978326779
232517,48.0,1915.0,58.0,-4.16533019585417
373149,82.0,1898.0,109.0,2.96693854160782
63277,1332.0,1880.0,10.0,-8.63526708617035
110749,1886.0,47.0,167.0,-4.44645732018363
112780,195.0,11.0,167.0,-2.29030429585231
248754,82.0,1183.0,70.0,3.19377781342833
190509,1905.0,1884.0,175.0,-4.27600367245194
166973,1889.0,1912.0,51.0,-2.30637612496805
71803,948.0,11.0,13.0,-2.77644895741683
58273,83.0,1895.0,9.0,0.0549341512030713
304340,1919.0,1882.0,98.0,3.46617615410305
223801,948.0,1887.0,57.0,-3.11325455019916
413187,1885.0,1896.0,114.0,-0.415061012512494
328290,101.0,1331.0,101.0,-4.82113208490054
332850,1884.0,85.0,102.0,0.911659814606383
86726,195.0,1922.0,172.0,10.8196564598705
258710,3.0,1922.0,72.0,-1.43290031954339
195697,14.0,1431.0,176.0,0.918871053812546
24539,1560.0,1331.0,4.0,3.82663377214411
106911,1888.0,1900.0,45.0,-3.8925095549344
73441,604.0,47.0,13.0,13.7422673475533
283961,1885.0,1904.0,77.0,2.14978584965389
44214,1883.0,1914.0,6.0,-4.2239648952124
197411,101.0,1895.0,54.0,-1.48748750177433
5875,1898.0,1922.0,1.0,-8.94879596763531
630146,1671.0,1902.0,72.0,3.627353574477355
416805,48.0,1912.0,114.0,0.60842491889389
31298,1183.0,1890.0,166.0,7.59406186080196
221378,48.0,1916.0,56.0,-0.160818776185953
328416,1920.0,18.0,101.0,1.26300978928067
319538,1906.0,1224.0,99.0,2.17190123938926
95808,1894.0,1890.0,44.0,-1.73342286383967
248010,136.0,1884.0,70.0,0.619640599506592
217305,48.0,1560.0,55.0,-6.88595918627884
325853,47.0,120.0,101.0,8.42093568249426
222253,48.0,1912.0,56.0,-6.34398593728439
377033,1913.0,1337.0,109.0,3.22356823138934
343392,1879.0,85.0,104.0,-0.200659270112635
219213,1884.0,1908.0,56.0,-7.4944311235449
241217,146.0,5.0,69.0,3.79763389633195
368512,1885.0,1918.0,180.0,2.15642911004306
58839,1877.0,1900.0,9.0,-2.68000148197511
332189,150.0,677.0,102.0,-5.05195765075906
317975,1889.0,1927.0,99.0,-1.85666264814082
162146,101.0,1901.0,168.0,-6.05445257436165
270633,27.0,1888.0,74.0,1.24507772896437
24378,147.0,1903.0,4.0,3.69899964877195
300139,1879.0,1884.0,98.0,-0.61196041157673
112638,150.0,131.0,167.0,-4.08426411100182
191033,544.0,1912.0,175.0,10.6067543047832
10639,1899.0,1894.0,2.0,5.01452781601756
60895,1902.0,1910.0,10.0,2.80459869962039
194409,147.0,15.0,176.0,-1.36851788226961
263378,1183.0,1922.0,73.0,6.14632479398598
46597,1906.0,1909.0,6.0,-3.70453314393759
285016,604.0,1907.0,77.0,1.50189198985048
424043,1889.0,1911.0,115.0,-0.198101024093542
357675,1894.0,1903.0,108.0,-4.25508636678475
284992,1926.0,1883.0,77.0,5.94140289915802
242279,1876.0,1332.0,69.0,-3.07978605017538
341919,1882.0,11.0,104.0,-1.94919813750381
165523,27.0,1878.0,168.0,-4.99937322005157
43617,101.0,147.0,6.0,18.9414442311989
26646,1875.0,120.0,4.0,-3.43894080368777
319795,20.0,1882.0,99.0,-2.19929291561893
110099,1337.0,15.0,45.0,-22.430888293086
209106,948.0,146.0,178.0,2.74305357374535
106722,1880.0,1560.0,45.0,-2.46588592800276
68963,229.0,17.0,12.0,2.38941055020987
283902,1884.0,1917.0,77.0,-0.162248564085544
6751,229.0,1887.0,1.0,-1.94267312614726
6770,1913.0,195.0,1.0,-3.13352004189099
50208,1183.0,788.0,7.0,-3.52318825822379
177086,1886.0,1888.0,53.0,-12.9187959833789
343021,1902.0,1347.0,104.0,-2.95764168492673
115549,1929.0,1928.0,167.0,-7.65575409419959
188920,948.0,101.0,175.0,1.97924437837005
15251,1894.0,1882.0,3.0,1.79884861171131
427264,1342.0,1888.0,115.0,0.848368496263876
72990,1909.0,5.0,13.0,8.24737547192849
316173,1896.0,1914.0,99.0,1.29187981963716
95938,1895.0,1886.0,44.0,-6.70134640457962
107660,18.0,1927.0,45.0,6.07429028397161
330477,655.0,1882.0,101.0,-5.33196059740909
375501,1915.0,229.0,109.0,3.72506223781071
221828,3.0,11.0,56.0,4.0978554992554
95836,748.0,788.0,44.0,3.81912842730893
71857,1886.0,1881.0,13.0,-6.00266695071675
199618,1897.0,1908.0,54.0,-31.1854524595072
303499,544.0,1893.0,98.0,10.9504377828399
324239,1877.0,1891.0,100.0,2.52693256154247
200875,20.0,1884.0,54.0,-8.56527082227656
231515,27.0,72.0,58.0,-6.91051426263944
51003,20.0,1927.0,7.0,-2.16606538119339
11021,1909.0,1904.0,2.0,4.60997631476198
17564,1906.0,544.0,3.0,-0.676223783604616
104935,160.0,83.0,173.0,2.98903398610579
62618,48.0,160.0,10.0,-0.79274807713714
370094,48.0,1919.0,180.0,10.2816177879194
198179,1879.0,1897.0,54.0,-5.9553312055612
277968,1903.0,11.0,75.0,1.75101975400973
55634,163.0,1911.0,9.0,-0.31187609602407
324874,1905.0,1671.0,100.0,-15.9737989016877
181567,1918.0,1902.0,53.0,-3.47315493757618
361547,544.0,1337.0,108.0,-3.24011814753027
237037,1919.0,1907.0,60.0,1.99576623120206
60841,1881.0,5.0,10.0,4.58678810115185
214493,1889.0,1671.0,55.0,-8.22852045879608
249152,1920.0,1881.0,70.0,-2.85999353426887
333487,1912.0,1914.0,102.0,-6.39952167994736
277299,150.0,17.0,75.0,-0.483664089645828
218137,1889.0,1896.0,56.0,1.35231107444739
265222,163.0,1889.0,73.0,7.75739898387568
55535,1886.0,195.0,9.0,-3.00171965717557
58525,1920.0,147.0,9.0,0.416673389575431
252936,1894.0,1917.0,71.0,-8.26995598537992
223549,1885.0,1884.0,57.0,12.1086946764889
222718,1926.0,1671.0,56.0,2.00837221586898
342869,1890.0,1901.0,104.0,-1.55695212651837
216019,1925.0,1885.0,55.0,4.66199727154893
249819,3.0,1918.0,70.0,1.55269757197432
222616,1906.0,1882.0,56.0,2.41293390854508
63728,1915.0,677.0,10.0,-2.39266288630746
248954,48.0,788.0,70.0,7.82207456156836
330698,1919.0,1902.0,101.0,7.54223857485792
317944,5.0,1922.0,99.0,2.28307909039105
399508,82.0,1923.0,112.0,-5.82566155206423
275075,1906.0,1904.0,179.0,-0.840899951227236
368840,1887.0,195.0,180.0,-0.281999064793649
162990,1908.0,18.0,168.0,-0.541568959602446
89835,1430.0,748.0,172.0,-14.4108454951756
283779,72.0,748.0,77.0,-3.13411532410835
203946,1902.0,1923.0,177.0,-5.14114869778891
360391,1924.0,11.0,108.0,0.0603081169372331
413184,1897.0,1347.0,114.0,-4.24421138881112
18178,604.0,120.0,3.0,-1.06905069223834
264269,1926.0,72.0,73.0,-5.47609339940921
51724,544.0,1926.0,7.0,5.49106794640074
262961,1892.0,1918.0,73.0,0.122683748822528
282083,948.0,1879.0,77.0,-1.41056129366516
43681,1895.0,1903.0,6.0,1.28358586505841
310335,1880.0,1927.0,186.0,3.22244292014843
339223,1332.0,1881.0,103.0,-4.14246574751418
388914,131.0,1914.0,111.0,4.24062735756267
274007,136.0,146.0,179.0,-2.4773522041667
56483,146.0,1883.0,9.0,1.05539531425809
184891,1915.0,195.0,174.0,-2.39415707062264
388072,1183.0,1910.0,111.0,12.5464952771379
417384,1876.0,85.0,114.0,10.1514368865369
333332,1898.0,1908.0,102.0,-6.4034176393639
63425,1876.0,1914.0,10.0,1.31478026960296
302302,1904.0,1347.0,98.0,-3.05012598831528
219045,146.0,1892.0,56.0,-3.01193545864188
268723,195.0,788.0,74.0,7.32469434494501
11326,1908.0,1224.0,2.0,0.0702814016682752
175624,1877.0,1912.0,52.0,-1.74277592277671
390254,27.0,1905.0,111.0,9.31818818932345
66960,1908.0,1911.0,12.0,-0.848091357866149
172958,1559.0,164.0,52.0,2.61993963877539
241652,1897.0,1901.0,69.0,-2.86098684505182
265017,1913.0,1348.0,73.0,1.3218688877088
112846,1886.0,13.0,167.0,-3.2592114715246
221829,544.0,11.0,56.0,1.28106064784307
64364,1924.0,83.0,10.0,3.35431060599264
15185,1909.0,150.0,3.0,6.22377421567639
344607,229.0,1881.0,104.0,-1.05575301036644
252069,1560.0,1907.0,71.0,14.598572894015
192498,1900.0,1887.0,176.0,-0.6209830222998
341667,72.0,1331.0,104.0,-0.828599066075488
331646,1895.0,1894.0,102.0,4.91751217260677
48096,163.0,15.0,6.0,8.37691214073324
243821,1925.0,1909.0,69.0,11.4761960515233
211454,1924.0,20.0,178.0,-4.1363495743924
283643,1347.0,17.0,77.0,-1.20572850775588
391041,160.0,3.0,111.0,2.51272007410099
56005,1183.0,1922.0,9.0,-0.985948739626223
312087,1875.0,1922.0,186.0,-18.1579879786482
87765,147.0,1897.0,172.0,-1.95667608757459
279325,147.0,1914.0,75.0,2.64376955698014
44422,1894.0,1883.0,6.0,0.737873736202348
397107,1879.0,18.0,112.0,1.83559619897499
205245,1926.0,1883.0,177.0,-2.3788354530969
8988,14.0,1910.0,2.0,-4.8207641487365
344940,1332.0,1891.0,104.0,-2.59674458569825
208732,1894.0,1898.0,178.0,-5.24886611056249
273017,1917.0,1890.0,179.0,-2.22270018398572
270444,1926.0,27.0,74.0,-0.684675648860305
277661,195.0,1911.0,75.0,2.24599170245941
368145,1895.0,1894.0,180.0,0.774382497244108
368773,1904.0,1671.0,180.0,3.88226660975111
333119,1559.0,1879.0,102.0,3.71194926480505
206785,544.0,1886.0,177.0,0.722280495882721
433470,1902.0,1910.0,116.0,1.26885363251536
175949,1919.0,1882.0,52.0,-0.765492279462983
230371,1880.0,164.0,58.0,5.96775816659031
303075,1926.0,1916.0,98.0,7.51794075363983
8437,1430.0,1890.0,1.0,-3.49803714439989
183354,1878.0,1900.0,174.0,-0.103247318290887
434811,1900.0,1224.0,116.0,-5.08859092997916
24739,1879.0,1927.0,4.0,-2.26147446167277
176989,1896.0,1911.0,53.0,4.73536647578018
372679,1880.0,1901.0,109.0,-2.95063301655294
63228,163.0,1901.0,10.0,-3.94135246614097
238253,160.0,1430.0,60.0,-3.91554419602732
346263,1342.0,18.0,104.0,-0.997642210009654
279001,1909.0,1348.0,75.0,0.176509124696875
163950,229.0,1894.0,168.0,3.60122559573659
336789,1917.0,1914.0,103.0,3.2685189427707
314872,1926.0,1890.0,186.0,-1.90003883366973
316412,147.0,1889.0,99.0,8.22129039980381
217237,27.0,748.0,55.0,-3.74808060481773
267442,1347.0,1927.0,74.0,-4.18053066271676
31969,163.0,1183.0,166.0,0.832745589164484
173511,948.0,1914.0,52.0,-6.25204382455136
286068,1913.0,5.0,77.0,0.0730488216577107
18774,82.0,1928.0,3.0,11.0404999571211
286553,1877.0,544.0,77.0,1.61900183212426
319629,1430.0,1912.0,99.0,4.40101638959404
249974,163.0,1430.0,70.0,0.948559766550166
220261,1896.0,5.0,56.0,-2.9575116293724
183351,1347.0,146.0,174.0,5.43762990669195
189605,1925.0,1899.0,175.0,8.65139329600022
102432,150.0,1903.0,173.0,-5.42586297139668
361537,229.0,1910.0,108.0,-5.61241683001155
101467,1878.0,11.0,173.0,-2.88638320998011
103887,1332.0,131.0,173.0,12.6229752155984
227024,1926.0,11.0,57.0,-6.10457765713459
413336,1897.0,1906.0,114.0,0.60694670929871
99484,604.0,1348.0,44.0,-2.84354616912911
388068,150.0,1916.0,111.0,17.0132604977372
180387,655.0,1895.0,53.0,-7.86272126742119
633731,1884.0,1902.0,10.0,-6.553004558950676
227547,82.0,1888.0,57.0,6.77990506740024
46360,604.0,164.0,6.0,8.08393095033538
101904,136.0,788.0,173.0,0.732143270993064
197204,27.0,1902.0,176.0,3.53210096585417
389191,1876.0,72.0,111.0,-2.30106481616122
98290,160.0,1883.0,44.0,2.59446423437138
322049,1898.0,15.0,100.0,-3.17399640134799
180641,1337.0,1895.0,53.0,6.45437903115556
10260,1890.0,1927.0,2.0,-2.33594797062645
197291,948.0,1904.0,54.0,0.910177781264325
103214,101.0,1923.0,173.0,1.92758317381222
190921,1906.0,1895.0,175.0,0.69407035917008
14575,147.0,1912.0,3.0,-4.62974591699905
341572,1896.0,1671.0,104.0,2.77116027085489
198585,164.0,1881.0,54.0,0.77880522871711
27307,1924.0,1331.0,4.0,-19.516211383632
230010,1912.0,1560.0,58.0,2.04622051299015
167215,1883.0,131.0,51.0,0.912917020438562
273595,85.0,1895.0,179.0,-3.35870975848982
180640,1913.0,1905.0,53.0,-0.316450427083857
60075,1896.0,1560.0,10.0,4.10427348390931
62550,1899.0,5.0,10.0,0.146447593912687
301432,1890.0,1914.0,98.0,-3.5801645508156
397364,1885.0,1560.0,112.0,-0.59380716126805
32331,160.0,1887.0,166.0,-1.30505296669219
213033,1879.0,1917.0,55.0,-3.80365187364192
218500,1342.0,1899.0,56.0,1.97282536817611
57766,20.0,1914.0,9.0,-4.89502667421382
69777,544.0,1342.0,12.0,3.89347926560291
96516,17.0,1910.0,44.0,16.2549619768349
222744,1906.0,15.0,56.0,2.13905035983357
208516,85.0,1903.0,178.0,-1.06218650237969
265760,1430.0,15.0,73.0,6.44143317300405
220130,131.0,1921.0,56.0,-1.29764536741738
436080,27.0,1923.0,116.0,-5.64486659914195
389616,20.0,1916.0,111.0,-5.98210009689795
205539,1876.0,1331.0,177.0,4.10648767774714
96652,748.0,1882.0,44.0,-5.09338133474001
265527,229.0,120.0,73.0,-1.41062693857073
114173,20.0,677.0,167.0,1.99950380460035
272421,1875.0,120.0,179.0,-3.91417362109578
202728,1884.0,1897.0,177.0,-1.95772584002199
243793,1915.0,195.0,69.0,1.99470895561166
96391,1559.0,1183.0,44.0,-11.1728187587455
343985,1912.0,5.0,104.0,1.69463486381913
99765,1915.0,1912.0,44.0,0.746962793457914
286635,544.0,1560.0,77.0,-0.336007712341947
341143,1919.0,1902.0,103.0,7.50489031198756
181508,83.0,1890.0,53.0,0.0300956879894899
225591,1914.0,1923.0,57.0,7.57291758880701
255996,748.0,1901.0,72.0,-4.34827243151115
358529,1183.0,47.0,108.0,11.1949577157149
185344,160.0,1892.0,174.0,5.25714454138502
331726,1903.0,1431.0,102.0,-3.69921103646446
90116,20.0,1900.0,172.0,-1.59560829952113
102079,1913.0,1910.0,173.0,-1.41062649815335
47119,1913.0,1889.0,6.0,-6.35911289091225
24278,120.0,1560.0,4.0,2.43018968246708
47614,1926.0,136.0,6.0,-3.28060138931663
374685,1891.0,1884.0,109.0,7.75565829742139
179034,1875.0,85.0,53.0,0.0750298775603729
213906,1897.0,1919.0,55.0,2.38200260221005
44858,164.0,1927.0,6.0,-0.552547625498495
337630,1893.0,1224.0,103.0,1.97020948292242
237577,1876.0,11.0,60.0,0.78249531055109
215713,1926.0,82.0,55.0,-3.13805684793866
328694,544.0,1923.0,101.0,-0.087370173039519
115379,544.0,3.0,167.0,-8.09055532293577
251540,1895.0,1914.0,71.0,9.13653886304306
108844,1926.0,1331.0,45.0,-39.7207866129449
371147,1906.0,1895.0,180.0,-4.97874014257755
252335,1896.0,1918.0,71.0,7.73774764546275
102445,1347.0,17.0,173.0,-4.06607502612253
256199,1890.0,18.0,72.0,5.92981181278709
268754,948.0,1331.0,74.0,1.54377369166904
301214,1908.0,1890.0,98.0,1.69629460838703
388684,1909.0,120.0,111.0,6.87662872411403
182181,72.0,1911.0,174.0,2.52861043945576
269018,1896.0,1918.0,74.0,0.585764018877676
416637,163.0,1875.0,114.0,0.573113118406078
323589,27.0,1901.0,100.0,0.860420554312814
252233,47.0,1904.0,71.0,4.73230648493999
200573,3.0,1331.0,54.0,10.6069398341541
376278,1920.0,1877.0,109.0,3.77726463125829
376595,3.0,147.0,109.0,4.38096458374452
286118,1906.0,5.0,77.0,2.08650683098653
27741,1926.0,1884.0,4.0,3.28110794249829
334282,1877.0,1331.0,102.0,-14.6490370430684
191302,1925.0,1886.0,175.0,-0.217479157516493
212338,1877.0,1878.0,178.0,-0.344905402372935
244942,1430.0,1912.0,69.0,5.29013123310367
58052,1430.0,544.0,9.0,0.66227237903461
231654,1905.0,164.0,58.0,-5.5852369466028
235526,1905.0,1898.0,60.0,8.79214645294265
246957,1909.0,195.0,70.0,-0.200748540508259
74699,1920.0,1889.0,13.0,-0.942960312732195
183144,1887.0,150.0,174.0,0.0608576522829975
267583,14.0,1347.0,74.0,-4.12334539949309
400815,1919.0,1895.0,112.0,5.85754452461718
273975,1892.0,1890.0,179.0,-1.59084829319986
213436,1183.0,1882.0,55.0,5.05858814782242
321685,1889.0,1883.0,100.0,0.288206790845682
18085,1430.0,1886.0,3.0,0.108799648830706
437283,1337.0,1895.0,116.0,-8.10888203988523
32789,1915.0,1884.0,166.0,2.57295944092785
29043,1331.0,1902.0,4.0,-9.36318223911846
389955,48.0,11.0,111.0,-0.538420687770086
642505,1900.0,1902.0,3.0,2.062285605553558
272395,1903.0,1911.0,179.0,-3.79092504373323
357105,150.0,5.0,108.0,-2.77990574675106
327805,1898.0,195.0,101.0,-3.60209882039233
105982,1896.0,788.0,45.0,15.4833296778706
235917,1902.0,82.0,60.0,-1.92114946206882
229756,1559.0,788.0,58.0,-2.26437859132224
315965,1878.0,1921.0,99.0,3.50855192807419
213903,15.0,17.0,55.0,1.69887197571157
304714,1342.0,14.0,98.0,-5.84319697360622
254231,1906.0,1916.0,71.0,-2.44621328086982
436887,48.0,5.0,116.0,6.99575420555196
234782,150.0,1927.0,60.0,-0.601906019072309
258419,120.0,1908.0,72.0,-0.636052975488122
264586,1915.0,131.0,73.0,0.642089983536542
314809,82.0,1878.0,186.0,-5.86178909923808
277459,13.0,131.0,75.0,-0.281269457727943
198956,948.0,82.0,54.0,-0.164907967634636
191214,1905.0,1912.0,175.0,-0.376427983383856
242270,1892.0,1918.0,69.0,-4.67675654731463
176897,1882.0,1901.0,53.0,-23.0417631345144
199056,1889.0,164.0,54.0,-0.950291472350031
112970,147.0,1671.0,167.0,-3.18700205143147
368645,1888.0,1892.0,180.0,-6.23759287934446
244807,1926.0,1559.0,69.0,-3.21764320113106
59859,150.0,1921.0,10.0,-0.800336578316246
185561,604.0,1918.0,174.0,8.57284544310694
367898,1878.0,1892.0,180.0,-5.3478856020124
171739,1902.0,1923.0,52.0,-0.403677749539082
423593,1183.0,748.0,115.0,-0.0518957223008586
183582,1900.0,1882.0,174.0,0.377236218847626
229753,1891.0,1894.0,58.0,-0.387859050064151
12195,1913.0,101.0,2.0,-2.16135873703522
254877,48.0,27.0,71.0,6.67906595333566
99808,3.0,120.0,44.0,-3.68676183488326
5145,1885.0,47.0,1.0,11.753854482888
341743,1887.0,1918.0,104.0,8.39740336985834
175216,1332.0,544.0,52.0,0.109291769481143
332404,1895.0,1927.0,102.0,-0.477546859155891
300977,82.0,1910.0,98.0,3.29241377839782
71886,150.0,1892.0,13.0,0.585499692182473
276756,14.0,1902.0,179.0,4.09938635766491
268196,17.0,1901.0,74.0,-0.686415360980488
212788,1910.0,1918.0,55.0,3.43299382007639
358178,1885.0,1900.0,108.0,3.49788404556486
215247,1878.0,1886.0,55.0,1.87468024383363
388630,1882.0,1921.0,111.0,4.04857660183791
226542,1924.0,1909.0,57.0,13.1492640834177
164823,1906.0,1889.0,168.0,-8.98923985998148
11009,1183.0,195.0,2.0,1.66422137854554
49503,72.0,164.0,7.0,-4.30944929960107
337308,101.0,1183.0,103.0,10.8678730984895
177627,1879.0,131.0,53.0,-6.74336034025578
163971,1342.0,1894.0,168.0,-14.3791805504256
388742,1920.0,1899.0,111.0,1.69285520316784
15365,150.0,1907.0,3.0,-6.69478240952998
25233,1891.0,1900.0,4.0,0.819062499329518
64475,604.0,1876.0,10.0,2.53094059227733
18226,1924.0,83.0,3.0,2.07350479431173
55407,1431.0,1927.0,9.0,-3.16996297314935
215366,195.0,1911.0,55.0,6.60969639579414
252697,150.0,1348.0,71.0,-1.00828552286567
236128,1889.0,18.0,60.0,-0.842085196852643
344558,1906.0,195.0,104.0,2.1689729926665
6771,1876.0,1331.0,1.0,-15.8095821847625
424698,1331.0,1887.0,115.0,-2.45798636227671
414992,1900.0,1901.0,114.0,7.59093848019235
254380,82.0,1909.0,71.0,-10.3696580614796
27698,3.0,11.0,4.0,-0.798333038866529
261935,17.0,1927.0,73.0,2.01021241684834
192018,1183.0,1671.0,176.0,-2.60281883734415
235275,1912.0,1560.0,60.0,10.2136287593196
329511,1905.0,1879.0,101.0,-3.79146218395002
200058,1913.0,788.0,54.0,-2.33566915579389
229620,1904.0,131.0,58.0,-6.22887693588921
248905,3.0,1919.0,70.0,-5.15775233649045
193925,1903.0,1347.0,176.0,-5.02497646859208
71917,72.0,120.0,13.0,5.14200660275449
244096,1337.0,1914.0,69.0,-5.80132761690675
166132,1224.0,1927.0,51.0,1.97600153162249
193381,101.0,1879.0,176.0,-0.527305382218368
360807,1924.0,1917.0,108.0,7.56601456846753
316238,146.0,1897.0,99.0,-0.581521407984193
324761,1337.0,1917.0,100.0,-2.65831307639589
281146,48.0,147.0,75.0,7.47071386395979
73656,1430.0,1907.0,13.0,-4.80818260763387
397461,1885.0,1921.0,112.0,-8.97801771463208
98868,1906.0,1892.0,44.0,2.18098488696878
102195,120.0,1922.0,173.0,1.16680438122553
374511,1884.0,1888.0,109.0,-0.153394418252939
315729,1888.0,677.0,99.0,4.06815206079057
232128,1332.0,1914.0,58.0,-12.6226996395066
43277,136.0,1896.0,6.0,2.52173881686063
71863,1878.0,1916.0,13.0,2.70292390105523
234643,1560.0,1888.0,60.0,0.137739848232997
389591,1924.0,1331.0,111.0,-4.18267433618584
436464,3.0,1881.0,116.0,-3.43703951016001
207990,101.0,1894.0,178.0,11.1143280505257
229279,1331.0,788.0,58.0,-5.97928752345557
388111,83.0,1898.0,111.0,4.16687331349798
197008,3.0,1337.0,176.0,9.34652746362052
7696,229.0,1889.0,1.0,-2.31844054403981
235654,1183.0,136.0,60.0,-1.78642893090908
234235,1887.0,5.0,60.0,-2.24138188879633
194247,195.0,1917.0,176.0,-1.10151222208998
312394,1875.0,5.0,186.0,1.91358261340505
229002,1902.0,677.0,58.0,-3.15564893157784
327008,1559.0,1880.0,101.0,-2.07959640279743
207002,229.0,748.0,177.0,-3.77956579135562
89708,1430.0,1912.0,172.0,13.2987455836329
399136,1331.0,1927.0,112.0,5.90093708100435
345978,604.0,1924.0,104.0,1.73681235470856
74360,48.0,101.0,13.0,11.2374663663562
436573,82.0,1885.0,116.0,3.78908490633757
175865,544.0,83.0,52.0,-1.27050576254993
269874,544.0,604.0,74.0,0.955354970617885
96977,1913.0,1910.0,44.0,5.34167307344963
108492,544.0,195.0,45.0,-9.38290393123336
109610,163.0,1917.0,45.0,-0.603199215761758
283241,1875.0,1886.0,77.0,2.610140758949
427154,604.0,48.0,115.0,7.10751753253028
69403,1332.0,1918.0,12.0,-5.87608984954621
315850,1909.0,1918.0,99.0,4.2392263763623
237465,14.0,17.0,60.0,-1.07857916529118
214535,1183.0,1883.0,55.0,3.42369149937666
204033,101.0,1900.0,177.0,2.88824422251514
4653,85.0,146.0,1.0,8.08777153290285
314853,163.0,1878.0,186.0,-0.407075087485151
25577,1875.0,1908.0,4.0,-1.35595672540713
345547,48.0,1559.0,104.0,8.30632616041724
205634,3.0,1885.0,177.0,-1.90074373907624
280203,1905.0,1880.0,75.0,-3.11661565582519
437108,544.0,1918.0,116.0,8.32925500212297
28346,655.0,1888.0,4.0,0.321916095018981
3750,1901.0,1923.0,1.0,-2.67603304889099
272570,1183.0,85.0,179.0,3.65498837353195
186732,1347.0,1928.0,174.0,-11.4011255898433
319349,1332.0,147.0,99.0,2.30511124026705
282279,1559.0,13.0,77.0,-0.0493627555326896
253643,160.0,1908.0,71.0,-0.104983007898305
179629,1337.0,164.0,53.0,4.33089700900626
68510,48.0,1909.0,12.0,-5.41936929086961
193928,18.0,1927.0,176.0,2.12507055816108
69207,1906.0,1348.0,12.0,-17.9172732954625
85828,1915.0,1898.0,172.0,6.4721509275232
336573,1879.0,1671.0,103.0,1.16493967844464
340458,229.0,1927.0,103.0,-6.05160978582349
357115,1889.0,1903.0,108.0,0.15883728960917
195527,160.0,163.0,176.0,8.53938132252525
304010,1926.0,1559.0,98.0,2.52294476957857
214764,18.0,1923.0,55.0,0.445649766200113
111624,1881.0,1927.0,167.0,0.24841467519178
277224,150.0,1881.0,75.0,0.480456757923137
187001,1879.0,1922.0,175.0,-5.07453836392721
356858,1885.0,1910.0,108.0,0.306778168977977
436726,1924.0,1431.0,116.0,3.7753563113248
266404,1883.0,788.0,74.0,-3.73362526852224
232045,1913.0,1880.0,58.0,-5.96699230238783
336100,101.0,72.0,103.0,4.2395585512408
344197,1876.0,1923.0,104.0,-11.7899094776597
343302,120.0,1900.0,104.0,-0.983450476452936
175103,1924.0,1893.0,52.0,15.4516364194758
262917,163.0,1899.0,73.0,9.07370282404132
371384,3.0,147.0,180.0,1.27967816025208
329939,1924.0,48.0,101.0,12.8128617104303
312944,604.0,1922.0,186.0,1.80278569119247
321744,136.0,1903.0,100.0,2.75961449363459
211380,1332.0,1879.0,178.0,-11.3018740243846
273195,1560.0,1888.0,179.0,7.03090809869871
15131,948.0,1888.0,3.0,0.627274420561696
56865,101.0,195.0,9.0,-10.7467665045602
256822,1895.0,1882.0,72.0,2.37344282679862
358063,1899.0,1885.0,108.0,-1.55268345568492
189734,20.0,1894.0,175.0,-7.29006336416096
178255,1895.0,72.0,53.0,7.29094757047061
165159,160.0,544.0,168.0,-0.382082523128506
367267,1903.0,788.0,180.0,-1.42371345990727
183762,17.0,1921.0,174.0,3.33892663843212
236359,147.0,1897.0,60.0,2.19423924733266
273839,150.0,1897.0,179.0,2.09305763474622
25196,1224.0,1918.0,4.0,0.470745852314759
314310,82.0,147.0,186.0,4.53115736097103
338504,1224.0,18.0,103.0,-0.52355114406568
11907,604.0,1881.0,2.0,0.0349416007777471
335072,604.0,1224.0,102.0,0.44909939125932
56610,1880.0,1912.0,9.0,1.28291848331065
371579,1877.0,544.0,180.0,-3.71686138218738
31848,150.0,1921.0,166.0,-0.809815303521176
264322,27.0,229.0,73.0,7.71135597475774
324206,1920.0,1895.0,100.0,-0.220906510389459
111870,1880.0,1887.0,167.0,4.04988616382869
11830,229.0,1880.0,2.0,-0.41783207679016
274753,14.0,1907.0,179.0,-17.751023586376
164953,1342.0,544.0,168.0,0.575266332896598
65893,1894.0,11.0,12.0,2.10418733478613
113941,1905.0,1885.0,167.0,-10.5762762819814
247707,1904.0,1881.0,70.0,12.804565426549
367216,1884.0,1893.0,180.0,1.41668353574112
377252,82.0,1876.0,109.0,7.45963740965998
235608,748.0,120.0,60.0,-2.95459199309901
97854,1911.0,5.0,44.0,4.22233722589123
372895,1904.0,1890.0,109.0,4.50405109917522
327776,1885.0,1893.0,101.0,8.67628005415144
320545,120.0,1886.0,100.0,1.29509092356197
10323,3.0,1347.0,2.0,-2.43402285318495
221510,655.0,604.0,56.0,0.650427266779792
334947,160.0,27.0,102.0,6.14387317302877
243795,20.0,229.0,69.0,-2.57302310350156
325721,1559.0,1911.0,101.0,2.26556344007136
335473,1342.0,1876.0,102.0,-3.93130481530927
180608,1906.0,5.0,53.0,14.0327633854147
57664,20.0,1904.0,9.0,-2.02186802423309
232544,1877.0,1875.0,58.0,-9.0542943150589
319285,163.0,1879.0,99.0,-3.82956267596462
303687,229.0,1905.0,98.0,-4.16893999092788
423164,85.0,1887.0,115.0,2.39728385761791
275157,1924.0,604.0,179.0,0.0791585447064603
215511,655.0,1922.0,55.0,4.12565309918188
69408,20.0,13.0,12.0,-15.1089470343735
232675,27.0,1895.0,58.0,-6.17387359608584
169278,163.0,229.0,51.0,-2.67200054825374
368277,1879.0,1910.0,180.0,-2.95455787296223
399163,1903.0,131.0,112.0,0.489397176229938
265000,27.0,18.0,73.0,12.3701869885411
70097,20.0,1890.0,12.0,-10.7093797382422
195005,1924.0,1907.0,176.0,-1.03152604717435
334753,1876.0,544.0,102.0,1.34675700423263
184617,1877.0,1919.0,174.0,3.29098451277898
282697,1559.0,1901.0,77.0,-0.268513553640589
244485,229.0,1905.0,69.0,-1.34811688722993
423427,1902.0,27.0,115.0,-0.448333018745304
272516,1891.0,1889.0,179.0,-0.748994532655356
177897,1889.0,1348.0,53.0,-1.0496840472517
331401,1908.0,1901.0,102.0,5.44171690416646
52994,14.0,1878.0,7.0,-0.197598204960525
178296,85.0,788.0,53.0,-1.9682224586659
221842,48.0,101.0,56.0,-11.0815505236374
344350,14.0,1883.0,104.0,3.33459932929311
252917,1884.0,788.0,71.0,9.25976273923566
242602,1880.0,1914.0,69.0,7.73437862685816
334645,1925.0,17.0,102.0,2.38008197311961
114231,604.0,1891.0,167.0,4.48525238856749
253097,47.0,1224.0,71.0,-6.43368155148049
86717,1884.0,1881.0,172.0,11.9715007070832
218854,120.0,1901.0,56.0,7.78532100210125
417611,17.0,1902.0,114.0,-1.0546960086809
357630,101.0,1348.0,108.0,-5.88827744022915
285528,1906.0,1885.0,77.0,0.0078634957626068
223183,1878.0,1928.0,56.0,-5.83779238976115
256291,948.0,1906.0,72.0,4.61736761458156
171378,11.0,677.0,52.0,-0.0890301338707912
360511,163.0,20.0,108.0,1.46054187510197
314242,1876.0,147.0,186.0,-3.69740824309401
191517,160.0,748.0,175.0,1.37102630038478
96964,195.0,1331.0,44.0,1.86749248722869
194894,27.0,788.0,176.0,3.67310597530372
337719,1332.0,1910.0,103.0,-0.05640799827101
166348,948.0,1908.0,51.0,-4.44693854927641
221391,1430.0,146.0,56.0,7.61292781742354
230861,1671.0,1882.0,58.0,2.28171336838257
311247,1891.0,1882.0,186.0,6.59679643864666
414509,1912.0,1911.0,114.0,0.585777032704914
205201,160.0,47.0,177.0,9.49988984212443
197367,101.0,1884.0,54.0,-1.85086432703829
315036,655.0,14.0,186.0,-8.46090585612816
173129,1894.0,195.0,52.0,-5.94942454555739
209992,15.0,788.0,178.0,1.01485179761697
110704,1904.0,1927.0,167.0,9.97261562472769
203205,1875.0,147.0,177.0,-3.22218405042786
200760,1919.0,1914.0,54.0,-1.29264664390783
214225,1875.0,1910.0,55.0,13.0704297993767
400377,1876.0,1884.0,112.0,-4.24109740170743
181855,120.0,1901.0,174.0,-0.459832926211447
163255,748.0,1910.0,168.0,3.85156387218087
107428,1900.0,1886.0,45.0,-3.99299663016729
284021,1883.0,1927.0,77.0,-6.37391053283779
327609,1883.0,13.0,101.0,-0.17814264922714
87988,1902.0,3.0,172.0,2.69424074365282
325457,48.0,1925.0,100.0,1.20176044343555
58129,655.0,1918.0,9.0,4.56566036959013
68262,1926.0,1919.0,12.0,0.254763866738535
6744,655.0,164.0,1.0,4.37769116588069
177642,1908.0,788.0,53.0,-1.95545352396785
103770,3.0,1885.0,173.0,-11.5451497773502
343079,1920.0,1347.0,104.0,-0.516549592395293
245597,1903.0,1928.0,69.0,-0.528204231100852
416654,1924.0,1875.0,114.0,4.61896563406746
328375,1908.0,1917.0,101.0,-2.2695618642043
166645,1887.0,164.0,51.0,1.81050448017299
33361,604.0,544.0,166.0,-3.53009803958397
192135,120.0,1908.0,176.0,0.379359885928125
333585,1348.0,1892.0,102.0,-4.03070811045994
222637,82.0,748.0,56.0,4.48220004492457
236916,1925.0,1894.0,60.0,3.75830135512069
179460,229.0,1883.0,53.0,-8.86660637862554
53245,229.0,1882.0,7.0,0.922512650373061
72026,748.0,18.0,13.0,2.56065648105011
304609,1925.0,1882.0,98.0,-4.05001351755805
204167,1559.0,1891.0,177.0,-0.671098616443883
26570,1883.0,1922.0,4.0,-8.69491595259235
181587,1927.0,1902.0,53.0,-7.35638565908642
201151,1924.0,1915.0,54.0,0.340350464846124
329644,48.0,13.0,101.0,-1.73161570369624
9402,1430.0,1910.0,2.0,-4.36796365119249
222156,1915.0,1895.0,56.0,1.56237652357107
222408,1913.0,1912.0,56.0,1.12214635874825
304319,1430.0,1882.0,98.0,9.35065286201645
100420,1884.0,1928.0,44.0,-5.95499452102136
330506,3.0,1882.0,101.0,0.94962076106612
424021,1879.0,13.0,115.0,0.700465097870315
277840,1560.0,5.0,75.0,1.92340331322084
416208,544.0,131.0,114.0,-0.416676509293654
27517,1920.0,131.0,4.0,-0.655244918752872
192778,1919.0,1911.0,176.0,0.21552300781503
343423,101.0,1431.0,104.0,5.80951314601243
193022,1880.0,5.0,176.0,-3.83491092101683
338519,85.0,748.0,103.0,-2.74923196408419
258086,1183.0,120.0,72.0,2.94597937565424
416038,1430.0,1909.0,114.0,1.61135673347818
106591,1332.0,1347.0,45.0,-1.96018850361558
176434,1886.0,1928.0,52.0,-13.5885733680579
173893,1887.0,1904.0,52.0,-2.0087257091351
335496,160.0,1876.0,102.0,12.2915867909571
196062,48.0,1896.0,176.0,7.49647242613755
70323,1889.0,788.0,12.0,5.53534107190526
332641,1896.0,1890.0,102.0,-2.75212235188628
275139,1876.0,131.0,179.0,6.65933668491668
414989,47.0,195.0,114.0,10.2480082485576
332792,1919.0,1898.0,102.0,3.5401881714644
276300,655.0,1671.0,179.0,2.47427186022607
642511,146.0,1902.0,3.0,1.09501003635878
109815,1905.0,1671.0,45.0,-24.1948028075803
114906,1906.0,1671.0,167.0,-7.74137037106134
326129,1904.0,120.0,101.0,0.469514591741794
257131,1911.0,15.0,72.0,-1.66333222063208
210715,1926.0,229.0,178.0,1.24656434649534
259375,1925.0,146.0,72.0,-6.62783477220243
61580,1897.0,788.0,10.0,-6.7341017449201
221236,544.0,1887.0,56.0,-0.824882348172774
114360,20.0,18.0,167.0,0.0957983830909743
72046,1331.0,1923.0,13.0,-5.2945223457215
343936,120.0,1927.0,104.0,-1.20672430500621
195371,1924.0,1914.0,176.0,0.135970991223301
179878,163.0,1885.0,53.0,-4.42881826635015
280300,1430.0,1892.0,75.0,-1.98630057134497
97669,1909.0,1910.0,44.0,16.91183522472
54800,83.0,1347.0,9.0,-1.14278834734107
282568,163.0,1347.0,77.0,-3.57960214473113
170242,1877.0,1889.0,51.0,-3.03395471698793
312256,1183.0,1883.0,186.0,5.31884675931
168840,1879.0,17.0,51.0,-9.95693016760427
237697,82.0,1884.0,60.0,-0.895159158708073
248548,1896.0,1922.0,70.0,1.73810033760624
207932,120.0,1910.0,178.0,-6.84698398537197
13126,27.0,1927.0,2.0,-15.6412285854062
213282,1904.0,1347.0,55.0,-13.9258449692723
310518,1183.0,1431.0,186.0,2.9134116427345
181987,948.0,85.0,174.0,-5.31634481890022
416190,1337.0,101.0,114.0,-10.1986359279907
182143,1348.0,1916.0,174.0,-5.39632545460846
327755,1880.0,1917.0,101.0,-2.99962738666196
174285,655.0,1883.0,52.0,-6.45483819464003
13121,1430.0,748.0,2.0,-4.68025914195194
64947,5.0,1928.0,10.0,2.06645364784939
267953,1559.0,1895.0,74.0,3.00662102444063
185911,1342.0,1559.0,174.0,-2.55670050905262
9711,1891.0,195.0,2.0,8.82557864084788
343770,1903.0,1893.0,104.0,3.97340352408493
210614,655.0,1923.0,178.0,-1.18438092532459
370812,229.0,1891.0,180.0,2.02958559903341
247811,1885.0,1908.0,70.0,-1.81301397409551
205301,83.0,1183.0,177.0,-0.165083494754866
437601,604.0,1920.0,116.0,1.75699544785121
17141,1876.0,1909.0,3.0,-6.46778026838222
67260,136.0,1907.0,12.0,-4.17759806520548
86629,85.0,677.0,172.0,-3.27854672200792
58793,1926.0,1332.0,9.0,-3.80255281680207
235900,1909.0,1900.0,60.0,1.29162837075928
325776,1881.0,1908.0,101.0,8.24888188148581
172188,1894.0,1888.0,52.0,6.54357292096633
90344,1921.0,1928.0,172.0,5.04483492021363
360899,27.0,120.0,108.0,0.819812707291001
337884,1909.0,164.0,103.0,14.3734820208988
220722,1332.0,1898.0,56.0,0.8307218226872
427308,82.0,1886.0,115.0,1.86337622271701
32898,3.0,17.0,166.0,0.670061710215857
199096,1880.0,1918.0,54.0,8.94271027956867
104650,3.0,1917.0,173.0,-7.47236319676624
230671,1896.0,1887.0,58.0,0.5158479494967
317484,1898.0,1431.0,99.0,4.75918083009212
29290,1889.0,13.0,166.0,-17.9113246602684
263150,1916.0,17.0,73.0,0.404921633244655
189569,1348.0,1923.0,175.0,2.91663298841434
65347,1876.0,1911.0,12.0,2.73089450514971
204533,163.0,150.0,177.0,0.850858923043494
260885,1332.0,47.0,72.0,-3.97234656405231
268931,1882.0,1901.0,74.0,-23.5797043261
62402,1560.0,1909.0,10.0,11.6647552270267
101079,1903.0,120.0,173.0,-3.51922878546165
231869,655.0,1885.0,58.0,-2.17426854423488
321588,147.0,1886.0,100.0,2.51342571208622
267999,1885.0,1889.0,74.0,-1.79965136927653
336769,948.0,655.0,103.0,13.451231070122
213905,1559.0,1224.0,55.0,5.07232593450632
62231,1893.0,1907.0,10.0,-1.19909978588355
339328,20.0,229.0,103.0,-5.43687328298387
356922,136.0,1912.0,108.0,-5.4565217367874
86922,1897.0,1919.0,172.0,0.818511151349624
375582,1342.0,1885.0,109.0,2.04844106389525
50245,1347.0,1224.0,7.0,-1.19575308941027
203376,11.0,18.0,177.0,-11.0983714004269
333682,1924.0,1908.0,102.0,-3.62819605196137
336954,1885.0,1897.0,103.0,-12.7035569605847
319004,48.0,1891.0,99.0,9.71457080165261
215459,27.0,47.0,55.0,-10.2334038584731
102664,1881.0,1894.0,173.0,5.88048775458874
72791,136.0,1916.0,13.0,-2.86775083320338
11667,1877.0,1894.0,2.0,-9.01610365119912
372141,146.0,1928.0,180.0,3.21787613883671
202641,1899.0,1922.0,177.0,0.70751537441531
267893,1884.0,1923.0,74.0,-4.97011730891804
255291,3.0,83.0,71.0,5.64806651391424
14882,1893.0,1224.0,3.0,-3.997683567518
178720,1880.0,1927.0,53.0,-0.296414583360278
426136,1925.0,1926.0,115.0,4.53805550029843
102361,1902.0,1927.0,173.0,-3.70486667123892
331916,1431.0,13.0,102.0,-0.129286540476771
44859,1902.0,1898.0,6.0,1.930843967268
224209,1332.0,1898.0,57.0,0.478392293006203
54337,11.0,1923.0,9.0,0.280018693368013
202940,1897.0,1917.0,177.0,-0.265809873649209
11641,1342.0,195.0,2.0,0.478274659316436
176058,544.0,1921.0,52.0,-6.29676411638526
101045,72.0,1896.0,173.0,-2.91513589659675
283807,1887.0,1882.0,77.0,-2.35273680875033
112687,101.0,1922.0,167.0,1.62755602539348
329838,82.0,136.0,101.0,-1.82561285718783
236073,1918.0,1927.0,60.0,-0.413279128159195
329085,1915.0,1909.0,101.0,-3.14969602043433
426777,1920.0,1905.0,115.0,3.72951777563934
66383,1671.0,677.0,12.0,-0.20947406142545
187747,164.0,13.0,175.0,1.06015780946896
101184,1888.0,1903.0,173.0,-4.62350695533628
220264,1885.0,1224.0,56.0,-0.0684358320154279
201581,82.0,1559.0,54.0,-2.68766024339057
112363,85.0,1331.0,167.0,0.788238869285327
313952,1925.0,1884.0,186.0,-0.728118190332274
259360,1337.0,1885.0,72.0,-5.59317306249293
8470,14.0,1908.0,1.0,2.12674146334077
64350,1913.0,1671.0,10.0,-22.1244936766231
101895,1888.0,164.0,173.0,-4.6064684762127
357666,1183.0,1671.0,108.0,2.61067958538825
262679,1902.0,15.0,73.0,-2.52098424153367
11812,1342.0,164.0,2.0,4.44721658178551
103733,83.0,146.0,173.0,1.27050027892761
193567,1881.0,1917.0,176.0,-0.701791829234401
248758,1905.0,1923.0,70.0,-6.32948351390808
181653,120.0,1928.0,53.0,0.398075776314032
88916,83.0,1896.0,172.0,1.22946746449652
111532,1889.0,1882.0,167.0,1.69518395408751
258961,20.0,1907.0,72.0,-17.9428791282604
212972,1885.0,1881.0,55.0,0.216622530204255
53070,1920.0,1900.0,7.0,-0.313524334655477
65827,120.0,5.0,12.0,-1.96060719456545
181956,1559.0,1895.0,174.0,0.731632262136784
25777,1347.0,136.0,4.0,-4.50766813136966
369698,1902.0,163.0,180.0,-0.981121974925469
109344,83.0,18.0,45.0,-9.67179396176157
230522,136.0,1922.0,58.0,1.04674607919728
633728,1878.0,1902.0,10.0,-9.228634720381626
14374,1879.0,1909.0,3.0,2.89260460183174
313064,160.0,1907.0,186.0,-8.93609699757359
230397,27.0,150.0,58.0,-6.9581359573311
242033,1337.0,1898.0,69.0,3.73863570657168
184608,1919.0,1183.0,174.0,0.965506008015483
219703,1881.0,1892.0,56.0,-22.698839652768
423434,47.0,1903.0,115.0,2.90705188083946
215027,147.0,1901.0,55.0,-5.67498826281175
87480,47.0,72.0,172.0,-2.68397681251823
245378,83.0,85.0,69.0,3.18303398377629
398215,1879.0,1896.0,112.0,-3.87347602715046
368331,1891.0,1896.0,180.0,3.45408953301888
66975,1909.0,1916.0,12.0,15.2984134989404
399419,1883.0,788.0,112.0,-0.248965430069312
372962,101.0,788.0,109.0,1.92202215729718
373227,101.0,748.0,109.0,-2.45925274730034
642507,1889.0,1902.0,3.0,0.4667648999329274
225075,1886.0,13.0,57.0,2.37850072357567
328834,1926.0,72.0,101.0,3.86295333344494
413409,1903.0,1907.0,114.0,4.13470437162229
110193,1913.0,1876.0,45.0,2.85374559398084
177734,748.0,1912.0,53.0,0.226928263465283
374905,1900.0,1918.0,109.0,0.579837899604861
433873,1896.0,1918.0,116.0,-0.41404506843959
62650,1926.0,85.0,10.0,-0.152897283212905
228924,1909.0,1347.0,58.0,0.669540211683141
16744,604.0,82.0,3.0,3.80523938521399
4259,147.0,1431.0,1.0,-3.0054010038344
220034,1883.0,1904.0,56.0,5.80384710162929
17586,14.0,1896.0,3.0,-0.242369419404418
412762,120.0,1927.0,114.0,-0.0433020884944665
113309,48.0,1908.0,167.0,-8.54232896401667
203147,164.0,1898.0,177.0,0.685336642144108
367116,1878.0,1880.0,180.0,-3.23420870522611
250972,47.0,1897.0,71.0,2.79708192501658
236053,1887.0,1886.0,60.0,-0.320817601457822
53082,160.0,1671.0,7.0,16.3819838811998
53264,1919.0,1900.0,7.0,6.97657668324355
203180,1891.0,1884.0,177.0,-1.313828063667
70095,1332.0,1890.0,12.0,-8.26616307744773
263078,1916.0,1914.0,73.0,0.811492420353264
95730,1911.0,1890.0,44.0,-5.87464080561262
330561,604.0,3.0,101.0,-0.80137598902626
46370,1925.0,164.0,6.0,5.4530752963503
342616,1891.0,5.0,104.0,1.98116094342019
66415,1183.0,1224.0,12.0,-1.33672401645528
200874,1926.0,5.0,54.0,4.91932669570705
251792,1896.0,1910.0,71.0,4.07512321299783
58892,655.0,748.0,9.0,3.72353235506864
188633,1183.0,1884.0,175.0,-0.794230203599063
262089,1906.0,150.0,73.0,2.18634768315014
317817,1560.0,1883.0,99.0,-2.11496655755125
190892,160.0,1875.0,175.0,8.8529653935761
434121,1884.0,1911.0,116.0,-0.560384970787636
112543,195.0,1890.0,167.0,7.25928388796915
327374,1878.0,1900.0,101.0,-2.7090471666834
414675,1909.0,788.0,114.0,-21.0024335994805
346428,1877.0,1928.0,104.0,3.74484749707773
400097,655.0,1331.0,112.0,-4.45015996641045
286356,1342.0,147.0,77.0,-10.8214566844306
323085,1559.0,147.0,100.0,2.30234227337665
634629,1895.0,1902.0,173.0,-3.818769325620948
207885,136.0,1909.0,178.0,-7.77237099974981
368056,146.0,1560.0,180.0,-0.543073884066222
217119,82.0,120.0,55.0,0.0148185344995069
193627,1889.0,1921.0,176.0,-1.71066799825218
206941,82.0,1430.0,177.0,17.4324976951593
267586,101.0,1883.0,74.0,-0.0670946214892269
53338,604.0,14.0,7.0,3.01799257326165
108777,655.0,1881.0,45.0,12.0457351053297
4614,17.0,1927.0,1.0,1.84583106091444
254680,655.0,20.0,71.0,0.0417534321479421
436519,1920.0,1909.0,116.0,4.35718534791023
413669,164.0,1911.0,114.0,-1.11900256337811
284869,1877.0,1183.0,77.0,2.10843761631739
204989,1888.0,748.0,177.0,-3.19858940689981
85675,1560.0,1224.0,172.0,-5.65156500844934
33085,1342.0,1918.0,166.0,1.16670994519164
26074,85.0,15.0,4.0,0.914259906541367
229739,1893.0,1917.0,58.0,-0.136233609151332
370161,1915.0,1907.0,180.0,-7.46959244295019
321266,1902.0,1920.0,100.0,-2.5881537765724
329278,160.0,1347.0,101.0,4.27238730492726
367553,1431.0,1927.0,180.0,0.767557775249142
278379,1348.0,15.0,75.0,1.39463795647261
102877,1896.0,1911.0,173.0,0.492680276772879
249926,1919.0,1348.0,70.0,-5.81323531963165
193720,1880.0,1885.0,176.0,8.5820468948192
375482,82.0,146.0,109.0,11.3901682161609
263763,1332.0,1347.0,73.0,0.143639327966285
327876,1921.0,1923.0,101.0,-4.27360030920082
60049,1903.0,1892.0,10.0,-0.847861080107778
214804,1886.0,677.0,55.0,6.7578399549377
357990,1895.0,1888.0,108.0,-12.0515029969168
208317,1908.0,5.0,178.0,-0.694132723208735
180083,1342.0,1431.0,53.0,-3.54691459182752
68686,83.0,1880.0,12.0,1.07940645266677
219902,1893.0,1910.0,56.0,9.21791975293939
178558,101.0,1921.0,53.0,0.647970185971816
265901,1926.0,1882.0,73.0,-0.0674367448633665
267307,1916.0,18.0,74.0,-1.51230394181218
229539,1875.0,150.0,58.0,6.94344452238888
177954,1560.0,15.0,53.0,0.684370560637189
313475,160.0,1901.0,186.0,-4.87405376634585
330738,120.0,1928.0,101.0,-6.82869938529655
318118,1913.0,788.0,99.0,0.372871446074761
14978,1183.0,1898.0,3.0,-0.84162467118827
233323,604.0,1890.0,58.0,0.0894134139638508
201912,1924.0,1890.0,54.0,16.3414171324069
206098,1342.0,101.0,177.0,6.69348188901124
235442,146.0,1897.0,60.0,-2.68188893141172
31013,72.0,1921.0,166.0,-7.03463930430802
199926,72.0,788.0,54.0,-2.30410770213544
26138,1897.0,11.0,4.0,-2.50683089542918
187207,1904.0,15.0,175.0,2.88673071622358
4134,1888.0,1904.0,1.0,-2.74639690115588
55395,120.0,1890.0,9.0,-2.19568686125947
191221,1906.0,1912.0,175.0,-6.11553022530968
260591,1926.0,1921.0,72.0,-3.18554299294357
249803,48.0,1918.0,70.0,12.2850053532951
52879,3.0,1920.0,7.0,3.57497577690493
425386,1183.0,11.0,115.0,1.8849410254447
285765,1332.0,677.0,77.0,-2.56298875218294
97652,1894.0,1927.0,44.0,-0.773209122279339
66392,1887.0,1907.0,12.0,-1.72319850956926
12838,229.0,1917.0,2.0,-7.92639815497027
192631,1878.0,1895.0,176.0,0.190732405973905
323125,1879.0,1904.0,100.0,3.17553656919009
105376,655.0,1337.0,173.0,8.50564096818312
87610,150.0,17.0,172.0,-1.200625565855
416677,160.0,27.0,114.0,7.58942635644543
172542,1893.0,1895.0,52.0,0.11356463636946
397553,1897.0,1912.0,112.0,3.6123893426219
346048,160.0,1878.0,104.0,1.10631361175957
312583,1559.0,136.0,186.0,-17.7610637047592
14087,14.0,1332.0,3.0,-5.19479767617897
324151,1926.0,5.0,100.0,7.65218147383973
26142,1884.0,17.0,4.0,-3.09644140507722
300808,1880.0,1888.0,98.0,-0.237763106466907
272366,163.0,1910.0,179.0,-5.83632770935677
413828,136.0,1923.0,114.0,-0.688498785361197
162794,1889.0,677.0,168.0,1.06234848084192
161326,147.0,1892.0,168.0,-6.58653082768569
101643,1912.0,1914.0,173.0,0.811760740881635
281566,655.0,1911.0,75.0,-2.14483944052054
61554,1880.0,1921.0,10.0,-7.09461706570749
216123,1332.0,1880.0,55.0,-9.96970476661936
173346,17.0,788.0,52.0,0.298423288097734
360580,160.0,1904.0,108.0,-3.52122077039316
204206,1347.0,1889.0,177.0,-0.609325105967027
321871,147.0,1908.0,100.0,-8.14121589236796
5803,1883.0,1900.0,1.0,-1.12477786785527
257808,195.0,1912.0,72.0,-2.9305839681671
15234,1880.0,1896.0,3.0,7.13649365521174
100533,1877.0,1902.0,44.0,-0.772357102632565
266799,1909.0,1671.0,74.0,9.48808182576855
194203,1885.0,1898.0,176.0,1.63886449071606
112654,136.0,1431.0,167.0,-4.02094404216496
27397,655.0,163.0,4.0,6.5682133480509
328876,1342.0,164.0,101.0,-10.6360134317919
334371,1913.0,1909.0,102.0,-2.76974006789134
215596,1876.0,14.0,55.0,-5.01847150018854
30696,1904.0,1908.0,166.0,-1.1406183084538
318493,1877.0,1885.0,99.0,1.54178615336749
254159,1906.0,146.0,71.0,-5.19371875094548
24552,1899.0,1900.0,4.0,-2.77729107779048
219781,1902.0,677.0,56.0,10.0162705561573
433223,120.0,13.0,116.0,-0.136524449493541
438288,1348.0,1928.0,116.0,-8.25458426117561
199007,1348.0,15.0,54.0,0.454883412199422
49220,1559.0,1911.0,7.0,1.95895657651078
249941,1924.0,1875.0,70.0,2.55416155650787
343697,147.0,1922.0,104.0,-0.350435441568813
257044,1880.0,164.0,72.0,-2.34759345654319
87700,1903.0,1560.0,172.0,-3.2941671311766
13072,3.0,1886.0,2.0,2.79738996976275
233176,229.0,1876.0,58.0,11.7478753439443
372175,1876.0,1928.0,180.0,4.24005320102965
359072,1881.0,1882.0,108.0,2.98992502495186
28056,3.0,1348.0,4.0,-2.61415325514396
433390,1559.0,1892.0,116.0,2.05412340355819
66093,1431.0,1916.0,12.0,-0.624449172920941
343800,1881.0,1923.0,104.0,-2.1827252101209
273479,1899.0,1900.0,179.0,-0.835178231792727
424653,1896.0,1923.0,115.0,1.00333327819316
168432,1889.0,1560.0,51.0,-1.59043365080957
301483,120.0,1892.0,98.0,0.754565974017975
344878,83.0,17.0,104.0,-1.71932407023275
329692,1919.0,1348.0,101.0,3.98422270641331
57442,27.0,195.0,9.0,-1.42325187668635
85920,120.0,1918.0,172.0,-0.776968083797149
174757,229.0,1913.0,52.0,-0.0622997075275416
252399,5.0,17.0,71.0,5.45143880212115
251722,948.0,1560.0,71.0,1.82502864768528
264350,1337.0,229.0,73.0,5.95983227956967
227503,655.0,1917.0,57.0,-6.89545832511759
312058,1890.0,1901.0,186.0,-4.65227291845636
399345,1880.0,1894.0,112.0,3.09309019175994
346001,1919.0,1337.0,104.0,3.65057688557052
396963,27.0,150.0,112.0,6.41772637655358
201497,14.0,1917.0,54.0,1.06548892345117
205402,1925.0,18.0,177.0,9.21945707139324
182064,1347.0,1890.0,174.0,3.66349503564139
343914,1183.0,164.0,104.0,-0.684306850695123
227429,1905.0,1918.0,57.0,5.59879624347957
226329,1919.0,164.0,57.0,9.33923267271675
191458,1877.0,1671.0,175.0,-1.2585847348309
319449,1342.0,1917.0,99.0,-0.685200233348739
320000,20.0,85.0,99.0,3.12819342818497
283192,1885.0,1918.0,77.0,2.17473325197419
27645,604.0,1893.0,4.0,2.63561984912386
167934,1879.0,1889.0,51.0,0.833473368567222
256141,101.0,1879.0,72.0,-0.544274594909657
168078,948.0,655.0,51.0,-3.81611068693288
56849,1898.0,1224.0,9.0,-2.5363406727848
400692,48.0,13.0,112.0,1.67544368127566
241245,1893.0,1901.0,69.0,-0.420497936582611
413264,1898.0,131.0,114.0,1.90978117198073
427231,1337.0,1886.0,115.0,11.2543487729595
181572,1342.0,1902.0,53.0,-1.55572110096974
163801,544.0,47.0,168.0,10.3847700561333
242025,72.0,748.0,69.0,-0.943885250432079
400645,604.0,1905.0,112.0,-1.54868733182236
259341,1906.0,1885.0,72.0,2.45210074642537
168130,1431.0,15.0,51.0,0.609656488168007
423597,1898.0,195.0,115.0,-1.01492525010746
258505,150.0,1921.0,72.0,-2.03262400849452
184752,1906.0,164.0,174.0,3.43529448585007
328763,1906.0,164.0,101.0,4.37734348902401
256227,1911.0,1927.0,72.0,-0.958910531682967
201784,3.0,1560.0,54.0,-5.23275861959076
230489,1881.0,11.0,58.0,0.674987176387228
207895,1886.0,1671.0,178.0,-8.24483482436091
9659,1911.0,1918.0,2.0,-5.20695568968197
389071,655.0,1922.0,111.0,-1.58307709679647
96931,136.0,788.0,44.0,2.84325142067448
390043,1877.0,5.0,111.0,1.24494149682389
62523,1888.0,1916.0,10.0,3.10244059231888
202401,1909.0,788.0,177.0,-11.8980319711625
12294,229.0,1892.0,2.0,1.77058979753664
252455,1891.0,1904.0,71.0,12.9459254547949
271848,13.0,17.0,179.0,-3.29790225983535
331856,15.0,1923.0,102.0,1.40286074659014
74694,1342.0,1889.0,13.0,-0.173099087800567
275423,1926.0,11.0,179.0,-3.03943935203159
374701,1911.0,1914.0,109.0,-0.476263423772848
398059,1183.0,1904.0,112.0,-0.891849417635983
314705,163.0,1876.0,186.0,2.89223601598282
72934,101.0,1912.0,13.0,4.3948616725022
311188,150.0,1900.0,186.0,2.52468844601634
52657,14.0,1888.0,7.0,0.383839326366809
268812,1912.0,1883.0,74.0,3.97279046745867
324993,1876.0,748.0,100.0,3.4868281113826
239018,1892.0,1928.0,60.0,-10.9934713989245
16175,1347.0,677.0,3.0,-4.67569570137796
16852,48.0,229.0,3.0,-5.53784437376195
253762,1924.0,1883.0,71.0,-2.98443970316598
264464,1920.0,1901.0,73.0,0.887191476023691
401561,1913.0,1922.0,112.0,0.607125430282421
270366,655.0,13.0,74.0,-5.26876291189829
177578,1898.0,1892.0,53.0,-2.726524465586
67027,1875.0,146.0,12.0,-1.58487847862977
88161,83.0,1923.0,172.0,1.19832506818072
199989,1913.0,1430.0,54.0,2.74667918746338
329234,82.0,1891.0,101.0,-10.4000698680064
98763,1913.0,131.0,44.0,2.41646337975265
313140,1925.0,1919.0,186.0,1.29504327674045
436954,14.0,677.0,116.0,-2.68543708019021
334911,48.0,1877.0,102.0,-2.05509751049559
175034,1876.0,1879.0,52.0,-10.9684624804229
114835,655.0,147.0,167.0,-3.08567596542553
372394,1875.0,1922.0,109.0,-22.7268269786501
337898,1431.0,1900.0,103.0,1.42483504816648
267797,13.0,17.0,74.0,2.57795968482179
205512,1905.0,1331.0,177.0,-9.38962164863823
256962,1902.0,1905.0,72.0,0.808826736438799
332891,1897.0,1920.0,102.0,-2.47360920960919
14261,120.0,1912.0,3.0,10.7369191829341
345453,83.0,147.0,104.0,-8.47314215983565
333917,3.0,1923.0,102.0,-3.96736981733859
217274,544.0,1332.0,55.0,-5.09176663538634
302906,1920.0,229.0,98.0,-0.701154813175051
330067,655.0,1920.0,101.0,2.69964703442504
47834,1877.0,1890.0,6.0,2.55542575690563
246480,1912.0,1560.0,70.0,1.5759790863052
246909,1431.0,17.0,70.0,-3.21278712125845
194500,47.0,5.0,176.0,4.41529802869063
6623,544.0,788.0,1.0,-2.41006838975082
258396,1671.0,1331.0,72.0,-4.22852428248756
332020,164.0,677.0,102.0,-6.51568945976223
9153,17.0,1901.0,2.0,-1.24556065805431
45213,101.0,1671.0,6.0,-0.981623309018813
69030,1915.0,1893.0,12.0,15.4256429409749
99504,1913.0,1918.0,44.0,4.2003952242099
88491,1913.0,1331.0,172.0,-2.63522988403626
61387,20.0,1898.0,10.0,-1.93502350586776
183980,146.0,15.0,174.0,-2.43012093598624
263563,1898.0,13.0,73.0,1.89739912953109
416273,1337.0,1431.0,114.0,-17.1045110366387
329673,163.0,1877.0,101.0,2.50830026300215
208121,1880.0,1893.0,178.0,1.5343029301044
205386,1877.0,195.0,177.0,8.46170677564351
192191,1902.0,1908.0,176.0,-3.94169582772965
341324,1888.0,150.0,104.0,-1.41411053430483
100783,1893.0,1895.0,173.0,1.29179215922561
49770,150.0,1890.0,7.0,5.46441373403233
111277,1912.0,748.0,167.0,-3.04661575733367
15846,1894.0,47.0,3.0,7.9325123741869
412674,1896.0,1908.0,114.0,0.88418931095522
221721,1919.0,1884.0,56.0,-0.582551458911722
28673,655.0,1878.0,4.0,-0.388035153420485
64705,1919.0,1900.0,10.0,-4.42468278919796
255698,160.0,15.0,71.0,-2.76184809590538
331310,1894.0,17.0,102.0,2.94294406344477
437839,1924.0,748.0,116.0,-8.7380882519886
221237,1924.0,1887.0,56.0,2.04551144589885
166363,72.0,1897.0,51.0,-1.92985242022157
319000,1920.0,1893.0,99.0,0.517829544422028
6867,544.0,1885.0,1.0,1.92101931470455
334178,160.0,1926.0,102.0,0.685974369878271
284500,146.0,1918.0,77.0,5.0301382428784
345496,229.0,1912.0,104.0,9.59164463472762
264444,48.0,1901.0,73.0,-5.68069698649059
396869,1916.0,15.0,112.0,-3.26144964783757
316719,72.0,1922.0,99.0,-5.0177361820517
215931,27.0,195.0,55.0,0.232428315293255
255079,544.0,48.0,71.0,16.259658618764
328491,1924.0,1922.0,101.0,0.284216846224826
342352,1885.0,1912.0,104.0,7.71364466348323
424510,1915.0,1910.0,115.0,-1.15746361739091
373823,1431.0,1348.0,109.0,-5.69028611787573
248335,147.0,748.0,70.0,-4.1852834995916
200550,14.0,146.0,54.0,1.34398711594547
171958,1886.0,72.0,52.0,-1.85047589914446
243518,82.0,544.0,69.0,6.77881434800243
31034,1904.0,1901.0,166.0,-3.19694335592864
73648,1913.0,1881.0,13.0,-6.82720071825992
29694,1919.0,1332.0,166.0,-0.875351704935385
221559,544.0,163.0,56.0,13.2645933797164
114905,1430.0,1671.0,167.0,-5.39995370409869
415432,1926.0,1908.0,114.0,2.96021858561516
388015,1883.0,1898.0,111.0,1.3685797456525
243041,1884.0,1886.0,69.0,2.45785867216189
356819,1891.0,5.0,108.0,-2.64528347319459
360290,1919.0,1904.0,108.0,-1.27850260645037
192599,1876.0,1332.0,176.0,-0.535306554036758
232084,160.0,146.0,58.0,-5.74301513023368
60902,1911.0,131.0,10.0,3.86211448200666
280362,1924.0,1913.0,75.0,4.95171736276966
302822,27.0,164.0,98.0,-2.55711005317325
278322,1901.0,1892.0,75.0,18.5799839794378
272699,1183.0,15.0,179.0,-1.97477143889719
105287,1925.0,1906.0,173.0,4.54147494089524
31681,1885.0,1922.0,166.0,6.05400598951182
417501,1924.0,3.0,114.0,-2.98467579172494
162692,1879.0,748.0,168.0,0.15026157156322
43252,1880.0,1884.0,6.0,-4.381383875838
399644,163.0,1907.0,112.0,-4.55363609054116
215213,1906.0,1347.0,55.0,-4.58666900647727
329498,1919.0,677.0,101.0,-0.887009657968073
70645,1875.0,1923.0,13.0,-3.2696291051407
12790,655.0,1224.0,2.0,0.421666388842142
218873,1894.0,11.0,56.0,2.7304010642371
108575,1332.0,1907.0,45.0,-3.40589333974011
357144,1922.0,1923.0,108.0,-3.46144751143352
25818,72.0,1911.0,4.0,-0.162069113105342
54811,1875.0,1899.0,9.0,5.42811497356184
265366,160.0,48.0,73.0,18.3739162690504
106652,1889.0,1916.0,45.0,4.32851283209627
201172,604.0,13.0,54.0,-5.02613747995394
275659,1342.0,1877.0,179.0,-0.803042022468174
274855,1925.0,1887.0,179.0,-5.74920061338835
367473,948.0,1908.0,180.0,2.52942033651373
247990,1902.0,1905.0,70.0,-7.77752093234478
328955,229.0,1885.0,101.0,14.7589760154057
434960,1913.0,1899.0,116.0,6.45136221162675
375483,1919.0,1331.0,109.0,-10.579048702797
376370,1920.0,1348.0,109.0,0.18217888282473
66828,1881.0,1901.0,12.0,-1.78877032411804
261849,147.0,1882.0,73.0,-0.224027847710481
5268,1879.0,1886.0,1.0,-0.534631502546242
5386,147.0,47.0,1.0,-0.0435985930847875
267939,1879.0,1880.0,74.0,-3.50446927407653
325515,1889.0,788.0,100.0,1.44683955421795
435115,13.0,15.0,116.0,2.88029598723266
243767,1877.0,1880.0,69.0,-3.2135059086571
340057,1342.0,1915.0,103.0,-9.641670722618
226384,655.0,229.0,57.0,4.01175996805826
278176,11.0,17.0,75.0,3.64633425513245
357336,1897.0,195.0,108.0,-39.9283093544749
319331,1915.0,20.0,99.0,2.43699005940743
100056,20.0,15.0,44.0,-1.98511776792262
258822,604.0,1907.0,72.0,-6.18612922841805
341085,20.0,47.0,103.0,-5.31838946582996
48134,604.0,1925.0,6.0,7.34795066002428
16347,1923.0,1927.0,3.0,2.63872027499076
312891,1924.0,160.0,186.0,5.53669118377016
333637,1876.0,47.0,102.0,-5.89019401126071
414212,164.0,1431.0,114.0,-5.81739257694709
212870,47.0,131.0,55.0,-10.3386344909552
257888,1898.0,1348.0,72.0,2.78983466606734
52375,83.0,18.0,7.0,1.59945261981398
313568,1332.0,1904.0,186.0,3.24318400419396
57487,14.0,229.0,9.0,-3.50265162805698
168828,748.0,18.0,51.0,-4.06237129804315
103741,160.0,1909.0,173.0,12.2007546110422
57544,163.0,1909.0,9.0,8.15276916101487
232785,1925.0,1917.0,58.0,-1.98471365315288
18622,604.0,3.0,3.0,-2.82671811520592
259677,14.0,1893.0,72.0,-1.98945026108913
231400,229.0,1922.0,58.0,1.71805035583093
102078,748.0,1898.0,173.0,1.69680534432347
223223,1917.0,1928.0,56.0,1.63054059595235
397664,1897.0,1876.0,112.0,4.7260212735457
169782,604.0,5.0,51.0,13.4203422506792
373770,1224.0,1918.0,109.0,-5.75999235962487
188731,1899.0,1894.0,175.0,-0.358102186555769
205282,1919.0,1183.0,177.0,0.901122524433348
107748,1894.0,15.0,45.0,-2.29407017628318
265870,1332.0,1922.0,73.0,3.18275626501717
101883,948.0,748.0,173.0,-12.6957299713761
270870,160.0,1886.0,74.0,-0.517076973578496
251465,1885.0,1916.0,71.0,2.64342470530388
12363,1924.0,17.0,2.0,-0.082352358027
272303,1875.0,1917.0,179.0,2.50393956197639
169831,1332.0,677.0,51.0,-0.307054125576585
283594,1559.0,1904.0,77.0,-1.10611783016656
180175,1915.0,1904.0,53.0,-3.38831006576284
73752,14.0,1331.0,13.0,-5.29084271014076
201765,1920.0,1876.0,54.0,3.65813021452124
10451,1881.0,1347.0,2.0,-6.82155171672857
196368,48.0,1430.0,176.0,7.87129189266445
15823,1896.0,1908.0,3.0,-3.58255896450914
205191,1430.0,1923.0,177.0,3.42719872376886
210093,1900.0,788.0,178.0,6.62056756366785
182164,83.0,47.0,174.0,2.3978303514257
106482,1331.0,5.0,45.0,2.05043415142242
114934,1919.0,1559.0,167.0,-6.00921190009987
202112,163.0,14.0,54.0,-3.33320331926557
111460,14.0,150.0,167.0,-5.20394898039027
228025,20.0,85.0,57.0,4.48451786038126
225283,120.0,1887.0,57.0,-3.15420699448232
397872,1893.0,5.0,112.0,0.472599509360494
3841,1881.0,748.0,1.0,17.5023304530505
204389,1909.0,1348.0,177.0,2.74454962260542
269944,1430.0,1914.0,74.0,-1.13254685075512
182489,1907.0,1918.0,174.0,-1.73512039857048
49767,1908.0,1917.0,7.0,-1.86526655686515
221695,1332.0,1891.0,56.0,-2.98231880547841
276744,1898.0,1902.0,179.0,-3.0392017544931
43831,1893.0,1431.0,6.0,-0.234629714066469
61843,1892.0,1923.0,10.0,-3.30178948746002
311604,195.0,15.0,186.0,-3.00393314496281
5439,1917.0,15.0,1.0,2.62901939530834
167752,1885.0,47.0,51.0,10.8889098554208
279333,1331.0,147.0,75.0,0.146432403829432
266869,1909.0,788.0,74.0,-0.916268258524559
220185,1884.0,120.0,56.0,0.218451028876818
184045,1904.0,131.0,174.0,-2.60898314671798
54245,1891.0,164.0,9.0,0.359659649092537
311339,1911.0,1890.0,186.0,-2.29385618047289
97741,1430.0,1910.0,44.0,-7.22945363032948
213307,1899.0,1885.0,55.0,12.5210078567753
236979,1920.0,195.0,60.0,-2.31694031762367
90458,1917.0,1902.0,172.0,-0.319754718341266
210053,164.0,13.0,178.0,4.48508167888091
106294,948.0,1919.0,45.0,3.49745261572219
312038,1888.0,1917.0,186.0,6.7108370251897
111751,948.0,1877.0,167.0,-12.1467122852666
105482,14.0,1928.0,173.0,-7.44298389165439
272706,1891.0,85.0,179.0,2.41332270703195
66087,1879.0,47.0,12.0,4.16538129010125
161236,1559.0,1897.0,168.0,-0.612697484378303
113402,1905.0,1894.0,167.0,-16.278355281521
30053,1888.0,1923.0,166.0,5.32069033346102
257826,1886.0,150.0,72.0,3.11265794575261
14788,1885.0,47.0,3.0,22.3204990500868
161718,1912.0,1910.0,168.0,-2.27280455842442
48522,1884.0,15.0,7.0,7.68742134231198
275683,1926.0,1877.0,179.0,3.97816443449732
335901,163.0,1902.0,102.0,4.52368323770636
262061,1903.0,1907.0,73.0,-1.63548035419832
415874,163.0,1880.0,114.0,6.57542364519925
262017,748.0,1900.0,73.0,-0.717563769975566
5211,1895.0,1914.0,1.0,2.46966283642996
368707,1879.0,1348.0,180.0,4.62919353045706
244627,48.0,27.0,69.0,5.73589831833664
373640,1879.0,1921.0,109.0,-0.48498840284478
252126,150.0,1903.0,71.0,3.94566748143177
176088,1905.0,1903.0,52.0,-1.37504562593582
230250,1880.0,1890.0,58.0,2.08119088777937
13858,136.0,1907.0,3.0,-4.08335552790002
317140,1560.0,1909.0,99.0,-1.71879875996259
170887,1337.0,85.0,51.0,-13.9791845263551
328382,1183.0,146.0,101.0,6.75557363255608
388693,948.0,1900.0,111.0,11.6800553756081
342653,146.0,1896.0,104.0,-2.26987848390138
175957,82.0,15.0,52.0,3.8685441159947
201164,48.0,13.0,54.0,-0.216697847973465
110895,1885.0,1921.0,167.0,-2.75661049830301
207868,1671.0,1898.0,178.0,10.0567358614327
282173,1899.0,1671.0,77.0,-1.49254565535091
270183,1332.0,1893.0,74.0,-0.780777393520239
338205,1904.0,788.0,103.0,1.17348600168427
425667,1920.0,1922.0,115.0,-1.27866629546925
95413,1878.0,1912.0,44.0,-2.4912199037963
13051,1926.0,120.0,2.0,-2.12022808648739
312074,85.0,1889.0,186.0,-5.88039591951301
89819,604.0,83.0,172.0,2.6286049900415
238905,20.0,1921.0,60.0,-10.3465589283994
15314,146.0,1882.0,3.0,-0.763203909898745
369014,72.0,1896.0,180.0,-2.20935428268008
27477,1337.0,17.0,4.0,-1.81064175158374
5966,677.0,1921.0,1.0,0.314815356370134
61947,72.0,1898.0,10.0,-2.6786382487784
275454,229.0,101.0,179.0,18.0082441047532
109822,83.0,1559.0,45.0,3.52318200372009
300782,13.0,1914.0,98.0,-1.40637115199677
300046,1904.0,1671.0,98.0,-0.732138935769549
423687,1875.0,1671.0,115.0,-4.28124251935832
303277,655.0,1431.0,98.0,4.10404692563668
162765,1887.0,1921.0,168.0,6.97380229619355
276611,655.0,1337.0,179.0,9.84097005189484
165440,163.0,1886.0,168.0,1.64077322028858
331686,1889.0,1909.0,102.0,-1.3404696091998
323667,1905.0,1331.0,100.0,-15.1010620572768
372652,1903.0,1910.0,109.0,-0.95494322813113
257273,1917.0,788.0,72.0,2.50731666755522
175729,1915.0,1886.0,52.0,-7.05517575365427
283145,1891.0,1901.0,77.0,3.27354144392
268638,15.0,677.0,74.0,-0.639105256437245
647777,164.0,1902.0,115.0,-0.3736020557308749
368285,1908.0,1901.0,180.0,4.10492488565085
358941,1896.0,13.0,108.0,-0.182104796400563
106119,1894.0,1918.0,45.0,0.330291449444645
175691,1876.0,1224.0,52.0,-0.0511406228721872
244661,1906.0,147.0,69.0,2.17246643526563
280591,1905.0,677.0,75.0,-4.20524460805997
231774,1924.0,164.0,58.0,1.8221059438505
304815,1914.0,1928.0,98.0,-2.86890002245829
17431,27.0,1896.0,3.0,-1.26557097712674
198751,1902.0,1906.0,54.0,0.574212219286023
190253,1430.0,1904.0,175.0,-0.515921544889125
60652,1903.0,677.0,10.0,-5.34635192660831
266678,1559.0,1671.0,74.0,2.10367076789681
110190,1337.0,1922.0,45.0,-21.7644069697523
267589,3.0,1898.0,74.0,-3.93734237603268
205215,1915.0,1923.0,177.0,-7.41032911221916
389361,655.0,229.0,111.0,6.14325933664984
424519,1183.0,136.0,115.0,8.4680168256976
208774,1896.0,1923.0,178.0,-5.87048632678632
249885,1925.0,1896.0,70.0,1.07092569828867
64674,604.0,1906.0,10.0,0.586950660469266
67435,1893.0,1895.0,12.0,1.5168690758424
244458,1919.0,18.0,69.0,2.05555043170837
257244,1559.0,13.0,72.0,1.55023466025417
211382,1913.0,1893.0,178.0,4.00822894258691
66424,1906.0,1899.0,12.0,0.872593911547916
222734,1905.0,1906.0,56.0,6.60199604815907
198518,136.0,1912.0,54.0,-3.02461171126519
48193,11.0,1928.0,6.0,2.88541157086605
343842,1878.0,1917.0,104.0,2.76208428017225
102056,1889.0,131.0,173.0,-3.76728759854498
222534,1924.0,1886.0,56.0,3.49975846006659
417666,1348.0,1928.0,114.0,-3.76548847672814
191797,3.0,1337.0,175.0,0.445292983666077
344705,14.0,1880.0,104.0,-5.04322526281758
373598,1431.0,1907.0,109.0,-3.69448457666197
357108,147.0,1914.0,108.0,-2.68279756751002
98496,83.0,1907.0,44.0,-0.617427651256906
190421,1915.0,101.0,175.0,4.38663466160537
244676,1876.0,147.0,69.0,5.59536505638186
178321,1898.0,1224.0,53.0,6.35146374850002
99216,1926.0,1895.0,44.0,-0.437764766351463
328636,163.0,82.0,101.0,3.73217513392823
100358,1905.0,47.0,44.0,6.42046200452665
249260,1920.0,1901.0,70.0,1.80057864079517
222124,160.0,27.0,56.0,11.6480880283313
230608,1899.0,72.0,58.0,-5.36690950386016
262846,1895.0,1923.0,73.0,0.985692879311394
312520,13.0,5.0,186.0,12.6150700911949
161662,1331.0,1901.0,168.0,-6.42692027219162
301154,1879.0,1893.0,98.0,-0.902655572293993
222756,1915.0,1903.0,56.0,3.37757793350921
331249,147.0,1888.0,102.0,-4.51059681580001
233080,1906.0,748.0,58.0,20.9947043689371
266360,1898.0,5.0,74.0,-0.39439427144884
241749,1903.0,1896.0,69.0,24.1830041748239
284685,748.0,13.0,77.0,-3.85437926655159
104744,163.0,147.0,173.0,7.55404128232307
256952,1885.0,1901.0,72.0,-1.08938906954667
323919,27.0,1916.0,100.0,5.55631418790518
398664,1875.0,150.0,112.0,6.73540098600219
193522,1880.0,1893.0,176.0,-0.598485169187633
110229,160.0,1903.0,45.0,-1.81402305609615
67287,5.0,1927.0,12.0,1.77249769581825
368344,1895.0,5.0,180.0,13.9162347744643
170750,48.0,1876.0,51.0,7.92003911244782
390557,163.0,1888.0,111.0,2.30694843905657
286878,1332.0,1560.0,77.0,-1.89341890060737
256674,1903.0,1916.0,72.0,-5.00332758262787
11613,163.0,788.0,2.0,-8.9314269244732
438229,1332.0,1928.0,116.0,-7.04713116216176
255089,655.0,48.0,71.0,20.6202673093863
209932,1875.0,1888.0,178.0,0.223063910669801
98915,1925.0,1913.0,44.0,-2.3019939615152
165826,604.0,15.0,168.0,11.7385386134719
177893,136.0,1912.0,53.0,0.707209303633533
372054,1920.0,1337.0,180.0,-8.78093451620133
96424,1881.0,1889.0,44.0,-1.47820903838388
310841,1901.0,1914.0,186.0,5.20456085166979
98505,1332.0,1881.0,44.0,-0.921330509502493
222369,1920.0,147.0,56.0,0.640381449832238
343563,3.0,1887.0,104.0,-1.83075480674891
330059,1342.0,1888.0,101.0,-15.5860502224618
283860,1902.0,18.0,77.0,0.922873242193401
25709,147.0,164.0,4.0,2.1200580404293
218755,146.0,72.0,56.0,-1.25523510248885
434645,1559.0,1912.0,116.0,-0.349880749697231
313937,1906.0,1879.0,186.0,-5.12852900990014
61134,1891.0,146.0,10.0,-5.89956179708043
7321,3.0,17.0,1.0,0.0525086483742101
74033,48.0,604.0,13.0,7.22597512071384
26531,1895.0,18.0,4.0,-1.85051325063765
222464,160.0,1920.0,56.0,-0.626109628556473
170063,48.0,1905.0,51.0,-0.130486722007903
61511,748.0,1347.0,10.0,0.91248664969408
285106,3.0,1923.0,77.0,-1.38824984851846
57219,604.0,1923.0,9.0,9.09226785690694
340873,1332.0,1922.0,103.0,2.3101118610445
47477,48.0,1430.0,6.0,8.37753829405341
169974,1906.0,1896.0,51.0,-0.416290154350905
425854,82.0,164.0,115.0,4.26254210213218
398172,1894.0,1896.0,112.0,-1.07319097660423
331391,1897.0,1908.0,102.0,-4.71161296643313
71135,1877.0,150.0,13.0,-0.592648210373985
9762,1899.0,164.0,2.0,7.41289761896887
31571,1886.0,1911.0,166.0,-1.38000445097388
16476,1915.0,47.0,3.0,-4.40513317343038
390354,1915.0,13.0,111.0,4.42124761860939
217335,163.0,748.0,55.0,-2.55047743553711
435657,1879.0,1875.0,116.0,-3.69853917267637
342741,1671.0,18.0,104.0,0.329534557703053
194863,1905.0,788.0,176.0,0.850478224774943
414476,1878.0,146.0,114.0,2.29881228859874
173966,1897.0,1911.0,52.0,-3.09306454097502
329569,48.0,1918.0,101.0,6.94900397268715
426091,1915.0,1331.0,115.0,-11.374623402342
311757,1880.0,1909.0,186.0,1.89095397739144
113483,1877.0,788.0,167.0,-5.83863319836485
248836,655.0,1907.0,70.0,-5.42958141149972
329574,229.0,1918.0,101.0,5.75777402751661
427599,1920.0,1878.0,115.0,-1.15990579506467
9494,1912.0,1900.0,2.0,-1.77496654189745
183383,85.0,1912.0,174.0,-4.52871958204629
358031,1896.0,11.0,108.0,-6.54027312589441
174500,1924.0,18.0,52.0,-8.08228822222885
228344,1912.0,1928.0,57.0,-5.20979432270121
373972,1875.0,72.0,109.0,-3.82172598184174
331572,1914.0,1892.0,102.0,3.0115633398137
46161,1924.0,1894.0,6.0,9.46023476930672
98716,48.0,1901.0,44.0,-5.00422452609422
55461,1893.0,1898.0,9.0,4.2025167211457
186186,1430.0,1927.0,174.0,7.8606898371922
9398,1900.0,1224.0,2.0,1.50344621282336
197113,1876.0,1928.0,176.0,5.52460444350387
26340,164.0,1907.0,4.0,2.09670753598915
211643,27.0,1905.0,178.0,0.178142230983678
165469,48.0,1342.0,168.0,-2.45675189860426
270552,1342.0,1224.0,74.0,3.22744295894046
283693,1903.0,1901.0,77.0,0.158181915092873
332944,1890.0,1922.0,102.0,-0.295294972591001
32502,1876.0,146.0,166.0,1.49533088362842
7351,20.0,1893.0,1.0,2.25564629686629
285769,1920.0,1892.0,77.0,-2.36565589400538
45265,1431.0,18.0,6.0,0.885761925933378
196538,3.0,83.0,176.0,10.5408634379585
249168,14.0,195.0,70.0,-2.61080904853499
417579,160.0,1925.0,114.0,6.91879183413973
360785,160.0,1224.0,108.0,1.7454681709144
74933,1430.0,1886.0,13.0,0.608811483564193
286240,82.0,147.0,77.0,2.72659798208204
270612,1430.0,1888.0,74.0,-0.811136383273024
255972,1897.0,1921.0,72.0,1.79908022125109
422955,1893.0,120.0,115.0,15.1446103820731
87752,1911.0,1917.0,172.0,-4.37951448801123
12151,1337.0,17.0,2.0,-2.79463898794102
265719,163.0,1671.0,73.0,-6.80406879165299
211851,83.0,120.0,178.0,4.61016585142193
317580,47.0,150.0,99.0,-1.02466781278206
192121,1893.0,1896.0,176.0,-0.294245979718442
435931,948.0,1337.0,116.0,-1.09788133340549
262934,1903.0,18.0,73.0,4.26247519362554
224959,5.0,1914.0,57.0,-1.76944508147776
109812,160.0,1920.0,45.0,1.34940898457693
44190,1912.0,748.0,6.0,-1.11001244614688
100324,1926.0,1910.0,44.0,3.84979632777214
266958,1897.0,195.0,74.0,-37.3231401960958
184631,163.0,1923.0,174.0,-2.92356192592332
9772,1902.0,1922.0,2.0,1.12618782208538
86460,1881.0,1916.0,172.0,-2.09447121173542
324738,1332.0,136.0,100.0,-8.70289732800653
235272,1559.0,1922.0,60.0,0.104896811806634
190376,163.0,1431.0,175.0,4.3328014801117
335661,82.0,1908.0,102.0,-2.6449099963377
206521,1920.0,1917.0,177.0,-3.21296966403001
374668,1896.0,677.0,109.0,-3.81333282592559
624723,1897.0,1902.0,53.0,-4.585991841123565
416121,604.0,146.0,114.0,-12.2408795753809
338491,164.0,1923.0,103.0,0.466656333068978
633807,1889.0,1902.0,12.0,-5.254441826311095
56660,1908.0,5.0,9.0,3.40666491452766
73645,1337.0,1883.0,13.0,-6.65928139158923
328516,48.0,1183.0,101.0,8.61541542615466
389428,1342.0,72.0,111.0,-1.64043465456856
222220,1905.0,1918.0,56.0,4.88484332203653
343750,1183.0,11.0,104.0,1.45180412640871
97466,136.0,164.0,44.0,7.29028631476238
212110,163.0,1560.0,178.0,2.26417699940118
300099,948.0,136.0,98.0,-0.130100305184965
60083,1896.0,1922.0,10.0,3.94498844138685
330014,1906.0,20.0,101.0,4.94611093280091
396699,1898.0,11.0,112.0,-3.8414568868102
110536,1913.0,1902.0,45.0,-3.01555998125614
206104,544.0,101.0,177.0,21.4622694474028
437736,604.0,1342.0,116.0,3.6763542237537
229926,83.0,1898.0,58.0,-3.84926470715267
203155,27.0,1898.0,177.0,2.26428924631681
164448,82.0,1916.0,168.0,1.55502376285937
315439,72.0,1927.0,99.0,-2.41586046339251
323821,1926.0,1901.0,100.0,2.43857165209141
398694,150.0,1882.0,112.0,6.48084776880162
174414,1920.0,1894.0,52.0,-7.01272253345374
194550,1897.0,1331.0,176.0,-0.605586784026148
437303,655.0,1348.0,116.0,-2.0457906248961
244054,3.0,163.0,69.0,-7.37520500413557
26927,604.0,195.0,4.0,-7.91173260715577
261185,17.0,1910.0,73.0,-1.9998438631256
376596,160.0,1430.0,109.0,3.24013049788618
100028,1926.0,1671.0,44.0,0.302000427403042
304754,48.0,1925.0,98.0,8.25474057107387
188397,5.0,15.0,175.0,27.3363217741501
233004,3.0,120.0,58.0,-14.3309820924454
283263,1896.0,1918.0,77.0,-0.235375842005796
106229,1887.0,1914.0,45.0,1.04639405020256
33532,1342.0,1888.0,166.0,4.16547716828333
168277,1891.0,1910.0,51.0,-0.500492423490327
167741,788.0,1923.0,51.0,-1.24749486367571
86750,150.0,1917.0,172.0,-0.501208573597662
377294,5.0,1928.0,109.0,-5.27854908831837
433607,1896.0,1887.0,116.0,1.68782571546181
377195,48.0,14.0,109.0,-6.51093054152661
342369,1875.0,85.0,104.0,-1.07343806681091
170791,83.0,20.0,51.0,1.95882164031064
204460,147.0,164.0,177.0,-0.803315901816697
233388,604.0,1882.0,58.0,-2.51922547813304
27168,1925.0,1880.0,4.0,-0.582919798534786
396709,1909.0,195.0,112.0,10.8764659760174
412918,1916.0,788.0,114.0,8.95043886645055
68851,1430.0,11.0,12.0,0.457202346365751
90041,1337.0,1903.0,172.0,-16.8778050140865
414398,948.0,788.0,114.0,2.01097784294905
285779,48.0,1893.0,77.0,0.461648380212149
438021,48.0,1903.0,116.0,2.96867349439863
186981,1903.0,1348.0,175.0,0.01219758647463
303908,27.0,1918.0,98.0,6.84661694682068
25486,85.0,1560.0,4.0,-1.88165137722533
233716,1912.0,1928.0,58.0,-5.02223132862556
238847,1876.0,1908.0,60.0,-0.99910887109906
190367,14.0,17.0,175.0,-1.11562901427328
436820,1337.0,1891.0,116.0,-13.4879876413303
416962,160.0,147.0,114.0,2.76203659947807
55233,101.0,146.0,9.0,2.53522035027606
261228,15.0,1890.0,73.0,1.02432159801841
202422,136.0,1887.0,177.0,-0.621802868028105
371248,1430.0,13.0,180.0,6.96489469834418
318927,1919.0,1896.0,99.0,-4.3571362046204
261315,1909.0,150.0,73.0,-1.74901255374609
375248,1332.0,72.0,109.0,-2.54639757024692
326738,1899.0,17.0,101.0,2.26253005092233
415367,1920.0,18.0,114.0,1.06501160886434
300389,120.0,17.0,98.0,-1.50627034747131
268614,1886.0,1916.0,74.0,-2.64471246198985
214701,1891.0,150.0,55.0,8.27239546075447
300351,1887.0,131.0,98.0,3.82901244648751
221701,82.0,101.0,56.0,4.28960089102512
215202,1907.0,1890.0,55.0,-2.42749060501522
250623,83.0,15.0,70.0,4.44055320551258
103740,48.0,1909.0,173.0,11.4667075648017
339372,229.0,1909.0,103.0,10.1616337698187
413262,1883.0,1904.0,114.0,-12.639879307204
85929,1912.0,1900.0,172.0,-1.45854338419397
283259,85.0,72.0,77.0,1.86191704219178
105807,1893.0,1331.0,45.0,0.131608838547716
9186,1912.0,677.0,2.0,-0.700190201637955
88621,160.0,1885.0,172.0,-0.982554224243901
261874,1893.0,1894.0,73.0,0.69156883407724
74738,1876.0,20.0,13.0,-1.38738534776738
413026,72.0,1907.0,114.0,1.21168247528772
174506,1430.0,1881.0,52.0,-5.75235721891564
229258,85.0,15.0,58.0,-4.16843563157054
164610,1332.0,1884.0,168.0,-6.54857075893874
265744,1905.0,15.0,73.0,6.89423438507119
334608,3.0,1891.0,102.0,-8.54355875721007
29461,136.0,1883.0,166.0,-2.35331188223968
106531,1887.0,1898.0,45.0,-0.635512404498747
5285,1886.0,1897.0,1.0,-1.28670844165328
185701,1877.0,13.0,174.0,1.33693236774279
243372,655.0,1908.0,69.0,-2.50041818401259
361395,82.0,1337.0,108.0,-3.05451573904137
203455,1559.0,1922.0,177.0,-3.09531932591933
179873,1920.0,1909.0,53.0,-4.19292999356704
88593,1924.0,1926.0,172.0,6.4730087258554
370483,1876.0,1916.0,180.0,-8.96184270700584
260689,1877.0,1878.0,72.0,1.98728706866014
33817,1877.0,1876.0,166.0,-3.86960050475572
26042,11.0,1901.0,4.0,-1.24500198674476
67683,1882.0,1890.0,12.0,-0.294128302080555
339853,14.0,677.0,103.0,8.91591138342382
269438,604.0,788.0,74.0,-3.32859233295405
284453,1886.0,1348.0,77.0,-1.7927933935577
332635,1887.0,150.0,102.0,-3.94178930048642
390242,1913.0,1895.0,111.0,-6.19286580719951
56012,1902.0,3.0,9.0,-0.638818418235549
433819,1912.0,1918.0,116.0,4.27103287643572
74961,1430.0,1912.0,13.0,-0.294765939261192
88032,85.0,1908.0,172.0,-4.60889073563994
435213,1183.0,1912.0,116.0,1.41002072388372
235091,1883.0,677.0,60.0,-2.62439290517758
196716,160.0,1900.0,176.0,-1.98166582239784
17598,1876.0,544.0,3.0,-4.2119489875436
375802,1924.0,1431.0,109.0,3.97855910574429
59035,1876.0,1922.0,9.0,1.65574834320014
370338,163.0,1916.0,180.0,8.59405937041228
321769,1898.0,1927.0,100.0,-4.01784150559208
369129,164.0,1896.0,180.0,-0.994178945964937
264255,1915.0,1881.0,73.0,-1.90768475428732
99032,544.0,655.0,44.0,-9.48716444342729
257436,150.0,1912.0,72.0,2.09317271327874
186627,82.0,1876.0,174.0,5.93757791756554
344176,48.0,47.0,104.0,6.81701366069653
344807,655.0,146.0,104.0,12.0877104887813
168316,1559.0,1907.0,51.0,1.31491014536829
241937,1904.0,1896.0,69.0,1.99785969156476
106968,72.0,748.0,45.0,2.28729134159014
301224,13.0,1916.0,98.0,3.72425708276687
87985,748.0,1927.0,172.0,0.102157734785435
17276,1430.0,17.0,3.0,2.17163113668646
359621,604.0,195.0,108.0,-14.0777634986757
624702,1895.0,1902.0,53.0,-5.057022914094195
44038,1898.0,1882.0,6.0,0.640045018668976
435762,1912.0,1917.0,116.0,0.779305994120199
263541,1879.0,1885.0,73.0,-1.3695534632413
24960,1877.0,1899.0,4.0,0.734679644471282
32183,1920.0,195.0,166.0,0.264419924452251
62610,1920.0,18.0,10.0,-0.444757298271102
361500,1877.0,1903.0,108.0,-1.54344511469454
333700,82.0,47.0,102.0,-5.87082466574909
361229,163.0,1900.0,108.0,-3.58336731401686
318528,3.0,1881.0,99.0,-3.37031201539458
368827,1912.0,1907.0,180.0,-0.698815325845492
86356,136.0,1671.0,172.0,4.34194617044285
389190,48.0,18.0,111.0,-3.95133251927245
216663,163.0,544.0,55.0,5.78641780147542
320852,1559.0,1224.0,100.0,-6.15780513636608
51912,14.0,1885.0,7.0,-2.13292131390204
52405,1926.0,1915.0,7.0,4.49626833853092
10692,948.0,20.0,2.0,1.19129677977302
67088,1886.0,1916.0,12.0,-4.64287373589839
335547,1913.0,1903.0,102.0,-3.73234023012829
68058,1924.0,1922.0,12.0,3.09127171880988
225577,1431.0,15.0,57.0,5.61595320039008
269259,20.0,1923.0,74.0,-4.5898537189137
213443,1898.0,1900.0,55.0,-0.236174973813446
49597,1888.0,788.0,7.0,-7.41751651871676
260006,82.0,1905.0,72.0,-1.35947742445262
51509,1913.0,164.0,7.0,-1.3240301806898
253244,1880.0,5.0,71.0,-5.00348195387646
246950,195.0,788.0,70.0,0.404760059234205
15773,1912.0,677.0,3.0,-0.545372703163446
331921,1898.0,17.0,102.0,1.95111151638763
8717,1921.0,1928.0,1.0,5.36699230666918
389594,82.0,1885.0,111.0,10.6690002351836
232559,3.0,1896.0,58.0,-19.7444465871901
281471,604.0,1924.0,75.0,8.43150564935107
367566,1875.0,1916.0,180.0,0.243294579323474
438030,1337.0,1560.0,116.0,-6.30296160056327
367977,1916.0,1911.0,180.0,-6.38273874900986
242035,1893.0,1890.0,69.0,-1.58203314156708
187810,1183.0,1891.0,175.0,-0.789304145896143
221003,14.0,72.0,56.0,0.581612881655952
281024,604.0,544.0,75.0,-0.0018545070963318
644595,1891.0,1902.0,60.0,-0.3277571983169645
341391,120.0,13.0,104.0,0.163106181528314
51822,160.0,1914.0,7.0,4.40406408333042
374716,1894.0,164.0,109.0,2.53343926831123
209138,164.0,120.0,178.0,1.51635445432952
311520,1900.0,677.0,186.0,0.973527202613753
245826,120.0,1881.0,70.0,0.0269804696973704
166549,1878.0,1883.0,51.0,-2.14924527837902
187504,1884.0,1887.0,175.0,0.311161311287506
190408,1430.0,101.0,175.0,0.798587974442327
33797,1913.0,1903.0,166.0,-5.10376163099724
244851,83.0,120.0,69.0,-1.26448854889182
374989,1224.0,15.0,109.0,-5.00614381599324
224662,1894.0,5.0,57.0,1.38136611182964
271261,1332.0,1890.0,74.0,-7.38678830071571
10970,150.0,1671.0,2.0,-4.68058942911768
358122,146.0,1921.0,108.0,-2.34055004669434
178955,1897.0,1332.0,53.0,-10.8173246693111
194200,131.0,1927.0,176.0,4.2616802499087
174430,1877.0,195.0,52.0,0.115871527628596
389663,83.0,1880.0,111.0,-0.485159927925342
253154,1331.0,1887.0,71.0,-8.44987410676016
180729,1332.0,13.0,53.0,-8.54846584801638
163946,1342.0,788.0,168.0,3.48684526288768
303618,48.0,20.0,98.0,-5.29416376889503
259568,83.0,1431.0,72.0,2.62023526479389
437395,1924.0,1912.0,116.0,8.66291106006852
175860,1925.0,83.0,52.0,-0.448108908672676
232720,27.0,1918.0,58.0,2.22751007109432
110183,544.0,677.0,45.0,-0.807562532041381
234863,1904.0,5.0,60.0,-2.39990622490826
263373,1904.0,1900.0,73.0,-2.37435532587736
89899,655.0,1332.0,172.0,-6.31805411634689
220239,1348.0,1331.0,56.0,7.10550989222075
88449,544.0,229.0,172.0,2.48468393107414
101449,1884.0,1911.0,173.0,6.23423248739436
14452,1559.0,1917.0,3.0,-3.77923838410489
68409,1925.0,1887.0,12.0,3.8833485286131
284678,1875.0,1881.0,77.0,-1.95987083360764
438211,47.0,1928.0,116.0,-5.29848732387558
244246,604.0,1892.0,69.0,0.602947276797898
167568,1902.0,1920.0,51.0,-4.85412636225669
163101,1912.0,788.0,168.0,1.50067266919423
313224,544.0,18.0,186.0,5.1077585215184
70359,677.0,1902.0,12.0,-4.04695692054185
312887,1920.0,1906.0,186.0,5.58443673659494
390447,1913.0,120.0,111.0,1.77524392127529
66644,1183.0,1908.0,12.0,-1.47421391750726
163184,1885.0,1922.0,168.0,9.80163724366544
278228,1881.0,1883.0,75.0,0.411842053775406
282893,101.0,147.0,77.0,8.18337706280973
61759,164.0,1890.0,10.0,0.0388191503894403
114755,1905.0,136.0,167.0,-0.132385101754266
209841,1879.0,1927.0,178.0,-8.13714681591888
230781,195.0,1907.0,58.0,-5.50643944853833
312875,1895.0,11.0,186.0,1.12879916538804
642261,146.0,1902.0,1.0,3.327772135645381
322863,13.0,1921.0,100.0,-1.62128614125539
53536,655.0,1902.0,7.0,-0.709251810528586
87139,1430.0,1898.0,172.0,-5.03221652706285
325002,20.0,1927.0,100.0,-6.89139472782944
202141,604.0,1337.0,54.0,-3.58538664398787
173223,948.0,18.0,52.0,6.10615468664048
426873,1926.0,1879.0,115.0,-2.05334345302527
87262,47.0,17.0,172.0,-13.312363418534
261093,1878.0,1911.0,73.0,4.21270746610419
265465,1337.0,1912.0,73.0,1.20927484494278
44898,1889.0,1921.0,6.0,-1.24880732184083
331562,1881.0,1897.0,102.0,8.56422930346102
278848,195.0,1348.0,75.0,-2.04210866310817
6696,1332.0,1901.0,1.0,1.35468044287641
206973,1877.0,1560.0,177.0,8.43740688095768
14474,1893.0,1907.0,3.0,-2.33431463538306
414749,1431.0,11.0,114.0,0.158607742420599
162975,1908.0,1917.0,168.0,-4.05398295060579
256569,1560.0,1892.0,72.0,-7.53648421340288
374191,1893.0,1894.0,109.0,1.92347297118482
422969,1886.0,1921.0,115.0,-6.68723125046825
215310,1342.0,1899.0,55.0,-2.25973286209833
236744,160.0,1908.0,60.0,-11.1942767582759
438226,20.0,1928.0,116.0,2.04805041839575
212670,83.0,1902.0,178.0,-2.39076705572949
187708,3.0,1347.0,175.0,-1.61836854531294
274628,544.0,1883.0,179.0,-3.08276191902458
374385,72.0,1331.0,109.0,-1.86794853509899
398340,85.0,1912.0,112.0,1.38561730571574
332775,1885.0,1883.0,102.0,2.42747908568274
327648,1881.0,1224.0,101.0,-1.35082608909562
230540,1888.0,1922.0,58.0,-3.47344965462091
315809,1560.0,1916.0,99.0,0.835118582510775
389029,655.0,160.0,111.0,4.54855063388466
61145,1894.0,1903.0,10.0,0.942718212092854
25402,147.0,47.0,4.0,11.9852939826912
342713,136.0,1904.0,104.0,-2.57910213481104
167210,136.0,1912.0,51.0,-0.651897273077577
213380,1912.0,147.0,55.0,1.36494095238624
166804,1903.0,1431.0,51.0,8.06454175019163
357715,1917.0,17.0,108.0,4.81185098574411
400202,1915.0,1892.0,112.0,-1.87319954657188
241918,1431.0,1927.0,69.0,-6.85717060585009
333067,1878.0,1912.0,102.0,2.06355389430485
26400,1895.0,11.0,4.0,0.229503675525686
29559,1894.0,1890.0,166.0,0.934134937461258
48236,1890.0,1928.0,6.0,0.7124854980524
55586,1431.0,1348.0,9.0,-2.49844894202361
68766,14.0,17.0,12.0,-3.06447837052961
427624,48.0,1890.0,115.0,8.33998105029475
319726,1926.0,1886.0,99.0,-6.01190358498167
263828,1342.0,1332.0,73.0,-0.808864697738434
28770,82.0,1913.0,4.0,12.4210825636178
71923,1183.0,1911.0,13.0,1.33113924901109
12281,655.0,5.0,2.0,0.622062700086086
278092,1890.0,1918.0,75.0,-0.396922215185482
266236,1348.0,1928.0,73.0,-5.65234195454573
212964,1909.0,1917.0,55.0,-5.65109163753757
275277,1905.0,11.0,179.0,-10.0479347336108
303785,163.0,1875.0,98.0,3.98898899309745
256035,1331.0,147.0,72.0,1.33009865040196
339723,1877.0,1892.0,103.0,-1.60471103799668
270535,1876.0,1918.0,74.0,2.47260356750214
322392,1878.0,1896.0,100.0,1.6485419746994
271706,1885.0,13.0,179.0,-3.93452277739875
214931,146.0,1224.0,55.0,2.90140382854003
114399,1924.0,1918.0,167.0,16.3413013100111
427016,3.0,27.0,115.0,5.24908448815636
237084,27.0,1875.0,60.0,0.25628137770957
279246,1431.0,1927.0,75.0,9.31217188980578
198552,1900.0,1892.0,54.0,2.33341329491078
104646,544.0,1917.0,173.0,-11.3208031849968
341750,136.0,1431.0,104.0,-0.215946311485635
244937,1905.0,1912.0,69.0,-0.760600740771423
184806,27.0,1875.0,174.0,-2.44923886504203
207371,83.0,1902.0,177.0,-10.7084152338214
234687,1902.0,1923.0,60.0,-2.89629141330751
202447,1431.0,18.0,177.0,7.29413527596528
89073,1920.0,1895.0,172.0,-3.25956892172872
60552,11.0,1901.0,10.0,-18.0657341524073
189552,1880.0,748.0,175.0,5.12004653533893
99608,655.0,1917.0,44.0,-4.09116087682582
110995,1899.0,1914.0,167.0,2.97438177944737
387893,1882.0,17.0,111.0,13.539807292361
30394,1331.0,1908.0,166.0,-2.27366474103183
369091,1889.0,677.0,180.0,0.153413374233598
25625,136.0,1431.0,4.0,0.992231213474244
232793,1906.0,1888.0,58.0,-14.3114923054415
43147,1183.0,1912.0,6.0,-5.99660157832074
233406,1337.0,1560.0,58.0,-29.4529045558468
225271,1920.0,1898.0,57.0,3.38662657988341
265043,163.0,1904.0,73.0,5.5359224416837
273140,1885.0,150.0,179.0,2.75468949755788
210995,1906.0,1916.0,178.0,-1.88081064011386
415291,1885.0,1431.0,114.0,-3.36444902279112
357125,146.0,1224.0,108.0,-0.719936748451905
244963,655.0,1920.0,69.0,-2.20412618657664
339574,544.0,604.0,103.0,4.32293397869324
318750,544.0,146.0,99.0,5.07459496025288
208960,1560.0,1923.0,178.0,-0.3084924422863
341601,1904.0,1922.0,104.0,3.75854751585784
62729,1332.0,1923.0,10.0,-7.58488958124083
301302,1886.0,1927.0,98.0,2.55264903439014
281692,604.0,15.0,75.0,-12.9464897107116
312490,1908.0,15.0,186.0,-7.04092440103526
18120,1342.0,1927.0,3.0,-0.186643165906548
356831,1896.0,1918.0,108.0,-4.3216549319657
32831,1342.0,1895.0,166.0,-0.61061725607572
322602,1905.0,1910.0,100.0,2.85402519444899
388436,1917.0,1890.0,111.0,3.24463143685322
165943,1224.0,1902.0,168.0,0.151788508556089
336492,1884.0,1911.0,103.0,6.1527859172132
368345,101.0,1923.0,180.0,6.14654511621109
13949,1183.0,15.0,3.0,0.387196638378909
322548,147.0,72.0,100.0,-2.46465427810329
314277,1925.0,27.0,186.0,11.4355497556796
48515,1889.0,1910.0,7.0,0.880782312224947
203094,1883.0,1922.0,177.0,-0.690174304141556
57805,1342.0,131.0,9.0,-1.68893949103107
192486,1901.0,1918.0,176.0,-1.05122693458471
46037,1926.0,47.0,6.0,12.8132150733013
33101,1924.0,1915.0,166.0,-4.26277656648292
256493,1891.0,1884.0,72.0,-0.101370245211447
286048,544.0,1879.0,77.0,-2.41883708527311
372093,1898.0,1902.0,180.0,-5.96467179014682
312519,1917.0,11.0,186.0,2.63506303767389
48575,1890.0,1914.0,7.0,1.57185066660507
30544,1909.0,1900.0,166.0,1.51634332781004
244759,3.0,1912.0,69.0,0.82888624694041
49258,147.0,1909.0,7.0,12.0801296825208
32220,1906.0,1907.0,166.0,-0.598713262293565
47744,1926.0,1560.0,6.0,0.656312763140854
63877,48.0,1896.0,10.0,1.88814829319146
184841,1905.0,1331.0,174.0,-22.0931312065078
24596,1902.0,1911.0,4.0,-1.01237459832713
34010,1906.0,1890.0,166.0,-0.49803657323423
369675,1894.0,1888.0,180.0,9.03562532615755
88330,1926.0,195.0,172.0,-3.91654192015026
226755,1915.0,131.0,57.0,-1.74563030141569
317277,1347.0,1879.0,99.0,-14.5049240663054
62528,1914.0,1923.0,10.0,0.806067585213005
180202,20.0,1431.0,53.0,7.31714561128765
9956,1902.0,1905.0,2.0,0.906687162770906
171714,1897.0,1908.0,52.0,-5.98417750041753
46114,1925.0,1883.0,6.0,2.52453392223339
186569,160.0,14.0,174.0,0.576892237192422
112860,1884.0,1897.0,167.0,-1.14111105268905
195745,1926.0,1892.0,176.0,4.32839243735166
242028,1883.0,1927.0,69.0,2.57481360581078
223467,85.0,1907.0,57.0,-5.20865445345524
110653,101.0,677.0,167.0,-1.57535038554751
218804,1884.0,1887.0,56.0,-2.12458962469027
221678,20.0,11.0,56.0,-5.3824911909763
205800,160.0,163.0,177.0,8.75717141729295
340598,163.0,1886.0,103.0,0.770136384567702
44301,131.0,1922.0,6.0,1.50977167799274
5477,136.0,1878.0,1.0,-9.88020999978445
388521,1671.0,1347.0,111.0,4.86048765149293
303055,82.0,1331.0,98.0,1.03991392777074
318990,3.0,1893.0,99.0,0.502489455279638
161374,1880.0,1923.0,168.0,-0.92283923467262
236438,1559.0,136.0,60.0,-0.218772073181892
286105,1925.0,1877.0,77.0,23.6250235386083
427593,1906.0,1903.0,115.0,0.321216911519172
32313,1925.0,1887.0,166.0,0.343196211213306
186505,1913.0,1922.0,174.0,-3.08686555107813
113420,1876.0,72.0,167.0,0.194983540599555
96584,1896.0,1224.0,44.0,-10.0539393111448
213183,146.0,1917.0,55.0,8.72988725100738
61007,13.0,1890.0,10.0,-2.0900385304327
60454,1559.0,1885.0,10.0,4.96873115828763
196241,160.0,1912.0,176.0,8.18558192042075
57616,1337.0,1916.0,9.0,2.44913411223038
234014,1183.0,1894.0,60.0,1.48292768758139
177326,1902.0,14.0,53.0,-0.250006444669659
198987,1560.0,1224.0,54.0,-0.933912002058687
260471,1876.0,1882.0,72.0,5.57779706234979
169301,82.0,1907.0,51.0,1.95272450114507
433291,1885.0,1901.0,116.0,1.37685992481657
202129,1342.0,18.0,54.0,-8.49029283182291
171684,1900.0,1918.0,52.0,9.08961282061519
318601,604.0,1901.0,99.0,-4.86589331367567
425984,544.0,1898.0,115.0,-0.335781424749577
314101,655.0,13.0,186.0,-5.36543427955179
311311,1909.0,1917.0,186.0,8.3034232103656
215699,1924.0,1894.0,55.0,7.60837133672548
196310,82.0,1918.0,176.0,1.54029496402289
29453,1885.0,164.0,166.0,-1.11461575020961
69685,1919.0,1559.0,12.0,-2.04406759110661
235113,15.0,18.0,60.0,-4.02194038850057
13009,160.0,1920.0,2.0,0.356725345347755
415726,1925.0,229.0,114.0,1.39769032338099
329167,544.0,163.0,101.0,4.62937259687574
221503,20.0,1904.0,56.0,-1.54732881110241
331593,1885.0,1908.0,102.0,-3.32679335849027
46624,83.0,1880.0,6.0,-0.902469929517268
412670,1671.0,677.0,114.0,1.12738370269903
97435,1879.0,18.0,44.0,-3.91015859061153
25307,1883.0,11.0,4.0,1.45073598285975
85621,85.0,1921.0,172.0,-4.99831348329172
321613,1903.0,1893.0,100.0,0.771339348411838
255336,20.0,1927.0,71.0,-6.49940035369352
12870,82.0,13.0,2.0,2.402668829021
436923,229.0,17.0,116.0,0.867390864003126
66407,948.0,1915.0,12.0,-1.29351914884034
317409,1224.0,788.0,99.0,1.69189313125474
236708,160.0,1899.0,60.0,9.78299313902458
219438,1895.0,195.0,56.0,-2.33341081196805
627509,1888.0,1902.0,103.0,-2.855330860721525
62245,164.0,1881.0,10.0,4.52858131489282
103803,160.0,1901.0,173.0,3.89926456377997
375215,27.0,72.0,109.0,0.309856368663456
55632,131.0,1918.0,9.0,0.944018593973842
6610,1877.0,229.0,1.0,-0.0589479783461682
168778,146.0,1903.0,51.0,0.612799266616787
197380,1903.0,131.0,54.0,1.9663836774623
46509,1926.0,1901.0,6.0,-0.295397470200632
183841,85.0,1904.0,174.0,4.3339041027953
436202,544.0,1919.0,116.0,5.93320835772462
375013,1922.0,1923.0,109.0,-8.98326545380642
335931,1912.0,1928.0,102.0,-4.14183663078846
276717,1884.0,1928.0,179.0,-1.04309744511936
106273,1904.0,1431.0,45.0,4.83970824134452
71394,120.0,1921.0,13.0,-5.455320117867
105478,5.0,1928.0,173.0,-2.63431521929271
373739,1903.0,1893.0,109.0,1.0022314734806
171187,1876.0,1902.0,51.0,3.05479812465768
414158,1331.0,1887.0,114.0,2.39849220705417
97845,1908.0,131.0,44.0,-2.65075388984266
335168,1926.0,48.0,102.0,5.69586975958784
245944,1885.0,1331.0,70.0,-3.82437688341249
260987,1348.0,1928.0,72.0,-8.52407454451597
257495,1899.0,11.0,72.0,0.737024673974607
203340,1875.0,1907.0,177.0,-2.57466660740023
169072,3.0,1883.0,51.0,-2.05081417993344
51392,1915.0,72.0,7.0,-10.4136889582316
271783,1894.0,1560.0,179.0,-3.19062293102462
196348,604.0,1430.0,176.0,-2.01459648005496
375611,163.0,1331.0,109.0,-9.22308320576327
260325,544.0,120.0,72.0,-5.37591048764831
433306,1903.0,15.0,116.0,-1.05676550332516
260985,1903.0,1928.0,72.0,-2.2229112384144
253373,20.0,1332.0,71.0,-3.10256662393952
224885,1671.0,1882.0,57.0,-0.50485943349206
370559,1925.0,163.0,180.0,9.9469084411681
4521,1909.0,1893.0,1.0,1.56876956375897
341192,1893.0,1928.0,103.0,5.86704934754632
436961,1342.0,1891.0,116.0,0.248744815593391
184102,13.0,1892.0,174.0,-3.76888230157192
276895,5.0,18.0,75.0,2.17749581324306
303949,82.0,147.0,98.0,3.87611805404021
345580,1925.0,48.0,104.0,-2.45304740159431
423185,748.0,1910.0,115.0,2.83337267680907
11761,604.0,72.0,2.0,-2.75451556200479
329141,48.0,163.0,101.0,11.6244168531938
177984,1897.0,1908.0,53.0,-10.1099876903445
337101,147.0,1923.0,103.0,2.71029172123667
435458,47.0,1909.0,116.0,-0.481500650272217
286543,1342.0,1886.0,77.0,-5.91494485290629
344690,655.0,1913.0,104.0,1.01087506767093
303176,82.0,1914.0,98.0,3.3049173932292
343830,1671.0,1882.0,104.0,-1.21291046400226
30351,1902.0,18.0,166.0,-2.66655959266287
187592,1912.0,748.0,175.0,1.54756426262189
208486,1878.0,1903.0,178.0,-1.6234587412127
69001,1924.0,11.0,12.0,0.111596988029521
240826,1892.0,1910.0,69.0,0.204910057561857
59295,1887.0,1928.0,9.0,-0.157395167501359
99455,3.0,544.0,44.0,1.06486668360169
328209,1907.0,1671.0,101.0,-0.6257527659082
186363,1920.0,677.0,174.0,-1.28828800162258
71197,136.0,1881.0,13.0,-3.44858598334271
58980,604.0,1911.0,9.0,-0.981337589388637
224357,1912.0,1886.0,57.0,6.16422750571319
300178,5.0,18.0,98.0,-3.76959083024767
28692,1924.0,1878.0,4.0,0.250932682128182
270108,163.0,17.0,74.0,1.6096359564501
190500,27.0,1884.0,175.0,-3.7077553707686
244319,1925.0,17.0,69.0,-1.83035172143711
106148,1891.0,1882.0,45.0,-2.12601019697195
319609,1337.0,1886.0,99.0,-2.11266113667481
46688,83.0,1885.0,6.0,2.35805937046592
28144,3.0,1917.0,4.0,2.97765261694845
280544,163.0,1893.0,75.0,9.92471188891489
59870,136.0,1921.0,10.0,-3.2634455611444
101134,1560.0,1918.0,173.0,3.76184256864464
324640,1924.0,27.0,100.0,4.12155186572042
97585,101.0,1331.0,44.0,8.62281352563976
303800,163.0,1879.0,98.0,-0.197287902811505
170884,1925.0,1911.0,51.0,4.71476358456465
50547,1900.0,1918.0,7.0,-1.9733078022992
32377,3.0,1880.0,166.0,2.23999268725245
310359,136.0,1894.0,186.0,2.25374147843195
17704,163.0,1915.0,3.0,7.28415201801822
273066,1897.0,20.0,179.0,0.453375095967632
241237,1183.0,677.0,69.0,-1.39517987040382
269455,1430.0,1883.0,74.0,-3.19111692138169
103565,1332.0,164.0,173.0,-6.61765067994674
232428,1905.0,1896.0,58.0,-15.5983313080485
340968,20.0,1908.0,103.0,-6.34883088445821
57692,1919.0,1892.0,9.0,-1.91512358399849
237902,1926.0,13.0,60.0,-4.71759396180761
241709,47.0,1348.0,69.0,-1.55701030021333
242338,1896.0,1922.0,69.0,3.73000759348396
227375,1876.0,1895.0,57.0,4.33666939012175
197158,1918.0,1902.0,176.0,-7.30652647499471
185732,1905.0,1895.0,174.0,2.60624042033025
249103,82.0,1881.0,70.0,-2.78511387701001
112041,948.0,82.0,167.0,5.54894159092918
16115,136.0,1895.0,3.0,-0.101645210973074
63561,1913.0,1431.0,10.0,2.7799854331034
345074,1342.0,1891.0,104.0,-0.316923967720042
389782,1906.0,101.0,111.0,11.3277215034628
214595,1899.0,1914.0,55.0,6.00049657945975
243627,1337.0,1883.0,69.0,2.87644070925301
6246,136.0,1671.0,1.0,1.19673743017259
199905,1891.0,677.0,54.0,-2.13576341001208
417714,1908.0,1928.0,114.0,-2.74142762394762
212281,655.0,1878.0,178.0,8.02752360108458
359791,3.0,72.0,108.0,-1.34416629654039
256999,1875.0,1882.0,72.0,-1.54102966666773
271025,655.0,948.0,74.0,6.32860140368616
202397,1888.0,1890.0,177.0,5.1918031122619
211753,604.0,1912.0,178.0,12.5210604799695
102638,1559.0,85.0,173.0,6.29229378478818
215087,13.0,18.0,55.0,-4.81911192828525
109816,1926.0,1920.0,45.0,1.50882038874977
162276,47.0,1909.0,168.0,1.65813123349576
231211,1559.0,1912.0,58.0,3.54957406558657
300095,1887.0,1911.0,98.0,2.53372598907341
367065,948.0,147.0,180.0,6.27437815068732
399042,195.0,1224.0,112.0,-5.49002711840557
360779,1924.0,27.0,108.0,0.652254704521695
417493,1877.0,18.0,114.0,6.64600491408242
330898,101.0,1908.0,102.0,-12.3981900973665
272915,1894.0,1907.0,179.0,3.92970320489543
369722,1885.0,120.0,180.0,1.69738406508614
249558,1925.0,655.0,70.0,0.657497500666774
229977,1889.0,15.0,58.0,-0.756736536512891
209505,164.0,1881.0,178.0,-3.75785433698343
229329,1342.0,1899.0,58.0,-15.1511615624763
178900,948.0,1898.0,53.0,-2.06454600491501
46331,163.0,1913.0,6.0,1.75414499884914
356746,1884.0,1907.0,108.0,-3.58986266143721
3678,1896.0,195.0,1.0,-0.0633050711468613
332667,1884.0,1911.0,102.0,-0.608254940842139
272291,85.0,1909.0,179.0,-5.6322024302344
105647,1909.0,1347.0,45.0,0.393552919565059
114197,1342.0,17.0,167.0,11.4884354146753
206416,83.0,1905.0,177.0,1.70327820309083
390634,1924.0,1886.0,111.0,4.33546713218555
188556,27.0,1899.0,175.0,2.69217675797658
274936,1924.0,1926.0,179.0,2.54888394820698
113605,48.0,1898.0,167.0,-1.29613689443529
170622,1430.0,1559.0,51.0,2.00249345958292
263215,1671.0,1917.0,73.0,0.826507368074949
332236,1431.0,1890.0,102.0,0.459468777848502
254473,604.0,5.0,71.0,3.26704436259487
358157,195.0,1348.0,108.0,-0.813365070165795
332677,147.0,1916.0,102.0,0.0630201093666686
163916,1926.0,195.0,168.0,-9.49742095753973
161777,27.0,1899.0,168.0,6.53954080499576
322278,13.0,5.0,100.0,2.97796821699738
246301,1899.0,1331.0,70.0,-3.10125703006649
183293,1875.0,13.0,174.0,0.315886523400338
167279,1903.0,1901.0,51.0,-0.121507748840842
14831,136.0,1898.0,3.0,-4.76241472589453
186684,1901.0,1902.0,174.0,8.91757052705429
220326,1885.0,1331.0,56.0,2.84974549404067
339935,1905.0,1879.0,103.0,1.92265637877541
166623,1347.0,17.0,51.0,-1.54580836472843
633630,120.0,1902.0,109.0,0.8794727641748152
49641,101.0,1893.0,7.0,0.306897117243982
341569,1899.0,1224.0,104.0,-0.335323969623087
234179,1883.0,131.0,60.0,-3.48490495842484
359567,14.0,72.0,108.0,-8.60476251608584
283364,82.0,1887.0,77.0,2.01096460066893
51733,1925.0,1909.0,7.0,18.9907448023082
423907,1183.0,164.0,115.0,-0.743726787617148
269534,14.0,1881.0,74.0,0.692635422824727
192586,150.0,1896.0,176.0,12.9455154733529
63595,1924.0,1893.0,10.0,-0.371278454605066
215103,1893.0,1900.0,55.0,4.72559076476089
425230,1909.0,131.0,115.0,-10.6081178109133
98810,1332.0,1904.0,44.0,-6.70278144028649
335819,1915.0,1908.0,102.0,-1.19686715565727
206377,1877.0,1904.0,177.0,11.8332245453732
248354,85.0,15.0,70.0,-1.78683742197722
621852,47.0,1902.0,168.0,-4.95224938226368
254069,1924.0,1880.0,71.0,-8.55354574135723
29218,120.0,1900.0,166.0,2.32662770132389
5625,1881.0,1897.0,1.0,11.6994007187494
222255,655.0,1912.0,56.0,16.7071314236574
66126,1895.0,1671.0,12.0,-2.86899804785702
43576,948.0,1884.0,6.0,4.58238892057962
283212,1879.0,13.0,77.0,-0.13016176483208
299755,1900.0,18.0,98.0,1.96451428829219
11725,83.0,1907.0,2.0,-5.91528678502118
375495,229.0,1880.0,109.0,-7.32504696268142
231125,1902.0,1896.0,58.0,-15.3682336660932
280330,544.0,5.0,75.0,1.72981223260227
341672,1900.0,1907.0,104.0,0.268876105442435
229829,1916.0,11.0,58.0,-2.67396344315662
265983,160.0,15.0,73.0,13.4797546735654
211245,1924.0,655.0,178.0,-7.36432763197007
301048,1895.0,1909.0,98.0,2.97272645574153
99920,14.0,1882.0,44.0,14.3263311271599
275948,1906.0,1224.0,179.0,1.23248929249082
198780,1893.0,1898.0,54.0,-0.647540819459105
195642,163.0,131.0,176.0,-3.46203028298228
400787,163.0,1430.0,112.0,3.40759036416907
223711,1348.0,131.0,57.0,2.35705416171677
278707,1560.0,131.0,75.0,1.01946011401764
312924,82.0,1923.0,186.0,-11.6618435151131
229094,1347.0,1892.0,58.0,-2.9931973296736
311207,1886.0,131.0,186.0,-4.87170578894573
237731,20.0,1879.0,60.0,-11.6469022268438
89377,3.0,1877.0,172.0,-8.82836793924952
210900,1920.0,1914.0,178.0,-0.582316327559525
224462,1898.0,1916.0,57.0,3.82485559744168
370874,1926.0,1884.0,180.0,1.02262560205815
302490,136.0,1896.0,98.0,0.540738251511698
240985,1899.0,677.0,69.0,1.64469161722295
304363,655.0,1560.0,98.0,1.937587622954
47411,1926.0,1559.0,6.0,3.07716998506674
234375,1895.0,1888.0,60.0,-2.12405682937345
401557,83.0,1900.0,112.0,4.81702504819001
314167,163.0,1879.0,186.0,-0.215870129436066
191425,1342.0,1876.0,175.0,-4.87485510404385
314206,1915.0,5.0,186.0,10.9294380656875
267883,1891.0,1921.0,74.0,-3.44866414233313
64904,1883.0,1928.0,10.0,-5.3410176842828
217395,544.0,1921.0,55.0,-14.9492516625341
266406,1897.0,20.0,74.0,-3.78948858226245
396721,1559.0,72.0,112.0,5.78185315266679
46140,1913.0,1183.0,6.0,5.01415039233079
168904,655.0,1899.0,51.0,8.40797227574554
361606,1887.0,1928.0,108.0,-0.900686218246329
4048,131.0,1923.0,1.0,0.863469112399019
435611,948.0,1886.0,116.0,1.24787543494751
73406,544.0,1922.0,13.0,6.13727031319877
284242,1893.0,1901.0,77.0,1.57165517150608
323979,1925.0,163.0,100.0,7.16975419879026
265446,1430.0,20.0,73.0,0.885714027513084
64713,3.0,1882.0,10.0,4.42949729035417
324959,1920.0,136.0,100.0,-2.75640224976413
262790,1899.0,1890.0,73.0,-2.34261810720282
12402,27.0,1893.0,2.0,5.08860343619639
344566,163.0,1880.0,104.0,-0.775003124360913
57469,1337.0,229.0,9.0,-3.07399701346932
73696,1913.0,1883.0,13.0,5.40299764398867
218154,1348.0,788.0,56.0,-1.01759023788975
427879,101.0,1928.0,115.0,22.790207853521
342314,164.0,1917.0,104.0,-0.592123045206037
264806,1876.0,1904.0,73.0,4.21934999284446
60572,1888.0,150.0,10.0,-1.97641479203208
340438,160.0,147.0,103.0,-0.877306221335541
240591,748.0,1896.0,69.0,1.27980624947088
334979,1915.0,1895.0,102.0,-1.51551066130889
190659,1342.0,1884.0,175.0,-8.09061927411206
44753,72.0,1897.0,6.0,-1.61822170722284
250443,655.0,1342.0,70.0,-2.25147314509952
276029,544.0,1927.0,179.0,0.647176496300946
169711,1913.0,17.0,51.0,1.17220650494833
52633,1906.0,1918.0,7.0,3.88049068520737
278510,1559.0,1331.0,75.0,1.92142231847742
312839,136.0,1902.0,186.0,-2.42693834354948
103273,229.0,1899.0,173.0,4.19724240613088
333533,47.0,1908.0,102.0,17.2006245093613
252451,1897.0,1920.0,71.0,3.08071093742619
321118,101.0,1901.0,100.0,-9.83660751765557
215663,3.0,1907.0,55.0,-1.65804385022288
434902,1183.0,1900.0,116.0,-4.85017598107486
334117,160.0,1880.0,102.0,-1.66356757377716
333799,655.0,1883.0,102.0,-1.95518645636784
257739,164.0,1560.0,72.0,0.124200445470309
29194,1559.0,1901.0,166.0,-4.81317505464316
268130,1431.0,1923.0,74.0,-0.759632630969063
375157,48.0,47.0,109.0,-8.21803015813245
56124,136.0,1887.0,9.0,2.89089922526457
300994,136.0,195.0,98.0,-2.11435290663156
70582,1880.0,1903.0,13.0,-5.48718895447844
235340,72.0,1910.0,60.0,8.47516933518909
342077,1348.0,677.0,104.0,-2.19140402550402
24398,120.0,1886.0,4.0,-2.24714292945554
106792,1909.0,1918.0,45.0,-3.33244540454709
236323,1560.0,1890.0,60.0,-1.94725640863473
423696,1879.0,1892.0,115.0,2.22193543323817
241906,11.0,1892.0,69.0,-17.7012257816828
361165,82.0,748.0,108.0,-9.77708694623897
376889,82.0,1430.0,109.0,5.85328433457486
367479,1878.0,1896.0,180.0,-1.64636203783026
234690,47.0,1904.0,60.0,3.05712094344946
24978,948.0,1337.0,4.0,2.2033272374909
359058,1559.0,5.0,108.0,2.09128115206535
284979,14.0,1894.0,77.0,-7.15445160733498
261855,1879.0,748.0,73.0,-0.506554947485019
46907,3.0,1893.0,6.0,17.2211792162982
112968,85.0,1918.0,167.0,-1.64339741825865
55875,1897.0,163.0,9.0,3.95646856836122
283618,1898.0,13.0,77.0,-2.36639882198891
266536,1908.0,11.0,74.0,-0.932006594336379
225379,1347.0,1890.0,57.0,-4.76810307557519
199198,13.0,131.0,54.0,0.319958075414964
325453,14.0,1921.0,100.0,-9.50510318892336
275665,1337.0,1348.0,179.0,6.41740603825835
186003,1906.0,20.0,174.0,12.4740219530021
374642,948.0,1909.0,109.0,1.53596236551013
389651,1915.0,1916.0,111.0,1.69095906452167
277755,1183.0,1886.0,75.0,5.46249637881758
173404,1559.0,1183.0,52.0,0.811186959661279
272637,5.0,1927.0,179.0,1.28125890604909
63699,1332.0,1896.0,10.0,-3.60198872413918
282744,1183.0,1908.0,77.0,-0.854234887362812
417276,160.0,1924.0,114.0,13.2344695083637
376432,1876.0,20.0,109.0,3.66304871547116
29286,1884.0,1893.0,166.0,-1.54273535618972
74943,160.0,1927.0,13.0,2.60384353628932
109637,1915.0,1888.0,45.0,5.05380249465218
374669,1880.0,18.0,109.0,-0.948700695772014
388880,1559.0,1897.0,111.0,4.83071495967519
272888,1881.0,18.0,179.0,-5.69827195979048
272121,1903.0,1914.0,179.0,-2.75668089063313
435619,948.0,1912.0,116.0,10.6228157155824
317485,1900.0,1908.0,99.0,1.30841803194903
161190,1880.0,1922.0,168.0,-0.940750608412358
313210,3.0,18.0,186.0,-3.26088406789667
424951,83.0,1887.0,115.0,5.02868144286269
316634,1347.0,11.0,99.0,-9.4796539396344
336455,1878.0,120.0,103.0,3.7896642753445
201778,229.0,1560.0,54.0,1.28473691864676
197584,147.0,72.0,54.0,-0.287035067785035
339230,1913.0,1907.0,103.0,-8.93219115599687
341135,1923.0,1902.0,103.0,0.613331442175888
264921,604.0,1884.0,73.0,0.742978994565738
303592,1430.0,544.0,98.0,-0.861492057774756
372956,120.0,1914.0,109.0,3.12239347588143
259838,1913.0,1889.0,72.0,-1.1711518548315
232147,27.0,1914.0,58.0,-11.218458917299
100788,1914.0,1927.0,173.0,-1.84317983925041
344291,3.0,1894.0,104.0,-8.23306754250258
201769,83.0,1882.0,54.0,1.90311248175755
171549,1883.0,1917.0,52.0,-1.41916940562897
303919,3.0,1430.0,98.0,-2.45502697877631
190177,48.0,1901.0,175.0,5.42466571222681
172490,147.0,11.0,52.0,-3.19235049716805
274010,1883.0,1897.0,179.0,6.80086182085797
327210,1888.0,1431.0,101.0,3.64941755415375
182379,146.0,120.0,174.0,3.18207506966206
57159,1337.0,1183.0,9.0,6.68617523066832
179417,48.0,47.0,53.0,-2.36213910406672
276911,948.0,1879.0,75.0,-1.57883666229179
161315,1889.0,1883.0,168.0,1.06385690457636
390994,82.0,1913.0,111.0,3.9768654440081
334299,20.0,1880.0,102.0,-9.85563513509281
75076,604.0,83.0,13.0,4.19844880403448
285009,82.0,1896.0,77.0,-0.595189015471303
268131,150.0,1892.0,74.0,1.57385639826669
98432,1925.0,788.0,44.0,-0.857752909575441
389847,82.0,101.0,111.0,7.26795517281161
95866,1332.0,1887.0,44.0,3.17977705547338
222257,163.0,1917.0,56.0,-2.02755982393475
172724,1560.0,18.0,52.0,-1.55864525614656
300501,85.0,1922.0,98.0,-5.88156921447392
178017,164.0,1348.0,53.0,-2.64191431369614
167900,1881.0,1916.0,51.0,-4.66240993560068
367662,1904.0,1901.0,180.0,-1.00721902506173
176092,1342.0,1921.0,52.0,-0.298637122802467
99605,160.0,544.0,44.0,-0.828932158199395
414200,1560.0,72.0,114.0,5.22873011529967
315511,1904.0,1331.0,99.0,-0.605444095939156
635995,1897.0,1902.0,77.0,3.318546699699336
255245,655.0,120.0,71.0,1.35044439941287
6507,3.0,1883.0,1.0,1.33050002396521
229960,131.0,1892.0,58.0,4.20133895874733
176873,1224.0,1918.0,53.0,0.475635071777824
177349,131.0,1918.0,53.0,1.6645254658359
211751,604.0,1224.0,178.0,-6.64541729320706
209666,1560.0,1918.0,178.0,0.27545374475864
165631,160.0,1921.0,168.0,-4.28009487157045
254971,544.0,27.0,71.0,9.88546117582445
204464,1895.0,11.0,177.0,0.0435230697633865
324637,20.0,1918.0,100.0,2.24618404473301
189356,1881.0,1917.0,175.0,4.48831477576208
184006,1884.0,47.0,174.0,2.78634055841085
73932,604.0,1914.0,13.0,8.85082201217371
261877,1902.0,131.0,73.0,-1.44962077136372
360889,1337.0,1917.0,108.0,-4.95446020008556
172033,1922.0,1918.0,52.0,19.2216600783209
173349,164.0,17.0,52.0,1.67538667544398
227602,1906.0,120.0,57.0,5.83730980792875
13919,164.0,1671.0,3.0,-0.114629795554926
323811,1332.0,146.0,100.0,1.33522146983685
25499,1892.0,788.0,4.0,-1.376153654567
235942,47.0,1927.0,60.0,-0.65481313274339
329738,1876.0,5.0,101.0,-0.276729438870635
28566,229.0,948.0,4.0,8.3695358166565
43644,1897.0,1560.0,6.0,0.000522095932346
357641,748.0,1912.0,108.0,-2.40270709097104
233907,1909.0,72.0,60.0,0.839417799071127
360135,83.0,1879.0,108.0,-1.46270063513163
179246,1911.0,1918.0,53.0,1.12217590141654
234408,1891.0,1904.0,60.0,1.40741926430455
389342,1877.0,1923.0,111.0,1.16666884399923
179552,3.0,1919.0,53.0,-2.43939979808987
256496,948.0,1559.0,72.0,-6.54627485849256
223110,1928.0,1902.0,56.0,0.181443701837038
191788,1920.0,15.0,175.0,2.43769404826658
110438,1916.0,1928.0,45.0,-19.594916523608
262385,1894.0,1909.0,73.0,3.50661392978939
264917,655.0,1884.0,73.0,4.59179568117356
425017,1559.0,1912.0,115.0,-3.71932353835347
338173,1224.0,1901.0,103.0,-0.546783554932045
199296,1891.0,1884.0,54.0,1.42865616927285
73636,1919.0,164.0,13.0,7.92814036600013
218768,1879.0,1875.0,56.0,-9.46484414774027
259387,1332.0,1892.0,72.0,-6.4219297086775
162188,1914.0,18.0,168.0,-1.89455659642413
345812,1342.0,1886.0,104.0,-0.148091227206223
426208,604.0,1916.0,115.0,10.6386628097917
341195,131.0,1928.0,103.0,-6.15596872303272
194322,1894.0,1909.0,176.0,8.33665688555764
373768,1559.0,1894.0,109.0,10.3124645082803
326797,195.0,1911.0,101.0,0.54579354050741
433225,163.0,1898.0,116.0,4.20061762512285
32827,604.0,1892.0,166.0,-4.09298425156978
71141,1878.0,1671.0,13.0,4.09752529833835
214490,195.0,13.0,55.0,-0.204084242512007
110701,1883.0,15.0,167.0,-1.42926554071805
242860,85.0,1900.0,69.0,-1.96172073914588
73497,163.0,1907.0,13.0,-1.62929715532723
28392,1876.0,1559.0,4.0,0.41754725964311
275385,163.0,17.0,179.0,5.24636792807058
225896,1880.0,1890.0,57.0,1.27457172839207
55940,1331.0,1224.0,9.0,1.25917286470052
51159,1879.0,1887.0,7.0,-6.86718810617811
285886,3.0,1884.0,77.0,-0.166880322580072
304779,655.0,1902.0,98.0,2.42324335632042
331443,1183.0,1671.0,102.0,0.540478636080712
254590,1920.0,1891.0,71.0,6.38525364367313
164956,83.0,5.0,168.0,4.66474144393708
70923,147.0,1896.0,13.0,4.90362410412049
61405,1897.0,1431.0,10.0,0.782042604098409
322299,1884.0,1895.0,100.0,0.0724744820972543
98591,1919.0,229.0,44.0,-5.93780882551403
416930,1876.0,1224.0,114.0,5.1150266633257
207376,1901.0,1902.0,177.0,-13.5584605291878
98681,544.0,1885.0,44.0,8.47512414612047
56216,1917.0,788.0,9.0,-4.69879894648284
323872,1913.0,131.0,100.0,0.193255301366663
259014,1332.0,1881.0,72.0,-1.21178889229806
96471,1907.0,1671.0,44.0,1.47139860647409
9369,1885.0,1911.0,2.0,-4.31342446898922
56539,1884.0,195.0,9.0,2.44988709979805
111910,1905.0,150.0,167.0,1.96495865719211
16431,1887.0,5.0,3.0,-5.76559033802598
332860,147.0,5.0,102.0,-2.67630373334572
189256,101.0,1348.0,175.0,4.17692929240786
237546,1876.0,1891.0,60.0,-2.52713628934407
10596,1920.0,150.0,2.0,-3.6319252290089
255036,229.0,1917.0,71.0,-3.73192067839207
54719,1560.0,1348.0,9.0,-3.51943574291249
262651,1183.0,136.0,73.0,-9.67969576939418
114171,20.0,1884.0,167.0,-10.4020747828321
11912,1925.0,1885.0,2.0,-1.38744692541365
196675,1915.0,15.0,176.0,6.43126520946026
109631,1430.0,1888.0,45.0,7.36207684681694
244397,655.0,1895.0,69.0,-0.870052593515743
304918,72.0,1928.0,98.0,1.11315773174959
253785,3.0,1907.0,71.0,-10.2976072942216
310517,1887.0,1886.0,186.0,11.9167478982106
106151,1183.0,131.0,45.0,-6.90869352423472
85528,1183.0,1903.0,172.0,4.24391961883757
207279,1342.0,18.0,177.0,-4.7884237905261
286531,1332.0,1559.0,77.0,-2.82444135724639
17818,20.0,1895.0,3.0,-4.4464930502339
62504,1902.0,1927.0,10.0,2.72146451600689
17268,20.0,17.0,3.0,-5.02582877464978
75316,82.0,1560.0,13.0,1.88540522997096
423848,1880.0,1909.0,115.0,4.69046849996026
252568,1925.0,18.0,71.0,8.15404114522492
247746,1875.0,1901.0,70.0,0.213894343593925
101732,1878.0,1894.0,173.0,5.65879119297041
346417,83.0,1928.0,104.0,-3.44155197381287
252598,146.0,1904.0,71.0,2.67095215139977
280828,604.0,1877.0,75.0,9.21305448155326
388550,1903.0,1927.0,111.0,0.578543208414002
221143,1337.0,1906.0,56.0,-4.78327203188692
397067,1671.0,1921.0,112.0,5.575039412673
360221,604.0,131.0,108.0,1.83644425525821
114963,1920.0,120.0,167.0,-3.62282738907898
65692,1891.0,1914.0,12.0,1.61873790004778
254965,1876.0,20.0,71.0,0.249927716519136
320234,1342.0,1337.0,99.0,-10.4065701690958
99883,163.0,1886.0,44.0,1.53042060568496
329579,83.0,18.0,101.0,1.03254849130896
424513,1887.0,15.0,115.0,-2.57892671244722
302596,1877.0,1908.0,98.0,-0.705657135832803
12519,1913.0,1348.0,2.0,-0.564520775204422
103617,1876.0,1881.0,173.0,-0.0049812366316388
258259,1918.0,1923.0,72.0,-1.56236531272664
387938,1877.0,1347.0,111.0,-0.0456388476120817
30949,1903.0,13.0,166.0,-6.19305104220907
109088,20.0,1891.0,45.0,-0.915759725994074
213265,1183.0,1348.0,55.0,0.167396551828396
50987,1431.0,677.0,7.0,-1.10557188115723
236785,604.0,1183.0,60.0,-1.19722366007768
169672,82.0,1880.0,51.0,2.06576431496562
325243,1905.0,85.0,100.0,3.79811745185409
257818,1895.0,1922.0,72.0,0.245346353180323
190546,48.0,1893.0,175.0,2.41146341864056
335504,1924.0,948.0,102.0,4.26419503293741
180648,163.0,1348.0,53.0,1.99870046119183
214405,14.0,1910.0,55.0,14.3883773293065
278581,748.0,150.0,75.0,0.877476072232488
330902,1671.0,11.0,102.0,0.164988077954172
224699,85.0,1896.0,57.0,-5.19265395207916
265968,1332.0,1908.0,73.0,-1.96498328304925
62108,1879.0,1896.0,10.0,0.502210454866237
342378,1347.0,1884.0,104.0,-1.4640750708778
425988,83.0,1883.0,115.0,2.42921293081368
9914,1894.0,1347.0,2.0,6.5925322726483
166719,1431.0,1896.0,51.0,-1.27310134355304
435405,1904.0,1916.0,116.0,-5.82986510423918
426662,1877.0,1893.0,115.0,11.2098160836593
173210,85.0,5.0,52.0,3.97607442517593
114792,1905.0,1917.0,167.0,4.03233223152672
101802,5.0,1923.0,173.0,0.17082146882843
191079,48.0,1559.0,175.0,18.7328408865605
285534,20.0,1885.0,77.0,-4.5475506597572
168065,3.0,1898.0,51.0,3.98329760252007
262568,1878.0,195.0,73.0,2.10099813147597
10840,1880.0,1882.0,2.0,-4.38320842000282
107640,131.0,1892.0,45.0,-16.5359477935172
213040,1893.0,1927.0,55.0,-2.53119762386649
6178,1908.0,18.0,1.0,1.81398780766397
301063,146.0,1348.0,98.0,0.349276929481107
96730,1878.0,1883.0,44.0,-5.49208395643705
29432,948.0,1882.0,166.0,-0.876181270627078
206325,1925.0,13.0,177.0,1.86528236794853
374137,1907.0,11.0,109.0,-2.92929985648504
437123,1876.0,1889.0,116.0,-0.697370206716607
335335,1915.0,1559.0,102.0,-0.748730935321108
166378,1431.0,1916.0,51.0,-0.79861197003198
230938,1671.0,1331.0,58.0,2.07720024733318
284464,1878.0,150.0,77.0,-0.213623053933978
202917,15.0,1921.0,177.0,-3.91993026776943
270622,48.0,544.0,74.0,12.6769473089626
237907,1920.0,1915.0,60.0,-7.75303705836093
275340,3.0,1892.0,179.0,-5.86406022002783
208796,195.0,1671.0,178.0,-27.9360637145116
299944,1347.0,15.0,98.0,-2.34336859788425
12504,1919.0,18.0,2.0,-0.226095386525577
337478,948.0,1881.0,103.0,3.99498611508639
316376,1879.0,1901.0,99.0,-1.97914750564268
7838,1905.0,1224.0,1.0,5.25404511684722
265559,1905.0,1559.0,73.0,-2.62476769685596
51354,1915.0,14.0,7.0,5.62690700805405
66295,1909.0,164.0,12.0,10.8249147252094
109777,229.0,1927.0,45.0,13.6741757760095
55629,1887.0,47.0,9.0,-2.41657144092256
313413,1926.0,1909.0,186.0,5.99962635041502
342893,1431.0,1560.0,104.0,4.89365558723195
278669,1183.0,1918.0,75.0,1.61104565496804
397674,1908.0,1918.0,112.0,0.63462413746634
310742,1883.0,1904.0,186.0,-3.65986696801897
27716,1430.0,1893.0,4.0,0.658400681347398
33958,604.0,1882.0,166.0,-3.65500136056623
218975,13.0,1910.0,56.0,-6.26143973873313
3707,1899.0,1901.0,1.0,-3.4470459174469
169271,1430.0,1901.0,51.0,-0.0539294815191257
74101,1913.0,1896.0,13.0,-8.05031374572084
639692,72.0,1902.0,186.0,-7.35933671488511
250339,544.0,120.0,70.0,1.87908725294
198020,147.0,1923.0,54.0,-0.420094530705207
209940,1903.0,5.0,178.0,14.1761210267671
251537,1887.0,1224.0,71.0,-10.6144467513251
342856,1880.0,1224.0,104.0,1.5804325344728
376018,229.0,1891.0,109.0,1.05036765930498
201225,1920.0,1879.0,54.0,-4.03047673271683
106695,1560.0,1888.0,45.0,2.24371198539275
18638,1925.0,3.0,3.0,0.0246366081289934
252055,1909.0,1927.0,71.0,21.3027757501432
224896,147.0,677.0,57.0,6.47271809969641
323960,1925.0,604.0,100.0,0.640311560704517
86294,1880.0,1918.0,172.0,-4.74954518284794
73836,163.0,1880.0,13.0,0.801497065093935
423944,1183.0,1901.0,115.0,-2.5503455556432
107782,101.0,1889.0,45.0,6.63108545559753
276813,1884.0,131.0,75.0,0.190932060868961
60881,1183.0,150.0,10.0,8.05625202041198
241808,1893.0,1896.0,69.0,1.15455043703226
277923,1891.0,195.0,75.0,4.27411345353442
374346,1885.0,5.0,109.0,0.347737449750334
389503,604.0,1885.0,111.0,6.00740838047552
343316,1913.0,1347.0,104.0,-8.9503230090202
331395,164.0,120.0,102.0,2.84018165805576
229745,1898.0,1916.0,58.0,-2.6855235915061
212390,1913.0,1922.0,178.0,-2.69820587119237
209070,1347.0,15.0,178.0,-4.88381517358471
16551,20.0,788.0,3.0,-5.57838397043039
332070,1912.0,1917.0,102.0,-6.30604879069557
107892,1917.0,1914.0,45.0,0.778663150257199
193951,1183.0,15.0,176.0,1.56322576521194
206283,82.0,27.0,177.0,-4.39223345776088
367906,1885.0,1903.0,180.0,4.91154056138698
398460,1891.0,150.0,112.0,6.93355376402069
225002,1878.0,1918.0,57.0,-0.796920113140219
26471,1888.0,1896.0,4.0,1.92775842673306
112651,948.0,48.0,167.0,7.69504631600289
272743,150.0,1908.0,179.0,-1.73621586924578
304293,1337.0,1927.0,98.0,16.0466252101994
64319,27.0,1559.0,10.0,2.17840265813635
367338,1880.0,1898.0,180.0,-3.31421295363728
245932,1880.0,1892.0,70.0,1.20757088276476
215422,136.0,1560.0,55.0,-1.0987898507966
259782,1337.0,1889.0,72.0,-6.63903563872229
237297,163.0,1901.0,60.0,-0.996784490092038
87730,1887.0,1904.0,172.0,-0.10941893506855
228575,20.0,1910.0,58.0,-2.91328162728005
233707,1876.0,1928.0,58.0,3.98614145019858
324542,1919.0,5.0,100.0,-4.32339229015748
62578,948.0,47.0,10.0,-6.241943332211
11244,146.0,1909.0,2.0,10.2033164498264
335302,229.0,1888.0,102.0,-0.515085524819985
388121,1882.0,1892.0,111.0,2.14524292809966
334842,1925.0,1915.0,102.0,-0.59458309020725
224508,748.0,1890.0,57.0,1.23749170739893
3870,1895.0,1907.0,1.0,4.90694064333453
367533,1898.0,1922.0,180.0,-18.3660091456203
65484,1183.0,1900.0,12.0,-4.04008657048736
371733,1926.0,748.0,180.0,-2.26359113325747
73874,160.0,1881.0,13.0,5.82137473337974
193267,1882.0,677.0,176.0,-3.46250213839635
335812,1926.0,677.0,102.0,0.484231709889994
49867,1917.0,1918.0,7.0,-3.43453321615878
53063,1926.0,948.0,7.0,14.361887188539
285315,1906.0,229.0,77.0,1.92282587794776
53453,1922.0,1928.0,7.0,-0.555296374716113
98404,1925.0,1923.0,44.0,7.36618609180506
278046,1920.0,1899.0,75.0,7.70099487608221
330483,48.0,1882.0,101.0,-2.68855013596969
268692,1342.0,1910.0,74.0,-0.424096459322257
18195,1925.0,1886.0,3.0,-2.25778677318958
110288,1919.0,1890.0,45.0,4.54831985304495
436810,20.0,11.0,116.0,-6.2306910852586
167909,1431.0,1348.0,51.0,-3.51098554619943
172153,1883.0,1923.0,52.0,3.92075070330547
185633,1924.0,1879.0,174.0,0.912776812507494
422826,164.0,1347.0,115.0,1.78554765825025
330311,1877.0,1560.0,101.0,0.383221467042232
188563,948.0,1877.0,175.0,-4.2598210866116
72704,5.0,1918.0,13.0,11.3343564025429
333040,948.0,131.0,102.0,-2.83896225351417
14197,146.0,1903.0,3.0,2.54428508536387
417717,1430.0,1928.0,114.0,0.27344976923794
219124,1898.0,1927.0,56.0,-3.49110495338891
50639,17.0,1927.0,7.0,1.64554240563657
371923,163.0,1903.0,180.0,5.20567267263516
63571,1877.0,17.0,10.0,1.77809985193032
15070,1885.0,150.0,3.0,0.292648147511311
16727,48.0,82.0,3.0,-5.46287114075448
425297,1880.0,147.0,115.0,-0.462623152586278
48569,1909.0,1922.0,7.0,-0.251630209872312
331148,20.0,1910.0,102.0,2.44086957220057
165001,14.0,1905.0,168.0,5.42339019954118
401489,14.0,1922.0,112.0,-1.20249934651715
211122,14.0,17.0,178.0,0.681378800578474
202723,1911.0,5.0,177.0,-6.61214477269783
435560,1900.0,677.0,116.0,-0.543908642865592
435253,1884.0,1909.0,116.0,2.05134453133502
171803,1348.0,1921.0,52.0,-2.38824951646566
32403,3.0,1909.0,166.0,-9.88900497797788
5632,13.0,1892.0,1.0,-4.06682889116682
318141,1337.0,1923.0,99.0,-3.14838497415256
112836,1348.0,1910.0,167.0,-1.65536987707817
87410,1183.0,1889.0,172.0,-2.15981055586229
74345,1925.0,11.0,13.0,-2.55949549204882
271278,1430.0,1908.0,74.0,-2.43189714690335
300648,1884.0,1909.0,98.0,-2.49958662259532
367908,136.0,1896.0,180.0,0.356158355297989
5809,1919.0,788.0,1.0,1.68897790474821
283573,136.0,1901.0,77.0,-1.21245807562802
339904,655.0,1884.0,103.0,4.52985116246579
176379,1337.0,1928.0,52.0,-8.90497011359646
257708,748.0,5.0,72.0,0.870161546609053
324243,1924.0,101.0,100.0,19.4077796607426
323904,1876.0,1916.0,100.0,3.55826600731333
32233,1430.0,164.0,166.0,-0.450537074203063
423986,1560.0,1894.0,115.0,-1.17577248209092
417530,83.0,47.0,114.0,-3.40741815199152
278618,1891.0,1892.0,75.0,-1.85166461345868
372148,195.0,1928.0,180.0,7.73459806114973
178621,146.0,1897.0,53.0,-9.69887994964294
425440,147.0,1560.0,115.0,-0.331772185994566
268427,1881.0,677.0,74.0,-5.85936609587886
336329,1331.0,1886.0,103.0,-4.29276876764973
14955,1559.0,1878.0,3.0,0.216535423821887
252815,72.0,1224.0,71.0,-3.68473893158251
223234,1887.0,1909.0,57.0,-5.34265302281646
333840,3.0,1907.0,102.0,-1.56699689513897
59038,1926.0,1903.0,9.0,-4.51967259647834
199238,1909.0,164.0,54.0,2.3521157352216
343257,1919.0,150.0,104.0,2.55692838819588
332582,1893.0,1910.0,102.0,1.85672751139361
10254,1183.0,1890.0,2.0,-3.44815763975694
246595,1897.0,82.0,70.0,-0.666270120215942
44987,1331.0,788.0,6.0,-1.80868574643695
434797,136.0,1883.0,116.0,-1.08093214091933
49637,1183.0,1901.0,7.0,-0.617828185114052
199844,1347.0,15.0,54.0,-0.668995385813786
183096,1894.0,1896.0,174.0,1.04248856993195
181749,1347.0,1908.0,174.0,-4.33994271578504
58912,3.0,1671.0,9.0,-7.02396601576255
174036,1920.0,1898.0,52.0,-0.264551395740526
161247,146.0,1348.0,168.0,-0.0420594525166599
376257,544.0,1879.0,109.0,-2.94270589576744
375080,1876.0,1919.0,109.0,10.4673423863511
180570,1926.0,1877.0,53.0,-1.40375845228853
343519,1559.0,146.0,104.0,1.17595653582449
227700,3.0,1920.0,57.0,-3.8405091876386
222316,544.0,1559.0,56.0,4.39748087502786
167644,1916.0,1890.0,51.0,-2.75576955830022
5194,20.0,1899.0,1.0,4.76089037596125
343391,1348.0,1921.0,104.0,-7.33542831699653
325769,136.0,146.0,101.0,-2.16134779808593
85909,1347.0,1918.0,172.0,-1.15492930125557
199271,1900.0,17.0,54.0,0.777532290456738
173959,1891.0,1331.0,52.0,-0.802663566066859
112220,1560.0,1883.0,167.0,-0.6293288652544
621830,1875.0,1902.0,168.0,-3.686430654360224
427629,82.0,1890.0,115.0,0.948705277549614
216768,48.0,1875.0,55.0,-12.1786013455254
303193,1919.0,1916.0,98.0,7.06962654968
102988,1924.0,1903.0,173.0,-2.71178441389464
224080,748.0,1904.0,57.0,5.27067425460825
90309,1920.0,1337.0,172.0,-17.44192136751
63336,1877.0,1431.0,10.0,3.29532798752534
104692,1925.0,1559.0,173.0,6.18211781795011
89759,3.0,136.0,172.0,-2.97882396248627
113890,1337.0,1916.0,167.0,-8.76523513443898
367201,1885.0,1912.0,180.0,14.5235683821232
115537,1890.0,1928.0,167.0,-6.62769259280506
316057,1910.0,1927.0,99.0,-1.64037993541889
255573,1905.0,85.0,71.0,4.90746310502739
168076,948.0,101.0,51.0,-2.53040830376137
69682,27.0,1559.0,12.0,0.676217780257561
192113,147.0,1901.0,176.0,-1.78986167931145
54681,147.0,1886.0,9.0,-1.38984052754478
195311,1905.0,229.0,176.0,-3.97593900389053
219637,1886.0,1922.0,56.0,4.71145544025974
6643,1337.0,164.0,1.0,8.44197233041838
416267,1906.0,1431.0,114.0,2.96088080434275
200394,1430.0,1331.0,54.0,5.51132872102424
220842,82.0,1923.0,56.0,-8.44104179383359
400103,163.0,5.0,112.0,7.00334812440794
639702,147.0,1902.0,186.0,-0.937047862308748
25285,1875.0,1224.0,4.0,0.505781943788878
341720,1880.0,1892.0,104.0,-0.0105822628101472
96375,1880.0,1911.0,44.0,-2.96230531443208
257314,1886.0,164.0,72.0,-8.28979736060986
60044,1559.0,1911.0,10.0,3.72632704057325
209835,1560.0,1889.0,178.0,1.74726629982908
183861,948.0,1927.0,174.0,1.38019979991125
161287,1912.0,1922.0,168.0,2.31451629715334
171613,1889.0,11.0,52.0,-0.427773892868103
333371,85.0,1890.0,102.0,1.9169277561145
97546,136.0,1883.0,44.0,-3.88249073688344
63215,48.0,1914.0,10.0,-0.878454815466513
74006,20.0,1909.0,13.0,-8.75128360700947
174142,1924.0,85.0,52.0,-7.79959858336142
168822,1886.0,15.0,51.0,0.936267387075124
51825,604.0,1914.0,7.0,2.13921160856733
260462,1919.0,1882.0,72.0,-3.16805639124692
342557,1559.0,1888.0,104.0,6.87242170047776
213164,1878.0,1916.0,55.0,-2.96176543032224
60538,1880.0,1902.0,10.0,-4.79464257809875
345989,544.0,1921.0,104.0,-1.96732499421623
255824,1927.0,1902.0,71.0,-1.1231155220925
323969,1913.0,1914.0,100.0,-2.93562978272701
196892,83.0,1908.0,176.0,-1.71734787657953
413226,20.0,150.0,114.0,3.34866950001427
229512,1909.0,1927.0,58.0,5.27363217098612
266723,1886.0,47.0,74.0,-4.50456481924678
174424,655.0,788.0,52.0,-3.74189964522661
345795,1920.0,136.0,104.0,3.7859710322369
303839,27.0,1905.0,98.0,-0.858167722574742
227753,1920.0,120.0,57.0,-0.963697781526985
244872,14.0,1917.0,69.0,-3.93213787595615
300453,1883.0,150.0,98.0,-4.50769753659625
401414,229.0,1921.0,112.0,-7.3266929860597
331037,1907.0,11.0,102.0,1.18467566340725
345697,163.0,1888.0,104.0,1.11086426732938
357045,1183.0,150.0,108.0,1.36131668389737
282478,13.0,5.0,77.0,1.54483105548316
424177,47.0,1911.0,115.0,-5.62226139380554
50733,1881.0,1900.0,7.0,-2.74124741965601
33390,544.0,1559.0,166.0,-0.138899628656666
16536,1915.0,1919.0,3.0,6.89674190707528
168062,1902.0,1927.0,51.0,-0.670238927376181
218247,1880.0,147.0,56.0,-0.908687937445356
273569,1913.0,150.0,179.0,-0.226723975189789
58937,1906.0,1903.0,9.0,5.47773566836244
205417,20.0,164.0,177.0,-4.35074438890869
265266,1332.0,1918.0,73.0,4.57088034661127
224762,1904.0,1348.0,57.0,-3.88492183817521
86561,1431.0,1914.0,172.0,2.79465796752666
252747,1183.0,1879.0,71.0,8.60542717509879
413199,85.0,1908.0,114.0,-2.64056844946956
313692,1876.0,1914.0,186.0,-0.303816739810941
75225,1876.0,15.0,13.0,3.86233736510605
64143,1925.0,48.0,10.0,10.6398368218781
252684,101.0,11.0,71.0,5.30459881449352
163856,1430.0,1183.0,168.0,-3.24882604011731
43153,948.0,1914.0,6.0,1.08802343931672
223684,1896.0,1890.0,57.0,6.35498248665906
336928,1900.0,1918.0,103.0,2.58445944912189
369147,1891.0,1885.0,180.0,2.07372228572489
250975,1907.0,1901.0,71.0,-1.10309691768912
67062,1671.0,131.0,12.0,-0.986977495840069
10569,101.0,72.0,2.0,0.606472364459144
88095,1919.0,47.0,172.0,3.54907443219863
211432,1926.0,20.0,178.0,-10.961227617671
97577,1897.0,13.0,44.0,2.93786363169128
249988,1430.0,1895.0,70.0,-6.15481185703411
265154,1337.0,5.0,73.0,7.19105848534629
231848,14.0,195.0,58.0,-6.06010335838387
401278,1906.0,1878.0,112.0,4.97123327374036
324504,3.0,1875.0,100.0,-3.33092727388164
176617,1331.0,17.0,53.0,2.13597193767931
399753,1925.0,1923.0,112.0,-0.873819951756009
184461,1926.0,1922.0,174.0,-5.04280306001087
198185,1875.0,195.0,54.0,-0.0779439277306893
165148,1430.0,1888.0,168.0,1.74888034050848
343688,1224.0,11.0,104.0,-2.6274471284515
14063,11.0,1901.0,3.0,-37.8317282062196
284811,120.0,1900.0,77.0,0.506746161680802
323840,1925.0,1901.0,100.0,2.08950118723412
89661,1430.0,120.0,172.0,-2.75249515836207
322475,1894.0,1897.0,100.0,-4.07107061641696
56961,27.0,1332.0,9.0,-5.46178497513342
45732,146.0,1901.0,6.0,5.0333157616496
26582,1879.0,1908.0,4.0,-2.80433788019163
7625,1913.0,1895.0,1.0,-0.239647713893937
211346,1925.0,11.0,178.0,-5.83370207329206
214093,748.0,1347.0,55.0,-6.14060222854027
163842,48.0,1883.0,168.0,-0.964769827344457
219754,1886.0,1882.0,56.0,-0.425211778396334
203960,1906.0,1332.0,177.0,-8.35894542229231
75637,1929.0,1902.0,13.0,-9.66418681775616
647724,147.0,1902.0,166.0,-2.32000231148232
12207,604.0,131.0,2.0,-1.19915713474215
320188,163.0,15.0,99.0,0.413585320288931
270649,1915.0,136.0,74.0,-0.0974505040639201
276781,1896.0,1902.0,179.0,5.683480765915
319797,1906.0,1882.0,99.0,-0.195772712337567
237812,1915.0,544.0,60.0,10.4807385624355
227068,1919.0,1893.0,57.0,3.34972046419052
5121,150.0,5.0,1.0,2.68821777744832
210700,1925.0,1898.0,178.0,-9.13738768525591
424031,1671.0,1882.0,115.0,0.271524187839979
43921,1878.0,1560.0,6.0,-1.74518810052529
389034,1920.0,85.0,111.0,2.07327581912144
310992,101.0,788.0,186.0,-0.422762263274123
317286,1879.0,120.0,99.0,1.85720503511628
321129,948.0,1922.0,100.0,1.22399434000171
342968,195.0,17.0,104.0,6.84598476211891
329200,1924.0,5.0,101.0,3.85000333732354
223890,1342.0,1899.0,57.0,-2.01374547358054
373765,1879.0,1911.0,109.0,-1.03102223348575
51446,1342.0,82.0,7.0,6.61600330716197
360332,48.0,1893.0,108.0,-2.71072772273109
229336,1888.0,677.0,58.0,-7.83709837819017
284158,1882.0,1921.0,77.0,3.94046036434241
227799,1920.0,1342.0,57.0,-38.5555740245033
356848,1893.0,1331.0,108.0,2.85452002597403
333153,1905.0,1898.0,102.0,4.75814868900839
10919,1913.0,1347.0,2.0,-6.04997299547104
314362,604.0,1917.0,186.0,-3.21392422320021
206739,160.0,1888.0,177.0,11.3150299402127
61913,1878.0,1881.0,10.0,1.63829754625977
194520,150.0,788.0,176.0,-0.823896899202854
220365,1902.0,1342.0,56.0,-4.73017636339277
341895,1899.0,1886.0,104.0,-0.756713343398822
424420,1880.0,1896.0,115.0,0.652746220993963
333642,1924.0,160.0,102.0,4.65130003261792
178560,1899.0,1881.0,53.0,1.31107011687192
108864,1919.0,1880.0,45.0,-2.28123699186331
9063,1887.0,1911.0,2.0,-0.927149001395843
170740,1913.0,1882.0,51.0,1.03652340920822
335917,1892.0,1928.0,102.0,-1.57214045912311
413539,1904.0,677.0,114.0,-3.83343279873196
336116,147.0,1892.0,103.0,-0.874852209214513
277292,1903.0,5.0,75.0,5.75585794483195
226887,1332.0,11.0,57.0,0.851105897131444
423439,120.0,1348.0,115.0,1.44595595439878
400098,544.0,1331.0,112.0,-9.9465197019081
115039,14.0,1878.0,167.0,-3.50083762977995
271034,1919.0,15.0,74.0,-5.56036278721712
45982,160.0,1908.0,6.0,-2.92733225782926
323113,1348.0,1882.0,100.0,6.4036679370408
180512,1926.0,1904.0,53.0,-1.56533132344912
330792,160.0,1928.0,101.0,8.84515959452794
68729,544.0,146.0,12.0,2.59857913889949
228037,1926.0,1911.0,57.0,-3.6471528960672
299834,1880.0,146.0,98.0,-1.87928386686126
301791,136.0,1918.0,98.0,2.96737602737294
320609,15.0,1927.0,100.0,1.70532482526376
73506,1924.0,1883.0,13.0,-6.89856765063037
200893,163.0,1892.0,54.0,-2.4340155355039
220238,1887.0,1921.0,56.0,6.87170930678052
271822,1896.0,1671.0,179.0,-0.0851640308187835
55415,1882.0,1923.0,9.0,-0.355869575748995
240931,1881.0,1911.0,69.0,-12.5552242864517
215421,1875.0,195.0,55.0,-2.80034363742978
237489,82.0,1909.0,60.0,-14.9778599324236
106842,1883.0,15.0,45.0,0.259440728080667
424235,1224.0,1914.0,115.0,-3.01564152793472
241983,1883.0,677.0,69.0,2.57693964980221
413786,1899.0,1887.0,114.0,-0.135632667445828
170702,1915.0,1882.0,51.0,3.37147445596745
195238,655.0,164.0,176.0,2.00830012152573
342160,1893.0,1890.0,104.0,-0.445147219903871
218696,1897.0,14.0,56.0,-6.77337998492467
280122,1913.0,229.0,75.0,-2.83116953507713
226827,1905.0,1914.0,57.0,-0.459589202285186
221990,160.0,1905.0,56.0,0.314761588657102
67591,1913.0,1332.0,12.0,-2.14050819987681
272903,1896.0,1917.0,179.0,3.89567203058316
246539,1879.0,1901.0,70.0,-1.8258935955953
173751,1887.0,17.0,52.0,1.6954406050757
73212,1896.0,13.0,13.0,-0.750245770713249
283182,1902.0,163.0,77.0,0.494261969621678
166822,1879.0,1890.0,51.0,-2.28551272481201
221782,1925.0,1891.0,56.0,3.77176880169282
267354,1899.0,788.0,74.0,-3.42832201297107
88474,1906.0,1901.0,172.0,1.88329712900141
248755,14.0,1923.0,70.0,-1.80174129321522
194278,72.0,1921.0,176.0,-0.919224336956672
238715,1332.0,1922.0,60.0,-2.29820272927662
18519,83.0,1876.0,3.0,2.39636248990918
64495,1342.0,1900.0,10.0,-9.55376972093464
205313,3.0,195.0,177.0,4.83421093403699
17344,1876.0,1891.0,3.0,5.26162587150934
423353,1183.0,1883.0,115.0,1.37026579175469
189917,1337.0,164.0,175.0,-4.34088589839219
275588,544.0,1905.0,179.0,2.71761348807992
313369,1877.0,1885.0,186.0,15.7843074195049
232872,1906.0,1917.0,58.0,8.35200709962843
199015,82.0,1910.0,54.0,1.68957088441716
436415,604.0,1880.0,116.0,6.05604607288044
237858,655.0,1905.0,60.0,7.41844439914569
436403,1913.0,195.0,116.0,1.76192524515377
28483,1906.0,1882.0,4.0,0.972294061179646
238753,14.0,1560.0,60.0,0.203989440812185
188406,1880.0,1912.0,175.0,1.94070066093758
184495,83.0,1919.0,174.0,10.3819032699683
231154,1903.0,164.0,58.0,10.3287660563755
233564,1430.0,47.0,58.0,-10.629706112098
191023,604.0,1224.0,175.0,0.509860896461817
270974,27.0,1882.0,74.0,-2.02688177391602
60181,1902.0,1922.0,10.0,-4.4231062937219
335797,1925.0,3.0,102.0,-4.90784243911948
107110,72.0,1331.0,45.0,-3.91494623992804
315457,1889.0,1892.0,99.0,1.87331097588081
372579,1895.0,1883.0,109.0,-1.63246722243271
435456,948.0,1903.0,116.0,0.893345309758693
370173,48.0,1898.0,180.0,-9.97555399795322
437524,1430.0,120.0,116.0,-3.2656818119233
247047,948.0,1926.0,70.0,0.252016226540439
390709,544.0,1342.0,111.0,2.66625400029563
16198,146.0,1671.0,3.0,1.12705716192865
254779,1877.0,1875.0,71.0,-1.24075385670056
304024,1342.0,1559.0,98.0,-0.898184752165886
271543,1896.0,1902.0,74.0,4.32672643919565
237067,1430.0,1881.0,60.0,2.69782493564297
212767,1883.0,748.0,55.0,0.767409077677759
182510,1903.0,1912.0,174.0,-1.9641830143457
237732,1915.0,1893.0,60.0,5.70838655159898
269745,1342.0,1331.0,74.0,-7.31124295820878
68286,1926.0,788.0,12.0,2.90459413584202
208641,1880.0,5.0,178.0,4.52023392239785
12156,1430.0,1914.0,2.0,-4.32356788413426
9300,131.0,1914.0,2.0,-1.64487297725707
250939,1878.0,1889.0,71.0,1.4477044752497
241426,47.0,1908.0,69.0,18.2246761988584
168979,48.0,1183.0,51.0,12.572051857087
216619,229.0,1918.0,55.0,-0.537757064968759
110966,101.0,164.0,167.0,28.1881278994896
58771,1430.0,1882.0,9.0,3.72121624622222
259436,1430.0,1914.0,72.0,-0.902122309092452
277468,1886.0,1923.0,75.0,-0.0294328705617218
371222,1876.0,20.0,180.0,-1.78882992844686
338597,1889.0,1921.0,103.0,1.11316690498195
360684,14.0,1905.0,108.0,2.32629286051372
341734,85.0,1910.0,104.0,-4.24804077754968
89834,1876.0,1927.0,172.0,-18.0228577499162
192230,1878.0,1431.0,176.0,-1.95917121817915
215650,604.0,1907.0,55.0,-7.22698876562282
317853,1887.0,1888.0,99.0,3.6742781295951
163267,948.0,14.0,168.0,-1.23644470034796
301403,5.0,1917.0,98.0,-14.4258541239039
396827,1918.0,1923.0,112.0,-6.43107013124938
101208,1879.0,1880.0,173.0,2.36975328640982
105332,1925.0,14.0,173.0,4.0108711281345
233402,1913.0,1908.0,58.0,-5.71502597274721
208979,1888.0,150.0,178.0,-3.37876933540219
427619,1337.0,85.0,115.0,12.6136783512335
73523,14.0,1183.0,13.0,-0.778957774939608
17331,1926.0,131.0,3.0,9.30670216826471
106987,1908.0,1918.0,45.0,1.29740253201658
370964,1877.0,1915.0,180.0,-5.14246030090984
302912,1913.0,1331.0,98.0,5.82438215397756
334345,27.0,131.0,102.0,2.82375687353133
211569,1926.0,1879.0,178.0,-8.10458632053902
345847,655.0,1342.0,104.0,-3.31226276292565
112414,1671.0,17.0,167.0,1.61506301272043
10710,1183.0,1883.0,2.0,-2.13425066467525
162956,13.0,15.0,168.0,-0.558498322381658
29042,1332.0,1902.0,4.0,0.228611054187166
31072,1883.0,195.0,166.0,0.274911424054919
220458,677.0,1910.0,56.0,-8.39298273461388
97879,1183.0,1914.0,44.0,2.12119196799505
269670,160.0,1909.0,74.0,8.14817162720327
199481,136.0,1892.0,54.0,0.397293298334009
24413,1885.0,1918.0,4.0,-0.658238457930199
215354,1671.0,1890.0,55.0,-1.26271346332236
45999,3.0,1922.0,6.0,0.445135787681214
276192,655.0,1342.0,179.0,-0.46800296370308
321584,1900.0,1890.0,100.0,0.0812448560917405
113671,163.0,72.0,167.0,4.25228507306551
275664,1926.0,1879.0,179.0,9.94825319646356
371319,1924.0,1559.0,180.0,8.3472930847851
53584,131.0,1902.0,7.0,-1.75925263118801
235195,1903.0,1348.0,60.0,1.37306688131506
47745,229.0,1560.0,6.0,2.58149120400265
271730,1909.0,788.0,179.0,-15.7553022322577
61422,1912.0,1892.0,10.0,-0.417923305076651
413468,1905.0,1332.0,114.0,-2.96326040050154
376646,544.0,1927.0,109.0,3.75620163018471
64354,1925.0,83.0,10.0,6.65431324957447
328695,1926.0,1919.0,101.0,1.36310688641843
273789,1879.0,1904.0,179.0,-4.94388205543278
413811,1888.0,1897.0,114.0,-2.56386264101837
269206,655.0,1908.0,74.0,-4.06044530219065
226918,604.0,5.0,57.0,2.15146750143506
283100,948.0,788.0,77.0,-2.08787116405751
196540,1920.0,136.0,176.0,2.70647246849507
100132,20.0,85.0,44.0,-4.84815691747299
312044,1880.0,1892.0,186.0,1.67918989629343
342947,1887.0,195.0,104.0,0.784786164038491
283978,1910.0,1923.0,77.0,3.50374735567168
67893,11.0,18.0,12.0,6.79743593683868
416650,1925.0,1875.0,114.0,7.14345270493846
165205,544.0,48.0,168.0,4.87362867769646
416855,1919.0,1888.0,114.0,1.28794332334882
413672,136.0,1911.0,114.0,-1.53210982367705
25313,1875.0,164.0,4.0,4.47569702369396
319418,1924.0,27.0,99.0,3.75433408596144
262625,1880.0,1886.0,73.0,0.625112268032695
356987,1899.0,15.0,108.0,1.26984501810328
265046,160.0,1915.0,73.0,-2.13093539886081
74392,48.0,1884.0,13.0,6.5160539020806
332714,195.0,1224.0,102.0,9.62373090391537
114181,160.0,1892.0,167.0,0.22466838740939
425234,164.0,1910.0,115.0,5.04506075163618
211987,1925.0,1920.0,178.0,-6.25991723782698
219892,195.0,1908.0,56.0,-0.16444250647879
251833,1559.0,1917.0,71.0,15.78683982521
241473,1880.0,146.0,69.0,0.273741200876268
369746,136.0,1885.0,180.0,1.50794717305465
326040,1881.0,1910.0,101.0,6.21904745317638
633671,136.0,1902.0,9.0,-1.2401749087007756
210488,1924.0,47.0,178.0,16.6632243418616
424692,120.0,5.0,115.0,0.373146744784792
370371,1925.0,1885.0,180.0,3.06847001504157
98938,27.0,17.0,44.0,-0.265541668674908
303674,83.0,18.0,98.0,-4.4464998544948
215720,544.0,1919.0,55.0,-4.57499029836834
10979,1888.0,1921.0,2.0,-4.61309206196064
416670,48.0,1875.0,114.0,-0.124237693225616
24642,1909.0,1923.0,4.0,-0.345848746298746
52339,20.0,18.0,7.0,-3.29467135236233
401097,1342.0,1927.0,112.0,7.98867518018043
96925,1342.0,1910.0,44.0,0.242010209604426
62561,1879.0,1897.0,10.0,2.05803016697129
428024,136.0,1928.0,115.0,-0.496971027859676
72854,1900.0,1347.0,13.0,1.28095778973327
343714,72.0,11.0,104.0,3.01308092707856
198865,5.0,1914.0,54.0,-0.603517769886811
193999,1904.0,1347.0,176.0,-6.97956435281076
100634,195.0,1921.0,173.0,7.36819120731502
311682,85.0,1897.0,186.0,1.25271879388856
193073,1906.0,1910.0,176.0,0.336805406919462
401214,1342.0,1886.0,112.0,-0.123126390846584
199797,1878.0,1883.0,54.0,1.9269502167276
367773,150.0,1901.0,180.0,2.79822073847449
99976,1913.0,1882.0,44.0,-4.14630688925464
197505,101.0,1224.0,54.0,0.364931416727028
240795,1889.0,1560.0,69.0,1.1180601721434
337252,1893.0,1898.0,103.0,0.0341947365901436
3962,1347.0,1880.0,1.0,3.88093374163229
427899,47.0,1928.0,115.0,-9.3714888162547
345902,1926.0,1560.0,104.0,-1.12120319719524
286700,160.0,1900.0,77.0,-1.65673234856183
376527,1915.0,136.0,109.0,-2.33925183945171
68050,82.0,1894.0,12.0,-3.74472454650423
277305,1897.0,1898.0,75.0,-0.155383214829162
259312,20.0,1909.0,72.0,-9.66731132902669
186695,1904.0,1928.0,174.0,5.38520805970591
100294,82.0,1922.0,44.0,-1.68179800902996
230868,1224.0,1910.0,58.0,15.8928531032179
190097,1925.0,1909.0,175.0,16.6867198724786
67448,1875.0,1896.0,12.0,0.263688644765294
101375,72.0,131.0,173.0,1.12757850119947
344118,82.0,47.0,104.0,-14.2766714637284
106670,146.0,1894.0,45.0,8.59381206984306
52273,655.0,150.0,7.0,0.138716837055091
398474,1916.0,1890.0,112.0,-2.23669323802814
263566,1331.0,1910.0,73.0,-1.26769034602531
285591,82.0,1916.0,77.0,9.65117009779808
52108,1919.0,11.0,7.0,-8.21494514680984
113275,48.0,1899.0,167.0,9.67453185886635
198455,677.0,1910.0,54.0,-6.40320209024478
16601,160.0,47.0,3.0,-0.0554264614652502
58068,48.0,1895.0,9.0,8.56002584870926
264033,48.0,1907.0,73.0,1.91433654648717
26731,1342.0,1906.0,4.0,-1.60660788150022
341617,1884.0,1898.0,104.0,-1.55289168739138
225183,1431.0,1331.0,57.0,2.17096380681818
336732,1891.0,1900.0,103.0,3.7898995589385
310193,1878.0,1886.0,186.0,11.9512300783266
367765,1183.0,1911.0,180.0,-2.27632311940802
112497,1879.0,1884.0,167.0,2.28215429866356
235482,1898.0,15.0,60.0,0.0194943072388015
211354,1920.0,101.0,178.0,7.05640232150343
280805,163.0,1877.0,75.0,3.55417682590182
75711,146.0,1928.0,13.0,3.6790018818726
300452,1898.0,788.0,98.0,5.24052798557032
189900,27.0,164.0,175.0,-1.86154929646814
108016,1894.0,748.0,45.0,-0.701453363010019
28422,20.0,1559.0,4.0,-7.33150098807605
113298,160.0,1922.0,167.0,1.59422295496087
343670,1331.0,1923.0,104.0,-5.94834786888975
195101,1342.0,1894.0,176.0,-9.54263485127851
286802,48.0,1911.0,77.0,-14.6961795569078
115608,1927.0,1902.0,167.0,2.44260911680819
346439,164.0,1928.0,104.0,3.55804173794068
49958,1900.0,1560.0,7.0,-7.56589537967484
262713,1917.0,677.0,73.0,1.89112921521555
346448,150.0,1928.0,104.0,2.53130360212846
371500,544.0,120.0,180.0,3.91357234424048
73528,1919.0,1183.0,13.0,3.74089566725877
111820,146.0,120.0,167.0,-6.72251492050811
424580,1560.0,1892.0,115.0,-0.0822479844025396
103858,14.0,1880.0,173.0,-9.87440636020516
427503,655.0,948.0,115.0,6.85204829238125
26085,164.0,788.0,4.0,-3.76144015150202
371470,82.0,120.0,180.0,5.3315575753527
310988,1886.0,1917.0,186.0,-0.160934277634401
105893,14.0,1332.0,45.0,-4.99962288881782
424908,1899.0,748.0,115.0,-0.49601827197241
258457,1877.0,1899.0,72.0,0.499570498623295
301242,1879.0,1671.0,98.0,0.42130333190613
634660,47.0,1902.0,173.0,-4.11611697440587
170453,48.0,1430.0,51.0,10.2239043371111
188828,1906.0,1332.0,175.0,-5.54508529142702
376556,229.0,48.0,109.0,10.8776981261889
33491,1430.0,1886.0,166.0,-0.648131364494366
256792,1916.0,1921.0,72.0,-2.75859785806144
216349,27.0,11.0,55.0,1.59981775004945
337676,1912.0,1886.0,103.0,1.5938400237441
436716,1913.0,1885.0,116.0,-3.00747588100019
399848,1337.0,1881.0,112.0,1.81162068195238
345404,1920.0,1348.0,104.0,-5.68053416857577
220064,1902.0,11.0,56.0,-10.1402524195969
333051,1880.0,1888.0,102.0,-7.60160893851847
256184,1881.0,13.0,72.0,3.06436657871955
301151,1909.0,11.0,98.0,3.15813806484814
227638,229.0,1927.0,57.0,-13.6984363516658
301211,195.0,1901.0,98.0,-2.726883259467
424895,1431.0,1560.0,115.0,2.12550068603543
339902,229.0,1884.0,103.0,4.8974994606477
324570,1332.0,147.0,100.0,-6.9427052985543
29074,14.0,1902.0,4.0,4.81776332077026
338664,15.0,1910.0,103.0,-2.53285894096968
250942,13.0,1560.0,71.0,24.5048860036485
102474,1909.0,1893.0,173.0,20.9163177255549
300931,1875.0,1898.0,98.0,-0.980239708138977
391172,15.0,1928.0,111.0,3.11940224591482
14755,1893.0,1886.0,3.0,-6.17303649075054
241936,1880.0,1891.0,69.0,-0.616340756902354
260455,1430.0,1878.0,72.0,0.354435501216371
246953,1894.0,47.0,70.0,6.72191402183459
175722,48.0,147.0,52.0,7.27451442743119
340993,544.0,1906.0,103.0,5.83189042108888
338023,1899.0,1886.0,103.0,0.574549268129361
280409,1926.0,1347.0,75.0,-4.03200424535578
45408,1886.0,195.0,6.0,1.8128771106538
435695,1909.0,788.0,116.0,-14.7133133265164
171236,131.0,1928.0,51.0,-7.52758877176406
183322,1909.0,120.0,174.0,0.428233789451692
331339,1559.0,150.0,102.0,2.0652241513709
266753,1916.0,1914.0,74.0,-4.4879762429034
250839,229.0,677.0,70.0,-4.54773795784109
237804,27.0,544.0,60.0,10.864725234624
162051,1898.0,1918.0,168.0,-1.88710933767381
61737,1183.0,147.0,10.0,-2.87622822017669
203545,147.0,748.0,177.0,-2.43626552109172
255060,1915.0,136.0,71.0,2.02391478901139
330893,1921.0,1927.0,102.0,-3.89900777933116
258073,164.0,1910.0,72.0,3.60792887757501
340659,1342.0,1560.0,103.0,2.04192962715034
188603,1893.0,1892.0,175.0,6.7920741325299
318738,1924.0,604.0,99.0,2.85051422035246
14138,1908.0,13.0,3.0,4.00823144817353
231632,1926.0,788.0,58.0,-10.0572307700518
427674,1906.0,1900.0,115.0,-2.5762998967175
214234,1897.0,677.0,55.0,7.2986605847508
230335,1894.0,1897.0,58.0,4.37461511476377
207734,1895.0,131.0,178.0,-6.23548301164551
11583,544.0,1894.0,2.0,16.9951137183407
5970,101.0,1889.0,1.0,-1.82755942626104
113105,748.0,150.0,167.0,-2.55400321616506
368957,1917.0,131.0,180.0,-2.9999975668684
249878,48.0,13.0,70.0,-4.84245634015695
243181,948.0,72.0,69.0,1.63206957443888
238814,1430.0,1908.0,60.0,0.435436550038538
214840,948.0,18.0,55.0,3.56910830363505
322758,1347.0,1885.0,100.0,-9.24754137375027
113047,85.0,1903.0,167.0,-1.05906149314405
302739,948.0,195.0,98.0,-15.555013994409
163271,1897.0,1912.0,168.0,0.433937166254712
271252,1924.0,677.0,74.0,-3.61156170162117
245942,1898.0,11.0,70.0,-3.81844611957683
285571,544.0,163.0,77.0,6.5575811809891
109347,1919.0,1889.0,45.0,7.83100438725189
9190,1899.0,1900.0,2.0,6.73067832147492
252154,948.0,1926.0,71.0,3.86804151625792
321495,1348.0,1901.0,100.0,-1.64239147369743
357764,164.0,1881.0,108.0,0.306268153381635
17283,1430.0,1914.0,3.0,-1.92910125235509
207881,1894.0,1560.0,178.0,-4.09459811509555
315795,1917.0,131.0,99.0,1.41112223136897
66406,1906.0,1911.0,12.0,7.13698694305882
174769,1877.0,1331.0,52.0,-0.172285349417791
341754,1900.0,1348.0,104.0,1.81242540969966
6673,544.0,229.0,1.0,0.710699000570845
49879,1887.0,1903.0,7.0,1.11800777363195
249583,20.0,677.0,70.0,-6.38013092075487
69882,1926.0,1671.0,12.0,2.79019781392097
10938,1916.0,131.0,2.0,-0.595965324695705
312791,1431.0,147.0,186.0,-1.92732340724931
316534,136.0,1896.0,99.0,3.5062143987085
343571,1896.0,1927.0,104.0,0.724940100485788
342821,1897.0,1918.0,104.0,-2.19476078656514
173084,164.0,195.0,52.0,-4.88784159045835
302070,120.0,1916.0,98.0,-0.247397937759106
327419,195.0,1908.0,101.0,-2.03543567174588
245315,1430.0,85.0,69.0,2.56191226611806
285759,1342.0,1895.0,77.0,-0.557904847432186
310909,146.0,1895.0,186.0,5.1412769582746
50773,1892.0,1901.0,7.0,0.157859671154448
374019,85.0,1918.0,109.0,1.45819706333757
89904,82.0,15.0,172.0,1.93616154846945
267653,1885.0,748.0,74.0,6.25321209005844
205980,1430.0,677.0,177.0,-5.13034936345894
373638,748.0,1900.0,109.0,0.851243133989464
64403,1906.0,1927.0,10.0,4.4821544250167
273531,1911.0,131.0,179.0,-2.19181750940789
13990,1903.0,1892.0,3.0,-3.32226798033519
339469,3.0,1331.0,103.0,-3.45821046900596
219017,1916.0,18.0,56.0,7.08367756680177
318086,544.0,1922.0,99.0,3.46434877935122
185656,163.0,1877.0,174.0,4.49829543513421
74598,655.0,1877.0,13.0,2.4913463510607
229724,1897.0,1923.0,58.0,-0.456598010988905
367584,1183.0,1886.0,180.0,-4.19089029353354
218850,164.0,1917.0,56.0,-3.82322462035716
227546,1925.0,48.0,57.0,20.1314619218723
16831,1925.0,1898.0,3.0,-9.96281546169945
304873,1889.0,1928.0,98.0,-8.50743558770476
89104,1342.0,1891.0,172.0,-6.57938390568217
215222,1917.0,1922.0,55.0,3.6536600116578
327453,1879.0,1923.0,101.0,-6.02541260358266
252546,1912.0,1914.0,71.0,-0.470385487007194
33785,14.0,15.0,166.0,0.571338042339811
199462,1431.0,147.0,54.0,-0.908780442535033
318551,1924.0,1916.0,99.0,2.5520086825693
202454,1875.0,1911.0,177.0,-1.61007025559792
224294,1879.0,1923.0,57.0,-0.964788338498745
72801,1347.0,1922.0,13.0,-3.98710590741154
426973,1906.0,147.0,115.0,0.573365164955086
436041,48.0,1183.0,116.0,9.47697903238288
414397,147.0,1914.0,114.0,-3.36972857904375
303017,1920.0,1880.0,98.0,3.27592801342204
211365,1430.0,1893.0,178.0,3.66807942948925
99792,544.0,1888.0,44.0,4.77565253337927
414097,1331.0,1910.0,114.0,-4.25589028597548
11509,1877.0,47.0,2.0,-7.92083935807414
267736,1880.0,1883.0,74.0,-2.50343267832084
317703,1879.0,1908.0,99.0,-3.38310764261897
110550,1929.0,1902.0,45.0,-13.1875261321893
86712,1877.0,1332.0,172.0,-2.17730607345231
175482,1877.0,1889.0,52.0,1.7302530776006
401082,14.0,1912.0,112.0,-7.83720038219251
66404,1893.0,1911.0,12.0,-0.0365805790056451
74365,1906.0,1893.0,13.0,0.0258075302130836
227841,1337.0,1878.0,57.0,-2.70877833190286
85451,1904.0,1560.0,172.0,-8.35289202619301
33222,1906.0,1895.0,166.0,-9.27300667414067
214456,1347.0,85.0,55.0,6.5917593524299
332353,1878.0,1917.0,102.0,3.37963123417555
190840,604.0,1879.0,175.0,-8.51922320567471
62132,1889.0,1892.0,10.0,-2.39608019654494
11343,1560.0,1894.0,2.0,8.71129802647392
324249,1337.0,1893.0,100.0,-1.80640536720689
247935,1917.0,1882.0,70.0,-0.0215348128487359
171658,1908.0,1892.0,52.0,1.83752909536109
427302,1915.0,1671.0,115.0,-7.24314851944023
326700,1896.0,1921.0,101.0,-1.43160381980604
210769,82.0,195.0,178.0,3.47461516061318
272041,1430.0,1887.0,179.0,-3.48199068255836
317093,1909.0,131.0,99.0,-5.37087793538807
223668,1888.0,1912.0,57.0,-9.59702410582165
200413,1877.0,1909.0,54.0,-4.57775057609379
374453,146.0,11.0,109.0,1.46689334943677
218238,150.0,1900.0,56.0,6.8766918823408
69347,1876.0,147.0,12.0,0.75975596999138
434942,1916.0,1882.0,116.0,9.78788730498859
165643,1905.0,1903.0,168.0,-4.89589022516238
113973,83.0,1916.0,167.0,0.366577216378309
62756,1337.0,1894.0,10.0,-3.56553574435465
399178,1900.0,18.0,112.0,-2.32793258759327
62346,1907.0,131.0,10.0,4.10406561725767
312142,1904.0,1907.0,186.0,0.556927195586516
212671,788.0,1902.0,178.0,-4.29260179121362
16011,1331.0,1907.0,3.0,1.87174049088639
375665,1337.0,1916.0,109.0,19.0158989338969
14207,1886.0,1921.0,3.0,-5.01907686539539
225716,136.0,1881.0,57.0,-0.091764515423928
230076,1902.0,27.0,58.0,4.3644123537047
337720,1898.0,1910.0,103.0,6.50655041766635
207469,1918.0,1928.0,177.0,1.20612502504258
210390,1926.0,1899.0,178.0,1.91270192321045
200461,3.0,1909.0,54.0,-5.58264710395262
423107,1891.0,1882.0,115.0,4.43184459744144
257432,1891.0,1885.0,72.0,-0.100262245963942
247437,1888.0,1892.0,70.0,3.55784967679489
335548,655.0,1924.0,102.0,6.52139120428015
225046,1559.0,1922.0,57.0,0.99617760681999
278120,85.0,5.0,75.0,-1.2022439954203
278471,120.0,131.0,75.0,2.06896402521733
333582,1892.0,1890.0,102.0,0.563099306399679
228156,48.0,3.0,57.0,24.9738120602506
68551,1924.0,1914.0,12.0,-2.49605405002952
101437,1902.0,5.0,173.0,13.2280510018114
228761,1183.0,677.0,58.0,4.34788259972801
184644,1877.0,788.0,174.0,-3.96203654787161
171404,13.0,1224.0,52.0,2.13783331380209
16846,1926.0,229.0,3.0,0.729757543305336
315246,655.0,1902.0,186.0,-2.74371108976483
72386,1900.0,1907.0,13.0,3.50009639662933
32237,1876.0,1901.0,166.0,1.00270146875823
251382,1897.0,948.0,71.0,1.51317368736717
223202,1893.0,1928.0,56.0,2.72478302685215
52549,1913.0,1905.0,7.0,5.67158516583803
635985,146.0,1902.0,77.0,2.083371542652226
4341,1908.0,11.0,1.0,7.69516881282242
279529,1183.0,1903.0,75.0,1.86924826395791
370147,1337.0,1906.0,180.0,-7.58411861261376
301507,1881.0,788.0,98.0,-7.33579902831527
333936,655.0,788.0,102.0,1.72109792647771
341392,1911.0,1918.0,104.0,5.0674555098111
333337,1671.0,15.0,102.0,-2.96002505928649
424858,120.0,1560.0,115.0,0.65346562897716
369704,1878.0,1889.0,180.0,1.44269981790996
341362,1884.0,1893.0,104.0,0.320091115689614
343841,1887.0,13.0,104.0,-0.0291577536029191
270501,1877.0,1889.0,74.0,-7.92502554490637
328628,1877.0,1919.0,101.0,3.60548002480978
101962,1890.0,1927.0,173.0,-0.952198750515686
281678,20.0,1908.0,75.0,1.22693436902015
24625,1891.0,1881.0,4.0,4.38380323502209
170700,1925.0,1332.0,51.0,-0.628728958814251
341226,788.0,1928.0,103.0,-7.10309318059324
17399,1926.0,655.0,3.0,1.53080987226297
323868,83.0,27.0,100.0,5.26222326444595
425215,1183.0,1885.0,115.0,-0.438673120274693
63056,160.0,1887.0,10.0,8.75300611671731
276124,82.0,1912.0,179.0,4.26079547576672
109141,160.0,5.0,45.0,15.4636954950005
111538,1897.0,1331.0,167.0,-0.380411295429158
192672,948.0,18.0,176.0,3.47772577416195
250041,1876.0,1918.0,70.0,7.5371893708418
330148,163.0,120.0,101.0,1.82714953264296
56882,85.0,1901.0,9.0,1.96511969816123
401483,82.0,1908.0,112.0,1.17044889778893
183046,1183.0,1912.0,174.0,-0.029047491645828
54882,11.0,1910.0,9.0,2.47318429428233
106114,1879.0,1880.0,45.0,0.884950923075445
327955,948.0,47.0,101.0,4.47160982917656
262759,1878.0,1910.0,73.0,-3.33285968351674
284342,1896.0,677.0,77.0,-1.31393010045952
105762,1884.0,1348.0,45.0,-1.06302366313328
358750,195.0,5.0,108.0,-9.11056579239769
62526,150.0,1331.0,10.0,15.5917244373945
52171,82.0,11.0,7.0,9.73279337015565
31948,160.0,1908.0,166.0,-4.24216267267171
270015,1924.0,1347.0,74.0,5.19776208537908
193875,1898.0,1921.0,176.0,-0.0660539421512418
190642,655.0,150.0,175.0,2.45400516723783
322648,1885.0,1921.0,100.0,-6.05129435297467
48145,1430.0,47.0,6.0,-4.77369674607863
97071,1899.0,1918.0,44.0,-1.07407466364275
194010,1559.0,1903.0,176.0,-0.516212573628234
314728,82.0,1927.0,186.0,-23.0022164069508
27356,27.0,1885.0,4.0,-7.30124546589227
64682,82.0,1337.0,10.0,-3.15323130586916
435614,1904.0,120.0,116.0,-0.664673457271173
100997,1890.0,1914.0,173.0,0.128765529792747
34132,1906.0,47.0,166.0,-5.08695369360843
276632,1926.0,1925.0,179.0,1.34571613633699
89921,544.0,1560.0,172.0,-9.35857967103199
50452,1899.0,1922.0,7.0,-1.44059939590893
167902,1912.0,131.0,51.0,-0.443540006240332
49530,13.0,788.0,7.0,-2.69228803416541
25549,147.0,1894.0,4.0,6.39738762752242
247133,72.0,1881.0,70.0,8.15045360856633
224489,1911.0,1224.0,57.0,-2.12729117335721
284018,1886.0,1918.0,77.0,0.186471982534415
64758,160.0,3.0,10.0,-3.8463429070799
315466,1916.0,1917.0,99.0,-2.59879875457047
279978,1925.0,1887.0,75.0,2.19849193858433
254015,1342.0,72.0,71.0,1.9149977304703
371142,14.0,1895.0,180.0,-1.40763122931497
322999,147.0,13.0,100.0,-1.02225623659342
437895,655.0,1921.0,116.0,-14.3786798033677
109703,83.0,120.0,45.0,2.65326013948199
211640,27.0,5.0,178.0,8.69202468473778
27790,604.0,20.0,4.0,1.37296326259723
214349,1879.0,1908.0,55.0,6.40767389676665
435598,1894.0,748.0,116.0,-5.59745434727826
333555,1889.0,1671.0,102.0,0.215356622887555
436850,1925.0,655.0,116.0,1.00880683625307
182862,1889.0,72.0,174.0,3.55064419059357
3946,1897.0,1913.0,1.0,3.0106389805379
54358,1909.0,1904.0,9.0,4.1199404145692
250025,83.0,13.0,70.0,0.963678805432693
245353,1906.0,1922.0,69.0,-0.27451142312366
184015,146.0,72.0,174.0,-0.0520783844647352
278621,1888.0,1916.0,75.0,-2.993537026719
90203,229.0,3.0,172.0,-4.31862008202342
74201,1924.0,1347.0,13.0,5.07100038213284
192281,1331.0,1224.0,176.0,-1.50835742965178
229884,1891.0,18.0,58.0,5.20727585278771
30248,1902.0,1431.0,166.0,12.118408499414
161883,18.0,1910.0,168.0,3.36299196226763
193976,146.0,1898.0,176.0,3.07808142687853
262528,13.0,15.0,73.0,-4.43511737851024
265513,1913.0,1559.0,73.0,-0.151078724975668
399549,1342.0,1183.0,112.0,-0.906748406834505
345348,1877.0,1896.0,104.0,1.71626456945473
89442,229.0,1348.0,172.0,3.44235155840308
172865,1560.0,1892.0,52.0,-2.96824450673367
86906,1347.0,5.0,172.0,-8.32672950712263
424054,1885.0,1909.0,115.0,15.1693685919115
207468,1929.0,1928.0,177.0,-11.8000516104005
371189,544.0,1348.0,180.0,3.15689408619051
321311,101.0,677.0,100.0,-8.25640874420625
376198,48.0,1905.0,109.0,-4.56131053026438
360917,83.0,1224.0,108.0,-5.46228553323708
265664,655.0,1332.0,73.0,-0.710728413818398
214525,1896.0,1882.0,55.0,11.4904395741236
176159,1915.0,85.0,52.0,3.2292220228795
50371,1431.0,1331.0,7.0,3.30659186547786
162582,1878.0,1892.0,168.0,1.98193461693721
56072,1878.0,1916.0,9.0,3.41802811557329
319482,229.0,544.0,99.0,-1.23522896689724
67957,1889.0,1914.0,12.0,2.46078591283387
193145,1906.0,1347.0,176.0,3.60898364040026
68118,1919.0,1894.0,12.0,-11.2357458162792
276835,1900.0,1886.0,75.0,2.98984550932481
18282,1906.0,1882.0,3.0,-1.03099416325857
55842,1899.0,1917.0,9.0,-5.81832741257569
286729,3.0,1671.0,77.0,-8.55351380960093
8317,604.0,1890.0,1.0,6.39041783511518
163926,48.0,1923.0,168.0,14.4336187994586
422877,1878.0,164.0,115.0,0.717746113953322
360381,3.0,17.0,108.0,4.73997488902022
58482,14.0,20.0,9.0,-2.26742085818564
101690,1342.0,1899.0,173.0,0.82004115665431
103255,1920.0,1906.0,173.0,3.23927661728084
284441,1904.0,677.0,77.0,4.38005173372873
201833,655.0,1671.0,54.0,-16.8144323727293
219864,1431.0,18.0,56.0,4.88776602916059
60314,1892.0,18.0,10.0,-0.0392128700764841
322437,1881.0,1910.0,100.0,1.13901886717246
268831,1904.0,1671.0,74.0,3.07517036665851
388795,229.0,1908.0,111.0,2.06095319182773
28873,1913.0,1890.0,4.0,-3.62938529045646
228044,27.0,85.0,57.0,8.43019552799242
5478,1894.0,1901.0,1.0,3.83343889405374
64850,1877.0,14.0,10.0,0.586214036657322
182250,1911.0,11.0,174.0,-1.43767846241958
32816,655.0,5.0,166.0,8.02687826932314
272569,1903.0,1331.0,179.0,1.50685978445087
99727,1915.0,1886.0,44.0,5.17792193836943
413244,1904.0,1331.0,114.0,-4.22630996947632
75145,20.0,1878.0,13.0,-6.86106819889394
177296,1891.0,1927.0,53.0,-1.82311726487231
242008,1431.0,11.0,69.0,0.0351626982205976
303832,1905.0,5.0,98.0,-1.30905478021965
27195,544.0,1881.0,4.0,2.63836391431994
203663,1559.0,1899.0,177.0,-0.539007111947131
86634,1919.0,1887.0,172.0,-4.75053550891837
109307,1430.0,18.0,45.0,1.68521985180089
433640,1431.0,1914.0,116.0,1.31790556351982
89264,1876.0,1889.0,172.0,2.67043490982231
221737,14.0,1884.0,56.0,-5.69890236460743
12869,1876.0,1906.0,2.0,6.15796974539145
49255,1903.0,1907.0,7.0,-1.9587391868377
87992,1183.0,1900.0,172.0,3.04712093483192
262281,1900.0,13.0,73.0,1.26179149613195
371052,3.0,1904.0,180.0,1.2176991563602
237875,1920.0,544.0,60.0,7.81214855083427
8463,27.0,1890.0,1.0,-0.636850968202234
187009,195.0,1910.0,175.0,-2.67925879809174
244294,48.0,17.0,69.0,12.8651969338547
174248,3.0,47.0,52.0,-4.52487698048155
111650,72.0,1900.0,167.0,3.39691182713227
325396,544.0,14.0,100.0,4.85274291228742
322590,1892.0,1918.0,100.0,-0.233281704694066
73135,146.0,1908.0,13.0,0.752485900222038
8079,27.0,1927.0,1.0,-23.4854686944352
371665,82.0,1927.0,180.0,-21.4436386122642
204224,1897.0,1915.0,177.0,1.16598855641954
187227,1560.0,1895.0,175.0,-1.86256833121385
312116,1887.0,15.0,186.0,-1.80026815320535
99768,82.0,1559.0,44.0,2.20111730442481
72999,72.0,1331.0,13.0,-0.890236085068469
438179,82.0,788.0,116.0,1.17921279770672
170188,604.0,1875.0,51.0,6.00018798304219
333956,1905.0,1875.0,102.0,-0.481366336150928
30898,1183.0,748.0,166.0,2.21364095841339
320396,195.0,1928.0,99.0,-1.27587898688531
214702,136.0,677.0,55.0,-2.05818477081345
111963,72.0,1922.0,167.0,-5.18217496514156
335975,1886.0,1928.0,102.0,2.53514226524932
32174,604.0,1919.0,166.0,4.10528615725857
343317,147.0,1910.0,104.0,2.90039639738373
248877,1920.0,1919.0,70.0,-0.640209610644442
61999,15.0,1890.0,10.0,-7.40647012885859
47758,160.0,1876.0,6.0,14.116633578124
250669,604.0,1911.0,70.0,6.25771084334897
165337,1926.0,1920.0,168.0,-4.32732337525155
75363,1905.0,1900.0,13.0,-6.67615102966073
216209,1926.0,146.0,55.0,1.61128926109197
277857,1901.0,788.0,75.0,-1.72274176861615
436699,604.0,146.0,116.0,2.24213006562383
283156,1914.0,1918.0,77.0,-8.64580775614155
339835,163.0,1893.0,103.0,2.76893268350759
243169,1875.0,1348.0,69.0,-4.84307839896301
166266,1431.0,1331.0,51.0,1.57241410392816
263807,1908.0,1914.0,73.0,-3.68606653974501
391133,14.0,47.0,111.0,2.9244651064207
234708,1893.0,13.0,60.0,1.56657685375607
104226,544.0,101.0,173.0,65.6800146071201
211078,1924.0,146.0,178.0,-3.39783517301096
398009,1878.0,1881.0,112.0,0.922497940594357
29898,1909.0,1908.0,166.0,-9.14479427918388
60121,1903.0,1898.0,10.0,-4.31247292936502
71592,150.0,1907.0,13.0,-1.88972789165557
321684,1183.0,1891.0,100.0,8.88683389826643
266154,1878.0,1928.0,73.0,5.27743445207854
197212,1910.0,1902.0,176.0,0.98831062604073
271352,3.0,1337.0,74.0,-9.69007035219725
189894,1919.0,164.0,175.0,0.272766242210581
228324,1875.0,1928.0,57.0,-8.91690797096424
64119,1919.0,136.0,10.0,-2.49287067974562
319574,20.0,120.0,99.0,-0.089143011799422
51191,13.0,11.0,7.0,-8.17507879280274
160958,11.0,1922.0,168.0,-5.3216211057843
253209,1559.0,1911.0,71.0,4.67671132785261
45364,1887.0,1560.0,6.0,4.06933888375569
212431,160.0,15.0,178.0,0.220441529881631
249412,1926.0,1431.0,70.0,2.81571206998521
438208,1876.0,1928.0,116.0,2.49954729623438
245871,1342.0,1911.0,70.0,6.74567991847153
98862,1913.0,544.0,44.0,-3.21596230099551
168838,150.0,1347.0,51.0,-2.57938304139893
85989,1560.0,1886.0,172.0,4.26014492904072
398977,1560.0,1901.0,112.0,0.574726596527988
46267,1906.0,164.0,6.0,-0.627985316554625
198975,101.0,788.0,54.0,-3.43442965526111
191754,1926.0,14.0,175.0,4.04851325797556
221050,229.0,195.0,56.0,-6.26014275062349
216038,1332.0,146.0,55.0,4.36501526228707
52678,1906.0,1888.0,7.0,1.31384469532509
30681,1671.0,1921.0,166.0,-2.92716872077573
341681,1886.0,1896.0,104.0,-0.471170651743781
9193,5.0,15.0,2.0,1.26323879025889
312348,1891.0,1560.0,186.0,0.878237476993479
276406,1925.0,1878.0,179.0,-4.17254115027069
413202,101.0,147.0,114.0,4.95955313372084
12497,163.0,20.0,2.0,-1.08826688318278
229480,1897.0,18.0,58.0,-0.473732311435783
271481,788.0,1928.0,74.0,-3.01193682970738
391049,48.0,15.0,111.0,-11.9926939568903
229917,948.0,748.0,58.0,3.86209034014077
182231,1331.0,677.0,174.0,0.918772475900074
260995,1889.0,1928.0,72.0,-0.904545277332241
230511,150.0,1922.0,58.0,1.61931270511103
46843,1919.0,1896.0,6.0,-4.74245537333694
633597,1671.0,1902.0,180.0,1.8436994144712848
106736,1895.0,47.0,45.0,-16.8304763287892
72654,1891.0,1918.0,13.0,1.07941676733252
10559,1224.0,1910.0,2.0,-8.90787836273148
163694,1924.0,85.0,168.0,-0.652268301303609
273820,1671.0,13.0,179.0,-1.11607209362986
310804,1887.0,677.0,186.0,1.23132791557627
213162,1908.0,11.0,55.0,2.72675294609554
199991,229.0,85.0,54.0,1.04066378585838
345632,20.0,120.0,104.0,-7.76063595682653
250077,20.0,13.0,70.0,-5.61184432290546
206330,604.0,1879.0,177.0,1.36586302667781
24864,131.0,1901.0,4.0,-2.76135090468277
304555,20.0,1922.0,98.0,3.01652034114321
233925,85.0,1889.0,60.0,1.02314324688391
416053,1337.0,131.0,114.0,-17.8400317179441
194826,544.0,1899.0,176.0,6.3529759684595
241489,1907.0,1923.0,69.0,-1.44461234300565
323949,1913.0,1880.0,100.0,-2.4904564206777
359288,1912.0,1916.0,108.0,-0.447312541081543
61025,1895.0,1923.0,10.0,1.78079138672176
206608,1926.0,48.0,177.0,3.44184093037723
213798,1882.0,18.0,55.0,-3.04834225184709
7135,1905.0,101.0,1.0,9.73542411676027
16028,1881.0,788.0,3.0,3.61677039425713
202070,604.0,3.0,54.0,-5.01814805161091
236368,3.0,1347.0,60.0,0.534843695466401
103563,544.0,18.0,173.0,0.410851437930954
235070,948.0,1918.0,60.0,7.65678407444327
423579,72.0,1904.0,115.0,-1.35780180557255
203903,1885.0,1890.0,177.0,-5.37502991771016
258245,1902.0,17.0,72.0,-4.35740129538437
340122,1342.0,1879.0,103.0,2.61633108703937
389022,27.0,47.0,111.0,0.281909977372766
106796,120.0,1882.0,45.0,-2.50488357065387
100798,150.0,1916.0,173.0,-0.326514825909498
49419,1912.0,18.0,7.0,1.95365780919014
400654,163.0,1904.0,112.0,6.38361966281972
249349,1926.0,604.0,70.0,2.80079332034822
240942,1183.0,1895.0,69.0,4.1729197290954
277107,1879.0,1917.0,75.0,-1.12441554065453
234803,1879.0,1908.0,60.0,-3.83705327283845
243186,1224.0,1882.0,69.0,-2.3130134596871
68568,83.0,229.0,12.0,-7.64700162251974
52594,655.0,1889.0,7.0,14.7517565680154
260780,48.0,677.0,72.0,2.12153849554807
399326,1896.0,1331.0,112.0,7.81609798142274
333280,1886.0,1892.0,102.0,-0.0303309718793352
238441,1876.0,1927.0,60.0,-17.6159602356303
171826,1183.0,85.0,52.0,0.204300181919078
433770,5.0,17.0,116.0,-5.09482795160021
322208,1896.0,1922.0,100.0,2.33449115789328
191396,1913.0,1927.0,175.0,-15.6504203580307
53358,655.0,677.0,7.0,14.9370306311762
176413,47.0,1928.0,52.0,-5.65815282902781
202065,1926.0,3.0,54.0,-2.49926759128296
64158,83.0,120.0,10.0,6.30375027019175
216644,82.0,5.0,55.0,4.92981441339973
647771,1900.0,1902.0,115.0,0.343074179397895
9484,1898.0,1896.0,2.0,-21.4647227241961
277566,120.0,1923.0,75.0,2.46032897661658
426095,1877.0,1880.0,115.0,-1.47409975192139
14633,1909.0,1888.0,3.0,0.506260012806425
180561,604.0,27.0,53.0,2.55899034322054
324983,20.0,748.0,100.0,-1.12232973270139
427326,1342.0,83.0,115.0,5.23416517462611
226858,163.0,131.0,57.0,-2.23414528721735
263916,82.0,1894.0,73.0,-8.01922630316702
161471,1889.0,5.0,168.0,-1.84511977980165
49355,1878.0,1886.0,7.0,-2.61956940332931
173874,146.0,1900.0,52.0,2.11670896938242
100328,229.0,1910.0,44.0,-1.45971141507104
164678,655.0,1891.0,168.0,0.202063290751379
45374,1430.0,1887.0,6.0,0.719588789260522
253155,136.0,1880.0,71.0,3.3684515450896
242870,1884.0,195.0,69.0,-1.48736442716735
191409,604.0,1332.0,175.0,10.0054052217593
34272,1896.0,1928.0,166.0,-3.31912474669886
358001,1882.0,1910.0,108.0,15.4165115652845
415795,48.0,164.0,114.0,5.19174753249113
213394,27.0,1910.0,55.0,-18.3706733694346
227244,1877.0,1918.0,57.0,5.69652502353385
72271,1888.0,1881.0,13.0,0.001060125616579
179549,1926.0,82.0,53.0,6.24065634667313
300437,147.0,1918.0,98.0,5.77377923850333
221297,1925.0,1880.0,56.0,0.988982968759742
163518,1894.0,195.0,168.0,2.93191426512825
320857,748.0,1916.0,100.0,0.924868193118825
317730,1912.0,1348.0,99.0,-1.6427745317153
216222,48.0,1431.0,55.0,-3.61721198730258
248853,3.0,1907.0,70.0,-6.74121508063478
113628,1906.0,1881.0,167.0,-10.3639385138622
265179,3.0,544.0,73.0,-3.18939642552792
67508,1876.0,150.0,12.0,11.8085074986703
337962,1888.0,1881.0,103.0,-7.67344725815607
64796,544.0,14.0,10.0,2.03735310160339
15114,1348.0,1914.0,3.0,5.74647066529767
176059,1332.0,15.0,52.0,-1.18866082491246
217277,20.0,1878.0,55.0,-3.99263852075853
8784,85.0,1911.0,2.0,-9.92720253950034
177582,1916.0,17.0,53.0,0.272458465686655
340073,3.0,1896.0,103.0,1.42274213172845
436455,1925.0,1909.0,116.0,0.248471900111348
284207,72.0,150.0,77.0,0.647731877498245
631674,72.0,1902.0,58.0,-6.786324241471839
318837,1913.0,11.0,99.0,0.328122531011502
103630,604.0,72.0,173.0,0.885090081546169
266469,1879.0,131.0,74.0,-5.90326946114425
232670,1915.0,1895.0,58.0,2.4180002219808
271467,1913.0,1928.0,74.0,-5.13775256537643
358112,1887.0,1671.0,108.0,3.71282347159841
165230,1919.0,120.0,168.0,-4.67664191969815
320922,1883.0,1912.0,100.0,-0.121337809833133
361359,1905.0,85.0,108.0,2.87101239128806
182748,1878.0,1910.0,174.0,-2.94625173581937
46637,1876.0,131.0,6.0,0.400483847203505
190991,3.0,1430.0,175.0,-4.26250243731921
217378,1926.0,1900.0,55.0,1.16780209808147
194213,1897.0,82.0,176.0,-6.9796170433003
304216,27.0,1671.0,98.0,-18.8068570036194
162815,748.0,17.0,168.0,-0.513087478175
427470,544.0,1560.0,115.0,-3.79495441700751
324530,160.0,27.0,100.0,2.70850122185584
313925,1905.0,1893.0,186.0,-0.710228835972305
177464,120.0,1918.0,53.0,1.59705495382451
324920,27.0,1559.0,100.0,-1.11386575014119
416396,160.0,101.0,114.0,17.8964414078614
254475,1430.0,1431.0,71.0,0.584388111932955
255049,160.0,1559.0,71.0,4.49444261916585
89108,163.0,101.0,172.0,18.1110918002736
30515,1878.0,17.0,166.0,-10.4630894293344
51342,20.0,1923.0,7.0,-6.16576331135689
337440,1887.0,1918.0,103.0,-3.00931052571209
340124,544.0,1875.0,103.0,5.84618218650448
274657,1342.0,82.0,179.0,-0.805814150135577
328606,1919.0,72.0,101.0,-3.0215993531617
69756,27.0,748.0,12.0,4.77123234319989
191429,27.0,1878.0,175.0,-2.97134865301154
190072,1332.0,229.0,175.0,-4.55536386212275
214041,47.0,1331.0,55.0,-8.34708155792224
417540,163.0,15.0,114.0,-5.5147461826612
269543,83.0,1915.0,74.0,1.22334728401481
13041,1915.0,1671.0,2.0,-24.5116225574086
64079,1337.0,1888.0,10.0,-6.72951761526968
182822,1879.0,1901.0,174.0,-0.411171954122558
271749,1348.0,18.0,179.0,-0.816412058339371
164931,1337.0,1348.0,168.0,-23.8331418319834
27648,1913.0,1884.0,4.0,0.0882434363637457
426084,1430.0,1331.0,115.0,-5.81559605549489
312271,1900.0,1922.0,186.0,-5.6789643466236
325973,1879.0,1431.0,101.0,-0.860896961051216
89739,1905.0,1430.0,172.0,-4.51321511337448
215525,82.0,1894.0,55.0,-1.33152868702678
376233,1905.0,1348.0,109.0,-4.97610974953636
321473,1889.0,1881.0,100.0,1.55756993945333
220843,1913.0,1430.0,56.0,-1.34574416597281
199485,1902.0,788.0,54.0,0.427525147646227
242220,1882.0,1918.0,69.0,0.218165569272331
229594,1912.0,1887.0,58.0,-2.05416729554129
300295,1331.0,5.0,98.0,2.16717530476267
369341,1431.0,15.0,180.0,1.68649069370329
162478,1894.0,1347.0,168.0,1.74702783879568
169579,14.0,131.0,51.0,0.196889429718523
416300,83.0,1431.0,114.0,-2.92628928430092
101993,1896.0,131.0,173.0,7.45910318301989
642651,147.0,1902.0,102.0,-0.5868632434821449
180524,1877.0,1918.0,53.0,0.419040107480807
113590,1924.0,1898.0,167.0,-21.0002992680438
183367,1891.0,1895.0,174.0,1.46907545909524
100050,655.0,748.0,44.0,0.527679374101037
312232,1889.0,1917.0,186.0,-5.3880039711721
96099,146.0,1886.0,44.0,-2.941418901994
287116,1877.0,1928.0,77.0,10.4905702359785
65661,1891.0,1431.0,12.0,-0.404045388558533
340729,1925.0,748.0,103.0,-1.47491520238168
302891,1877.0,1906.0,98.0,3.03008702387306
401202,1332.0,1559.0,112.0,0.227029987218618
69674,1926.0,120.0,12.0,-1.68496055558773
50801,147.0,1671.0,7.0,0.546639938367623
60477,1875.0,11.0,10.0,0.762339756078514
271800,1902.0,1907.0,179.0,1.1727137513601
283713,1900.0,131.0,77.0,2.2157304878002
283419,5.0,11.0,77.0,-3.97261067343472
221469,1876.0,1909.0,56.0,-0.252981015356303
391280,1925.0,1902.0,111.0,3.50720677126242
427605,1877.0,1921.0,115.0,-5.31662910785595
178116,147.0,1348.0,53.0,3.16299945007906
227954,1877.0,1890.0,57.0,2.13065749172356
190616,48.0,101.0,175.0,1.07471275709954
324201,1925.0,1893.0,100.0,26.5179291777298
373648,1888.0,1908.0,109.0,2.09518989605224
89477,1877.0,1917.0,172.0,-2.80077470047077
47720,1337.0,1878.0,6.0,-5.96426427654795
198633,1900.0,1886.0,54.0,-2.7059998467138
342804,1224.0,131.0,104.0,-1.21274298218043
87790,1892.0,1918.0,172.0,-5.97762073362855
3545,1889.0,748.0,1.0,-0.358476753662593
215898,604.0,164.0,55.0,0.14028128033447
177579,948.0,101.0,53.0,-6.15188212356625
375446,1924.0,72.0,109.0,1.30478512919985
101787,195.0,17.0,173.0,6.57123624490878
219134,85.0,195.0,56.0,4.43527124436738
70834,195.0,1918.0,13.0,5.07550904660491
165814,14.0,1890.0,168.0,-3.63150431998726
62673,160.0,1908.0,10.0,-5.89867770995682
301488,1916.0,1914.0,98.0,-0.71509776784936
314359,655.0,544.0,186.0,-0.95541143562817
398652,1559.0,146.0,112.0,-5.07328637486266
196796,1337.0,85.0,176.0,6.31577684543326
251292,85.0,677.0,71.0,-8.0867041366074
167842,101.0,1883.0,51.0,-1.20553597654662
245234,604.0,748.0,69.0,0.263760128945497
230045,147.0,1431.0,58.0,-2.24914229572849
112152,1875.0,1878.0,167.0,2.95776285330289
201343,1342.0,1224.0,54.0,0.0658873977799426
97871,1347.0,1911.0,44.0,-1.748626081279
243917,544.0,1901.0,69.0,2.76124124263356
103054,1883.0,1914.0,173.0,-1.03707046390142
283240,1875.0,788.0,77.0,-1.27363391559869
368627,1897.0,1905.0,180.0,-3.78205012812224
209166,1894.0,1224.0,178.0,-5.21132213957381
198227,1891.0,1892.0,54.0,3.72489125395395
249898,1924.0,1904.0,70.0,1.65309367386739
167930,85.0,131.0,51.0,-4.0526842143919
61029,1559.0,1348.0,10.0,-1.41005321757084
329809,27.0,20.0,101.0,9.50484760612393
223948,1347.0,1879.0,57.0,-11.4726289295258
101512,136.0,1893.0,173.0,1.49792634698887
179816,1925.0,1881.0,53.0,-3.42604398027636
338171,85.0,1901.0,103.0,1.388270238314
329421,655.0,11.0,101.0,-0.551004425292974
360609,48.0,1879.0,108.0,0.314694638662898
9018,147.0,1923.0,2.0,-0.725318997860503
215979,1925.0,1881.0,55.0,-3.68467755018133
250537,82.0,1906.0,70.0,12.2489253364966
370676,27.0,1891.0,180.0,0.944546233061061
340198,1905.0,147.0,103.0,9.04909401006962
61594,1884.0,85.0,10.0,9.0686335237879
436628,1332.0,1904.0,116.0,-1.44554657507989
24468,1897.0,1912.0,4.0,-0.816610163776974
71490,136.0,164.0,13.0,0.719275902387599
247447,1881.0,1882.0,70.0,9.06662401991042
45820,1903.0,1921.0,6.0,12.5146151324609
30143,147.0,1914.0,166.0,-6.33932633454446
304931,1347.0,1902.0,98.0,-15.3254159377214
234500,1880.0,1909.0,60.0,-0.430108893674104
181068,27.0,1927.0,53.0,-9.66415681148905
201291,14.0,147.0,54.0,-1.01807029201925
371875,160.0,1882.0,180.0,-3.25530916830416
87299,748.0,1908.0,172.0,1.50645953086391
267270,147.0,47.0,74.0,3.29047267275976
414014,136.0,1348.0,114.0,-9.29077903616172
70260,1924.0,1928.0,12.0,0.47297509707051
10944,1893.0,1911.0,2.0,-2.21611604154811
197031,1905.0,47.0,176.0,-0.0231966397343024
436511,1924.0,1914.0,116.0,2.07056316606821
63433,27.0,1914.0,10.0,-4.04813171852413
372026,229.0,1337.0,180.0,-4.90709190813175
426653,1925.0,11.0,115.0,-3.35851976592653
274168,1889.0,1886.0,179.0,1.86880004898647
249003,1919.0,1901.0,70.0,0.0205989470788756
187699,1881.0,1916.0,175.0,4.11138987934549
66615,1887.0,1890.0,12.0,0.643901263855545
182474,1875.0,1911.0,174.0,2.32898940295417
312454,748.0,1224.0,186.0,0.98242951855541
415350,1911.0,1901.0,114.0,-3.40024611278484
316099,1883.0,1898.0,99.0,-4.10641988891675
74902,160.0,1430.0,13.0,4.69372522479671
343384,147.0,18.0,104.0,-0.944937592954358
182505,1900.0,1927.0,174.0,3.24997551638666
219080,72.0,1911.0,56.0,2.37576080433415
5082,1922.0,1918.0,1.0,33.854011112211
10574,1893.0,195.0,2.0,-4.32762803421018
191924,1909.0,1928.0,175.0,-7.26717198465139
113190,1888.0,1892.0,167.0,-0.812894632189508
46351,1924.0,1887.0,6.0,6.24423191707511
369150,1899.0,1878.0,180.0,-0.841164978026187
169512,163.0,5.0,51.0,-0.0676534701820949
28151,27.0,13.0,4.0,1.90543177739275
165656,1430.0,1903.0,168.0,-2.4247391124696
56017,1431.0,1901.0,9.0,2.96340387789294
106279,1347.0,1183.0,45.0,-3.41413679765588
28849,160.0,14.0,4.0,-0.649347657265876
415081,1332.0,1887.0,114.0,3.63370311840653
110009,1876.0,1878.0,45.0,-6.75632920592632
106948,1911.0,677.0,45.0,15.7063279639545
48870,1895.0,17.0,7.0,3.02041539147222
250499,229.0,1560.0,70.0,-2.38163662298027
71259,1903.0,1914.0,13.0,7.4339939722002
388820,1892.0,1890.0,111.0,2.2830359979198
389820,27.0,1891.0,111.0,3.01248913699123
31538,101.0,5.0,166.0,10.1379762194111
280682,3.0,20.0,75.0,-1.8844652748252
162703,1909.0,120.0,168.0,2.81894318959636
66130,1880.0,1889.0,12.0,-1.29108289249027
188902,1884.0,1922.0,175.0,-0.709335403561644
265595,1337.0,748.0,73.0,10.7394005580236
260725,1924.0,1882.0,72.0,-4.76933222688313
63490,27.0,1879.0,10.0,3.56589388515745
46550,1920.0,5.0,6.0,2.17309673863705
415019,1183.0,1883.0,114.0,-4.97758126369108
371138,27.0,1905.0,180.0,-2.41687090653071
301222,14.0,1910.0,98.0,1.65986743821464
339746,1876.0,1884.0,103.0,-0.524787768234828
373675,101.0,72.0,109.0,-1.52045975660034
360097,83.0,1916.0,108.0,-6.60296384881168
254011,655.0,164.0,71.0,-0.409170228367287
169960,1337.0,544.0,51.0,-12.1325122309462
24290,1183.0,1912.0,4.0,0.915181344419049
369455,1886.0,17.0,180.0,1.52339417477311
215777,1924.0,788.0,55.0,0.447328759638579
414500,948.0,1900.0,114.0,3.44682433694526
417487,1919.0,1890.0,114.0,-0.176531001480758
258598,47.0,131.0,72.0,2.48620283778907
260811,3.0,14.0,72.0,2.26357961805244
29090,1919.0,1928.0,4.0,1.3303480754545
401369,655.0,1924.0,112.0,13.8784915007532
337518,1914.0,18.0,103.0,0.874768425387296
258039,1897.0,1905.0,72.0,-4.63218587436222
96285,1895.0,13.0,44.0,-3.7081292360047
181270,83.0,15.0,53.0,0.0770761572097327
310374,1671.0,1892.0,186.0,3.05566266686509
32805,27.0,1884.0,166.0,-0.328831525493949
426453,82.0,1891.0,115.0,-4.31326262605715
273699,1917.0,18.0,179.0,2.48178737905998
434825,1911.0,131.0,116.0,1.06681114369122
26882,1925.0,1907.0,4.0,-2.01920701223313
162375,1908.0,1910.0,168.0,-4.28350917494297
389316,544.0,788.0,111.0,5.17774477340596
244987,1913.0,1559.0,69.0,-2.68176482919467
314977,82.0,85.0,186.0,4.72960296444443
279477,1904.0,1914.0,75.0,-0.0220546598562334
358953,1881.0,11.0,108.0,1.17860967617824
210593,48.0,195.0,178.0,7.8538207499718
256912,1883.0,1900.0,72.0,0.720786466075332
262244,1891.0,1882.0,73.0,0.212854703272232
236745,82.0,47.0,60.0,2.91221572630397
69017,1926.0,101.0,12.0,26.2939157897923
341069,14.0,1921.0,103.0,1.55465442494862
29381,85.0,1897.0,166.0,-4.50182683084872
11000,1892.0,1922.0,2.0,-2.47863021043436
225868,131.0,1927.0,57.0,2.65233558587
12836,160.0,544.0,2.0,1.59231766979916
74879,1906.0,1917.0,13.0,-4.2004346794213
162184,1922.0,1918.0,168.0,23.0438464485907
250475,82.0,748.0,70.0,9.62657978867874
3662,1880.0,1893.0,1.0,-1.63050638893428
181989,1908.0,1907.0,174.0,-0.347018401146893
260291,229.0,1920.0,72.0,2.73519367976896
72120,1880.0,1431.0,13.0,-5.00980815724709
315094,48.0,1337.0,186.0,-5.98982067838471
372128,1901.0,1928.0,180.0,-7.0084968588899
115426,1919.0,1921.0,167.0,-10.0189320885665
339077,3.0,1894.0,103.0,-0.913538177344755
337646,1224.0,1882.0,103.0,1.19729363452597
26891,20.0,72.0,4.0,-0.897262330954069
178507,788.0,1927.0,53.0,-4.65005529406257
86606,147.0,1886.0,172.0,-9.52929336006245
209305,1904.0,1908.0,178.0,4.81330223972806
86690,1912.0,1560.0,172.0,4.84620203044636
282960,1894.0,1901.0,77.0,3.60748579151045
173261,948.0,1925.0,52.0,1.62167352684659
61555,136.0,1903.0,10.0,-0.462235786517125
412872,17.0,677.0,114.0,2.35296624323207
45733,120.0,1922.0,6.0,0.602791530438667
114024,1924.0,5.0,167.0,-3.58011424075044
278579,1894.0,131.0,75.0,-0.775427768935868
310855,948.0,160.0,186.0,2.84743890298576
72318,1902.0,1898.0,13.0,-0.358539369155517
57052,3.0,1922.0,9.0,4.54803516429978
108637,1876.0,1881.0,45.0,5.85232604103985
315637,1881.0,748.0,99.0,-1.38084151144306
315913,1911.0,131.0,99.0,-3.42540910069557
15645,1881.0,18.0,3.0,-9.8955784033603
427944,1877.0,1928.0,115.0,3.11742834348995
106614,1431.0,1908.0,45.0,-1.4424372209821
66121,136.0,1900.0,12.0,-0.546128043338527
397534,1875.0,1909.0,112.0,7.16737711405487
219541,1348.0,1923.0,56.0,-6.90773153685138
89589,1337.0,136.0,172.0,-19.9210593236795
271754,1884.0,748.0,179.0,-5.35950234712202
103475,604.0,195.0,173.0,0.0827480332867578
179669,83.0,1907.0,53.0,2.52904503098612
357698,164.0,15.0,108.0,-8.92438283864188
165850,160.0,14.0,168.0,-1.26103511040947
217686,48.0,1337.0,55.0,3.94535710769177
272078,131.0,1921.0,179.0,3.29792021733111
271178,1332.0,1922.0,74.0,-1.83326669676096
264916,27.0,677.0,73.0,-0.224338661399384
49466,1885.0,1901.0,7.0,2.99053066978163
370901,655.0,1895.0,180.0,5.81168459432115
312746,1910.0,1901.0,186.0,-0.314048551423
213422,1895.0,1907.0,55.0,4.55170060813068
191145,163.0,147.0,175.0,-3.65928006755427
413606,47.0,677.0,114.0,2.17369279449301
4151,1897.0,1876.0,1.0,-2.91078112636562
168098,147.0,1898.0,51.0,0.928305174534955
189888,160.0,788.0,175.0,0.528942616918048
6686,1337.0,1881.0,1.0,7.00836374666536
8127,1337.0,1430.0,1.0,21.842112070864
215707,48.0,82.0,55.0,6.49809508327568
398631,1900.0,677.0,112.0,-0.846350537745725
341607,72.0,1897.0,104.0,-5.10916435908178
113117,85.0,47.0,167.0,-9.48665731855666
427893,11.0,1928.0,115.0,1.63632080968362
226613,163.0,1331.0,57.0,-3.74992108924916
203428,1909.0,195.0,177.0,19.0988358024351
334536,1430.0,1431.0,102.0,1.93184951799248
99156,160.0,101.0,44.0,10.4959052598058
194194,948.0,1891.0,176.0,-1.59408569114566
45470,1893.0,1895.0,6.0,-4.84012543378909
240617,1348.0,1882.0,69.0,-0.175465765001383
216972,1876.0,1906.0,55.0,-6.46525278406108
100535,1907.0,5.0,173.0,6.46669464230715
65365,1878.0,1890.0,12.0,-9.71708566003567
227730,229.0,136.0,57.0,-4.13590290577026
360253,1915.0,11.0,108.0,6.31233121743999
437823,160.0,948.0,116.0,4.34063276265915
272341,1909.0,18.0,179.0,-1.42237412469762
43557,47.0,13.0,6.0,-3.75584880808799
242142,1907.0,1911.0,69.0,5.70561374939435
232552,1906.0,1348.0,58.0,-5.68545604400169
8156,1877.0,27.0,1.0,-2.87931401802332
107602,948.0,1903.0,45.0,12.6564497610434
222172,655.0,1348.0,56.0,0.441418625250187
4714,1881.0,1894.0,1.0,2.28888006403332
109522,14.0,147.0,45.0,14.40005151544
302136,1887.0,5.0,98.0,2.45055732391433
179454,1877.0,47.0,53.0,-6.9502167958443
228185,1926.0,14.0,57.0,4.27987322683748
373679,1183.0,1879.0,109.0,-0.529610690756627
373380,1884.0,1560.0,109.0,-2.33914902757434
26957,229.0,1919.0,4.0,1.63190118565249
168860,72.0,1331.0,51.0,1.72377888784203
437281,1332.0,1895.0,116.0,-1.38381475307556
216164,229.0,604.0,55.0,2.05593067521526
180269,1915.0,1896.0,53.0,-6.93776006574093
252219,136.0,85.0,71.0,7.18268495558493
255646,655.0,1906.0,71.0,10.293346572377
329073,1430.0,1916.0,101.0,10.1082134047426
98726,160.0,1914.0,44.0,0.841089743721891
179942,1876.0,1880.0,53.0,-4.83818111205636
280023,27.0,229.0,75.0,-0.430454032270459
100962,101.0,72.0,173.0,11.6093281339582
303639,1924.0,20.0,98.0,-1.47250057031782
232423,48.0,1895.0,58.0,1.321261613972
109960,83.0,1927.0,45.0,-8.36538803461922
186519,1332.0,1890.0,174.0,-7.61405223080551
204472,1895.0,1898.0,177.0,1.5284952006098
255105,1906.0,1917.0,71.0,-3.59756157152081
198548,136.0,1908.0,54.0,-27.8016870300304
163053,1898.0,1912.0,168.0,0.99914610105376
220788,1889.0,1911.0,56.0,-11.9867628168122
369910,160.0,1183.0,180.0,2.13333064245727
99603,160.0,1917.0,44.0,-4.72758015162642
86577,47.0,1918.0,172.0,7.00344493884095
15696,1559.0,1879.0,3.0,3.25770590478597
310410,83.0,1910.0,186.0,7.33195177895442
103010,1906.0,1898.0,173.0,5.27341970302565
98953,1913.0,17.0,44.0,4.3621375183596
400620,83.0,1348.0,112.0,-7.04519897710956
176552,85.0,748.0,53.0,-8.49417158784944
345801,1924.0,83.0,104.0,2.06849123362251
96069,131.0,1914.0,44.0,-0.691384034940589
220678,1884.0,1892.0,56.0,-4.85618759265581
223741,82.0,1347.0,57.0,-4.42214507307805
387946,948.0,1908.0,111.0,0.337582696826024
89134,1915.0,1893.0,172.0,2.09351310540466
400313,1913.0,101.0,112.0,4.49233067674068
282843,1560.0,1901.0,77.0,0.284293118359411
260273,82.0,1917.0,72.0,1.13416707704181
15862,146.0,1911.0,3.0,-2.84015105956273
216709,1924.0,1904.0,55.0,0.489330497219378
107544,1875.0,1890.0,45.0,-0.754047749443538
34068,655.0,677.0,166.0,-0.442243998328551
370067,3.0,1919.0,180.0,-0.432400075302287
242863,136.0,1348.0,69.0,-1.21098484414591
68805,1332.0,101.0,12.0,8.57808609807688
278499,1879.0,1893.0,75.0,-0.0547366801349227
14352,1889.0,1921.0,3.0,-2.98980040405388
211041,655.0,604.0,178.0,-1.85545130024534
206036,1342.0,17.0,177.0,-15.0406796897776
330766,1915.0,1928.0,101.0,-6.4205262589446
343741,1891.0,1560.0,104.0,1.52883129743975
268040,1878.0,1907.0,74.0,-1.86001931904049
222146,1915.0,20.0,56.0,-10.0933898076846
191772,229.0,677.0,175.0,0.162958283837851
424563,1885.0,1916.0,115.0,-3.04706274264097
68962,1926.0,17.0,12.0,-0.81547250887199
434024,948.0,1875.0,116.0,2.6280790334229
250935,1891.0,1927.0,71.0,9.48590230934862
301159,1904.0,1892.0,98.0,-3.20661238140034
246584,1891.0,18.0,70.0,-1.94521018545832
33327,48.0,1912.0,166.0,-0.800658476666919
200296,1876.0,1901.0,54.0,-5.73132312034081
24275,1896.0,11.0,4.0,1.417913325282
266657,146.0,1886.0,74.0,-4.4515086716581
252036,1903.0,1898.0,71.0,-0.251933718318045
56253,1888.0,1912.0,9.0,2.46390686074645
247818,1909.0,1917.0,70.0,-4.72551823396444
61335,1896.0,1908.0,10.0,-0.304520707564097
57850,1876.0,1896.0,9.0,-3.3474629686054
369465,101.0,150.0,180.0,-2.56077478067137
31915,604.0,1899.0,166.0,2.67320859820337
178604,1897.0,1927.0,53.0,-4.54269537970444
226728,1906.0,1885.0,57.0,1.29191715941352
166284,948.0,83.0,51.0,-6.1050227016662
330087,1430.0,1671.0,101.0,-4.7540334401515
267003,1183.0,1889.0,74.0,0.0063485511528709
182101,1902.0,20.0,174.0,1.55460740664549
360342,1925.0,1891.0,108.0,18.2384568110266
302317,18.0,1922.0,98.0,-3.01445490543635
375395,83.0,1907.0,109.0,1.79363698139962
389218,1925.0,1907.0,111.0,-8.8483806898338
375438,229.0,72.0,109.0,-0.0383201642605171
101942,1880.0,1889.0,173.0,10.7111504849209
325415,48.0,1910.0,100.0,0.595510608957866
424381,1911.0,1224.0,115.0,4.7668807023223
185446,1877.0,11.0,174.0,3.10001789206374
249317,1915.0,1909.0,70.0,-4.81749617504364
51150,1912.0,1348.0,7.0,-0.218709321703684
97203,1880.0,17.0,44.0,6.07943815868946
64831,3.0,1337.0,10.0,4.01196153286552
264605,1332.0,1892.0,73.0,-4.4208307426105
61363,1885.0,1883.0,10.0,3.87286801224914
69309,1876.0,1905.0,12.0,5.82283733332661
370742,229.0,5.0,180.0,8.97807499659694
216346,1915.0,11.0,55.0,3.85641438847236
275092,1915.0,1909.0,179.0,-3.89061180681849
184646,1342.0,1919.0,174.0,-1.19524717484499
255723,3.0,14.0,71.0,-0.0541994491341613
398047,1560.0,1886.0,112.0,1.5144741607639
214018,1884.0,164.0,55.0,3.58518107443206
320864,1903.0,1912.0,100.0,-1.27096270088076
49445,948.0,1887.0,7.0,2.59783277255274
317876,1893.0,1887.0,99.0,1.42870039788337
332151,85.0,1882.0,102.0,2.67058389370063
180467,1925.0,1918.0,53.0,5.03031075662136
317964,1183.0,1917.0,99.0,-1.55348723881643
249386,1913.0,544.0,70.0,2.60487166581492
372463,1899.0,1902.0,109.0,-2.67653262061912
60035,195.0,1348.0,10.0,3.74933998807727
331170,1879.0,677.0,102.0,-1.31892419154507
166941,85.0,1224.0,51.0,2.4366749532131
396939,1879.0,1893.0,112.0,0.320971794771991
225145,72.0,1900.0,57.0,10.5995630630356
170821,1332.0,15.0,51.0,-0.890773998829857
261046,1913.0,1928.0,72.0,-10.0160642490444
224066,1876.0,1347.0,57.0,-1.9522058729812
75130,20.0,1882.0,13.0,-2.18054554885868
322411,1897.0,788.0,100.0,-2.89850629945042
113498,655.0,82.0,167.0,1.51180627632876
104104,1430.0,1431.0,173.0,8.02708486032667
277659,948.0,1903.0,75.0,6.25689674417538
422887,1894.0,1907.0,115.0,-1.34294997189851
237090,82.0,1883.0,60.0,4.32956964355126
271527,1923.0,1902.0,74.0,1.24869768703458
241829,1880.0,1894.0,69.0,0.273681665509728
52377,1924.0,1918.0,7.0,16.6663329712192
75596,1898.0,1928.0,13.0,-4.12511465706412
28656,1337.0,1903.0,4.0,-1.05195478420342
172891,1671.0,1922.0,52.0,-3.12330096717392
57362,1430.0,1901.0,9.0,2.55718895906587
336723,1332.0,1887.0,103.0,-0.110734574908845
236627,948.0,1901.0,60.0,4.95931738290092
236663,1909.0,17.0,60.0,-2.30322938862611
203627,1917.0,1882.0,177.0,-3.14487212215961
337625,1902.0,1896.0,103.0,-0.884337180556278
260642,48.0,1890.0,72.0,5.31440150584628
109421,1342.0,1877.0,45.0,-10.9700058494881
234373,1886.0,1907.0,60.0,-3.60098247923523
109308,20.0,18.0,45.0,-10.9730011997842
14912,948.0,1895.0,3.0,-1.06782864947167
110656,1898.0,1896.0,167.0,-3.173588778586
33553,655.0,1888.0,166.0,-0.75048955288127
33605,163.0,83.0,166.0,-3.28073110290669
201426,1919.0,1888.0,54.0,4.93867868012167
11350,1920.0,1906.0,2.0,1.49906257049739
276550,14.0,1908.0,179.0,-0.43131144923805
73468,1876.0,1923.0,13.0,-6.04228471586379
254109,655.0,1909.0,71.0,11.3429829104862
315578,1899.0,1892.0,99.0,-2.71486644728445
8592,1430.0,1928.0,1.0,-1.74715723682925
358164,1887.0,1888.0,108.0,9.59366703219436
102280,147.0,131.0,173.0,6.67690480165681
171294,1348.0,1928.0,51.0,-10.0464926164267
67534,1875.0,788.0,12.0,-7.75994666989418
165560,48.0,948.0,168.0,8.86158084089765
212297,82.0,1890.0,178.0,-2.7681673093394
233223,229.0,1671.0,58.0,-2.31455830504835
59960,1896.0,1921.0,10.0,5.35014490804566
13428,160.0,1882.0,2.0,-4.02053958193229
210888,48.0,1926.0,178.0,-0.206810973788019
163393,3.0,1898.0,168.0,-3.62471834894401
357633,1183.0,1899.0,108.0,-5.43576238430161
263076,1886.0,195.0,73.0,1.04743647467025
368666,1902.0,1431.0,180.0,14.2859159065574
72585,47.0,195.0,13.0,12.0421383130812
319702,14.0,1430.0,99.0,7.68724463511914
228195,1926.0,677.0,57.0,-9.19634275054095
226304,160.0,1919.0,57.0,4.74558920552254
224342,150.0,164.0,57.0,6.47529681419819
171030,1926.0,3.0,51.0,0.448786488647978
195850,1876.0,1893.0,176.0,4.34049803026906
74197,20.0,11.0,13.0,-4.8283894040586
338823,1559.0,47.0,103.0,1.94081413885302
283521,1891.0,1431.0,77.0,1.69988381052145
175286,1924.0,1905.0,52.0,7.15128329712423
265028,1926.0,1905.0,73.0,-3.33175754441899
259125,20.0,195.0,72.0,-8.86403807569698
323696,82.0,146.0,100.0,13.0656486706837
318087,1925.0,1922.0,99.0,3.45518514222916
198257,1876.0,1887.0,54.0,-1.86807049393734
435281,146.0,17.0,116.0,-1.73658186593823
243059,748.0,1911.0,69.0,4.89438135978231
278645,1347.0,1923.0,75.0,-2.86994625142723
376585,1342.0,147.0,109.0,10.4619975543741
266644,1878.0,5.0,74.0,-7.20315635802683
424954,1897.0,195.0,115.0,-30.3344354545754
99129,1926.0,11.0,44.0,-6.20392662341065
328966,229.0,1881.0,101.0,5.61069510795478
266662,3.0,1910.0,74.0,-0.518940717266277
107580,1891.0,677.0,45.0,-3.96257881831809
110157,48.0,1890.0,45.0,7.8265253641019
188610,1919.0,150.0,175.0,8.83569605439533
168269,1899.0,1348.0,51.0,1.82973872680927
391032,1905.0,1890.0,111.0,0.530470327050211
333264,1331.0,1910.0,102.0,0.132996582537517
163991,27.0,164.0,168.0,-2.39878041393328
164117,1926.0,1887.0,168.0,-2.86624081096855
204616,1332.0,1347.0,177.0,-6.03065776898363
316345,1894.0,1907.0,99.0,3.14492400785693
225964,1875.0,1911.0,57.0,-0.593339957365551
271276,1332.0,1908.0,74.0,-4.73497531754859
220332,1559.0,1910.0,56.0,-2.37070270457378
252139,748.0,120.0,71.0,9.89104363172242
435353,47.0,131.0,116.0,-0.625692331321837
237941,604.0,27.0,60.0,2.97492308118667
99682,83.0,136.0,44.0,-1.72246879229347
72234,1904.0,11.0,13.0,2.81421483481004
374363,1895.0,1916.0,109.0,1.77752558931908
188462,1900.0,1348.0,175.0,-2.78671732172558
278797,1900.0,1914.0,75.0,-1.69472715697902
177610,1331.0,1890.0,53.0,-1.2361604121089
173273,1892.0,1922.0,52.0,-2.9571789400568
199287,164.0,1898.0,54.0,2.38832823538776
320335,1927.0,1928.0,99.0,-0.57194844824
326531,1886.0,1901.0,101.0,-6.63819489862916
168419,13.0,1917.0,51.0,-1.65813760297044
66550,136.0,11.0,12.0,-0.139330711276093
31943,604.0,1922.0,166.0,0.49071795465681
213099,136.0,147.0,55.0,-0.148989307227717
229296,1897.0,1876.0,58.0,-0.104157363328323
258125,1880.0,13.0,72.0,-0.0160568545696363
64504,82.0,1906.0,10.0,3.10184292326648
221998,1920.0,1918.0,56.0,2.04589795127838
74592,604.0,1896.0,13.0,-0.210726731119684
205235,1905.0,1894.0,177.0,2.58869091458899
74089,48.0,1431.0,13.0,0.350616578258149
252794,1917.0,1910.0,71.0,0.098096923226226
433808,1889.0,5.0,116.0,0.710820486836982
9540,1889.0,1927.0,2.0,-2.86090363164071
215110,1889.0,1910.0,55.0,9.51251053404503
16125,1560.0,17.0,3.0,1.43318097815187
16095,136.0,1884.0,3.0,4.110195435852
329269,83.0,101.0,101.0,12.3865812013801
425484,748.0,1907.0,115.0,-2.97835872811352
188188,5.0,1927.0,175.0,-1.75436430150268
397898,1878.0,1893.0,112.0,-0.557227684138162
266510,1905.0,1347.0,74.0,1.36525359130171
186495,544.0,1882.0,174.0,-3.16414431236281
370811,1926.0,1891.0,180.0,-1.9738522041105
374657,1348.0,1923.0,109.0,-2.76941566329923
62778,1926.0,1883.0,10.0,-1.65959292218576
390284,229.0,1348.0,111.0,-5.7451296475643
161468,1890.0,18.0,168.0,-1.34243738809547
231606,1926.0,1894.0,58.0,2.77219589494372
342020,1904.0,1908.0,104.0,-2.52168077591676
434133,1881.0,1917.0,116.0,0.716332791455594
356974,1891.0,1921.0,108.0,-6.24583469311212
273020,1903.0,1910.0,179.0,0.505065239996183
214063,1431.0,1916.0,55.0,5.081559480733
257546,1888.0,788.0,72.0,0.193081869003268
273440,72.0,1923.0,179.0,4.21153788611904
58143,544.0,1905.0,9.0,6.94521706378735
637238,1183.0,1902.0,74.0,2.675676938979275
98369,604.0,1923.0,44.0,6.32171634636588
175505,1924.0,1348.0,52.0,2.85374082799564
253241,146.0,1892.0,71.0,-0.35957056640335
197139,17.0,1928.0,176.0,-1.02145701050006
389336,1337.0,1906.0,111.0,3.68826183116794
61720,1896.0,1888.0,10.0,9.3384836086862
372296,164.0,1898.0,109.0,1.1209202651863
192834,72.0,131.0,176.0,-2.46915034744191
56175,1886.0,164.0,9.0,0.144597738914738
52700,604.0,1559.0,7.0,8.6673003295123
322104,1896.0,1889.0,100.0,5.01272026926047
357690,1898.0,1882.0,108.0,2.52136427681507
229257,1889.0,1912.0,58.0,13.0455644448418
200179,1920.0,1919.0,54.0,-2.46393841029685
340888,20.0,1900.0,103.0,-0.386170745835039
414499,1886.0,72.0,114.0,3.23840016615769
176484,1560.0,1902.0,52.0,-1.65592190412808
173825,1909.0,677.0,52.0,-2.24603479617549
227944,229.0,748.0,57.0,0.873724160916598
256300,1899.0,1922.0,72.0,-7.27681436286823
319194,229.0,1915.0,99.0,-6.11174393686077
370411,229.0,1914.0,180.0,1.0823970908654
253304,1559.0,1897.0,71.0,-0.118180354177925
413992,120.0,1889.0,114.0,5.97491209851581
235298,948.0,14.0,60.0,0.762233422445601
235894,1898.0,1431.0,60.0,20.8891367860621
213700,1559.0,85.0,55.0,6.29384189604757
203468,1912.0,1911.0,177.0,5.38146904794443
266561,146.0,1224.0,74.0,-7.94950315061757
268550,1881.0,1889.0,74.0,5.45491676873374
323082,1897.0,1918.0,100.0,-1.64430241801534
242297,1893.0,1922.0,69.0,4.41854118946855
163958,48.0,1919.0,168.0,5.80928591418329
336586,1903.0,1896.0,103.0,14.0083220503523
247979,20.0,150.0,70.0,2.39491338085514
201096,1926.0,1918.0,54.0,8.42154943465854
210462,163.0,47.0,178.0,3.55782078131251
184629,1342.0,82.0,174.0,-1.24162636723079
372040,604.0,1925.0,180.0,2.79284335329353
18808,1224.0,1928.0,3.0,3.27715745735456
97504,147.0,677.0,44.0,2.71832015022875
72903,1878.0,1907.0,13.0,6.58244127070194
60653,17.0,1922.0,10.0,2.23721338617052
166139,101.0,47.0,51.0,6.33952719888885
201443,1924.0,1559.0,54.0,-0.409567612373544
99294,1925.0,1905.0,44.0,2.47175019437784
173679,1892.0,18.0,52.0,5.73069478940323
207692,14.0,1332.0,178.0,-3.53925608069256
104914,1430.0,1559.0,173.0,-5.01087242620141
193979,948.0,14.0,176.0,-4.61761014195467
342224,1894.0,47.0,104.0,4.14251386094306
237869,1920.0,1918.0,60.0,0.245437876309429
4424,150.0,13.0,1.0,1.00849016966455
202800,1898.0,1911.0,177.0,-0.644499201853185
315226,83.0,1902.0,186.0,-5.49262766123676
259241,544.0,1901.0,72.0,-0.817337062330605
325355,1876.0,1890.0,100.0,-3.3561540887798
245705,1892.0,1902.0,69.0,-6.2330418472767
370445,655.0,1913.0,180.0,7.60553346639209
69840,48.0,1876.0,12.0,7.83615226762567
252698,1899.0,1886.0,71.0,-1.16446147601817
326469,1884.0,1910.0,101.0,-5.85960332323779
323829,1926.0,1914.0,100.0,2.28566539247377
261100,101.0,18.0,73.0,1.54027606314784
30676,1903.0,1907.0,166.0,2.61752052260335
284098,1904.0,1911.0,77.0,-0.383132145985947
370399,229.0,1901.0,180.0,1.71137545263451
202140,1925.0,1910.0,54.0,-9.86281970790465
175359,1925.0,1896.0,52.0,5.38106853893698
399251,85.0,1897.0,112.0,0.0636906129545069
25000,1890.0,1923.0,4.0,2.13564663526581
14231,120.0,1898.0,3.0,2.99727933157052
370206,1342.0,229.0,180.0,1.24648736152352
370724,1919.0,1884.0,180.0,3.85508439452771
228685,1899.0,1894.0,58.0,6.98177069019056
198220,1183.0,1901.0,54.0,0.139833747799141
176493,1926.0,1902.0,52.0,-5.4019013312993
195709,1332.0,1431.0,176.0,-0.122830173303252
223045,1337.0,1921.0,56.0,-12.3181033869604
389149,1915.0,1906.0,111.0,1.90886710645762
174157,48.0,85.0,52.0,-3.75304650046049
287157,1914.0,1902.0,77.0,-1.3308146682344
326704,1347.0,1923.0,101.0,-8.59306988442916
171885,1878.0,748.0,52.0,4.99353762317295
322840,1885.0,1886.0,100.0,2.51342558747327
109880,1905.0,1559.0,45.0,9.0769873769075
324017,1337.0,1914.0,100.0,-3.79701660058841
389055,160.0,85.0,111.0,0.28508720336349
108075,1896.0,1918.0,45.0,0.85928178404152
205112,1920.0,1922.0,177.0,6.04508616318999
195800,604.0,11.0,176.0,-0.450290388461659
261374,1911.0,1910.0,73.0,-2.03215702111523
223186,1885.0,1928.0,56.0,1.87666419648697
265376,83.0,120.0,73.0,-0.551761903916487
182522,1898.0,1917.0,174.0,-0.804702228710911
225861,131.0,1914.0,57.0,1.96333288274316
280540,82.0,1431.0,75.0,1.514735662541
172329,146.0,748.0,52.0,1.26106586183279
247542,1907.0,1918.0,70.0,0.512670660190143
100512,1910.0,1902.0,44.0,2.30368625355965
338940,1919.0,788.0,103.0,15.1756127251691
190935,27.0,1895.0,175.0,3.47758085065367
426681,1877.0,11.0,115.0,-0.996477291892584
278999,150.0,5.0,75.0,-0.597550435081806
427929,1921.0,1928.0,115.0,4.06331967633007
163861,655.0,1907.0,168.0,6.00069743208562
25392,1183.0,15.0,4.0,-1.64334473795521
216355,1876.0,11.0,55.0,-1.75302071568318
112271,1885.0,1903.0,167.0,23.1428094995567
174478,27.0,1907.0,52.0,-0.449293639903726
360892,20.0,1917.0,108.0,-3.95612125307957
49805,1912.0,147.0,7.0,3.25591948928063
344619,1342.0,1914.0,104.0,-6.94086849365461
10835,164.0,1921.0,2.0,4.55943762698329
29986,1898.0,1908.0,166.0,-0.494300873606097
10697,1884.0,748.0,2.0,5.10518613976828
61637,150.0,1900.0,10.0,4.15716696144183
102416,1883.0,164.0,173.0,-3.88051155929395
202513,27.0,1899.0,177.0,1.73150727068172
332902,1559.0,1183.0,102.0,0.298360277588518
193645,1880.0,18.0,176.0,0.977781769742116
109131,20.0,677.0,45.0,-10.1805380258796
201827,14.0,15.0,54.0,-4.2949841519151
284901,1332.0,788.0,77.0,-7.76701137521247
88606,1925.0,1881.0,172.0,-0.463815936034483
225803,1900.0,1910.0,57.0,-4.8141382329182
240592,1671.0,1901.0,69.0,-0.0278295515832514
316557,1900.0,1894.0,99.0,0.412114984011379
3679,1183.0,1918.0,1.0,4.1307476737864
162788,1909.0,1431.0,168.0,3.15728334107215
67204,1879.0,15.0,12.0,0.162248548687997
74883,1876.0,120.0,13.0,13.7089657193801
273282,1887.0,5.0,179.0,2.78089105452587
370265,82.0,1881.0,180.0,1.63961800031716
263019,1342.0,1887.0,73.0,1.64827344027342
47590,82.0,1886.0,6.0,-1.41601671870606
238808,1925.0,1906.0,60.0,-0.241928353076353
414697,1894.0,1918.0,114.0,-3.56349533096405
256666,101.0,1347.0,72.0,0.727351361567922
314509,163.0,1927.0,186.0,-2.67503048855585
416334,544.0,150.0,114.0,-5.33786167091979
171837,1889.0,1917.0,52.0,0.161930559162211
90377,1879.0,1928.0,172.0,-8.19017505547093
330888,1896.0,1923.0,102.0,-1.83014867508158
277762,1907.0,1224.0,75.0,2.06056356316634
301667,1881.0,1883.0,98.0,-7.0744063204881
359577,1430.0,72.0,108.0,0.882344148859005
199370,1910.0,1901.0,54.0,-3.92340430572282
30245,1879.0,13.0,166.0,17.4801503230809
110187,14.0,1910.0,45.0,40.576570228083
335518,1926.0,948.0,102.0,6.36909278935844
270892,1342.0,136.0,74.0,0.253452601556708
73456,1337.0,1923.0,13.0,-11.2550821240682
209416,120.0,1882.0,178.0,-1.85418781229889
166364,1900.0,677.0,51.0,0.84994040797508
102897,1897.0,82.0,173.0,1.03462220535074
202502,1887.0,748.0,177.0,-6.58125366417828
64072,1925.0,544.0,10.0,3.71650918551515
399160,1917.0,131.0,112.0,0.13739679704856
203434,1883.0,1901.0,177.0,-0.562181923130969
424040,1894.0,11.0,115.0,-0.531940066566676
244487,1913.0,18.0,69.0,4.12489939159385
224688,1898.0,1917.0,57.0,-1.35334384460243
186606,604.0,1910.0,174.0,-2.83549243436262
52515,83.0,1895.0,7.0,1.94376983917084
273874,1897.0,1923.0,179.0,1.48730549339282
162018,1889.0,1911.0,168.0,-0.55009150636197
358183,1894.0,1927.0,108.0,-0.614992641383424
346117,82.0,1337.0,104.0,-3.7716553006736
172648,1331.0,18.0,52.0,0.0707515887224215
263433,1901.0,1927.0,73.0,1.92168902268247
423966,1887.0,1886.0,115.0,-0.513416687079821
278874,1907.0,1882.0,75.0,0.0379025119187939
331464,131.0,11.0,102.0,-3.38898649264223
204036,748.0,1882.0,177.0,5.46116399360135
33589,1913.0,748.0,166.0,-2.58208052352777
333685,3.0,1908.0,102.0,2.97627155431669
368237,1897.0,1876.0,180.0,-5.16847011263208
339633,163.0,1431.0,103.0,0.134251943685497
7693,1926.0,1889.0,1.0,2.40640508914742
642659,748.0,1902.0,102.0,1.0293367613949251
338047,948.0,1183.0,103.0,3.10460744630618
57981,1925.0,17.0,9.0,4.17257094937254
320459,5.0,1914.0,100.0,3.5438114433592
333399,1899.0,1927.0,102.0,5.9220229177311
229877,1879.0,1875.0,58.0,-2.95359983841113
209468,147.0,1908.0,178.0,-2.59251822260077
334998,83.0,1918.0,102.0,-1.97468531159625
167442,195.0,1224.0,51.0,-0.793597653119402
332281,1900.0,1918.0,102.0,-0.750439473698145
53162,163.0,1878.0,7.0,2.23947311129599
222218,1920.0,1912.0,56.0,2.84338951477527
359934,229.0,1916.0,108.0,-12.530176732883
332179,1894.0,1560.0,102.0,1.09615778622677
33563,1924.0,1920.0,166.0,0.329760356419564
260426,160.0,1342.0,72.0,2.59146407358024
197676,1881.0,1909.0,54.0,9.04130007242112
169962,1920.0,1884.0,51.0,3.34279579566786
325766,1884.0,1912.0,101.0,2.47009454736285
414512,85.0,72.0,114.0,-0.493901484126367
252020,136.0,17.0,71.0,1.44852999801131
210523,229.0,1883.0,178.0,-12.8009433293293
329237,1915.0,1914.0,101.0,-0.887473305745182
32614,48.0,163.0,166.0,-3.4761938738559
398105,1431.0,1921.0,112.0,-2.78982044602256
46117,1332.0,1875.0,6.0,-7.6430992016745
62575,948.0,1896.0,10.0,-0.0404236202206268
108253,1671.0,18.0,45.0,-4.45963639402103
162493,164.0,677.0,168.0,-1.95515832190912
315603,1889.0,1910.0,99.0,1.32654526764645
369850,1926.0,85.0,180.0,-1.98551811714487
413507,1893.0,1431.0,114.0,-2.36178460211906
65394,72.0,1911.0,12.0,5.47920089143533
228390,1906.0,1902.0,57.0,1.08091270018132
270977,1876.0,1882.0,74.0,0.650028077749783
390834,604.0,1924.0,111.0,16.0110246429765
329973,83.0,136.0,101.0,-3.81458847975233
437378,82.0,147.0,116.0,6.74555386818806
101598,1900.0,1887.0,173.0,-2.97095010020564
387930,1876.0,1887.0,111.0,1.21814052287267
33634,1342.0,136.0,166.0,-7.28153303777923
329453,1926.0,101.0,101.0,22.8116424988228
56413,1881.0,1914.0,9.0,-0.0707248450560321
161481,677.0,1914.0,168.0,2.30490470738495
96040,1183.0,1916.0,44.0,2.23674376181078
98193,604.0,1908.0,44.0,-4.69656128858303
339398,1920.0,1914.0,103.0,3.13536724810184
207700,1183.0,1878.0,178.0,-3.53392271523077
369363,1892.0,1901.0,180.0,-5.22754652064953
304048,1926.0,48.0,98.0,5.84449178730979
17445,604.0,1893.0,3.0,13.9069140289513
264056,1337.0,72.0,73.0,8.71418344624133
176423,1915.0,1928.0,52.0,-10.07889189681
370256,1924.0,164.0,180.0,1.01017881616503
262915,1906.0,13.0,73.0,1.42367019293666
32744,83.0,1891.0,166.0,1.82796503185124
332951,15.0,1914.0,102.0,5.98676426738518
192252,85.0,1890.0,176.0,3.38782456568736
110940,1347.0,1224.0,167.0,-0.359006384220672
390125,163.0,1904.0,111.0,-11.7599415122487
279834,1925.0,1923.0,75.0,-2.99054643151669
426704,1924.0,1884.0,115.0,5.08125622144315
360369,229.0,1891.0,108.0,-2.79051310054772
272693,1875.0,1883.0,179.0,4.63262037087136
28824,1919.0,1890.0,4.0,-4.93258901836048
258378,1903.0,1904.0,72.0,-5.23338372981781
245513,1920.0,15.0,69.0,-0.200878275623418
397992,27.0,1332.0,112.0,3.77550551591149
10755,1896.0,1907.0,2.0,-2.49954336230551
333499,3.0,1911.0,102.0,0.880282900691014
179092,948.0,1892.0,53.0,-2.77489708312142
4409,1902.0,1337.0,1.0,2.06793585781787
255211,1926.0,1920.0,71.0,3.6281969160805
277167,1331.0,17.0,75.0,4.03623232921427
190584,655.0,1891.0,175.0,2.66034724325941
181568,1920.0,1902.0,53.0,0.367331406490075
96437,1894.0,1907.0,44.0,-5.2994972971781
376523,27.0,136.0,109.0,-3.05149529577228
283106,1921.0,1918.0,77.0,32.8657413800685
232229,1915.0,1884.0,58.0,1.68757230745612
235995,1900.0,1889.0,60.0,1.65532751093653
324872,655.0,1920.0,100.0,-1.21567811644606
226156,1876.0,14.0,57.0,-7.25864404536143
281777,1337.0,1921.0,75.0,-13.3960357352357
87863,120.0,1923.0,172.0,1.28582373173482
259580,48.0,5.0,72.0,1.29469258358583
74932,1915.0,1886.0,13.0,-3.26310289401461
215734,1926.0,1894.0,55.0,2.62318156899985
339502,1430.0,1880.0,103.0,-1.47302335125355
49996,120.0,1927.0,7.0,6.62923729547009
196188,229.0,1889.0,176.0,-5.04913426238509
258962,1430.0,1907.0,72.0,-5.45209442267325
44971,1348.0,1921.0,6.0,10.6147018417159
316142,1886.0,1881.0,99.0,2.72545721618365
228623,1900.0,1908.0,58.0,-2.84064302089102
64449,27.0,1882.0,10.0,7.92634793673699
110700,948.0,20.0,167.0,7.96392338013551
265169,1905.0,5.0,73.0,-2.63516161229576
24411,72.0,1331.0,4.0,-0.458691450050325
189408,1888.0,748.0,175.0,2.3306139352138
237136,1332.0,1331.0,60.0,-6.75635417543002
30088,1880.0,1894.0,166.0,6.8134422750439
106361,13.0,18.0,45.0,0.913041233544426
64306,544.0,120.0,10.0,1.43803355901275
336964,1893.0,11.0,103.0,10.3840229511656
282665,17.0,1901.0,77.0,-2.93197316083648
210706,27.0,1901.0,178.0,2.28572585799417
245646,27.0,1928.0,69.0,-0.569793134331573
185602,163.0,544.0,174.0,-3.84147063156286
398386,1908.0,1910.0,112.0,-3.23907992878288
58572,1915.0,1886.0,9.0,0.653010453202033
162347,1183.0,1875.0,168.0,1.26281585384621
179528,1925.0,1894.0,53.0,-2.31970333011069
401397,1924.0,1921.0,112.0,0.89421945756786
327276,1875.0,1896.0,101.0,3.5543351968656
414183,1881.0,677.0,114.0,-8.69124933276032
346009,3.0,1900.0,104.0,-3.25242334489861
333910,229.0,1894.0,102.0,4.73295565659656
275468,1915.0,1893.0,179.0,-1.21785812959782
192458,1920.0,1332.0,176.0,-2.07369859347546
326944,1883.0,1882.0,101.0,-2.48183442403906
342476,1879.0,1901.0,104.0,-1.49868556289582
185735,1915.0,20.0,174.0,3.04772068292812
173478,1331.0,13.0,52.0,0.435621606108259
232208,1337.0,1891.0,58.0,-47.3278161738258
433478,1878.0,1885.0,116.0,2.68402067097063
389590,3.0,1331.0,111.0,4.87803626376302
230386,948.0,1916.0,58.0,5.07064047103408
53250,27.0,1922.0,7.0,-0.258503600774076
316778,1886.0,1914.0,99.0,0.431765804083244
243187,1878.0,1921.0,69.0,-4.35679769254393
89557,48.0,544.0,172.0,10.469127625614
86471,1894.0,5.0,172.0,4.08511822387655
44222,1183.0,1909.0,6.0,8.05990756194507
357554,1904.0,1918.0,108.0,6.61657619743068
425294,1893.0,1908.0,115.0,4.85977385939183
176475,1892.0,1928.0,52.0,2.32401624236059
225698,948.0,1878.0,57.0,1.47837490609812
171595,1923.0,1927.0,52.0,-9.22141979785512
97808,1903.0,1923.0,44.0,-0.103696695549739
337835,1899.0,72.0,103.0,9.32976799889417
229504,1909.0,1892.0,58.0,-0.159797897606194
183277,1920.0,1911.0,174.0,3.64176763775236
359822,82.0,1881.0,108.0,-8.25438028000381
368974,1884.0,1889.0,180.0,1.44269981790996
262409,147.0,1431.0,73.0,-0.196317105034717
227980,1915.0,1337.0,57.0,-33.0994909306782
645993,948.0,544.0,13.0,0.0118067935357394
29336,1891.0,18.0,166.0,1.47259022500665
229658,1894.0,1914.0,58.0,0.687369016625595
25766,11.0,677.0,4.0,2.66285867158851
44697,1883.0,1900.0,6.0,3.56394478990456
55715,1894.0,13.0,9.0,-0.770155162732761
224086,1671.0,1923.0,57.0,1.50042437194284
211790,48.0,544.0,178.0,-2.67526880009864
65414,1902.0,1331.0,12.0,-5.32003510485685
86325,1183.0,1880.0,172.0,-7.34759691985319
96400,1903.0,1911.0,44.0,-3.8602474587407
322167,147.0,1897.0,100.0,1.66197171818913
337093,1878.0,1894.0,103.0,-9.76108288418764
301335,1888.0,1904.0,98.0,-2.43566681631218
109620,1876.0,13.0,45.0,14.9854948158609
66380,1903.0,1901.0,12.0,-0.0132857876516997
371134,163.0,1430.0,180.0,3.74408926944849
328125,1892.0,1901.0,101.0,-4.98761594162283
106372,1347.0,1908.0,45.0,-4.3441082921395
163363,1884.0,1910.0,168.0,-0.0565749450141845
181778,147.0,1914.0,174.0,-0.528389881201383
284660,1913.0,1887.0,77.0,-0.753971943959027
337418,1331.0,1882.0,103.0,-0.579190501202232
45537,948.0,1910.0,6.0,12.1281429355087
192614,1881.0,1896.0,176.0,-4.81333444729304
269045,1913.0,1910.0,74.0,-4.84711142325143
372642,101.0,1897.0,109.0,-3.13854319149348
325886,1902.0,1430.0,101.0,-2.22547956220988
252817,1431.0,1560.0,71.0,12.6815372189936
397658,1891.0,195.0,112.0,5.55845972329489
87143,1921.0,1923.0,172.0,-1.96532311040423
26240,1875.0,47.0,4.0,0.534685845189696
422890,1895.0,1909.0,115.0,1.2599579331913
644554,164.0,1902.0,167.0,1.3405779137945448
265973,48.0,3.0,73.0,-9.98406824974607
109859,27.0,1559.0,45.0,1.31752490664847
256957,85.0,1904.0,72.0,-1.61634296023719
174470,1924.0,1898.0,52.0,-23.5697680594519
435080,85.0,18.0,116.0,2.83347862446545
169811,14.0,1884.0,51.0,0.0584151115150737
113345,1919.0,788.0,167.0,-11.7685715247643
264758,1876.0,1884.0,73.0,-5.13053892149171
56312,1886.0,1917.0,9.0,-1.14757353469118
339807,1913.0,1884.0,103.0,1.02213448597449
110694,101.0,1899.0,167.0,-7.01993040667779
74628,1877.0,13.0,13.0,0.962356579242999
435165,748.0,1908.0,116.0,2.67446659589915
374876,1183.0,1878.0,109.0,-1.63926495982299
311995,1183.0,677.0,186.0,2.52190901897191
265449,14.0,1886.0,73.0,-3.55507667066974
11506,163.0,1883.0,2.0,3.93401652335372
399917,1924.0,164.0,112.0,3.26692802609056
113203,1348.0,1923.0,167.0,-1.63188894903285
199540,1183.0,131.0,54.0,3.19634179169783
321843,1885.0,1671.0,100.0,-1.48255990332172
328313,1891.0,150.0,101.0,2.58947220687494
108877,1430.0,1916.0,45.0,2.12952109405012
13685,1560.0,1928.0,2.0,-0.147134055224763
373686,164.0,1881.0,109.0,1.37118471199274
341080,1342.0,1337.0,103.0,-5.6358921547236
70242,1920.0,1928.0,12.0,2.63740222432741
227564,1913.0,136.0,57.0,3.79941725235101
251653,147.0,1886.0,71.0,-1.16446119430129
60254,1183.0,1908.0,10.0,-0.888028009970949
189200,1902.0,15.0,175.0,0.373502369851611
251574,1883.0,1892.0,71.0,0.9513317723457
251121,1559.0,1914.0,71.0,7.12858036315706
398176,164.0,1431.0,112.0,3.29845305525884
200688,1906.0,1892.0,54.0,-6.03494996509737
62335,1916.0,1922.0,10.0,-2.54950858902139
263806,101.0,1895.0,73.0,1.92882230751876
236723,1877.0,1183.0,60.0,3.05238156660129
27275,1926.0,1914.0,4.0,0.15963245377911
224448,1431.0,1347.0,57.0,-8.58540870526268
335576,1924.0,1921.0,102.0,3.13586553353522
630129,1878.0,1902.0,72.0,1.7957652543818452
6153,101.0,1910.0,1.0,-0.835717833046315
313764,1919.0,1431.0,186.0,4.63604300154695
98837,1913.0,1916.0,44.0,5.26062678694052
331989,136.0,13.0,102.0,2.17791977738012
256983,1917.0,1923.0,72.0,-3.64346301118342
33523,82.0,1917.0,166.0,2.47975106371651
416537,3.0,1905.0,114.0,4.02943069701209
170488,1906.0,20.0,51.0,2.70110804317089
335127,604.0,1559.0,102.0,1.96347123777046
276848,1885.0,1893.0,75.0,9.77432886251706
178531,1347.0,18.0,53.0,-2.35013448276321
272292,1886.0,1927.0,179.0,3.0471428855376
8755,101.0,1909.0,2.0,-1.24744319742163
72503,1183.0,47.0,13.0,3.53339056576495
360963,229.0,1927.0,108.0,-5.27118116322026
49611,1884.0,1921.0,7.0,1.82655033524306
170196,229.0,1875.0,51.0,4.54577900598131
182216,1671.0,1917.0,174.0,-1.05823657064248
104397,544.0,1915.0,173.0,6.49147315502063
267792,1902.0,1560.0,74.0,6.20589913593366
286009,655.0,1915.0,77.0,-3.65269636084258
5542,101.0,1904.0,1.0,-3.93863464200811
183336,136.0,788.0,174.0,0.378018455831768
304433,160.0,1924.0,98.0,4.71830393848684
166075,131.0,1928.0,168.0,-3.94678233544239
70306,1430.0,1928.0,12.0,-2.96496705481028
371899,3.0,1882.0,180.0,1.22236725322152
185965,83.0,1886.0,174.0,-1.63913986709367
401491,1877.0,1882.0,112.0,4.1671204416643
202093,1876.0,1908.0,54.0,-1.3912511466806
165700,229.0,1911.0,168.0,3.36814169616939
437917,1337.0,1903.0,116.0,-7.27674713730822
71761,1913.0,47.0,13.0,-4.51523006086319
44897,1909.0,164.0,6.0,16.6222049400545
106146,1878.0,1887.0,45.0,-4.15725919409366
422973,1331.0,1890.0,115.0,-1.045702076744
73221,1880.0,1894.0,13.0,6.78772772756012
195286,48.0,1880.0,176.0,-13.901380183452
371754,1924.0,1900.0,180.0,0.867699497313617
15496,146.0,72.0,3.0,2.00014954251281
75003,1906.0,1671.0,13.0,-5.76079876044974
225795,120.0,1907.0,57.0,2.00932945528156
304109,604.0,147.0,98.0,1.53138502566632
282623,1888.0,1901.0,77.0,-3.21817793641728
89048,160.0,1893.0,172.0,4.76596650004072
97259,147.0,47.0,44.0,6.4858697522597
227698,1337.0,1671.0,57.0,-4.1981805860941
246220,1888.0,150.0,70.0,0.455312216717344
329789,1920.0,1889.0,101.0,-4.0853068932646
277587,1431.0,1916.0,75.0,-0.123545932873784
247051,14.0,1899.0,70.0,1.98980463411849
202413,1886.0,1892.0,177.0,-0.274044338518044
221917,48.0,20.0,56.0,11.861862079611
400913,1924.0,1912.0,112.0,12.2987531903918
274409,1877.0,1887.0,179.0,0.153056396064518
161511,1895.0,1923.0,168.0,-0.318300195840264
344014,1894.0,1923.0,104.0,-2.9468648300339
311725,1898.0,1890.0,186.0,6.20602421438765
179166,1886.0,677.0,53.0,0.381357997961212
313057,163.0,1907.0,186.0,-2.98124699543796
276235,1920.0,1876.0,179.0,4.66678945053044
323723,544.0,1880.0,100.0,-4.92957035416602
389840,1915.0,11.0,111.0,2.76850565338239
273982,47.0,18.0,179.0,-3.29273660365809
339228,20.0,1901.0,103.0,-3.23229254539537
396906,1899.0,72.0,112.0,0.105768866087747
112772,1914.0,1918.0,167.0,2.59581594076822
72251,1902.0,1923.0,13.0,4.75769630263459
271273,20.0,1908.0,74.0,-4.19281079832113
27682,160.0,1891.0,4.0,1.2386019441284
331349,1907.0,1882.0,102.0,7.21089347019153
51132,1224.0,1890.0,7.0,1.57639433243311
249495,160.0,131.0,70.0,0.084714524863757
62684,20.0,788.0,10.0,-11.3925894621424
332057,1914.0,788.0,102.0,5.96848032017744
314057,655.0,1905.0,186.0,-0.0084299140664069
249247,655.0,1914.0,70.0,-1.67286313774426
108652,160.0,72.0,45.0,7.84989694858482
400572,229.0,20.0,112.0,-3.94892194235295
208168,1897.0,1342.0,178.0,-8.297414888586
111973,1898.0,1911.0,167.0,-1.09782976580822
361011,1905.0,1430.0,108.0,0.136406955136992
75189,160.0,1876.0,13.0,8.34818422882967
276752,27.0,1902.0,179.0,-2.9740220842582
338992,1332.0,1894.0,103.0,-12.6746270971524
7496,83.0,1906.0,1.0,14.1146302624186
166738,1886.0,1923.0,51.0,-0.914826858484377
87869,146.0,1882.0,172.0,1.55238265026338
241670,101.0,748.0,69.0,-0.5059472751404
320268,27.0,1902.0,99.0,-2.04047839376198
332494,1911.0,1918.0,102.0,-4.33141445553576
438045,1924.0,1903.0,116.0,3.72986016143312
185062,1906.0,1916.0,174.0,2.22770752122596
11867,3.0,1909.0,2.0,-5.27172029812497
400970,1342.0,1559.0,112.0,-2.85342053271729
270404,48.0,1896.0,74.0,14.1148876000708
220782,1881.0,131.0,56.0,-0.055249611430955
361263,1430.0,15.0,108.0,-3.79258331932855
102870,1896.0,1348.0,173.0,-1.76307058833555
86100,1883.0,1882.0,172.0,-1.76422497654425
32431,160.0,1926.0,166.0,3.07675844328119
26226,101.0,120.0,4.0,0.93245356630597
192238,1883.0,1922.0,176.0,5.04941735115235
241636,748.0,150.0,69.0,-0.152137533654302
111259,1910.0,1923.0,167.0,-4.6417991824765
427025,1342.0,1224.0,115.0,-3.65659641909773
47770,1877.0,1900.0,6.0,-0.947503303206219
25900,1917.0,1892.0,4.0,-3.66500676346943
300157,1671.0,17.0,98.0,1.40555566641549
437771,48.0,1332.0,116.0,-4.79863193937202
283784,20.0,150.0,77.0,4.36808643330538
265303,3.0,1917.0,73.0,-5.73224684181146
252343,1879.0,150.0,71.0,-1.73683766079831
166303,1895.0,1903.0,51.0,0.569220593442229
86397,1885.0,1884.0,172.0,5.47956584225681
328621,1925.0,1907.0,101.0,4.97012865325506
216960,1876.0,136.0,55.0,-2.30480465259021
201790,160.0,1876.0,54.0,4.35658268026165
259598,604.0,1893.0,72.0,0.184423226273588
331343,146.0,1927.0,102.0,2.60269832919287
215685,163.0,1923.0,55.0,3.76269548613336
31945,14.0,788.0,166.0,11.472652746629
274038,1904.0,1560.0,179.0,-0.263495893582388
315113,1342.0,1337.0,186.0,-7.25964110017915
359219,948.0,1912.0,108.0,3.12957411668279
387909,1903.0,1914.0,111.0,8.2599370653692
388953,948.0,48.0,111.0,11.8141020606525
55879,1183.0,1331.0,9.0,-5.96508995304263
279650,1926.0,1183.0,75.0,-3.15593081171271
318746,1925.0,146.0,99.0,-0.473810248535822
642266,1348.0,1902.0,1.0,-3.75313918666496
4839,1183.0,1671.0,1.0,-3.92216687134582
237535,83.0,101.0,60.0,12.9336814260061
268845,47.0,1347.0,74.0,3.21726346119344
360973,1905.0,1912.0,108.0,-4.57819808080945
328907,544.0,1880.0,101.0,-7.11131371948932
44451,1899.0,1917.0,6.0,-6.40460769272223
28685,160.0,1890.0,4.0,2.18213230277555
15931,1331.0,17.0,3.0,4.88505631607
417576,1905.0,1921.0,114.0,-17.7142833919572
398357,5.0,18.0,112.0,-3.52588909174996
414986,1884.0,1886.0,114.0,0.165361520145919
329967,1913.0,1886.0,101.0,-5.38447158475443
194812,655.0,160.0,176.0,4.4281662467148
175085,655.0,1893.0,52.0,22.4884322958007
7679,1919.0,147.0,1.0,-3.34984055332904
437606,1926.0,1888.0,116.0,-1.68571432601025
257465,1878.0,1903.0,72.0,0.753037000532267
167777,83.0,150.0,51.0,0.707221418472949
208869,146.0,1894.0,178.0,-0.209116172499371
50912,1891.0,1898.0,7.0,-3.15353668973919
112452,1431.0,1889.0,167.0,-1.76372401438183
191805,1915.0,1921.0,175.0,-1.89270279970187
98508,1906.0,1881.0,44.0,1.42509571219988
168867,1904.0,5.0,51.0,-6.36315170842153
224527,1560.0,1908.0,57.0,3.18779039176792
115335,1913.0,1900.0,167.0,-3.10392485826573
85593,101.0,1896.0,172.0,26.4610703729541
304790,1924.0,1902.0,98.0,5.00610460661582
270935,229.0,1342.0,74.0,4.7265383388786
9695,1903.0,1923.0,2.0,3.16507827212769
240974,1881.0,131.0,69.0,-0.25441911164159
254250,1915.0,1885.0,71.0,4.782024874302
274028,1891.0,1348.0,179.0,-10.4480475458439
258145,1912.0,147.0,72.0,-2.63890791436009
337221,1915.0,1898.0,103.0,5.86763667229014
231019,948.0,1918.0,58.0,9.32222592337657
254452,27.0,1431.0,71.0,6.61667774805116
11001,1894.0,1431.0,2.0,6.1147138505774
340180,1913.0,1905.0,103.0,2.88750199061881
642299,146.0,1902.0,2.0,4.054178307287931
101559,1885.0,1898.0,173.0,1.87956491308855
326516,1431.0,1901.0,101.0,2.6241833905284
426814,48.0,1915.0,115.0,-7.12889043340791
187186,1910.0,1922.0,175.0,-0.441613362701226
43887,101.0,1917.0,6.0,0.540025977977653
343921,13.0,11.0,104.0,-6.61389903037902
254531,83.0,1884.0,71.0,3.63573964600736
328245,1878.0,1888.0,101.0,-11.4963004445749
301322,164.0,1916.0,98.0,8.75910492627297
64429,1920.0,1560.0,10.0,-1.7774055551124
228615,20.0,1347.0,58.0,-13.3145868164895
367694,1559.0,150.0,180.0,-6.63845260324182
344707,1905.0,1880.0,104.0,-9.85066136822724
282619,1909.0,1914.0,77.0,0.244758112080848
425136,1347.0,147.0,115.0,-2.90285882281546
28875,160.0,1910.0,4.0,-2.96601325179362
30086,1348.0,1910.0,166.0,4.53096895388909
28553,163.0,748.0,4.0,1.97452225545808
176680,101.0,1884.0,53.0,0.932260347695546
101816,1347.0,13.0,173.0,-0.333357259672765
189916,1906.0,1907.0,175.0,-4.53995655481803
14970,1893.0,1892.0,3.0,1.91008233723834
339832,1342.0,1893.0,103.0,-2.21318876642888
165770,1337.0,1560.0,168.0,-0.99743846666437
311464,1902.0,1876.0,186.0,2.72407948247617
33775,1920.0,1900.0,166.0,-3.27556524150431
286783,1430.0,85.0,77.0,1.73596820652362
287176,1889.0,788.0,77.0,6.99715325354363
175291,544.0,1918.0,52.0,2.05125519827219
286221,544.0,27.0,77.0,8.19310083641242
17966,229.0,544.0,3.0,-1.17741984713899
361682,1898.0,1928.0,108.0,-9.01796542824716
108598,1924.0,229.0,45.0,5.71430223506871
4765,1347.0,131.0,1.0,0.509308152439164
75395,48.0,1882.0,13.0,4.351988584773
177220,1908.0,677.0,53.0,-4.38891188154001
300059,1899.0,120.0,98.0,0.395531046594457
180955,655.0,1920.0,53.0,-2.75495435600449
174908,1924.0,1431.0,52.0,2.86437815220137
330674,160.0,1902.0,101.0,8.30728268803644
24665,1893.0,1331.0,4.0,2.16146995987903
179405,1913.0,1894.0,53.0,-8.39280301060997
111068,11.0,1922.0,167.0,3.38896368250547
205642,655.0,1916.0,177.0,0.0214290668972042
206038,229.0,1893.0,177.0,31.8708507224702
427207,1876.0,1886.0,115.0,7.32371519607022
166417,1916.0,1927.0,51.0,3.38994965911685
100211,1876.0,1900.0,44.0,5.86593460360239
47316,544.0,1889.0,6.0,-5.02871992407368
302306,5.0,11.0,98.0,-3.12866894915116
255025,1906.0,1888.0,71.0,3.4237453184728
186865,136.0,147.0,175.0,2.69688930815449
304036,1915.0,1430.0,98.0,4.87980033450411
170555,229.0,1888.0,51.0,-0.0884388407029729
200665,1342.0,146.0,54.0,-2.36324949889066
109059,83.0,1891.0,45.0,3.2821226181397
231132,748.0,788.0,58.0,-5.44727366549995
325813,1337.0,1332.0,101.0,-5.27990352308616
89806,1430.0,1559.0,172.0,-7.96064508439415
5036,1888.0,1671.0,1.0,0.725723211975672
197190,1915.0,1902.0,176.0,-7.61872001780261
437380,604.0,1224.0,116.0,-2.32600984201323
4297,1183.0,1894.0,1.0,9.08564443949872
87776,1875.0,1878.0,172.0,0.984346661696527
283341,1899.0,1887.0,77.0,0.50153542289923
370574,48.0,1431.0,180.0,12.1306386685211
399858,1332.0,1901.0,112.0,-0.31775261542958
252355,1881.0,5.0,71.0,-4.74626291134552
72163,136.0,1891.0,13.0,-3.80812768487652
324326,604.0,20.0,100.0,-4.77350294521506
223737,136.0,1886.0,57.0,4.19055378985681
360136,1925.0,5.0,108.0,-8.41740125009278
170951,655.0,1882.0,51.0,-1.71232489614967
374380,1347.0,1882.0,109.0,4.28634875136792
171220,1881.0,1928.0,51.0,6.24795860974959
4153,1906.0,788.0,1.0,5.46804476184012
181699,83.0,1928.0,53.0,-0.573943339247474
172785,1883.0,195.0,52.0,1.55330377148835
196974,1926.0,677.0,176.0,-4.79318500327229
630174,1891.0,1902.0,7.0,-0.2923790725413899
317829,1881.0,1895.0,99.0,-1.19241412773904
176183,1430.0,1900.0,52.0,-0.092750254211907
173996,1904.0,788.0,52.0,4.50121776255814
270045,1430.0,677.0,74.0,5.66145474865503
165828,604.0,3.0,168.0,-0.831314597027066
87253,136.0,131.0,172.0,0.346595166366007
68714,1920.0,146.0,12.0,-0.0267400029974374
211224,27.0,11.0,178.0,8.95546515615089
69409,1924.0,1430.0,12.0,0.523692343879519
276315,1905.0,1906.0,179.0,-3.65195613680544
56564,150.0,1901.0,9.0,1.77327325538658
193765,150.0,1921.0,176.0,11.2656623345472
389950,48.0,1891.0,111.0,3.37868633812871
161811,146.0,195.0,168.0,1.29913410731841
199845,1887.0,1917.0,54.0,2.0454999152091
259979,1342.0,1348.0,72.0,0.203251802829495
86817,47.0,1347.0,172.0,0.205633570444108
335712,229.0,1903.0,102.0,3.40741312937987
278226,1887.0,1922.0,75.0,-0.300896388740594
400353,1919.0,1431.0,112.0,4.46046841665925
257556,1893.0,1923.0,72.0,-1.51241295091676
206670,14.0,120.0,177.0,2.45823905529914
180295,604.0,11.0,53.0,5.92033342274433
332655,1898.0,195.0,102.0,0.400019383691583
200591,1877.0,1331.0,54.0,5.33724858423512
250401,1337.0,1559.0,70.0,-2.19457066655633
390543,1337.0,20.0,111.0,0.188756779392273
225799,1331.0,1882.0,57.0,0.291175159914857
196998,82.0,1919.0,176.0,4.0525167144956
301091,1900.0,1886.0,98.0,-3.1779996284395
377168,604.0,15.0,109.0,9.95052672666966
33543,1926.0,1920.0,166.0,-1.6472610968927
248371,1888.0,5.0,70.0,1.90534672845399
629479,1904.0,1902.0,55.0,-1.919938396325954
110463,1559.0,1928.0,45.0,-2.01588707544582
343461,1886.0,1909.0,104.0,-0.081732833967064
177722,1897.0,120.0,53.0,-5.20142709454564
323465,1925.0,195.0,100.0,-6.85017892800266
192668,1885.0,1224.0,176.0,-1.43600525936025
200440,1906.0,229.0,54.0,-1.36238225710046
161232,1884.0,1922.0,168.0,6.93854290659466
345516,1337.0,1888.0,104.0,-0.31177865345711
43823,1348.0,1923.0,6.0,0.744537759592745
189317,1895.0,1671.0,175.0,-3.20524234709329
98250,544.0,47.0,44.0,8.59638991992624
213049,748.0,1918.0,55.0,4.41056766858398
186971,1884.0,1883.0,175.0,3.71382559623727
58792,1919.0,1882.0,9.0,-8.46328778722344
280630,1430.0,544.0,75.0,2.57394366254674
54983,1898.0,18.0,9.0,1.65580940602799
370774,655.0,1893.0,180.0,30.6672620669683
5816,1183.0,1891.0,1.0,-17.8337588436951
212412,1337.0,1908.0,178.0,-14.0567064225351
72915,1875.0,147.0,13.0,3.226285087822
320251,1915.0,1902.0,99.0,3.92553882481857
270825,1925.0,1920.0,74.0,2.68764311271916
245139,48.0,1332.0,69.0,5.8699674565945
390448,1926.0,48.0,111.0,12.7410144296502
179026,1908.0,1892.0,53.0,-1.38751882199594
243441,1919.0,1894.0,69.0,-6.03529323239915
28176,1926.0,1559.0,4.0,2.44275292927132
232979,604.0,1920.0,58.0,0.441365190773217
401452,229.0,1878.0,112.0,-3.32846264258805
374640,1898.0,15.0,109.0,-2.44803553047044
8235,1926.0,748.0,1.0,6.91971208471108
105618,136.0,1883.0,45.0,2.16985747631891
236268,1907.0,1917.0,60.0,-0.14271591791857
65792,1883.0,788.0,12.0,3.23429578252339
86944,1881.0,1908.0,172.0,-1.61765548643817
179795,1337.0,229.0,53.0,0.361052299427848
196338,1877.0,1559.0,176.0,-2.21366076025673
165240,1905.0,1917.0,168.0,-10.7291288398682
375033,1915.0,47.0,109.0,-0.55932634376429
301607,1881.0,1922.0,98.0,-9.67381747799692
180421,27.0,544.0,53.0,-4.34754705514165
436900,1926.0,1893.0,116.0,0.734933085607978
27667,3.0,1893.0,4.0,-0.893042634128523
107028,1902.0,1877.0,45.0,2.27998540377214
330274,160.0,1876.0,101.0,13.1752332881035
339049,1430.0,72.0,103.0,3.48915660931808
268386,72.0,1347.0,74.0,-0.731173213803805
311211,1902.0,1905.0,186.0,5.24491230002555
274773,27.0,1883.0,179.0,7.40119914303668
414198,1348.0,1923.0,114.0,1.57470578545812
413868,1430.0,1347.0,114.0,3.34980528980633
4607,101.0,1912.0,1.0,-7.28650167323208
370242,48.0,164.0,180.0,7.85737422634507
237716,655.0,101.0,60.0,38.932426745271
248095,1908.0,11.0,70.0,-5.53777892340244
249613,160.0,1893.0,70.0,2.77387360225377
312940,655.0,1922.0,186.0,0.42828402070391
399130,1885.0,150.0,112.0,7.50386487164431
375239,3.0,1907.0,109.0,-1.66601676307503
276366,14.0,1337.0,179.0,4.59820412482608
361695,1923.0,1928.0,108.0,1.32314679265754
646690,1900.0,1902.0,176.0,0.0449960628349449
259482,229.0,131.0,72.0,3.07449496659434
346432,160.0,1928.0,104.0,0.410891544577816
219737,1881.0,18.0,56.0,1.57277928503065
326560,1880.0,1903.0,101.0,2.69327642740221
88361,48.0,1894.0,172.0,15.1590335295346
190967,48.0,1889.0,175.0,6.70894707645354
635328,146.0,1902.0,179.0,0.282806439195867
162697,1913.0,150.0,168.0,2.90819563548132
67603,1224.0,131.0,12.0,-0.954805511123442
344029,13.0,17.0,104.0,-1.42888474765435
277021,1878.0,1916.0,75.0,-1.02129500015247
247763,1903.0,17.0,70.0,-1.32824550424614
181458,1924.0,3.0,53.0,-0.849596031875911
166647,1893.0,1927.0,51.0,2.00023828640653
414851,1890.0,1918.0,114.0,-5.57751102149186
65548,1900.0,11.0,12.0,0.260216695708772
50902,195.0,11.0,7.0,-0.418879533242313
344410,1919.0,1901.0,104.0,-1.36103617695269
251583,1899.0,1887.0,71.0,-0.654508495195875
414846,120.0,1895.0,114.0,1.25263993577269
238141,1925.0,1917.0,60.0,-8.52938218702728
260529,1925.0,748.0,72.0,-5.28602432904219
367081,1183.0,147.0,180.0,2.17218072895427
270964,1906.0,1878.0,74.0,-2.2943642509946
277229,1559.0,1911.0,75.0,6.37604384536009
391113,1925.0,1337.0,111.0,-4.37679703093667
189169,147.0,1921.0,175.0,-6.96349154605304
114286,1915.0,1893.0,167.0,2.95431095991923
61159,27.0,1332.0,10.0,-1.86939571070812
236205,1560.0,1916.0,60.0,-0.346423472852468
321830,1899.0,1671.0,100.0,-0.639689928321593
250788,1876.0,1890.0,70.0,-4.6485029834697
173415,1882.0,17.0,52.0,3.38085627147272
256356,146.0,1904.0,72.0,-2.64473973320744
65230,136.0,1889.0,12.0,-3.84204137591945
219139,1902.0,1877.0,56.0,-3.66477988843208
251471,948.0,1332.0,71.0,1.46278737757106
335094,1924.0,544.0,102.0,9.10301656974942
329074,1906.0,1880.0,101.0,-9.83820501541941
329241,1906.0,101.0,101.0,12.0764355145334
107452,1877.0,1347.0,45.0,3.06196169938151
399405,1347.0,146.0,112.0,-8.71076827648876
389356,1876.0,1907.0,111.0,-6.33090629386353
201251,20.0,5.0,54.0,-0.135580532139312
46576,20.0,1916.0,6.0,-3.36376771268558
9800,147.0,164.0,2.0,-1.54343082885199
433269,1559.0,1884.0,116.0,1.28952438479852
31751,948.0,1347.0,166.0,1.49251140085777
273923,1886.0,195.0,179.0,0.619723993224333
304570,1906.0,1900.0,98.0,1.5733745631931
229186,1898.0,1914.0,58.0,-7.792717995586
324470,3.0,13.0,100.0,-0.826587081917348
367769,47.0,1888.0,180.0,-2.90904011988089
9573,1889.0,1909.0,2.0,-4.64316471221249
273073,147.0,1896.0,179.0,-2.79956034348551
336256,1900.0,1907.0,103.0,0.434491999078526
325514,1901.0,1928.0,100.0,-8.56431430318973
332128,1907.0,1927.0,102.0,0.84448914807903
231537,544.0,1907.0,58.0,-5.28658295893201
390852,1924.0,1671.0,111.0,6.56249350453819
182732,1671.0,18.0,174.0,1.10039695620566
262675,1896.0,1914.0,73.0,-1.34130427116878
112052,1559.0,1893.0,167.0,-1.46617798102445
357533,1898.0,1892.0,108.0,3.71948038692093
342739,1903.0,164.0,104.0,6.01694583705558
397850,1891.0,164.0,112.0,7.12109432166937
373622,1342.0,150.0,109.0,4.59498454973236
388556,72.0,1671.0,111.0,2.3070766524656
343990,1900.0,18.0,104.0,-0.151026240569809
231503,48.0,1883.0,58.0,-5.47180577459771
185598,655.0,1915.0,174.0,-0.700295846317839
229853,1884.0,1914.0,58.0,-5.58899057295843
195824,1342.0,1891.0,176.0,-1.29121341563162
228570,1902.0,1910.0,58.0,2.05496098729373
59160,1342.0,14.0,9.0,-4.58416955559963
390494,27.0,1886.0,111.0,2.42544868193349
370877,655.0,1884.0,180.0,2.08934424696673
250771,1876.0,1560.0,70.0,-1.84325260899358
25326,1904.0,11.0,4.0,-0.33982050574914
344149,1877.0,1908.0,104.0,-1.74457116939154
333651,1920.0,85.0,102.0,2.15052538310782
269917,1337.0,1904.0,74.0,-9.12308631462452
103329,1913.0,1923.0,173.0,-4.27686695738391
635331,1903.0,1902.0,179.0,1.1675500755537966
173654,1917.0,1923.0,52.0,2.80571711910474
214210,1912.0,1910.0,55.0,2.94524357378751
328054,147.0,13.0,101.0,-0.518926413459551
633612,1894.0,1902.0,109.0,8.41042331549128
287054,1897.0,1928.0,77.0,6.59942837293996
88369,1925.0,1923.0,172.0,-4.59445892346336
301131,1891.0,85.0,98.0,0.332768065220839
10587,150.0,1560.0,2.0,5.59195778351456
178427,1878.0,11.0,53.0,-4.9123732695854
235364,1331.0,147.0,60.0,-1.94365016770172
25391,5.0,788.0,4.0,-0.137028554342463
193698,1881.0,677.0,176.0,-1.2826833196682
112466,1559.0,17.0,167.0,-4.00556003074928
269007,1881.0,1883.0,74.0,5.81088415927687
323838,604.0,1914.0,100.0,3.45863934929248
258068,1331.0,17.0,72.0,0.420630385508275
269367,83.0,72.0,74.0,-0.373036752401697
415247,1348.0,5.0,114.0,-1.66383326633225
57220,160.0,82.0,9.0,8.53895141191973
72584,15.0,11.0,13.0,-4.04038785510628
427684,1913.0,20.0,115.0,4.6001138646957
115196,1332.0,1903.0,167.0,4.97088063418196
367777,1908.0,18.0,180.0,2.32485771888399
277430,1912.0,1911.0,75.0,-2.37967111731152
186196,604.0,1342.0,174.0,-0.987339879387877
57838,1332.0,11.0,9.0,-2.2949716106228
233362,1337.0,1922.0,58.0,-21.5085658403579
75176,229.0,1560.0,13.0,5.60577112388749
57629,1430.0,1880.0,9.0,-0.691963918866916
331064,1877.0,1899.0,102.0,-1.07539035101164
368954,1908.0,13.0,180.0,3.89273455204867
358319,82.0,1899.0,108.0,-1.03824658488366
48855,1885.0,1910.0,7.0,-0.760801349029502
423286,1889.0,1890.0,115.0,-1.43943501912702
329059,1919.0,1880.0,101.0,-10.8136780594542
192521,1911.0,11.0,176.0,2.36158252824254
242128,1183.0,147.0,69.0,3.91691166935773
7202,14.0,1431.0,1.0,2.25960913236496
335760,1430.0,1890.0,102.0,-3.14333387443073
343497,1430.0,1347.0,104.0,1.52332205557752
281060,1337.0,136.0,75.0,-14.6847491696181
388083,195.0,1890.0,111.0,6.05390838012942
70387,160.0,1902.0,12.0,8.78468776965264
209831,15.0,1921.0,178.0,-2.22498781569874
59174,3.0,1337.0,9.0,1.79540494869275
415012,1342.0,1560.0,114.0,0.110244290193654
161666,1914.0,1910.0,168.0,-0.233259297359288
163278,85.0,1903.0,168.0,-2.14850979050399
187887,748.0,17.0,175.0,1.39479717145417
67258,82.0,1332.0,12.0,-5.25666978988662
95415,1894.0,1903.0,44.0,-4.62761978050671
327945,18.0,788.0,101.0,0.716952657513769
18328,1876.0,1878.0,3.0,6.45332897666147
368871,72.0,788.0,180.0,3.70986343421619
299866,1910.0,1927.0,98.0,0.0750752508477773
334460,1337.0,101.0,102.0,9.51584327453143
322375,1895.0,11.0,100.0,-4.53533876391494
345393,20.0,1895.0,104.0,-5.43678337081155
173177,195.0,1671.0,52.0,-14.6028702182314
101008,948.0,1898.0,173.0,8.09006440673948
401638,27.0,1908.0,112.0,6.04102577642742
75337,1332.0,85.0,13.0,-1.77370130761234
286178,1919.0,147.0,77.0,0.214616078143486
171293,1883.0,1928.0,51.0,12.557651989958
52690,655.0,1917.0,7.0,4.94527878700129
17601,1915.0,27.0,3.0,-0.261032047218186
169608,604.0,163.0,51.0,6.93826954986729
213794,1881.0,1671.0,55.0,4.71681385860973
191588,1926.0,1890.0,175.0,1.73133642898362
396988,1885.0,18.0,112.0,4.09392757586088
333619,147.0,1898.0,102.0,-3.03628270107944
209612,1347.0,13.0,178.0,-6.45347253840873
28263,1430.0,120.0,4.0,3.39159965820603
208803,1893.0,195.0,178.0,-4.03051304909582
227790,14.0,748.0,57.0,0.0539266035281927
187905,136.0,1882.0,175.0,4.52471392109089
235527,1347.0,1907.0,60.0,-1.4542474897685
304867,1915.0,1928.0,98.0,-15.4345369897194
213861,150.0,1911.0,55.0,-2.40394490841848
331614,13.0,11.0,102.0,-0.112729051061162
361320,1924.0,1890.0,108.0,5.85918169245862
248881,1925.0,1894.0,70.0,3.15409146638349
273461,1887.0,164.0,179.0,-6.47198557443131
179493,14.0,72.0,53.0,0.518746323294053
48076,1924.0,14.0,6.0,0.311638132274864
57389,655.0,72.0,9.0,8.13299573252244
101973,1880.0,1881.0,173.0,7.0479540914388
199217,1671.0,1224.0,54.0,0.491052421920059
210608,655.0,82.0,178.0,9.94536384909548
207957,131.0,11.0,178.0,4.19856096718162
231086,1899.0,1895.0,58.0,12.8663178155096
256546,1914.0,18.0,72.0,6.29630426996792
359804,1905.0,1331.0,108.0,-8.02397726329765
57827,1905.0,11.0,9.0,2.23525630626618
337829,164.0,195.0,103.0,-2.28669812797496
238671,1926.0,1878.0,60.0,-0.617547916283116
188821,1895.0,72.0,175.0,-2.17760887675988
278527,1889.0,1912.0,75.0,2.11038164292706
5681,85.0,1910.0,1.0,-0.164759656274998
369726,948.0,1927.0,180.0,4.09674774828667
221091,160.0,1919.0,56.0,6.75742030087236
178966,948.0,1882.0,53.0,-5.00866998234664
16679,1905.0,72.0,3.0,-0.488756544037168
436054,1913.0,14.0,116.0,6.52053942050154
105646,1559.0,85.0,45.0,3.18259129056402
226301,1925.0,1923.0,57.0,4.64913141534052
217607,48.0,15.0,55.0,-15.9355585496193
62379,1881.0,17.0,10.0,1.20924479963863
358077,1559.0,1927.0,108.0,-1.3186572814517
389367,48.0,229.0,111.0,-3.34813499487953
188921,1891.0,164.0,175.0,-1.61032916894824
178256,1884.0,11.0,53.0,-2.5727316665059
219729,1903.0,788.0,56.0,-0.749585302381599
243997,1337.0,1909.0,69.0,-3.58602634718218
198321,72.0,1431.0,54.0,-0.41399530328911
73557,544.0,1894.0,13.0,8.15647571846724
98113,1895.0,1923.0,44.0,-4.50693786790926
192367,1431.0,1916.0,176.0,0.37206356055186
328378,131.0,1892.0,101.0,-1.84563743254307
71462,1902.0,1922.0,13.0,-4.93489097838632
52619,1876.0,20.0,7.0,-2.06645666149073
345572,1430.0,136.0,104.0,-3.54946621701658
372859,1904.0,1922.0,109.0,1.90262055966444
272539,1893.0,1914.0,179.0,0.976064977976248
253339,1337.0,1899.0,71.0,-0.622534789952209
89860,48.0,1342.0,172.0,2.9748067824972
4816,1899.0,1881.0,1.0,-3.35084085700084
233396,83.0,1922.0,58.0,-9.64850916054995
213778,1880.0,85.0,55.0,14.393889645692
100897,1895.0,1914.0,173.0,2.14213991418153
203593,120.0,195.0,177.0,3.29201171315438
222793,1920.0,1890.0,56.0,0.324404392870754
426888,1915.0,1348.0,115.0,-3.97186137855368
343240,147.0,1927.0,104.0,3.32147992616686
201067,1332.0,18.0,54.0,-4.93841010572568
161865,1880.0,1903.0,168.0,3.79806874891671
112120,1342.0,1910.0,167.0,1.40145224915553
314503,1905.0,1912.0,186.0,-8.04744691351585
276797,150.0,1928.0,179.0,13.342040774077
67861,1909.0,1918.0,12.0,27.8613892755918
257397,146.0,1895.0,72.0,-0.715125096872704
324861,163.0,1888.0,100.0,5.10814488591293
335050,163.0,1224.0,102.0,0.779631906280753
423978,1880.0,1331.0,115.0,2.67982870399257
236042,1920.0,1887.0,60.0,9.64390080482658
259007,604.0,1898.0,72.0,-5.70907533622041
284761,1880.0,1881.0,77.0,2.78404911562349
376129,604.0,20.0,109.0,0.976749156404168
225258,3.0,1887.0,57.0,2.460175618031
4608,1559.0,1907.0,1.0,4.11826803574411
177239,150.0,131.0,53.0,0.622829221944117
389378,1430.0,1881.0,111.0,1.42577264658317
341997,1880.0,15.0,104.0,-4.66664080965009
371235,1430.0,1918.0,180.0,-5.56840612280199
86699,1904.0,1921.0,172.0,-4.64359657470202
108397,1906.0,1923.0,45.0,4.56217321741281
188347,1880.0,1909.0,175.0,1.40154835626687
189097,136.0,1891.0,175.0,-5.87127143670848
208261,1887.0,748.0,178.0,-2.87256375628998
329791,83.0,13.0,101.0,1.61924424202796
279105,1895.0,1901.0,75.0,1.70782899200511
333553,1879.0,748.0,102.0,-2.21507388190991
56900,1887.0,1927.0,9.0,0.304514181968747
105116,1924.0,1671.0,173.0,2.42571195701007
367559,1904.0,1911.0,180.0,3.07954172679914
228755,1878.0,1886.0,58.0,0.969577831018832
359741,160.0,229.0,108.0,2.69243490595059
315355,72.0,1908.0,99.0,0.451845453320839
359340,1900.0,1907.0,108.0,3.10256279949067
376408,229.0,1889.0,109.0,-0.0649357554220501
103296,3.0,1908.0,173.0,-7.61586247845843
17655,1926.0,1905.0,3.0,-0.0182705130408866
239048,1907.0,1928.0,60.0,-1.39660742341759
330004,229.0,1430.0,101.0,1.24035339812482
229266,101.0,1885.0,58.0,19.9543190722185
253791,1876.0,1183.0,71.0,3.38810823704102
52824,655.0,1927.0,7.0,9.03167842433591
283797,1888.0,1907.0,77.0,0.21892280682189
176568,1559.0,1922.0,53.0,3.92076001788143
270979,82.0,83.0,74.0,-6.4405425632142
11313,1903.0,1896.0,2.0,30.6443514910777
47938,1906.0,1922.0,6.0,0.517178227783545
323129,1885.0,1882.0,100.0,-2.51352384571705
278210,1347.0,1910.0,75.0,24.9705293346644
285241,1926.0,72.0,77.0,2.02658460200515
233725,1915.0,1928.0,58.0,-3.8394880939388
286511,604.0,1886.0,77.0,-2.25943179794993
185710,655.0,1875.0,174.0,0.642528174626552
100416,1876.0,1928.0,44.0,2.2375892784032
34002,1877.0,15.0,166.0,-2.06469121803858
244355,1876.0,1893.0,69.0,0.910339235139867
235587,1430.0,1332.0,60.0,0.230021102639967
633818,195.0,1902.0,12.0,-4.2507839939815
28681,655.0,1890.0,4.0,5.63298399100839
205399,14.0,1907.0,177.0,-6.28244029345642
207844,1891.0,147.0,178.0,-0.396163790653374
107183,1883.0,1918.0,45.0,-0.190923665228901
435012,1895.0,195.0,116.0,1.7805857651958
7982,1925.0,1888.0,1.0,1.1659587355759
46699,163.0,27.0,6.0,4.37544682412659
275882,20.0,1888.0,179.0,0.618270377082015
179492,1332.0,1875.0,53.0,-1.43083099468771
346072,3.0,1878.0,104.0,1.31283034277578
34122,604.0,1925.0,166.0,-0.729272316102101
228283,83.0,1928.0,57.0,-8.49194852012935
194861,1915.0,1919.0,176.0,4.80146037760429
54928,1903.0,131.0,9.0,-3.79992887951091
426023,20.0,1901.0,115.0,-5.82390127796189
414463,1909.0,1901.0,114.0,-10.5529532243925
416699,1915.0,20.0,114.0,-3.74819182158842
258829,14.0,1183.0,72.0,-8.68931245369915
271136,229.0,1878.0,74.0,-0.379522553497578
319547,1906.0,1917.0,99.0,2.09778121742585
179767,27.0,229.0,53.0,-11.2459859739124
89874,1332.0,1882.0,172.0,9.2731108316146
326152,948.0,1348.0,101.0,3.05198371619205
375741,1919.0,1892.0,109.0,0.718426534671851
190724,1332.0,1889.0,175.0,-3.98625345538774
325096,1915.0,15.0,100.0,-5.12546786352813
178817,1880.0,131.0,53.0,-3.56827560807099
222699,82.0,1906.0,56.0,4.49117295361485
631508,1895.0,1902.0,44.0,-0.0948746724833049
44796,1880.0,146.0,6.0,-0.5318609966998
194978,1332.0,1183.0,176.0,-2.41199321177691
286311,1924.0,1559.0,77.0,2.79775404285402
62377,1183.0,1560.0,10.0,-3.87327331684723
29324,1879.0,1901.0,166.0,-4.90815957109597
266630,1912.0,1895.0,74.0,1.20164664107634
243853,1924.0,1916.0,69.0,17.9346094239587
11798,544.0,164.0,2.0,-0.374158751683754
236681,1876.0,47.0,60.0,3.95719376614193
68481,1342.0,1880.0,12.0,0.049450578037835
226746,604.0,163.0,57.0,6.77281201621865
17300,20.0,101.0,3.0,0.748042064523997
300096,1883.0,164.0,98.0,0.570262205421615
217224,1430.0,748.0,55.0,-4.62980373446799
164132,163.0,164.0,168.0,3.73153531938772
399521,160.0,1922.0,112.0,-0.585956082192182
273402,1886.0,13.0,179.0,-3.76531428085981
275478,229.0,150.0,179.0,6.55841951521463
324717,1877.0,1912.0,100.0,-0.734653850659235
185538,1342.0,20.0,174.0,1.68914038752993
26699,544.0,1899.0,4.0,5.96720958777601
238708,83.0,1560.0,60.0,-4.29284386423169
332763,748.0,1907.0,102.0,-3.82363849241782
189229,1885.0,1893.0,175.0,5.73138471391116
244874,83.0,1886.0,69.0,2.04812688456107
61250,1888.0,677.0,10.0,-1.36524275626773
15350,1896.0,1895.0,3.0,0.743465983969518
108918,1926.0,604.0,45.0,12.7551240709648
334008,83.0,1907.0,102.0,0.061445659074908
101674,13.0,1921.0,173.0,0.0877329320794613
44601,1224.0,1923.0,6.0,4.03334210177161
260352,1925.0,1886.0,72.0,-5.70833070480792
209173,1905.0,1899.0,178.0,3.34714019741903
184949,160.0,1926.0,174.0,2.73896306708772
195535,544.0,604.0,176.0,1.56481828281685
303736,1877.0,1918.0,98.0,8.2819641846325
224491,1331.0,1910.0,57.0,-3.27538542709569
176982,1894.0,11.0,53.0,3.26850107829284
272492,1897.0,163.0,179.0,0.921511082840126
264845,1342.0,1893.0,73.0,-0.565000657105652
54530,1879.0,1886.0,9.0,1.55054308651491
203563,5.0,1923.0,177.0,-0.730509833300336
70970,1886.0,47.0,13.0,-4.0211540615673
225885,1901.0,1892.0,57.0,29.0683697638246
624688,1885.0,1902.0,6.0,5.684300927777145
398434,1431.0,1895.0,112.0,0.749206790222074
103777,1926.0,1916.0,173.0,14.7143287646877
425765,1876.0,1894.0,115.0,2.77849773959086
369281,1224.0,788.0,180.0,-2.200007515075
64783,1925.0,3.0,10.0,-0.404559867359257
238530,544.0,1560.0,60.0,-0.755653112453024
15601,1885.0,11.0,3.0,1.83159768721897
207185,1342.0,1903.0,177.0,-9.97610512712165
239050,15.0,1928.0,60.0,-3.89751282741308
68607,655.0,1331.0,12.0,-23.0586255274332
278143,1918.0,1927.0,75.0,3.17213763681025
53258,229.0,1903.0,7.0,3.10605358377885
169411,1926.0,1909.0,51.0,6.24880823318406
89464,1926.0,1889.0,172.0,-1.48056039573679
272314,1183.0,1893.0,179.0,7.25257951419069
200909,1920.0,17.0,54.0,-4.40671584504478
97395,101.0,1887.0,44.0,-7.86414176794576
25201,1915.0,1911.0,4.0,-0.352509134240583
174086,948.0,1918.0,52.0,1.34056726008787
390421,1925.0,1559.0,111.0,3.40244770197327
368034,948.0,604.0,180.0,8.58974784620189
259402,1925.0,5.0,72.0,5.53106124583934
189973,1913.0,1907.0,175.0,-4.97358416706283
437581,1877.0,1888.0,116.0,2.15449442950773
242810,72.0,1560.0,69.0,1.43968859609997
96712,1347.0,17.0,44.0,5.59311556498782
170926,544.0,677.0,51.0,2.00285717020228
216033,1925.0,1914.0,55.0,2.34934707970116
337423,748.0,17.0,103.0,4.73019561840396
244875,1876.0,1917.0,69.0,-3.70580970665942
6716,82.0,1883.0,1.0,1.27725831855509
359537,48.0,1883.0,108.0,2.4773769098495
163989,1430.0,1883.0,168.0,0.548901148078397
107978,146.0,1908.0,45.0,-7.28564305094822
7332,1342.0,101.0,1.0,7.47669041170087
202786,1897.0,1347.0,177.0,-4.9722744823753
103390,1906.0,1894.0,173.0,-1.84157343313947
333712,1924.0,1922.0,102.0,-0.200888510400123
233275,544.0,1900.0,58.0,-1.22312881062311
433872,82.0,1899.0,116.0,8.41733817317396
370822,160.0,11.0,180.0,-1.33262822835108
331898,47.0,1883.0,102.0,-2.07560625527652
229952,1347.0,147.0,58.0,-0.26985754266826
345634,27.0,1886.0,104.0,1.37097021547151
13657,1898.0,1928.0,2.0,-11.8660521738263
303392,1877.0,1892.0,98.0,3.07266347064057
164321,1876.0,1880.0,168.0,2.00159614546935
112959,1891.0,18.0,167.0,3.35085424741857
205893,1919.0,1914.0,177.0,10.0947858941796
256244,14.0,1898.0,72.0,-0.572094663871781
195248,1924.0,164.0,176.0,9.74407225826621
315718,677.0,1910.0,99.0,-3.50141198224159
185487,1430.0,1896.0,174.0,-4.45164186823809
13695,1904.0,1928.0,2.0,0.896654894823596
164459,14.0,17.0,168.0,2.42691659601143
105081,655.0,1671.0,173.0,4.44407516995818
55653,13.0,1560.0,9.0,-4.61618670002255
177438,1909.0,1331.0,53.0,-5.21348094983462
49541,1898.0,15.0,7.0,-4.13978739322915
368856,1348.0,1224.0,180.0,0.716134919492858
12846,27.0,1888.0,2.0,-0.493667892219838
227991,14.0,1337.0,57.0,-17.9078782602635
335405,14.0,748.0,102.0,-5.79014813526824
245619,136.0,1928.0,69.0,-3.18657562238407
54446,85.0,1890.0,9.0,-1.63793324319223
175857,1920.0,120.0,52.0,5.74446525577809
165872,1342.0,15.0,168.0,1.22075031600313
276039,1906.0,1912.0,179.0,-1.67815430233253
325091,1877.0,1900.0,100.0,-0.714192068833367
283012,1884.0,147.0,77.0,-1.1778269192998
189602,1877.0,1922.0,175.0,-2.34746388010808
163091,1881.0,677.0,168.0,-6.0131240215343
207722,1889.0,1921.0,178.0,8.44305292744539
317538,1875.0,1895.0,99.0,0.0039548189687576
164060,1906.0,1881.0,168.0,-2.2731994196038
162804,11.0,1923.0,168.0,-0.363726240741379
201808,48.0,948.0,54.0,6.42036413219114
113644,83.0,1331.0,167.0,-11.6997455124966
245138,655.0,1332.0,69.0,3.0982161377485
214696,1891.0,164.0,55.0,6.01158152203399
436145,1919.0,1183.0,116.0,-0.31677424966
18540,229.0,1882.0,3.0,-2.13368704765634
369262,150.0,1916.0,180.0,-1.57967799315016
425750,1906.0,1923.0,115.0,1.70532268741483
98823,1430.0,1906.0,44.0,5.41033021382548
325405,1915.0,1908.0,100.0,-3.0709038511898
168251,1878.0,1916.0,51.0,-3.98682326382736
174550,1920.0,72.0,52.0,5.91881322453487
323685,20.0,1331.0,100.0,-14.6795449295547
304105,1876.0,1886.0,98.0,-3.81666051177769
52775,1915.0,120.0,7.0,17.3675767771855
48735,5.0,1901.0,7.0,-17.5491948393157
201954,27.0,85.0,54.0,-2.67123390369865
72700,748.0,788.0,13.0,-1.12338683885432
206447,163.0,1889.0,177.0,-7.43104356648161
6677,1926.0,1898.0,1.0,-10.1042618119364
109927,1877.0,1886.0,45.0,-1.08907139853528
424561,163.0,1898.0,115.0,6.13985551802813
182025,1347.0,1886.0,174.0,0.67025245981025
284759,748.0,11.0,77.0,0.196203060745274
326400,195.0,18.0,101.0,1.80089023466455
260959,1342.0,1928.0,72.0,8.88432639858213
341862,1880.0,72.0,104.0,0.10902105756792
212052,1337.0,1559.0,178.0,-11.86027676681
271557,1877.0,1902.0,74.0,1.07102209691291
283432,1560.0,131.0,77.0,1.06604258155323
358260,1897.0,18.0,108.0,-6.97067615014573
28775,544.0,1882.0,4.0,-0.451853955772843
332898,1878.0,15.0,102.0,1.29386507090428
320833,163.0,150.0,100.0,8.13622649488655
427048,160.0,1224.0,115.0,-0.878609533257173
55948,748.0,131.0,9.0,-3.29798944924358
302291,11.0,1910.0,98.0,-0.44192916895173
234416,1895.0,1889.0,60.0,1.37553061790656
173924,1348.0,1882.0,52.0,2.58417143358417
248576,1884.0,1886.0,70.0,0.77622741366379
106209,1878.0,1901.0,45.0,-4.67724371625557
205683,1925.0,1901.0,177.0,5.74743431390506
166174,1895.0,1348.0,51.0,-1.09853132038342
263107,1348.0,788.0,73.0,1.88678161187663
62208,146.0,1882.0,10.0,-1.26571269944616
238979,1925.0,1928.0,60.0,-0.162678341875538
425396,1560.0,72.0,115.0,-1.77026843598542
95982,120.0,1907.0,44.0,2.14165698231619
219827,1875.0,1909.0,56.0,0.923331972660846
333747,1905.0,1923.0,102.0,1.00161966811312
285375,544.0,1916.0,77.0,-1.25436096177876
224721,1224.0,1923.0,57.0,-1.82960666854373
29427,11.0,1918.0,166.0,3.9882603571746
213257,1183.0,1888.0,55.0,-1.47999808933898
265749,655.0,1900.0,73.0,1.78484115472282
26091,1886.0,1560.0,4.0,-4.48548696714295
334386,544.0,163.0,102.0,10.6585854339467
333124,1882.0,677.0,102.0,2.67273486885845
184628,83.0,1183.0,174.0,-5.62076768895645
287064,1912.0,1928.0,77.0,-7.37060418124873
435846,1894.0,131.0,116.0,-0.80366891297747
333082,1909.0,1921.0,102.0,20.0956617825453
13031,1430.0,1671.0,2.0,-1.89409991290579
88050,1909.0,1883.0,172.0,-2.75007831316954
388704,677.0,1910.0,111.0,-1.52854845122668
72326,11.0,1927.0,13.0,3.08067458900248
11696,1877.0,1923.0,2.0,-3.78795130266121
339817,1924.0,1891.0,103.0,1.53855809439225
69783,1906.0,1882.0,12.0,2.85012786046614
100800,1884.0,13.0,173.0,1.3953023027014
33642,1915.0,1927.0,166.0,-32.2244715591028
226861,1913.0,101.0,57.0,2.34011526393005
337441,13.0,1923.0,103.0,4.72062548018432
88275,655.0,1907.0,172.0,-6.83071867898693
319411,163.0,1224.0,99.0,2.73925247112932
14771,3.0,1899.0,3.0,-1.71437009974367
260241,1430.0,1886.0,72.0,0.436822253665365
268374,101.0,150.0,74.0,0.354141274906114
286035,1877.0,1918.0,77.0,2.9908477910708
164940,604.0,27.0,168.0,9.0393625379579
358989,1348.0,13.0,108.0,-0.799249517044403
7286,1920.0,11.0,1.0,2.48905114126616
321664,85.0,1911.0,100.0,0.825792941814344
246150,1917.0,1892.0,70.0,2.155351135509
247733,1880.0,1909.0,70.0,4.19671519286486
244339,1925.0,101.0,69.0,8.261543784481
261658,1902.0,1911.0,73.0,3.58768067373619
424358,85.0,1894.0,115.0,2.10885829776476
195348,82.0,1331.0,176.0,-18.0900409133782
89590,1876.0,1906.0,172.0,8.35132380755168
372888,1884.0,1895.0,109.0,2.10253180845714
241932,1903.0,1893.0,69.0,0.566902018267582
30279,1903.0,17.0,166.0,-2.72008032180191
161088,1887.0,195.0,168.0,-2.91669640863409
207256,1925.0,15.0,177.0,0.187816202997285
218867,1885.0,1671.0,56.0,0.284375426860712
357301,1878.0,1882.0,108.0,-3.41753418343156
210237,1559.0,85.0,178.0,-5.30181035619823
264278,1920.0,72.0,73.0,1.37255485186953
45086,120.0,1898.0,6.0,0.585102843508504
256638,1671.0,1882.0,72.0,0.30814607663195
374718,85.0,1883.0,109.0,2.1000474994467
197516,163.0,1899.0,54.0,1.19711289600057
185976,1332.0,120.0,174.0,-7.81406888397927
229942,1897.0,83.0,58.0,4.35236004932116
16048,1431.0,677.0,3.0,-4.85850077655211
371194,160.0,1889.0,180.0,-2.79453818770874
268101,1888.0,1916.0,74.0,-5.08425847744675
202664,85.0,131.0,177.0,-1.04971422981324
314441,1876.0,1224.0,186.0,0.374213657439044
318441,160.0,164.0,99.0,-1.31138121319843
15472,1887.0,677.0,3.0,-1.23615160047691
340804,20.0,1903.0,103.0,-1.95060831822178
286924,604.0,15.0,77.0,4.54166214701014
201402,1925.0,1224.0,54.0,6.53160422284204
376333,1430.0,5.0,109.0,1.24663712091469
267447,136.0,164.0,74.0,-2.07517909498498
56932,1880.0,1887.0,9.0,4.45053477566783
8158,229.0,1560.0,1.0,0.84444523893921
185467,160.0,1884.0,174.0,3.62060763708861
389154,27.0,1923.0,111.0,2.65755328703881
216052,48.0,1901.0,55.0,-3.34941957326243
246413,101.0,1348.0,70.0,2.12461517036507
26624,72.0,1893.0,4.0,-1.30804051705584
310370,101.0,1901.0,186.0,0.455112874504179
371401,1905.0,120.0,180.0,1.6811026651734
237040,1924.0,229.0,60.0,7.46412595051885
330715,5.0,1902.0,101.0,4.0251844752955
60514,1904.0,1560.0,10.0,-3.45522741962361
374918,147.0,1918.0,109.0,4.78319829991296
320412,1347.0,1879.0,100.0,6.04939359255559
268961,1903.0,1912.0,74.0,18.0069983689063
241454,1878.0,17.0,69.0,4.7319057744521
390290,82.0,1905.0,111.0,4.80157292518825
312251,1904.0,677.0,186.0,-1.53794607222345
417381,1905.0,85.0,114.0,6.32367266734242
317387,164.0,1912.0,99.0,3.9500895964821
165867,229.0,677.0,168.0,2.01345015144038
9631,1897.0,1892.0,2.0,-4.73524342841165
184583,1906.0,1183.0,174.0,0.95887555636085
427838,1925.0,1910.0,115.0,0.948580893049312
275652,1925.0,1879.0,179.0,11.8613089911079
34269,1920.0,1928.0,166.0,-2.13931092656067
11462,1430.0,1923.0,2.0,-0.488340848851174
108921,229.0,604.0,45.0,1.02896966353061
195584,1925.0,1431.0,176.0,3.50956552141327
368575,146.0,164.0,180.0,-3.38978909086591
58075,229.0,20.0,9.0,-0.431049039449377
414172,1879.0,164.0,114.0,-1.30619500817387
97650,1878.0,195.0,44.0,-1.38099216094392
199788,1900.0,1923.0,54.0,-0.305906176473011
375668,1905.0,1880.0,109.0,-7.57070833900717
17832,1919.0,1895.0,3.0,-0.861605428883879
59339,1905.0,1928.0,9.0,-7.95007468551813
71635,1559.0,1671.0,13.0,-1.02607370012054
244902,1913.0,1224.0,69.0,-0.371428122084394
27148,1915.0,1875.0,4.0,1.68459725769696
337949,147.0,1904.0,103.0,3.79755489035655
186128,160.0,1886.0,174.0,-1.57304301225189
90073,20.0,85.0,172.0,-7.31437489274076
55768,1908.0,131.0,9.0,-2.83145986691779
170403,1906.0,136.0,51.0,3.34333886041522
193068,3.0,1887.0,176.0,3.54684938058441
55809,1898.0,1911.0,9.0,-3.47678573656668
374848,1878.0,1911.0,109.0,0.851809997116446
265955,20.0,1890.0,73.0,-2.61919679228757
286472,1925.0,120.0,77.0,0.307774933740025
203554,1183.0,1224.0,177.0,4.03317519281396
96829,1907.0,18.0,44.0,5.64046339112136
318340,1430.0,1907.0,99.0,2.13138338127275
17639,655.0,1918.0,3.0,-1.81587928475052
246102,15.0,1918.0,70.0,2.85715122763101
357860,1877.0,1347.0,108.0,-4.25096073007453
6736,14.0,1331.0,1.0,-18.6736349325313
170818,160.0,748.0,51.0,-2.51153597995788
370690,27.0,1431.0,180.0,1.53253793469757
325012,1905.0,1882.0,100.0,-4.78807440509631
283985,120.0,677.0,77.0,-1.89368510350692
344979,1905.0,1884.0,104.0,-2.05380718561991
329047,82.0,1885.0,101.0,10.553376678865
245469,160.0,677.0,69.0,-6.77256423699689
111838,1875.0,1891.0,167.0,1.58940315129767
87303,1917.0,1922.0,172.0,0.0110458018026735
112481,1894.0,17.0,167.0,4.99956473931961
14406,1559.0,1885.0,3.0,-3.08724398780952
30398,85.0,1911.0,166.0,2.60340354819839
95780,1901.0,1921.0,44.0,-10.9703126497469
412704,1909.0,1893.0,114.0,9.38844135925395
72582,948.0,146.0,13.0,2.35946495491551
25255,72.0,1917.0,4.0,0.97514232237745
330128,1925.0,1886.0,101.0,-0.934514372407226
186006,1430.0,1886.0,174.0,-0.235475114352286
340351,1337.0,136.0,103.0,-9.64435498569387
317149,1879.0,1331.0,99.0,4.2856485956138
343188,948.0,1896.0,104.0,3.60105034728328
216841,1913.0,1918.0,55.0,1.95960894819461
367637,1875.0,1884.0,180.0,3.84114135858782
207831,1906.0,1332.0,178.0,0.840835102257275
213997,1559.0,1898.0,55.0,3.6953077348044
250571,48.0,1900.0,70.0,-5.77468026244532
209847,1899.0,1224.0,178.0,-1.799830390411
301776,1911.0,1914.0,98.0,-4.577547794258
269261,48.0,47.0,74.0,-4.76866328851893
97332,120.0,1331.0,44.0,15.1659544801496
300028,17.0,677.0,98.0,5.57808061562973
330703,1898.0,1902.0,101.0,-17.5682147477275
397097,1899.0,1907.0,112.0,-6.99523377509475
341854,1917.0,1927.0,104.0,-8.61088388872948
323917,1906.0,131.0,100.0,-0.826248794291785
18686,1924.0,1910.0,3.0,-7.62472952284003
27911,1430.0,1348.0,4.0,-1.47084505966805
335099,3.0,1917.0,102.0,0.379789636030312
195226,3.0,72.0,176.0,-4.97314855136962
358310,136.0,1888.0,108.0,-16.9921660785332
286001,1920.0,1904.0,77.0,1.28146332191413
236097,1892.0,677.0,60.0,-2.99751058588148
434097,101.0,13.0,116.0,3.74159432891916
268392,1903.0,11.0,74.0,0.652182126324867
71104,1878.0,1885.0,13.0,-0.140621889276525
336735,1878.0,131.0,103.0,-1.21051650323313
43346,1912.0,1901.0,6.0,-2.10992911233131
172753,136.0,1884.0,52.0,0.295260841567922
245837,1898.0,677.0,70.0,0.411968056367197
202701,1895.0,1882.0,177.0,14.7511830406714
324432,160.0,1904.0,100.0,2.18497085327802
199164,47.0,1890.0,54.0,0.207070230996114
371954,1877.0,1337.0,180.0,-8.45533871039454
212721,1880.0,1927.0,55.0,2.37440617084665
191862,1917.0,1928.0,175.0,-5.41060923280075
63784,1925.0,1918.0,10.0,8.20815670028802
316984,948.0,1914.0,99.0,-7.08501150611043
28634,655.0,1921.0,4.0,-6.86249644826126
416957,604.0,147.0,114.0,2.36151173845454
223161,1903.0,1928.0,56.0,-0.380593516830417
167693,948.0,1879.0,51.0,-1.97283129849446
370213,83.0,1915.0,180.0,1.51425744834277
111866,948.0,1914.0,167.0,-1.17009032978265
70378,1920.0,1902.0,12.0,3.56543665726756
70326,1876.0,1902.0,12.0,1.17684708348092
67156,120.0,1908.0,12.0,-1.30957033034849
268744,1911.0,1914.0,74.0,3.00334308418557
86268,163.0,1887.0,172.0,1.52980481746102
339670,1913.0,17.0,103.0,-2.36510899310624
388691,1902.0,1896.0,111.0,4.38263819492857
9144,136.0,1907.0,2.0,-2.47401116802881
97247,1887.0,1911.0,44.0,-3.19229612507134
341678,1886.0,1904.0,104.0,-4.41464601376264
169038,1877.0,47.0,51.0,1.13450448438282
96531,136.0,72.0,44.0,1.88454999240628
18619,1919.0,1890.0,3.0,0.473000045867656
259274,27.0,1880.0,72.0,0.248793486287893
376940,160.0,1924.0,109.0,5.37461459572872
186853,101.0,1888.0,175.0,-6.01592379638517
265831,544.0,1911.0,73.0,-1.09924553468535
413458,1876.0,1911.0,114.0,9.69306159384815
367505,1899.0,11.0,180.0,3.09734413273843
60192,47.0,195.0,10.0,13.9868126148264
374492,15.0,1901.0,109.0,-13.9236663947811
115253,82.0,20.0,167.0,4.733695146114
398321,1431.0,1671.0,112.0,1.40758904317627
191480,1919.0,15.0,175.0,2.38015509125549
229650,101.0,18.0,58.0,-1.95908579578689
333873,160.0,195.0,102.0,-12.7426154280228
65789,1906.0,1910.0,12.0,1.43049186813687
99232,48.0,20.0,44.0,-3.9942064097173
344572,1924.0,1881.0,104.0,-3.03553795365449
338922,82.0,14.0,103.0,-6.95036723204176
241176,13.0,1892.0,69.0,2.88421474491184
57887,229.0,655.0,9.0,1.82912475132067
225338,1902.0,1331.0,57.0,11.1685288076637
217777,1926.0,1928.0,55.0,-1.41190433783826
324109,1877.0,131.0,100.0,0.906040200709286
319930,82.0,1878.0,99.0,2.71502940339242
248460,1884.0,1883.0,70.0,-0.142157560976008
97569,1560.0,1882.0,44.0,-2.80091510359069
10197,1896.0,1909.0,2.0,-0.095281798020333
179208,1879.0,164.0,53.0,8.91380420692792
302562,48.0,1908.0,98.0,-17.48563267112
187921,1895.0,195.0,175.0,1.61139844762745
224069,72.0,5.0,57.0,-0.0484705488200392
227904,27.0,15.0,57.0,4.70486468678418
180143,1925.0,131.0,53.0,-2.40011640789109
13741,1882.0,1902.0,2.0,-3.22394742178571
15117,1877.0,150.0,3.0,0.710236302108405
198813,1875.0,18.0,54.0,5.38473118056666
66622,1342.0,1899.0,12.0,1.46778717859109
109877,163.0,83.0,45.0,-5.38997872365585
321138,1889.0,1927.0,100.0,3.75842372279307
262120,1883.0,1900.0,73.0,3.81139850077999
89315,1924.0,1879.0,172.0,-5.05349589032387
344058,1919.0,47.0,104.0,0.216987744226418
374765,1875.0,1916.0,109.0,3.33569988581723
218313,136.0,1916.0,56.0,17.2160236375332
436292,1915.0,1907.0,116.0,-1.2639471024018
323548,27.0,164.0,100.0,5.71663231876357
9088,1899.0,748.0,2.0,0.210317431673142
197570,1882.0,1927.0,54.0,3.87626909287459
196284,1926.0,544.0,176.0,-4.6213675917877
260118,655.0,1917.0,72.0,2.49097178963638
344853,1337.0,17.0,104.0,1.4369543589677
312563,1916.0,1921.0,186.0,-9.92605198280267
389747,1332.0,17.0,111.0,2.67604542032098
53589,11.0,1902.0,7.0,6.45441912833234
224055,72.0,1903.0,57.0,-0.501260972805756
57851,1906.0,1891.0,9.0,-0.0953265794558463
102738,1884.0,150.0,173.0,-0.323113212023651
180499,1920.0,13.0,53.0,-2.37316724964806
330841,1907.0,5.0,102.0,-0.416099379260307
26265,1883.0,1908.0,4.0,0.952805624223221
180200,1906.0,1431.0,53.0,4.66167750901127
43997,1904.0,1890.0,6.0,-0.851864810101383
276417,82.0,1908.0,179.0,2.2021226731302
51005,1431.0,1560.0,7.0,0.762244977373015
303688,655.0,1905.0,98.0,0.23221946194468
168270,1899.0,1224.0,51.0,-1.94351592223956
273087,1880.0,1885.0,179.0,3.63911892343195
286013,83.0,1913.0,77.0,4.51443481153014
196154,1919.0,1895.0,176.0,3.62863952540537
361630,1348.0,1928.0,108.0,-7.79438098353821
338514,72.0,11.0,103.0,3.39970657111969
283084,1887.0,1896.0,77.0,2.90357087133378
180183,1915.0,11.0,53.0,11.0571827240752
181517,604.0,1337.0,53.0,4.07878524569957
332050,1911.0,5.0,102.0,-1.55852434414446
371216,163.0,1912.0,180.0,3.64920200777363
326640,101.0,1892.0,101.0,0.492463309327692
16850,1913.0,1883.0,3.0,-7.99472384941547
415914,229.0,1881.0,114.0,0.905617546270072
303555,1905.0,1893.0,98.0,2.63640706402607
205964,20.0,1891.0,177.0,-2.07346101311895
368364,1895.0,11.0,180.0,2.04355131610973
162371,120.0,15.0,168.0,1.47515346081782
399654,1430.0,1183.0,112.0,0.042631010248396
185043,82.0,1892.0,174.0,-9.20683427176031
274652,1913.0,1183.0,179.0,0.572643671413908
332893,17.0,18.0,102.0,2.37491190389491
33397,1337.0,136.0,166.0,-5.32725954725546
212791,1899.0,1927.0,55.0,4.33962140469998
375636,48.0,1331.0,109.0,-19.0434693609524
260356,163.0,83.0,72.0,0.698676620818879
324597,1924.0,1348.0,100.0,-5.96242905996855
165297,1905.0,1886.0,168.0,-8.02016757349098
181239,1924.0,1671.0,53.0,-11.3507296057781
65810,1900.0,147.0,12.0,-2.71835943741203
241681,948.0,1895.0,69.0,0.2585288473763
261945,1560.0,1894.0,73.0,-0.558931356531006
400519,1332.0,1879.0,112.0,-9.44750581451949
101247,1885.0,1331.0,173.0,-0.775245160097433
277593,120.0,1887.0,75.0,-0.29778032348566
311710,1884.0,120.0,186.0,0.87766450963195
165800,1332.0,1890.0,168.0,-3.44296488407773
111724,1919.0,1911.0,167.0,0.0561469342833318
328683,544.0,82.0,101.0,15.1737786748915
630131,1875.0,1902.0,72.0,2.56524315846751
5164,131.0,1892.0,1.0,-8.01401044521132
187696,101.0,147.0,175.0,10.4448880192977
368700,948.0,1896.0,180.0,2.57797777118684
333549,1431.0,1923.0,102.0,-2.26613071975388
196535,163.0,120.0,176.0,-0.670316879830592
170253,1919.0,20.0,51.0,-1.39425445389403
70225,1920.0,1337.0,12.0,2.9581415582688
61100,1878.0,120.0,10.0,-3.33749966779604
8570,1886.0,1928.0,1.0,-5.56883178386535
278993,1900.0,1348.0,75.0,-0.667692380166816
99783,604.0,1920.0,44.0,3.25196075385773
172895,1886.0,1904.0,52.0,2.09309323113239
233911,1886.0,748.0,60.0,-0.964692722427051
67533,1348.0,1224.0,12.0,-3.33185141265791
197742,1899.0,1885.0,54.0,-0.472201560614622
3889,1885.0,1908.0,1.0,-3.10136675652777
96969,120.0,1224.0,44.0,2.87588001730063
71115,1909.0,1927.0,13.0,3.73602654508595
164076,83.0,1331.0,168.0,-17.9015157445365
68164,27.0,72.0,12.0,-0.0871485419524483
177561,1902.0,1342.0,53.0,2.23285312063882
316229,1878.0,150.0,99.0,2.75164256043856
328214,85.0,1904.0,101.0,0.112255264207015
327006,1886.0,1224.0,101.0,1.5300058750002
328630,20.0,72.0,101.0,-9.25600184063356
199034,120.0,1882.0,54.0,-1.08059579469138
315224,1331.0,1902.0,186.0,-5.62154556840348
357865,948.0,5.0,108.0,0.265168655490315
45647,1883.0,1890.0,6.0,-2.2758485095096
338790,1899.0,18.0,103.0,1.02123642037762
51181,13.0,677.0,7.0,-3.12550438582356
57266,163.0,195.0,9.0,0.417617872247722
398323,47.0,1911.0,112.0,-0.0353593198320795
164666,544.0,1893.0,168.0,22.8626975220781
16138,1894.0,1898.0,3.0,0.862231639456726
181426,1430.0,1890.0,53.0,-3.73149095983138
271503,1332.0,1902.0,74.0,-18.4075197466087
321350,1431.0,18.0,100.0,3.14707454269184
374875,1347.0,1331.0,109.0,-6.82712485735208
163992,1924.0,788.0,168.0,-0.690697748948758
172281,1891.0,1907.0,52.0,2.93978237314893
256123,1899.0,13.0,72.0,0.411818409001586
181061,1920.0,1886.0,53.0,-5.13182454080662
322421,1880.0,1671.0,100.0,1.13724232008491
318162,1342.0,1883.0,99.0,-0.21047964206668
113196,82.0,1887.0,167.0,9.10437911408423
236485,136.0,1885.0,60.0,0.258507582484335
435171,1331.0,5.0,116.0,2.2150278097214
14642,1894.0,1908.0,3.0,-2.32594293596249
98531,1920.0,1913.0,44.0,7.69077627574743
373362,1891.0,1887.0,109.0,1.10625394022242
12319,604.0,1893.0,2.0,12.6027411723045
177454,1899.0,1912.0,53.0,-1.12340655725662
53309,1925.0,1906.0,7.0,6.05116718584633
372201,15.0,1928.0,180.0,-0.0816030798586306
249649,229.0,1891.0,70.0,-0.49620894598468
216636,1926.0,1905.0,55.0,-7.79003697944837
337238,163.0,1887.0,103.0,4.05384849375782
233428,1342.0,1903.0,58.0,-13.9220970217044
257761,1559.0,1921.0,72.0,2.53105159539665
252199,136.0,1893.0,71.0,-4.70852052419792
177826,1879.0,5.0,53.0,1.11668379280155
167669,1899.0,1907.0,51.0,-0.121900916517149
424032,85.0,131.0,115.0,0.232640165008994
110884,1899.0,1898.0,167.0,-0.469583304838498
6381,27.0,1919.0,1.0,2.80421601470551
213678,1348.0,677.0,55.0,-7.63480179297916
218275,85.0,17.0,56.0,-10.3809940447328
98640,544.0,1881.0,44.0,-0.498222590259861
260541,1925.0,1924.0,72.0,4.22090440497195
246578,147.0,11.0,70.0,-2.16566152003401
27274,604.0,1901.0,4.0,-1.65066523352678
199415,146.0,11.0,54.0,2.88711898868158
235497,13.0,1914.0,60.0,-1.09065080705009
163707,163.0,1922.0,168.0,3.76566752095676
221585,1905.0,17.0,56.0,0.326670537170719
60767,120.0,147.0,10.0,-1.42979154834319
323236,1925.0,160.0,100.0,-0.646321913194472
320101,1924.0,677.0,99.0,-4.00641132671711
90299,82.0,788.0,172.0,-5.83804494414446
211821,1337.0,136.0,178.0,-22.5572577601314
97498,1893.0,5.0,44.0,-4.54469627524057
220206,1900.0,13.0,56.0,-0.429807318484123
11317,1331.0,1901.0,2.0,1.06449438846765
241776,1559.0,1898.0,69.0,2.69883913090889
311761,1559.0,1898.0,186.0,-0.640787096780786
281539,82.0,1560.0,75.0,-2.14746869610435
192386,1878.0,1331.0,176.0,-4.53997370287903
171498,948.0,13.0,52.0,-2.56975717126407
221987,655.0,1905.0,56.0,-3.80483371417164
238805,1337.0,1908.0,60.0,-4.06145690742002
114708,48.0,1917.0,167.0,5.94314362511808
17239,83.0,1914.0,3.0,-2.18167940834718
162036,1884.0,1923.0,168.0,2.70862957603272
47747,1876.0,1878.0,6.0,2.18674961506248
343503,1891.0,120.0,104.0,-6.53711667374721
3548,1560.0,1927.0,1.0,-4.35821979152546
204917,136.0,195.0,177.0,-5.25994641153553
259460,1905.0,101.0,72.0,-1.73472143643631
229847,27.0,1910.0,58.0,-6.7055774788648
323265,48.0,85.0,100.0,1.64892891587983
12406,1332.0,1879.0,2.0,-7.09335189246238
215457,1876.0,47.0,55.0,-2.62896191865021
256191,1894.0,1671.0,72.0,1.27272105925034
437122,604.0,1905.0,116.0,3.47695798162903
71261,1884.0,1914.0,13.0,2.85034189780973
112639,136.0,1907.0,167.0,-4.89842068802593
389546,544.0,1914.0,111.0,4.67287080397076
248659,163.0,85.0,70.0,4.4693933366815
72609,147.0,1888.0,13.0,-2.59361730764988
6196,147.0,1671.0,1.0,-2.03245161569256
434432,1347.0,1224.0,116.0,-3.01864207714551
104229,160.0,101.0,173.0,40.5660005619011
322021,1884.0,195.0,100.0,-1.35920909573484
25294,5.0,1923.0,4.0,2.37869052215522
174113,1894.0,1908.0,52.0,0.382667299557948
322832,150.0,17.0,100.0,1.04917795242724
86807,1900.0,1927.0,172.0,0.353061966475559
264183,1906.0,1907.0,73.0,0.248764939462288
264705,604.0,131.0,73.0,4.75624295539772
181384,1919.0,1900.0,53.0,-2.8875886689661
325890,1905.0,1347.0,101.0,-3.83358386521717
426887,604.0,1896.0,115.0,3.55865829180157
266451,1559.0,1880.0,74.0,0.0504509180742046
331331,5.0,1918.0,102.0,-5.13151714425644
173761,1895.0,1909.0,52.0,-3.09296173446435
69546,1876.0,1224.0,12.0,2.92803697692191
258413,948.0,72.0,72.0,-2.89576954585783
282692,1882.0,17.0,77.0,1.7421293253873
226973,1876.0,1904.0,57.0,5.88197578742165
399398,1897.0,1342.0,112.0,-2.53747060678244
238482,1906.0,1882.0,60.0,1.1842997075103
8006,1919.0,1671.0,1.0,0.333872823451345
73738,1913.0,1901.0,13.0,-4.25234543676361
633644,1889.0,1902.0,9.0,-1.4152130676292598
246483,164.0,1917.0,70.0,0.324421613466867
56036,120.0,1914.0,9.0,-3.86190004190164
323827,1905.0,146.0,100.0,6.15853042400049
285643,1906.0,101.0,77.0,16.9949749519557
319483,604.0,1917.0,99.0,1.23443358234156
17947,3.0,1224.0,3.0,-0.694100830389452
66628,1879.0,1918.0,12.0,1.61987619543533
179381,1920.0,1183.0,53.0,-0.12479178084568
413450,1887.0,150.0,114.0,0.993523146045957
195504,1926.0,604.0,176.0,7.0525967818955
248566,72.0,1917.0,70.0,0.986409257738577
209105,5.0,1890.0,178.0,5.17408772365417
274348,1899.0,1907.0,179.0,4.43219441521092
172708,1908.0,1918.0,52.0,-0.494561308383422
105945,1431.0,1560.0,45.0,11.2078106065064
338670,1875.0,85.0,103.0,-0.698334812995783
400491,1877.0,1891.0,112.0,2.44478356150809
397450,948.0,1914.0,112.0,8.85445048668836
360084,655.0,163.0,108.0,-5.86320634265527
313495,27.0,146.0,186.0,-2.2010097998659
188174,1906.0,1347.0,175.0,0.0670799076719557
184296,1886.0,72.0,174.0,-0.132171766133682
327628,1891.0,1888.0,101.0,-2.02505051771561
244772,1925.0,1917.0,69.0,-9.90501586752429
205885,1915.0,17.0,177.0,-13.0548272107785
425280,1891.0,1431.0,115.0,0.831625186900623
317988,101.0,1918.0,99.0,14.0808963951869
246318,47.0,1908.0,70.0,8.35019248029608
278275,1893.0,13.0,75.0,0.779639249849801
316912,1224.0,1918.0,99.0,-1.16263326242361
15194,1875.0,677.0,3.0,-4.45888368446458
186162,1920.0,1886.0,174.0,-2.9159268452924
337009,47.0,1900.0,103.0,2.5768580593565
51989,14.0,1892.0,7.0,-2.26827254325025
257366,120.0,17.0,72.0,1.77991923816592
196439,1332.0,1912.0,176.0,-6.92405362192516
113347,48.0,1183.0,167.0,7.9207345982614
344635,1332.0,146.0,104.0,-1.26972199250111
303243,544.0,604.0,98.0,0.623465164332131
268901,1875.0,1910.0,74.0,-2.55902667340815
217371,1905.0,15.0,55.0,0.634936732889266
310728,948.0,604.0,186.0,1.76758315771205
246249,1879.0,1894.0,70.0,0.882438967230214
61369,1904.0,1347.0,10.0,0.563051611622978
223559,1899.0,18.0,57.0,-4.62065805515395
69549,544.0,147.0,12.0,3.87144191106106
326112,1904.0,1918.0,101.0,2.91040634771689
226370,1925.0,1898.0,57.0,0.88443301144879
247553,1889.0,1896.0,70.0,6.01864199742106
219555,1885.0,677.0,56.0,-5.94930226267017
75421,544.0,1882.0,13.0,-0.0220148412082445
14936,1884.0,1910.0,3.0,10.423556099083
211645,1915.0,5.0,178.0,7.34708060372883
172546,948.0,15.0,52.0,1.25861058474706
61248,1888.0,1912.0,10.0,-5.20755432171091
325008,160.0,1342.0,100.0,4.10357442500389
109502,1430.0,1895.0,45.0,7.21150131713821
112965,1894.0,1923.0,167.0,-3.64092291093875
248498,85.0,1904.0,70.0,-6.06903916403976
75689,1905.0,1902.0,13.0,-11.4651166201478
357546,1879.0,1890.0,108.0,5.4475349384456
256359,1431.0,1923.0,72.0,-0.0646670794681678
210585,163.0,1919.0,178.0,2.40108687419349
240812,1671.0,677.0,69.0,-0.326059110040066
205542,83.0,195.0,177.0,-0.774469766797286
3677,1892.0,677.0,1.0,1.50745486265289
57452,160.0,1880.0,9.0,-1.7017524028404
167866,1903.0,120.0,51.0,4.94230092029282
58661,1926.0,120.0,9.0,2.50243794088394
270352,82.0,27.0,74.0,-12.4719972972563
200799,83.0,1891.0,54.0,0.937445513458555
181019,14.0,1559.0,53.0,-6.55189577301847
179523,83.0,72.0,53.0,-3.66534447102687
187590,195.0,1882.0,175.0,1.82768247692095
218070,948.0,1431.0,56.0,2.09286893529189
73741,82.0,229.0,13.0,-0.476030774610117
255298,1332.0,1559.0,71.0,3.71543548866907
109786,1925.0,1927.0,45.0,-10.9853643908802
262585,1891.0,15.0,73.0,-4.06641042511837
313905,163.0,101.0,186.0,10.1479388667967
29797,1347.0,136.0,166.0,-9.76097693945558
245580,1920.0,1928.0,69.0,1.33349771823308
68613,163.0,5.0,12.0,-4.30295212598754
357847,146.0,72.0,108.0,1.94326309421368
359977,27.0,146.0,108.0,7.5609306667589
263124,120.0,1908.0,73.0,-1.88793458033166
303998,655.0,544.0,98.0,3.35606684970453
44116,1886.0,1907.0,6.0,-9.91383951470341
264014,229.0,1883.0,73.0,-0.23373659304181
194243,1893.0,1882.0,176.0,-5.04192134791099
14056,136.0,120.0,3.0,-1.97100378521824
434996,1331.0,1894.0,116.0,-1.13333701120188
253739,1877.0,47.0,71.0,2.44620345386283
55596,1902.0,20.0,9.0,-0.945585412056812
115209,1913.0,15.0,167.0,-1.64618625655267
111212,1559.0,85.0,167.0,1.18900875974411
333142,1880.0,72.0,102.0,-0.250783339533425
200804,1926.0,1347.0,54.0,-5.13302826724709
226513,1906.0,229.0,57.0,1.37904170896485
331770,1901.0,788.0,102.0,-1.75092936707653
69468,604.0,1917.0,12.0,-7.54539041075338
262777,1671.0,1923.0,73.0,-1.67358669494924
279669,83.0,1894.0,75.0,0.084447125618722
51402,160.0,1907.0,7.0,-11.8373168320428
276820,1224.0,1910.0,75.0,-0.855606797566672
69815,82.0,83.0,12.0,5.08527682065752
45484,1900.0,18.0,6.0,-5.40164081037808
24154,72.0,1347.0,4.0,-5.54155914338891
48249,1913.0,1902.0,6.0,-2.86767273721102
194909,82.0,1183.0,176.0,-0.413803684281276
30667,1879.0,18.0,166.0,-2.75835665594319
303368,655.0,1347.0,98.0,-0.660782333903923
109629,1925.0,1224.0,45.0,6.85531938832735
267790,1559.0,1904.0,74.0,-0.561626922079161
14454,1881.0,1224.0,3.0,-0.767163814612597
100569,1883.0,150.0,173.0,-2.18150270721416
635997,748.0,1902.0,77.0,0.5262776583558215
416153,1332.0,17.0,114.0,-0.846332106050517
376113,20.0,544.0,109.0,-4.31282348874586
172470,1348.0,1907.0,52.0,16.1386949778654
108541,3.0,1923.0,45.0,11.0670163980462
255285,1913.0,1671.0,71.0,-21.012245897288
260058,1924.0,27.0,72.0,2.1477909573689
277795,1898.0,18.0,75.0,5.61938730849249
6084,1891.0,147.0,1.0,-0.0831387944481768
235261,1890.0,788.0,60.0,-0.535462870116755
416548,82.0,5.0,114.0,1.21785875144973
114542,1926.0,1875.0,167.0,0.938671817374429
229130,101.0,1918.0,58.0,1.86458731272242
323568,1337.0,1906.0,100.0,8.45031841572451
255598,1913.0,85.0,71.0,3.706765709306
401688,14.0,47.0,112.0,0.215206969946014
174358,3.0,1894.0,52.0,-4.31218184454403
277929,27.0,1899.0,75.0,9.69314432115421
285458,48.0,1913.0,77.0,7.38288159685004
345053,229.0,1891.0,104.0,1.06306900781983
387904,1903.0,18.0,111.0,-4.91816500642094
277281,948.0,146.0,75.0,8.35215981530582
228135,1876.0,1560.0,57.0,-0.652043122290907
175891,1877.0,544.0,52.0,3.36104221032366
376378,1877.0,1889.0,109.0,3.22165115673564
264508,1906.0,1916.0,73.0,3.32928828217203
323749,544.0,1881.0,100.0,6.75198148553711
185201,20.0,1914.0,174.0,-3.70504137784835
401201,14.0,1906.0,112.0,1.78819304126984
13996,1906.0,150.0,3.0,4.38657261689184
179974,27.0,1885.0,53.0,-0.375937223331296
75657,1881.0,1902.0,13.0,-3.57685094923566
327666,136.0,1889.0,101.0,4.2411956622246
400872,1342.0,1912.0,112.0,-2.15037398461963
32051,229.0,1883.0,166.0,-6.30264617856858
66943,1883.0,13.0,12.0,-4.49519956594329
331188,15.0,677.0,102.0,-2.58904156009908
310805,101.0,1884.0,186.0,2.18681909895575
281407,229.0,1876.0,75.0,15.4982893461213
264668,1919.0,1914.0,73.0,-0.93339909144335
207383,1900.0,1928.0,177.0,0.788131463618895
322296,1888.0,1916.0,100.0,0.296042810216997
243353,1925.0,1908.0,69.0,-4.41978739351393
334106,27.0,229.0,102.0,-0.16779283249134
212953,1559.0,1882.0,55.0,-0.220206669807057
261313,85.0,1904.0,73.0,1.16335958326295
218437,1183.0,11.0,56.0,2.56895292798785
101209,72.0,1898.0,173.0,5.31470980718887
180923,604.0,1927.0,53.0,-7.31333654604915
75475,160.0,15.0,13.0,-4.65534280242097
338824,1898.0,1908.0,103.0,-1.12105930559794
389882,14.0,1884.0,111.0,5.62247888828679
29325,1889.0,18.0,166.0,-5.29918692222994
208471,1880.0,1884.0,178.0,-6.87920918156668
248910,163.0,788.0,70.0,-2.74992146045991
24718,15.0,1890.0,4.0,0.646424583022422
426163,163.0,1916.0,115.0,7.96501955949167
56249,101.0,1224.0,9.0,-2.04155459880119
324383,544.0,1918.0,100.0,5.90478140238722
275085,27.0,1906.0,179.0,-7.86205248293891
112894,1884.0,15.0,167.0,-0.0536734783912386
43846,1893.0,11.0,6.0,-0.134786024891862
8416,1913.0,1922.0,1.0,-5.97302326160258
32535,1877.0,1331.0,166.0,-7.92411821094019
199236,163.0,1911.0,54.0,4.67660814119257
215108,1875.0,1904.0,55.0,-11.1459622288156
423928,1183.0,1875.0,115.0,1.67832112527723
371855,1913.0,85.0,180.0,0.525897002957571
285947,1337.0,18.0,77.0,-12.6962208384104
434129,101.0,131.0,116.0,-0.637184299522232
235725,1896.0,131.0,60.0,1.66713655665078
333972,1919.0,1883.0,102.0,1.29828106719232
267802,1912.0,17.0,74.0,1.31201652764306
163823,1332.0,1894.0,168.0,-7.05608306009447
110972,1917.0,1914.0,167.0,7.67709646365422
391044,229.0,3.0,111.0,5.49307272187432
171638,748.0,11.0,52.0,-3.91026743332346
642558,136.0,1902.0,111.0,-3.284170723443925
415991,3.0,1331.0,114.0,2.61601263973565
281390,27.0,1878.0,75.0,0.975995864416219
99312,1920.0,1918.0,44.0,4.51178619825164
56373,1906.0,1332.0,9.0,-7.90675241830595
60200,1907.0,17.0,10.0,-5.24235689111656
329825,1342.0,1224.0,101.0,-12.040016993541
346338,17.0,1902.0,104.0,-6.00855091300985
222386,160.0,1430.0,56.0,4.3237239987095
212818,1183.0,1893.0,55.0,8.82950261973684
108110,748.0,1560.0,45.0,-3.9371534737483
229789,1889.0,1888.0,58.0,12.4636105778106
321811,13.0,677.0,100.0,0.717581312858352
276826,136.0,1348.0,75.0,-1.60831575195906
111038,1886.0,1910.0,167.0,1.17832273094539
286586,20.0,1882.0,77.0,-0.466450995176266
206553,48.0,544.0,177.0,-1.52773867005269
97710,147.0,17.0,44.0,15.8852206731408
172590,5.0,1918.0,52.0,6.00850622007906
359769,1920.0,229.0,108.0,5.72508016844167
332408,1907.0,17.0,102.0,0.800660574676711
334492,1905.0,11.0,102.0,5.95189310830757
255750,1920.0,15.0,71.0,0.851277579318037
391163,1917.0,1928.0,111.0,3.89181494392648
435254,1876.0,1910.0,116.0,4.60066230569226
370404,48.0,1901.0,180.0,-9.83592646785196
279542,101.0,1904.0,75.0,2.07846287345339
311826,3.0,1347.0,186.0,-4.3710145382056
178086,101.0,1878.0,53.0,1.90999174551373
390474,163.0,147.0,111.0,-12.3410654581916
6552,48.0,195.0,1.0,15.6822558888739
247869,1431.0,1922.0,70.0,5.31944416185565
101064,1887.0,1917.0,173.0,-0.7938496992973
250186,655.0,48.0,70.0,14.2047737665881
95541,1895.0,1431.0,44.0,19.2534193967421
28792,1337.0,1890.0,4.0,-1.45752413342001
200978,1430.0,1893.0,54.0,0.141728216935968
206067,82.0,1431.0,177.0,8.35369126955144
169833,27.0,1896.0,51.0,-3.27421459684989
46306,1906.0,1881.0,6.0,-6.78447451782973
229642,1920.0,150.0,58.0,-4.82637846998314
108909,14.0,1909.0,45.0,-0.052999751239715
186178,27.0,748.0,174.0,11.539771405537
278715,1883.0,1918.0,75.0,-2.46430209339505
87959,1900.0,1892.0,172.0,-3.02936585752403
198725,1880.0,131.0,54.0,1.80393515612084
106671,1875.0,146.0,45.0,-1.64621563423335
417731,47.0,1928.0,114.0,-5.32409880514688
210371,1925.0,160.0,178.0,4.54164023429951
266148,1875.0,1928.0,73.0,1.03486162994752
246899,72.0,1912.0,70.0,-0.742836920234717
325789,1431.0,18.0,101.0,0.317856061164963
245559,1332.0,47.0,69.0,-7.6777788044704
53200,229.0,1911.0,7.0,-0.0594937060431124
415251,83.0,1898.0,114.0,7.01395793833584
233480,1925.0,3.0,58.0,-6.09489507088758
260294,14.0,1671.0,72.0,-7.93501426457908
43371,1881.0,1888.0,6.0,-0.738882962479218
216732,1926.0,1877.0,55.0,9.21040860863288
313087,544.0,1907.0,186.0,-9.8191093454985
112274,17.0,677.0,167.0,-4.48859685713772
262720,748.0,1917.0,73.0,0.708918056632697
370199,1906.0,1901.0,180.0,2.07618568734974
281674,1337.0,1908.0,75.0,-10.2101424696124
260509,1925.0,948.0,72.0,6.79045925046306
4190,15.0,1892.0,1.0,-6.06558830350567
274566,27.0,1894.0,179.0,-11.8933564636631
331476,1893.0,13.0,102.0,-0.534072411047416
62381,1875.0,1892.0,10.0,-2.20512296776198
242398,164.0,1922.0,69.0,3.50850528222828
397786,948.0,1901.0,112.0,4.77294601334084
234906,1899.0,1903.0,60.0,4.28459370173514
301998,1559.0,677.0,98.0,-1.70243041686065
47525,1924.0,1927.0,6.0,4.18855491258114
361314,1920.0,1890.0,108.0,-2.99267807614737
114818,1919.0,1430.0,167.0,-7.2220953848009
390590,1924.0,1888.0,111.0,0.639930681908527
358678,136.0,1431.0,108.0,-10.1105915080449
193670,1183.0,1875.0,176.0,-0.239326165531603
333065,1891.0,1881.0,102.0,-5.82069287381889
236503,1892.0,17.0,60.0,-29.4137683426054
62588,1916.0,18.0,10.0,1.14480095859377
46654,163.0,146.0,6.0,4.11796081007261
314453,20.0,120.0,186.0,-5.91526071708271
264026,1876.0,72.0,73.0,-2.50418143590189
282193,1347.0,1899.0,77.0,2.2310338995185
255144,1905.0,120.0,71.0,1.33133152750872
320244,163.0,18.0,99.0,0.658008173937323
189736,1430.0,1875.0,175.0,-15.4828855887115
414576,1891.0,1900.0,114.0,-3.18255722491787
24297,72.0,1904.0,4.0,-6.25477587377653
26063,146.0,1901.0,4.0,0.546387904364785
99696,1925.0,147.0,44.0,16.3815434139393
163347,1890.0,1927.0,168.0,0.118640787257819
56620,1885.0,1560.0,9.0,-1.33562853504784
237283,1924.0,1901.0,60.0,4.61887324461164
216074,163.0,1901.0,55.0,-0.465441187032332
55053,1881.0,13.0,9.0,0.433944296757088
629374,1884.0,1902.0,178.0,4.8549256304832
331506,1890.0,1892.0,102.0,1.8590348625399
303347,1915.0,101.0,98.0,3.7006434180476
173088,1887.0,1897.0,52.0,4.17215296976645
63486,1915.0,1891.0,10.0,6.46394071837819
13558,1926.0,1910.0,2.0,-4.26573141753208
332675,1920.0,1898.0,102.0,0.245283908441194
85676,1671.0,1916.0,172.0,-2.31397604224596
397373,1912.0,1883.0,112.0,3.58535689797744
373643,101.0,1891.0,109.0,1.31267490253262
188675,1560.0,1886.0,175.0,4.3493737560875
318506,1925.0,1926.0,99.0,-0.156403599388233
242994,1909.0,1892.0,69.0,-4.40322210089286
375091,1342.0,1906.0,109.0,1.1594766857494
373840,1881.0,1882.0,109.0,-1.68940988897942
29403,1183.0,1894.0,166.0,7.94015232171687
199261,1183.0,85.0,54.0,-0.393099159780663
375964,1913.0,1431.0,109.0,0.656505207477635
57041,229.0,1908.0,9.0,-3.45947258649697
163089,1889.0,1921.0,168.0,1.04000733583237
360820,20.0,1888.0,108.0,-5.06818064466503
338322,1897.0,1224.0,103.0,-1.81904280901792
372630,1885.0,1890.0,109.0,0.825920733053514
302615,1913.0,14.0,98.0,9.42005662821916
416803,604.0,1912.0,114.0,7.35070176886829
275112,1337.0,131.0,179.0,5.99236287100756
47101,83.0,1889.0,6.0,-7.1282109521108
330313,48.0,1671.0,101.0,-13.9056249519133
7287,1924.0,1891.0,1.0,7.0823595111322
192094,1918.0,788.0,176.0,11.5494004373055
311614,1886.0,1918.0,186.0,7.68455013872326
51880,1876.0,1909.0,7.0,-6.45987723397414
200577,82.0,1885.0,54.0,-0.879545538052255
12773,544.0,27.0,2.0,1.55663063593182
357889,1895.0,195.0,108.0,-5.05952397413129
272455,195.0,788.0,179.0,-11.1726458454276
100965,1919.0,1332.0,173.0,-2.07911085076652
273109,1883.0,15.0,179.0,1.17797678140297
221445,82.0,1892.0,56.0,6.31692267198805
318556,655.0,1881.0,99.0,-0.739525103148702
175186,229.0,1884.0,52.0,2.40231846520842
97805,1909.0,1348.0,44.0,-0.489018833274951
229014,1879.0,1889.0,58.0,0.741279818638181
187731,1891.0,1900.0,175.0,-2.33456033541712
184906,1925.0,1926.0,174.0,3.52140263511385
207886,131.0,1921.0,178.0,-6.12165664832068
71293,1885.0,1893.0,13.0,7.05043213466914
52759,1906.0,1917.0,7.0,-1.73162970401521
219534,1912.0,72.0,56.0,4.88335026432792
161635,1903.0,1224.0,168.0,-0.554406371766803
176651,20.0,1887.0,53.0,-0.606819047236467
316074,1878.0,1893.0,99.0,0.0498813538048314
90457,17.0,1902.0,172.0,-3.17832856867055
361595,1886.0,1928.0,108.0,-8.38051089785292
213592,1884.0,1897.0,55.0,0.792345634283246
106560,1897.0,1331.0,45.0,-3.07430311782687
274496,160.0,1908.0,179.0,2.2516949576797
187867,1885.0,47.0,175.0,15.6729693319875
285835,3.0,11.0,77.0,-3.2093463459335
232946,14.0,1912.0,58.0,-11.1868958367765
318867,48.0,1347.0,99.0,-12.6449987861933
170752,1925.0,1876.0,51.0,14.2111675773802
336716,1895.0,1921.0,103.0,-0.684910198727129
166710,1891.0,5.0,51.0,4.3110989751713
162783,1878.0,1910.0,168.0,-0.82627388945198
367483,1903.0,1914.0,180.0,-1.25652164507002
178521,1883.0,677.0,53.0,-2.01094495324317
303278,229.0,1431.0,98.0,4.78500815165301
177147,1880.0,1884.0,53.0,0.0884946457133211
284410,1894.0,1904.0,77.0,2.78749346879843
169547,1905.0,1916.0,51.0,0.973199258263649
192152,1896.0,1923.0,176.0,0.0284560153647915
17166,1332.0,1904.0,3.0,-11.3619707848522
60157,1893.0,1912.0,10.0,4.95435952682737
208142,1879.0,788.0,178.0,-1.2838584276124
372505,1559.0,1887.0,109.0,-1.08289986794538
56736,163.0,1898.0,9.0,0.345128103525989
101901,1879.0,1927.0,173.0,0.777292825413995
161710,1894.0,1921.0,168.0,-0.181726813978315
373951,1887.0,1896.0,109.0,3.65264913585831
231416,229.0,1908.0,58.0,-1.03760328047588
335399,20.0,748.0,102.0,-7.42330578485199
414288,948.0,1925.0,114.0,9.05837006200463
243593,1924.0,1923.0,69.0,1.87920399338368
424701,1224.0,1892.0,115.0,0.339173100164242
333785,1332.0,1894.0,102.0,-10.9130007378373
310705,82.0,1911.0,186.0,5.81096999923452
254527,82.0,11.0,71.0,2.71706447273938
313560,1332.0,131.0,186.0,0.846892426426915
168358,1900.0,1910.0,51.0,3.78533755321929
184970,1342.0,1885.0,174.0,-0.665598184387019
71853,17.0,1890.0,13.0,0.0616732489763943
324032,82.0,1909.0,100.0,-4.71011677621423
189568,1559.0,1889.0,175.0,0.976926926726151
196279,48.0,544.0,176.0,2.48827732384623
74936,20.0,1886.0,13.0,-5.25679033013878
27401,1877.0,1431.0,4.0,4.68323953955095
325071,1925.0,1560.0,100.0,4.77281076649783
398279,1887.0,13.0,112.0,-2.41644162830138
169187,20.0,1883.0,51.0,-3.51233229427885
163740,82.0,1894.0,168.0,-1.05635363965757
186861,1897.0,11.0,175.0,-1.97967266823918
415405,82.0,1923.0,114.0,-6.47817765593422
414835,1911.0,15.0,114.0,-6.45232474634655
263561,1909.0,11.0,73.0,-0.112924791011341
225482,1875.0,1910.0,57.0,-3.01767589125364
175534,14.0,1918.0,52.0,-0.853154362933919
391141,82.0,788.0,111.0,2.60568727346782
310745,1885.0,164.0,186.0,-0.981940813165413
300402,1899.0,1922.0,98.0,0.673095885748302
334417,14.0,17.0,102.0,1.88681738786606
327681,120.0,17.0,101.0,-0.180481964727452
186002,655.0,147.0,174.0,-2.27276308609645
397368,47.0,1331.0,112.0,-8.37561035636668
205798,1877.0,1431.0,177.0,4.69583450339877
426877,604.0,1879.0,115.0,-2.83889993051876
212282,229.0,1878.0,178.0,-0.195928482621592
253733,1430.0,1875.0,71.0,-1.60882755019973
165256,1877.0,1927.0,168.0,-3.64113661613465
390995,1430.0,1560.0,111.0,1.01824930176261
286354,1905.0,1917.0,77.0,-3.79303152582234
237861,160.0,1905.0,60.0,4.636989363915
179790,1906.0,229.0,53.0,-10.0242318686936
280574,1920.0,101.0,75.0,12.880189324074
107285,17.0,1918.0,45.0,-0.947913018231195
266742,1894.0,1897.0,74.0,-1.82147797289031
192137,47.0,1883.0,176.0,-1.81163760748906
412695,1889.0,1912.0,114.0,0.464429764098617
47458,1337.0,1224.0,6.0,-1.54673676385087
311281,1347.0,1923.0,186.0,-5.8200013540011
398948,1559.0,1911.0,112.0,0.730191332768748
372278,1893.0,1881.0,109.0,10.5445559354689
302553,229.0,1922.0,98.0,2.42581744490038
345969,229.0,1924.0,104.0,3.13950886369228
63733,544.0,1895.0,10.0,-0.679409982724062
253636,1342.0,1906.0,71.0,7.2793806480028
217444,163.0,1878.0,55.0,6.21325587149459
183715,1923.0,1927.0,174.0,-4.5851217696961
95493,82.0,1332.0,44.0,-2.60049008392039
269727,83.0,229.0,74.0,-4.14491832189845
325079,160.0,1876.0,100.0,8.64870011503106
7192,1877.0,1892.0,1.0,0.846472849213302
218426,1888.0,677.0,56.0,-4.83110731160701
186609,1876.0,1921.0,174.0,-3.70481461042884
247050,1183.0,1348.0,70.0,2.30440840943161
340229,544.0,1430.0,103.0,7.1491548357911
176162,1332.0,1922.0,52.0,-1.78159806037328
192053,1899.0,1897.0,176.0,-0.055122224716273
271127,1877.0,1921.0,74.0,6.08827281244606
264210,3.0,229.0,73.0,-5.65457304847378
343891,47.0,1923.0,104.0,-7.7385793578624
284157,948.0,150.0,77.0,-0.850801757074861
357815,136.0,11.0,108.0,-3.10583031623498
231017,150.0,164.0,58.0,3.70566490285677
312762,1888.0,17.0,186.0,-1.68120658165444
111002,1912.0,1895.0,167.0,-6.06010303632784
196178,3.0,1348.0,176.0,2.19306497607044
268748,1889.0,5.0,74.0,-1.40080599719279
275870,544.0,1917.0,179.0,-4.60981569400891
16245,82.0,1347.0,3.0,1.68883540044911
376797,83.0,1878.0,109.0,1.46558703039268
233399,1905.0,1560.0,58.0,-4.67874099906786
433988,1893.0,1916.0,116.0,0.88940854262946
200203,160.0,1923.0,54.0,-4.70611834605974
282864,1903.0,1908.0,77.0,-3.04059270891688
360001,83.0,27.0,108.0,-0.531711522042971
216421,1926.0,1893.0,55.0,-2.62702002352422
371688,1342.0,748.0,180.0,2.71654900518117
274861,160.0,164.0,179.0,-3.35972455230972
225542,146.0,1889.0,57.0,7.81873305745485
284694,1915.0,1910.0,77.0,2.25848926588325
183648,1904.0,1914.0,174.0,-0.845617581006549
192055,1883.0,748.0,176.0,-2.86491530458745
238762,604.0,1903.0,60.0,-3.20585494912729
345380,1919.0,5.0,104.0,-4.5500953991312
215428,136.0,1671.0,55.0,0.943198386555277
200313,1926.0,229.0,54.0,2.48059889718163
187270,948.0,18.0,175.0,-1.34013922562591
16308,163.0,1887.0,3.0,2.31854479476538
57149,1876.0,72.0,9.0,-2.02173268297804
201226,1924.0,1875.0,54.0,-0.317180106397089
248764,83.0,1894.0,70.0,-5.85533087050599
273338,1224.0,1922.0,179.0,-0.918018449685558
182529,1888.0,18.0,174.0,5.98309166818751
57317,1430.0,164.0,9.0,5.45086906846606
24902,1907.0,1910.0,4.0,0.0606460503562679
424457,1891.0,1883.0,115.0,2.14248447713247
175693,1915.0,120.0,52.0,5.09796094287576
230361,1895.0,1909.0,58.0,3.04508337267566
115449,1337.0,1921.0,167.0,-16.3678570831085
165246,1876.0,1224.0,168.0,-1.25008608149469
399795,1925.0,18.0,112.0,2.02082685089953
177257,1332.0,1911.0,53.0,-8.11531169670668
397330,1875.0,13.0,112.0,-0.6115395867218
336631,85.0,1900.0,103.0,1.53642709976507
283460,948.0,160.0,77.0,-2.17404202908201
423690,1879.0,1224.0,115.0,-2.83581428331091
230064,748.0,15.0,58.0,-3.33593578187231
171021,14.0,1890.0,51.0,0.892102637796395
95716,1880.0,131.0,44.0,-0.993148083547179
110896,101.0,1560.0,167.0,-15.1069093863062
357495,1920.0,1911.0,108.0,-2.79335775062319
388155,229.0,1911.0,111.0,5.0851600605857
238119,1915.0,13.0,60.0,6.30143752569098
215405,1879.0,1900.0,55.0,-1.56614490901565
185177,82.0,1916.0,174.0,4.2650936057339
17134,1332.0,1916.0,3.0,-9.40141572081027
330882,1883.0,1897.0,102.0,3.92432685053278
375936,1926.0,655.0,109.0,3.16987163534916
219051,1893.0,1348.0,56.0,3.54869152247086
183977,1884.0,1887.0,174.0,0.452093082085046
107365,1560.0,11.0,45.0,-2.96099172619019
390172,1925.0,1904.0,111.0,6.32829516108124
48563,1888.0,1916.0,7.0,1.90290902104464
437216,1342.0,544.0,116.0,-11.8781044325381
86498,15.0,1910.0,172.0,-0.827824606799802
68567,1337.0,146.0,12.0,-1.83813611173712
232082,1332.0,1892.0,58.0,-5.25857756682698
345032,163.0,11.0,104.0,-0.466914729371432
310371,1891.0,1671.0,186.0,-3.55538263976805
342679,1891.0,72.0,104.0,-1.12116745586306
166635,136.0,1918.0,51.0,-4.10727475422787
211225,1877.0,131.0,178.0,4.37676794358315
169434,3.0,1916.0,51.0,2.76110674283029
205721,1876.0,1880.0,177.0,-21.3587198618572
322512,1430.0,17.0,100.0,-3.57525683358934
162898,120.0,13.0,168.0,1.44131477985972
343481,27.0,1911.0,104.0,1.97416436159663
264505,1919.0,1909.0,73.0,14.0678733396339
206229,1876.0,18.0,177.0,3.22233994486508
13731,1914.0,1902.0,2.0,-0.624631432865083
248452,1913.0,1332.0,70.0,-6.51337676331606
285339,14.0,229.0,77.0,-0.273097700822445
45669,1879.0,72.0,6.0,-5.23241200138607
115491,120.0,1928.0,167.0,-1.8990121702182
201029,655.0,1895.0,54.0,-13.9997057499932
359108,1895.0,1914.0,108.0,5.00559469596715
74209,1906.0,1891.0,13.0,-2.01023711884493
87966,1910.0,1921.0,172.0,2.731681702486
221655,160.0,131.0,56.0,-1.52295489985253
73370,1926.0,85.0,13.0,-3.75729268091002
192861,85.0,18.0,176.0,-0.971776626845828
436462,1925.0,1881.0,116.0,-3.58915461478477
17658,1913.0,18.0,3.0,-1.35981109673741
108277,1560.0,1917.0,45.0,-1.68628426997914
27342,1332.0,1880.0,4.0,-1.69819607387946
244044,1915.0,131.0,69.0,3.08505823660366
281884,1897.0,1928.0,75.0,-7.26721026018592
162894,1901.0,1922.0,168.0,-1.35451304610422
423574,101.0,1892.0,115.0,3.59537468038338
345500,1920.0,1917.0,104.0,0.469191966704544
62309,1348.0,1882.0,10.0,0.177684992649964
114879,1342.0,1888.0,167.0,7.29884166315202
75460,1332.0,1908.0,13.0,-6.41482746072062
338642,1183.0,147.0,103.0,-2.53127178744917
279738,1913.0,1904.0,75.0,1.69772153219027
314658,1906.0,1927.0,186.0,-1.38469701318114
303384,27.0,1879.0,98.0,-0.577693889204697
326790,85.0,1888.0,101.0,-12.1549506322238
258156,1903.0,13.0,72.0,4.24023772608871
281552,1430.0,85.0,75.0,-3.35231031484305
281137,1926.0,1430.0,75.0,1.14374639104472
368111,1183.0,1878.0,180.0,0.75506941098754
389233,1920.0,82.0,111.0,-0.540888706905874
300733,1431.0,1900.0,98.0,2.09265347926377
374805,1886.0,47.0,109.0,-7.29073942482636
218732,147.0,1560.0,56.0,10.7700239300751
237953,163.0,1875.0,60.0,-0.941434250213671
180901,229.0,147.0,53.0,3.68920929699713
337185,1894.0,195.0,103.0,4.86000833697396
254760,1342.0,1918.0,71.0,11.4263380114313
170954,83.0,85.0,51.0,1.01992896834356
13793,147.0,1894.0,3.0,-2.63751388383569
371192,1915.0,1918.0,180.0,3.02759851611919
185415,82.0,1884.0,174.0,-4.33736631216784
300509,1875.0,1901.0,98.0,-3.61162057031594
376648,3.0,1927.0,109.0,5.02114741778512
105473,1876.0,1928.0,173.0,0.949087774213041
325956,1898.0,1890.0,101.0,2.08882661567118
87955,1899.0,1912.0,172.0,3.227666085526
332465,1224.0,15.0,102.0,2.80232994741313
56803,1904.0,1908.0,9.0,3.07906097302558
438300,1907.0,1902.0,116.0,-4.58223618513426
340060,1926.0,13.0,103.0,0.91925467838225
423103,1883.0,1900.0,115.0,0.885538104521458
164470,1906.0,17.0,168.0,-4.52210887581996
53212,1905.0,1922.0,7.0,-8.46079688518548
50837,1904.0,1912.0,7.0,3.38484152836508
256622,1883.0,1927.0,72.0,-2.74780345970223
278248,1884.0,1893.0,75.0,-0.113260936357134
271733,1885.0,85.0,179.0,4.37952840869862
168121,146.0,1887.0,51.0,2.24921524869389
435878,1431.0,5.0,116.0,3.83297062382036
413294,1671.0,1893.0,114.0,3.31098262212136
98931,82.0,1909.0,44.0,-4.63245971364346
32753,27.0,1891.0,166.0,-0.368065987088752
243723,82.0,229.0,69.0,0.796569572818356
44071,1891.0,85.0,6.0,2.37257478573406
212466,1915.0,1908.0,178.0,3.04148381831565
61927,748.0,150.0,10.0,-4.32761093404353
107873,101.0,17.0,45.0,-7.02995985377503
186053,160.0,1920.0,174.0,-1.99510684796221
200594,27.0,1909.0,54.0,-3.11809478350421
339745,1332.0,1431.0,103.0,-1.61595696276531
228620,1898.0,1907.0,58.0,-2.09296162921113
198480,1897.0,948.0,54.0,13.270133046678
8365,1906.0,1900.0,1.0,1.16879571088748
247636,101.0,1901.0,70.0,-1.41630716325679
399446,1902.0,14.0,112.0,0.467018065209482
311966,1889.0,131.0,186.0,6.67323331513256
88725,1915.0,1880.0,172.0,-9.29137555832391
345275,1926.0,13.0,104.0,-2.10325716994545
416596,20.0,1348.0,114.0,-3.53012823681109
373238,1898.0,1912.0,109.0,-3.63587627924583
207482,1348.0,1928.0,177.0,-2.77247891828167
344178,83.0,1904.0,104.0,-0.853405022659526
642270,1904.0,1902.0,1.0,2.1622642498093683
47296,1915.0,1918.0,6.0,8.82064364707482
53595,1431.0,1902.0,7.0,-0.318859166225498
18147,229.0,1888.0,3.0,0.610005155625435
341608,1883.0,1898.0,104.0,0.471851522862072
277602,1886.0,1890.0,75.0,-0.73015687169278
315202,47.0,1902.0,186.0,-12.7204123256622
401239,1332.0,1927.0,112.0,6.31484698983857
265385,1919.0,120.0,73.0,-0.59488930249395
14749,1331.0,1921.0,3.0,-4.51797924108467
192231,85.0,13.0,176.0,0.591854684039377
340406,1876.0,1224.0,103.0,2.15769423342626
264313,1876.0,1331.0,73.0,-7.52774888228824
330628,1924.0,1337.0,101.0,1.37318457420274
15990,1900.0,1916.0,3.0,1.89426097000378
221566,3.0,5.0,56.0,-2.16726289376554
105538,147.0,1928.0,173.0,1.95630906654095
218464,1880.0,1898.0,56.0,-5.09722953086607
88908,83.0,17.0,172.0,-1.73888322104085
368273,1909.0,11.0,180.0,-3.59957112918366
201728,1924.0,1342.0,54.0,-2.21487078060526
199392,1875.0,1881.0,54.0,-0.313445099881012
17900,82.0,136.0,3.0,1.71109861751485
87038,120.0,1890.0,172.0,-4.03636376106938
57015,655.0,85.0,9.0,2.66135174323309
310502,72.0,1560.0,186.0,-0.673536304896755
331642,1896.0,72.0,102.0,2.45415849624612
4369,1879.0,1671.0,1.0,-3.43143669378127
211583,1915.0,1348.0,178.0,6.45406469676604
31966,82.0,14.0,166.0,-2.91696801677674
24535,1560.0,1914.0,4.0,-1.43794986419212
232530,544.0,1915.0,58.0,8.05940398285476
24658,101.0,1898.0,4.0,-5.32848324723208
435289,11.0,1921.0,116.0,-0.43066907971852
246451,1885.0,164.0,70.0,4.66576903577561
183284,1671.0,1892.0,174.0,-1.98880866406507
53317,160.0,3.0,7.0,2.76540532046806
67980,1894.0,1431.0,12.0,0.596482415394349
275448,3.0,101.0,179.0,10.6548108388073
237133,1925.0,164.0,60.0,1.07306600541875
631543,136.0,1902.0,44.0,-1.109628103619425
357335,1883.0,1347.0,108.0,-7.86589904705617
346142,27.0,1900.0,104.0,-1.11369388942301
221803,1877.0,101.0,56.0,2.63848395678197
26405,1559.0,47.0,4.0,0.663663270878285
68795,1924.0,1913.0,12.0,10.9562233903346
44639,13.0,1910.0,6.0,-0.328929443331038
235612,1881.0,1927.0,60.0,0.948484330811149
164273,1905.0,1904.0,168.0,-4.16383807076114
416211,160.0,131.0,114.0,5.54287246679685
216814,1919.0,1895.0,55.0,-0.669938958082464
60725,1880.0,1896.0,10.0,2.4347939620765
282914,748.0,1921.0,77.0,-1.28231080953896
204056,1183.0,1892.0,177.0,-2.60289979751184
89342,48.0,1896.0,172.0,10.8383111189408
423787,1907.0,15.0,115.0,-4.0188924724543
224164,1879.0,1895.0,57.0,9.74635047076528
312035,1895.0,1914.0,186.0,-7.9349524967226
29493,1224.0,788.0,166.0,-2.15826836218333
29429,13.0,1910.0,166.0,5.10884679715143
345537,1926.0,544.0,104.0,2.07527090911358
270320,655.0,1905.0,74.0,3.38367978588284
109378,655.0,1915.0,45.0,2.39409617296757
161520,948.0,1895.0,168.0,-1.91534750339958
334118,48.0,1880.0,102.0,2.57156006216917
361531,1342.0,14.0,108.0,1.82948975218418
161586,1671.0,1914.0,168.0,1.12089856454541
33558,1925.0,1888.0,166.0,-1.10226756585824
341788,146.0,1331.0,104.0,-0.831302846662861
425570,1906.0,1898.0,115.0,6.73624923785169
219376,164.0,131.0,56.0,-14.7054142829344
438298,131.0,1902.0,116.0,-2.20639750319585
228155,160.0,3.0,57.0,-0.546913617563134
175727,1906.0,20.0,52.0,10.0351019197214
71808,150.0,1900.0,13.0,2.09072267039862
345626,1925.0,147.0,104.0,2.53601312121285
390513,1926.0,147.0,111.0,2.20941367379208
271835,1917.0,1922.0,179.0,-0.806206712822308
337561,136.0,1887.0,103.0,-3.49362355484938
12425,1924.0,1884.0,2.0,-6.04980948596547
434169,1559.0,1888.0,116.0,2.38319221980128
327587,120.0,1886.0,101.0,-1.61007150059495
108934,1913.0,1880.0,45.0,-5.73006132769233
286364,3.0,147.0,77.0,-0.171026375340919
329950,655.0,48.0,101.0,15.0678147932165
314336,1925.0,1917.0,186.0,-0.0693532702733207
17022,1926.0,1885.0,3.0,-4.45044823946915
224714,147.0,1917.0,57.0,-2.60173223977748
170697,1913.0,1927.0,51.0,-19.4667922596832
424479,1889.0,150.0,115.0,1.45556869262626
391034,20.0,1908.0,111.0,0.9093241820511
235886,1907.0,1911.0,60.0,-6.97265507715026
30072,195.0,1348.0,166.0,2.15476156190931
262418,1878.0,17.0,73.0,0.698202696828994
9696,1894.0,131.0,2.0,-0.290601326861438
51597,1337.0,1881.0,7.0,-2.03520699554082
333030,1331.0,1907.0,102.0,-0.194569028917482
436416,1876.0,229.0,116.0,2.30461382926042
245227,1926.0,1900.0,69.0,1.76660315569949
168914,604.0,85.0,51.0,-0.707846224553921
417226,1924.0,1876.0,114.0,12.3410995293003
413709,1875.0,1910.0,114.0,-0.694850648841247
401014,1876.0,120.0,112.0,5.7789917577268
396705,948.0,1560.0,112.0,8.33441483955528
246827,1884.0,11.0,70.0,-0.463095257999225
310867,85.0,1348.0,186.0,-0.13943862545778
89107,1877.0,1891.0,172.0,-5.37324238104992
113228,1879.0,18.0,167.0,-0.328314518931887
343387,948.0,1906.0,104.0,0.392316580922298
416645,1876.0,1348.0,114.0,-4.07090452603907
401041,1906.0,120.0,112.0,0.268957294560195
213319,948.0,1908.0,55.0,1.84799635369824
302673,1920.0,1907.0,98.0,4.78694777387756
33869,1913.0,15.0,166.0,-0.661584911751377
179542,160.0,82.0,53.0,10.002266633067
282682,1337.0,1224.0,77.0,-0.920257324250923
235977,948.0,1883.0,60.0,1.55514152168826
181691,1915.0,1928.0,53.0,-9.02047914935153
222387,1332.0,120.0,56.0,-1.36307434878871
242205,1875.0,1671.0,69.0,-2.18416333295662
316010,1878.0,1891.0,99.0,-1.29852099221493
194137,1896.0,11.0,176.0,-5.16874085409035
206058,229.0,17.0,177.0,-6.96008017634344
279853,229.0,788.0,75.0,4.7679633930529
13470,1342.0,1903.0,2.0,-5.08142583814395
258467,47.0,1908.0,72.0,7.92872941682299
256960,1887.0,1671.0,72.0,-3.38855119337526
101377,1891.0,195.0,173.0,15.8013262743418
299942,1875.0,1912.0,98.0,-0.854386124494004
197398,1891.0,788.0,54.0,-6.91584274215549
252201,1895.0,1904.0,71.0,-0.690199131692704
371414,82.0,1671.0,180.0,-26.3560042768142
96238,147.0,1922.0,44.0,0.708964833677164
257288,83.0,150.0,72.0,4.15478637059239
259593,1926.0,1893.0,72.0,-0.915750076519681
237795,1905.0,18.0,60.0,-5.75060973927997
231253,150.0,1893.0,58.0,0.821494043800679
205759,1919.0,1916.0,177.0,-1.84912760520783
332079,47.0,1910.0,102.0,8.66268978842169
219593,136.0,1918.0,56.0,2.42333488655575
172555,1913.0,1910.0,52.0,-2.42866127195169
243108,1916.0,1890.0,69.0,-4.88468245479843
226052,163.0,1922.0,57.0,0.586357218782164
18505,83.0,1560.0,3.0,-3.5197904789998
110399,1892.0,1928.0,45.0,-14.0206637580613
178869,1878.0,1896.0,53.0,-1.59689209255502
32217,20.0,1907.0,166.0,-7.33822055365444
67346,164.0,1927.0,12.0,1.11146210388254
232976,1926.0,1920.0,58.0,-1.23696021286705
373787,948.0,3.0,109.0,-3.80532215218883
10066,120.0,1894.0,2.0,5.46611252745522
212610,1337.0,1928.0,178.0,-16.3174773192344
338400,1896.0,1895.0,103.0,3.57171817124965
169925,20.0,1893.0,51.0,4.61965267192939
242304,1894.0,1890.0,69.0,5.11655710245881
185762,229.0,1348.0,174.0,2.90674240876004
391057,1905.0,1908.0,111.0,0.746084121521323
321589,1893.0,13.0,100.0,-2.34223218844973
374846,17.0,1927.0,109.0,-0.036055625075184
25474,1559.0,1883.0,4.0,-2.2576082440761
166537,1559.0,1183.0,51.0,1.40958011390524
252202,1925.0,1671.0,71.0,6.46739252574806
358963,1183.0,1881.0,108.0,0.218620952341828
208541,1875.0,788.0,178.0,2.30569210620982
100075,48.0,1921.0,44.0,9.17162890654809
210854,1924.0,1926.0,178.0,-4.7904871918362
318453,1924.0,164.0,99.0,1.46953573696565
238375,1919.0,1671.0,60.0,11.0489297349143
205992,48.0,655.0,177.0,5.98803286358221
114770,1332.0,1224.0,167.0,0.297064109558324
204377,146.0,72.0,177.0,-1.8152434970146
273267,1886.0,15.0,179.0,0.149542865166648
313563,1332.0,1909.0,186.0,-5.95170959533877
249248,229.0,1914.0,70.0,-1.01012676545112
89882,1920.0,1560.0,172.0,-4.06772036093024
56405,15.0,1921.0,9.0,3.23341657206834
46282,1925.0,229.0,6.0,11.7119300538921
112247,748.0,1923.0,167.0,-0.527496504397466
377175,27.0,1890.0,109.0,4.86833377900412
192620,1671.0,1882.0,176.0,-2.81354661297916
28034,1332.0,147.0,4.0,2.07671865025623
100004,160.0,948.0,44.0,6.59323218286484
345831,27.0,748.0,104.0,3.757244013669
32170,3.0,1923.0,166.0,4.51425600922996
263634,1888.0,1898.0,73.0,-1.36027244455485
64011,1925.0,1430.0,10.0,0.767796660291278
376842,1342.0,1560.0,109.0,2.90398682024833
200954,544.0,17.0,54.0,6.76140633157321
248817,48.0,1883.0,70.0,18.7524269146308
24115,1883.0,1900.0,4.0,-1.60623957277724
52244,544.0,101.0,7.0,20.1351958708829
416409,1905.0,1893.0,114.0,4.21831161168914
182161,1903.0,1911.0,174.0,-2.18960573878699
161643,1885.0,17.0,168.0,4.25670472198353
330707,14.0,1902.0,101.0,-6.10178872694892
337947,1889.0,150.0,103.0,2.37759775190286
276118,14.0,1559.0,179.0,-0.534310396893529
273343,20.0,1911.0,179.0,-2.48794063232203
229253,1183.0,1331.0,58.0,-0.728142259754684
193117,1888.0,1923.0,176.0,0.503073289243347
436765,1430.0,101.0,116.0,4.43800832368579
229807,1347.0,1910.0,58.0,-2.96558411933809
65614,1911.0,131.0,12.0,1.93354434679227
434889,1878.0,150.0,116.0,1.71530817364665
281698,1926.0,15.0,75.0,-13.6798715319671
17503,1877.0,1891.0,3.0,1.17352582675467
88695,604.0,1913.0,172.0,0.021267873635046
225200,72.0,1912.0,57.0,-3.43144581503167
187736,1183.0,1893.0,175.0,8.11727097176633
248314,1559.0,1901.0,70.0,2.35804921637784
104160,655.0,1893.0,173.0,33.2493497561531
162586,147.0,1908.0,168.0,-1.29777276260466
63865,655.0,1879.0,10.0,3.28527134832633
199432,1888.0,788.0,54.0,-0.771797955850776
415756,1876.0,1875.0,114.0,5.4779433444622
45773,1899.0,1909.0,6.0,-0.222329067613537
322808,1921.0,1918.0,100.0,41.2535750033182
227745,604.0,1886.0,57.0,-3.81355266478308
360493,1906.0,18.0,108.0,-1.20752935156166
187750,85.0,1922.0,175.0,-3.65150542940623
237845,1913.0,1348.0,60.0,-2.05727515650924
256437,136.0,1910.0,72.0,1.36006059108234
10776,1888.0,1560.0,2.0,2.29354612111886
189098,101.0,1893.0,175.0,1.08737513606724
368474,1887.0,164.0,180.0,0.765961750271709
15086,1912.0,1888.0,3.0,-9.90657311685589
210973,229.0,1913.0,178.0,4.43302830553732
187154,1897.0,948.0,175.0,1.20569787258935
25286,1879.0,1912.0,4.0,-0.473666471538596
55331,1880.0,18.0,9.0,-0.104513436561859
63329,27.0,1892.0,10.0,-3.24542889967281
112029,15.0,131.0,167.0,-0.642056207535665
177226,1903.0,1927.0,53.0,-0.269705302241115
43453,1902.0,1921.0,6.0,6.6585293252462
196398,160.0,147.0,176.0,-1.7068656713284
58003,48.0,101.0,9.0,7.21550881859522
312989,1342.0,47.0,186.0,-3.73282280840164
284506,1888.0,150.0,77.0,-1.99989704921875
311998,748.0,1900.0,186.0,-5.32155590655795
269382,1926.0,195.0,74.0,-5.76991922599358
43843,3.0,1910.0,6.0,1.20636349992751
59116,229.0,15.0,9.0,7.60229969734893
274941,1925.0,1909.0,179.0,14.4159632422243
7468,229.0,1918.0,1.0,9.82443153949344
302403,1431.0,1901.0,98.0,-0.618931728647463
310865,1879.0,1903.0,186.0,-1.08135429692329
286885,1925.0,1903.0,77.0,-3.68237819479867
200620,1915.0,1885.0,54.0,-3.25877650030768
323008,136.0,1904.0,100.0,3.51286812932518
67419,1900.0,1889.0,12.0,-2.50367336129168
343534,1887.0,1431.0,104.0,-0.220129336515859
196769,163.0,1921.0,176.0,-5.84820144713225
319090,1906.0,1896.0,99.0,-1.34437684350546
357364,948.0,1430.0,108.0,-1.42365669527694
400894,655.0,1224.0,112.0,3.4167452219637
15678,72.0,13.0,3.0,-4.01901782166867
413938,1902.0,1918.0,114.0,2.53136711637798
344361,48.0,788.0,104.0,16.0049386802405
198447,1879.0,1927.0,54.0,0.0092510180983939
233232,229.0,1900.0,58.0,-1.91576884239467
316728,1880.0,1922.0,99.0,2.16664864228163
192535,1904.0,195.0,176.0,3.38278459405417
237705,1877.0,1891.0,60.0,-0.177923995447752
69180,1920.0,13.0,12.0,1.34366829942648
236233,1879.0,1894.0,60.0,0.16063327145246
53533,160.0,1902.0,7.0,10.679291273231
343299,1347.0,1927.0,104.0,-3.89864158260915
192671,1908.0,131.0,176.0,-1.01176047226695
209627,1912.0,1916.0,178.0,4.68559533242157
330081,229.0,1888.0,101.0,-0.0439410543050368
370783,1915.0,1896.0,180.0,0.312191685432128
235006,1912.0,131.0,60.0,-3.99475730856805
209878,1896.0,15.0,178.0,-1.69254015392125
435674,1560.0,5.0,116.0,2.87446291175225
114785,27.0,120.0,167.0,0.39477578276415
190901,20.0,5.0,175.0,13.8648298049322
234166,5.0,1917.0,60.0,-35.368825726298
368804,83.0,1898.0,180.0,1.268621002959
260498,160.0,1876.0,72.0,9.87327440133697
273782,150.0,1431.0,179.0,2.54916019556508
637239,1909.0,1902.0,74.0,-2.933955369786995
95940,1912.0,1431.0,44.0,4.2257520850002
99710,1337.0,120.0,44.0,-15.8066054683933
437489,1332.0,1917.0,116.0,-3.63483534145928
322649,85.0,1898.0,100.0,-0.176746539381442
6695,1906.0,1881.0,1.0,-1.01827271366973
284379,1904.0,1908.0,77.0,-4.61671390086803
232507,1876.0,1889.0,58.0,-6.23685400411849
415365,1894.0,18.0,114.0,-0.534381316499074
8869,147.0,47.0,2.0,0.790684622121061
176151,82.0,1908.0,52.0,-1.65071158536467
232322,604.0,11.0,58.0,7.5406877421319
18692,1915.0,1921.0,3.0,-6.6816613755243
179139,1910.0,1890.0,53.0,-2.36444933855258
280842,1877.0,1896.0,75.0,1.24285708005845
416298,1332.0,1884.0,114.0,-8.24819475290496
89901,160.0,1332.0,172.0,-4.17786674896994
182125,1884.0,1897.0,174.0,3.53215059306095
369755,1881.0,1901.0,180.0,-1.57130345940477
285857,1332.0,1893.0,77.0,24.1618863064594
51013,72.0,1331.0,7.0,0.892079468939773
345743,544.0,120.0,104.0,-1.30461965081856
286864,1913.0,1908.0,77.0,-5.4260716462778
29081,1431.0,1928.0,4.0,-5.03713860013389
189750,1926.0,1883.0,175.0,2.77836638299205
237878,163.0,13.0,60.0,9.98016076440064
397986,1897.0,1892.0,112.0,-6.42507475827415
190638,1430.0,1879.0,175.0,-3.03144089053231
310929,14.0,1347.0,186.0,-2.89250861165849
416118,1332.0,1892.0,114.0,-4.78015337244623
108714,1877.0,1885.0,45.0,17.0061005684001
181112,544.0,1332.0,53.0,0.981558041680359
26123,1902.0,131.0,4.0,1.57877883281503
192253,1897.0,1920.0,176.0,1.69821584320305
301286,1348.0,1917.0,98.0,-2.85630330160697
437779,1915.0,1878.0,116.0,-5.09099813533953
415926,1342.0,1914.0,114.0,6.18538595049318
12889,1913.0,120.0,2.0,-3.23158048163325
162178,1913.0,1911.0,168.0,0.0262501850890601
273663,1895.0,11.0,179.0,4.89397164819119
373448,1904.0,1914.0,109.0,1.61771665335598
268675,1891.0,1916.0,74.0,-4.94861218682248
334269,655.0,1913.0,102.0,1.80380982761349
201209,163.0,1875.0,54.0,-2.39386793661627
424476,1903.0,1922.0,115.0,5.11757654978729
185362,655.0,1893.0,174.0,14.4145395542564
223691,136.0,1560.0,57.0,1.89040126807798
279655,163.0,47.0,75.0,0.129604009073466
391152,1924.0,1925.0,111.0,13.178347072692
214294,1896.0,1910.0,55.0,3.79783062184306
14803,1909.0,1917.0,3.0,-1.02935645004348
330868,1559.0,1224.0,102.0,-5.89398526984698
86253,1883.0,120.0,172.0,9.85112512625427
277475,85.0,1910.0,75.0,0.174079623992397
32507,48.0,1331.0,166.0,-12.3399968591894
397606,101.0,1891.0,112.0,15.0206197612474
182358,101.0,1895.0,174.0,0.662893804071741
192550,1889.0,150.0,176.0,-0.86308679286433
371297,229.0,544.0,180.0,3.57967580921759
87981,1894.0,748.0,172.0,-3.02477222529825
103226,1898.0,5.0,173.0,-2.48092428144515
228979,1559.0,1347.0,58.0,4.98764005853359
57302,1430.0,1907.0,9.0,0.302756594393632
335910,1901.0,1902.0,102.0,-0.197676020161384
281272,1342.0,120.0,75.0,4.61298333674427
218579,1904.0,1881.0,56.0,7.62187391081657
25998,1331.0,1914.0,4.0,0.832658227380227
243919,1919.0,146.0,69.0,-0.0059904702255247
635343,101.0,1902.0,179.0,12.074348608299804
194823,1924.0,1899.0,176.0,0.49630034201231
263630,101.0,1912.0,73.0,-5.56826062150782
250478,229.0,1332.0,70.0,-3.9019779993857
224683,1902.0,1905.0,57.0,3.16860894096633
268239,1885.0,1896.0,74.0,3.60054329425896
372875,1880.0,1916.0,109.0,0.940457717855755
3880,1912.0,15.0,1.0,-0.669364404453829
9935,1903.0,164.0,2.0,15.0238538818358
209151,1907.0,1882.0,178.0,-1.3078218235235
161113,948.0,3.0,168.0,-3.08096081882712
337629,72.0,1431.0,103.0,0.305918906432055
286307,544.0,1559.0,77.0,1.04727302362096
389060,655.0,85.0,111.0,2.25500110803119
389192,160.0,18.0,111.0,1.40791862605878
436354,1913.0,1901.0,116.0,-2.53845685369991
342617,677.0,1922.0,104.0,2.04380483850205
332379,3.0,1332.0,102.0,-2.90728729303033
192397,1921.0,1927.0,176.0,-2.117381122192
314182,604.0,1875.0,186.0,0.660388674051673
320637,1887.0,1882.0,100.0,7.32837720710155
28906,1332.0,1921.0,4.0,-6.15520427988259
61626,1883.0,1910.0,10.0,9.02310558414686
317612,1559.0,1886.0,99.0,1.84815944461089
58933,1332.0,1903.0,9.0,-3.69515015160857
314185,160.0,1875.0,186.0,-3.47273773356462
176625,82.0,1899.0,53.0,1.6172502812456
255460,1905.0,15.0,71.0,-4.17661250327862
113247,1920.0,18.0,167.0,-1.03167204261663
226836,1919.0,1914.0,57.0,3.22803659070361
174519,1876.0,1881.0,52.0,-1.56174876142536
425305,1908.0,1882.0,115.0,-0.91295987849611
371680,1877.0,1671.0,180.0,-16.4747043281941
279275,1884.0,1894.0,75.0,-2.19913579868207
65565,1885.0,1892.0,12.0,-7.27589324505875
197170,788.0,1902.0,176.0,1.44035624584257
64288,20.0,1671.0,10.0,-13.018324025044
188669,1908.0,1917.0,175.0,-1.73921362171017
85634,1888.0,1890.0,172.0,9.32718080701269
69338,1877.0,1889.0,12.0,-3.71866908464855
330075,83.0,1559.0,101.0,-1.7569180562049
58611,1920.0,1888.0,9.0,0.0613086307579712
399867,1342.0,229.0,112.0,7.32455217182341
11357,48.0,160.0,2.0,6.10463895047155
243742,655.0,164.0,69.0,-3.21369029562696
229018,1899.0,1560.0,58.0,1.88524631054621
224454,1903.0,1917.0,57.0,4.64929455641311
15098,1889.0,1894.0,3.0,0.439204628444864
633746,748.0,1902.0,10.0,-2.216939750967435
176619,1915.0,150.0,53.0,3.67384070831974
234213,1908.0,1901.0,60.0,-0.496720024250088
15660,1889.0,1892.0,3.0,3.45873094303774
69813,1876.0,1882.0,12.0,4.24930822658104
255123,544.0,147.0,71.0,5.57294964838851
72475,150.0,1347.0,13.0,-1.28500663224194
173789,1895.0,1892.0,52.0,5.96475090111277
258025,1183.0,1881.0,72.0,-3.6776274470154
69095,1877.0,1905.0,12.0,4.49632549039283
416595,1430.0,1348.0,114.0,-3.56506885607863
343821,948.0,1901.0,104.0,-1.8753751412378
257207,1880.0,1902.0,72.0,-1.67859987009875
8572,17.0,1928.0,1.0,-2.43309238501943
210726,1924.0,18.0,178.0,-1.59172306498903
371896,1337.0,1560.0,180.0,-3.33889154294678
65598,1906.0,1887.0,12.0,0.667327074694463
17509,3.0,101.0,3.0,9.16188125505717
334362,1337.0,1885.0,102.0,3.3710222295828
54291,748.0,1898.0,9.0,-4.33728578907652
161074,948.0,1892.0,168.0,3.8573293736553
6225,150.0,1890.0,1.0,-1.47175160968322
266910,120.0,5.0,74.0,-3.77366487238434
232064,1913.0,1909.0,58.0,-12.8803665251869
192494,147.0,1912.0,176.0,-2.20164128249027
377133,1924.0,677.0,109.0,-1.04770667020416
323022,1875.0,1909.0,100.0,-1.59977490238102
108310,544.0,1899.0,45.0,13.5965872428526
248560,1904.0,1431.0,70.0,3.77807170606333
53045,1925.0,1876.0,7.0,14.4846467261704
279729,48.0,18.0,75.0,21.2820119273516
341567,147.0,5.0,104.0,-3.33668212677037
339248,83.0,1901.0,103.0,0.513125870350583
235663,1875.0,18.0,60.0,-2.43555768271773
343793,1331.0,1916.0,104.0,-0.217193474158084
99202,82.0,1893.0,44.0,14.5553259819996
400126,1919.0,1909.0,112.0,7.1878193801756
10263,1883.0,1908.0,2.0,6.02033346716792
399173,72.0,1903.0,112.0,-11.29737610225
175913,160.0,1342.0,52.0,-7.67051221932252
338508,15.0,1914.0,103.0,5.42389282787658
373431,1904.0,17.0,109.0,3.04681613449893
435329,1909.0,164.0,116.0,9.623584521913
4623,147.0,1898.0,1.0,-2.60232397079614
233316,1337.0,85.0,58.0,-13.3576748972207
211572,3.0,13.0,178.0,-2.07058953725478
304702,229.0,677.0,98.0,1.49897911589024
423383,1880.0,85.0,115.0,0.265649498253836
27220,1926.0,1885.0,4.0,1.97324073950126
190703,1924.0,1895.0,175.0,-2.74868507669148
168668,1900.0,1348.0,51.0,0.383678628331111
199340,1886.0,13.0,54.0,-5.70408062665691
86546,1348.0,1892.0,172.0,-2.30746384285716
205755,20.0,1909.0,177.0,-15.8889084655928
213723,14.0,1899.0,55.0,3.47886318630592
415995,82.0,1885.0,114.0,7.23636892492833
104684,229.0,1559.0,173.0,2.19226675143696
55090,1559.0,748.0,9.0,1.79309730978855
413149,1898.0,1917.0,114.0,5.07319555085576
32661,82.0,1916.0,166.0,0.208312627356013
88974,27.0,11.0,172.0,4.06150880406916
185434,1337.0,1893.0,174.0,4.66407563691206
256177,1879.0,1884.0,72.0,-5.13984388131492
284913,83.0,1919.0,77.0,5.72471924285186
18556,160.0,1903.0,3.0,-1.85113086487135
422986,1886.0,1671.0,115.0,0.363881265672165
250498,1926.0,1560.0,70.0,-2.08354644012192
235061,1880.0,164.0,60.0,0.932239764824864
423553,1880.0,1927.0,115.0,1.37828746595794
240552,1907.0,1914.0,69.0,1.10310686623546
105850,1909.0,1331.0,45.0,9.81950680722144
263016,1882.0,1918.0,73.0,0.874230603122235
276389,544.0,1911.0,179.0,3.84629988833584
317218,1886.0,748.0,99.0,-0.328518649836975
233606,1928.0,1902.0,58.0,-0.16026740991315
200754,1876.0,1914.0,54.0,-2.89125951361543
15983,150.0,1917.0,3.0,1.81774495529187
111456,147.0,13.0,167.0,-0.528857402600333
179235,1900.0,1892.0,53.0,-2.92668714226064
51833,1876.0,146.0,7.0,-3.76031549658913
250681,82.0,20.0,70.0,3.4294214775788
302091,146.0,1331.0,98.0,2.05386542043581
252158,47.0,11.0,71.0,8.20718544760441
107233,1891.0,1923.0,45.0,-4.71475210864704
46627,48.0,604.0,6.0,6.03503554092852
279091,1890.0,1922.0,75.0,0.341747151357639
343992,1331.0,1910.0,104.0,7.17795668242669
324435,1877.0,1875.0,100.0,-7.90824125445434
98934,14.0,1914.0,44.0,4.07547470377572
55010,1913.0,150.0,9.0,7.41868023420004
323830,1905.0,1904.0,100.0,-0.34138700138734
103762,229.0,1881.0,173.0,-0.443720078098834
75277,1876.0,1337.0,13.0,-7.59290453299453
397767,1916.0,11.0,112.0,-0.0233621473463517
361019,1430.0,1671.0,108.0,-1.18406480712032
54844,1348.0,5.0,9.0,-1.79491285230138
326410,1332.0,1899.0,101.0,-1.79814917822986
416077,1913.0,1916.0,114.0,-6.74660665843326
258109,136.0,147.0,72.0,-3.38295004580118
426823,1342.0,13.0,115.0,-0.424415369789015
228854,948.0,1908.0,58.0,-0.884468769790308
72253,1909.0,150.0,13.0,9.49504282489868
254285,27.0,131.0,71.0,-3.91665344090237
261264,85.0,1922.0,73.0,2.31957418579301
275954,1332.0,1917.0,179.0,-3.17594170679316
286500,1926.0,136.0,77.0,-3.02285312087552
371507,1919.0,1671.0,180.0,-2.23630372497247
252311,948.0,1900.0,71.0,11.4132922852861
32324,229.0,164.0,166.0,4.91929947884664
223018,229.0,1910.0,56.0,-1.76951581786297
195382,20.0,146.0,176.0,-1.73688621880269
98493,1913.0,1883.0,44.0,-4.38923306254488
326084,1895.0,13.0,101.0,1.99353910026828
230635,1916.0,1914.0,58.0,-1.85064553782211
209696,1893.0,1886.0,178.0,-1.02196947367593
376212,160.0,1915.0,109.0,-1.721145694624
53466,48.0,1928.0,7.0,-4.08831365991875
107089,1875.0,1897.0,45.0,-5.47742543776249
271943,164.0,1882.0,179.0,1.75191793818427
222186,1915.0,147.0,56.0,5.39407723661818
254103,163.0,1916.0,71.0,-0.323471930061205
229494,101.0,150.0,58.0,6.12189994329554
389042,1925.0,1899.0,111.0,8.12305720010393
416940,1877.0,1927.0,114.0,4.25647960922219
205115,48.0,85.0,177.0,12.38773565794
264470,48.0,1331.0,73.0,-12.67388541592
377280,1894.0,1928.0,109.0,26.052372829438
345715,604.0,1888.0,104.0,3.57111743406055
167856,1347.0,1922.0,51.0,-7.48878357408902
188125,13.0,15.0,175.0,1.59630017527731
72045,17.0,677.0,13.0,7.83017184682084
54205,1896.0,1917.0,9.0,1.53523734241899
186494,1906.0,1560.0,174.0,-4.6587175599943
424788,72.0,677.0,115.0,-0.749265953072618
72622,72.0,150.0,13.0,2.99065097296515
316419,72.0,1901.0,99.0,-1.63411016393524
281896,1430.0,1928.0,75.0,-2.31227762043713
215326,948.0,1882.0,55.0,-5.95806415989591
31904,1877.0,1922.0,166.0,-0.696838824422211
54327,101.0,131.0,9.0,-2.42209250457067
9276,1881.0,1927.0,2.0,-3.32161957267663
196641,604.0,1560.0,176.0,0.523952122003648
398876,1916.0,18.0,112.0,-3.66960959518669
320550,1342.0,17.0,100.0,-0.12803291864169
320715,1893.0,1927.0,100.0,1.34870228708567
29775,136.0,18.0,166.0,-3.67378655565557
170072,1920.0,1918.0,51.0,1.46218458800504
86848,136.0,1892.0,172.0,5.34513919912769
98221,1919.0,788.0,44.0,5.77480460217804
101394,1878.0,1885.0,173.0,-1.20389152422699
317369,13.0,17.0,99.0,1.3992932782028
417477,1332.0,1908.0,114.0,1.46010084132792
165502,1906.0,1878.0,168.0,-4.32221685907932
416787,1430.0,1918.0,114.0,-3.55950915988128
10820,1912.0,13.0,2.0,-0.409350101410876
187677,5.0,1901.0,175.0,-16.3243400096321
245648,1876.0,1928.0,69.0,4.63915062519969
257410,1878.0,15.0,72.0,-1.01878296970002
43411,1906.0,1332.0,6.0,-5.66423211482989
345157,1926.0,20.0,104.0,-5.93312828271703
243887,1332.0,146.0,69.0,1.16275174868272
192892,1884.0,1894.0,176.0,-0.359221145301383
186099,1924.0,136.0,174.0,7.2104617136274
311698,1559.0,748.0,186.0,14.1174150562305
267680,1904.0,1910.0,74.0,3.48175769007399
263667,1331.0,1882.0,73.0,-3.45710840847723
220371,101.0,15.0,56.0,0.566422816272408
371315,544.0,1559.0,180.0,-7.62972032905433
89144,229.0,150.0,172.0,-1.89756719441278
44541,1897.0,1896.0,6.0,-7.0812621034614
6953,1919.0,1880.0,1.0,-1.83526965887911
177606,82.0,1347.0,53.0,-7.43303093829335
62685,1332.0,788.0,10.0,2.5329986630656
43211,1559.0,1914.0,6.0,-1.624504037567
110144,544.0,1890.0,45.0,15.1284029064447
69220,1925.0,1879.0,12.0,5.10709824275628
224586,1881.0,1922.0,57.0,0.962078314889799
50226,1903.0,1904.0,7.0,1.27039341333649
54819,1905.0,1910.0,9.0,1.38733160333449
4384,1883.0,1923.0,1.0,1.29482365965973
64612,160.0,1878.0,10.0,-1.61437286002483
358100,136.0,146.0,108.0,-4.75317890140794
436669,1337.0,1885.0,116.0,-10.9056747331697
232870,1430.0,1917.0,58.0,13.337779292365
43135,1909.0,1918.0,6.0,3.33428469300794
388101,1914.0,1918.0,111.0,64.1213971585049
200622,27.0,1885.0,54.0,-3.30955719035509
4810,1897.0,5.0,1.0,0.122353322984431
246088,136.0,1922.0,70.0,-2.66581185976995
333085,1878.0,1897.0,102.0,3.12972874394837
265890,1925.0,677.0,73.0,1.70941390253548
86113,1915.0,1910.0,172.0,-1.8435157780178
331606,748.0,1918.0,102.0,-2.14448317283367
368140,101.0,677.0,180.0,-6.74763914368869
199478,1898.0,1881.0,54.0,9.50105635607379
74339,3.0,17.0,13.0,-2.7425269293377
283840,1911.0,15.0,77.0,-2.34542377922293
46265,1877.0,1923.0,6.0,-3.32735362910656
333235,72.0,1900.0,102.0,-3.41258870185474
66902,1893.0,131.0,12.0,-0.611804110647415
64908,229.0,1928.0,10.0,-2.73491160224388
106958,1907.0,1918.0,45.0,1.40853467958888
220079,1559.0,1331.0,56.0,0.162899080104343
53118,82.0,1878.0,7.0,-0.78970008698839
424338,136.0,1903.0,115.0,1.83124274169576
415697,1906.0,1907.0,114.0,-2.78417827373346
245716,1342.0,1902.0,69.0,-9.09588605155347
69664,1915.0,1671.0,12.0,-18.0372605443728
231188,1891.0,1224.0,58.0,-8.70398798744195
4160,1559.0,131.0,1.0,0.740161869005295
56422,1888.0,1892.0,9.0,-3.63880107305589
396727,1903.0,1224.0,112.0,-1.22528764479104
185498,1877.0,5.0,174.0,-1.35377317259321
280770,229.0,13.0,75.0,-6.40989960560498
207698,1903.0,1900.0,178.0,3.08757812567777
106340,1891.0,1884.0,45.0,-9.12127852152351
16612,1915.0,1906.0,3.0,1.41347795213572
343162,948.0,788.0,104.0,0.799802801008605
52519,1926.0,1875.0,7.0,0.122070382560643
115287,1913.0,20.0,167.0,4.63232335096956
249351,83.0,1880.0,70.0,-2.17700611247739
194663,1879.0,748.0,176.0,2.43242048225157
359633,163.0,788.0,108.0,-4.4778938557325
55227,1899.0,1921.0,9.0,4.39154860115208
68437,82.0,1881.0,12.0,-0.290936409335349
357378,1917.0,15.0,108.0,-2.3568710425517
413020,101.0,1347.0,114.0,-1.10088044209081
177829,1891.0,164.0,53.0,0.998098526367883
168994,1906.0,1923.0,51.0,-0.184822650104213
101969,85.0,1922.0,173.0,2.51904984689274
167833,1908.0,1927.0,51.0,4.64437802644309
5271,1887.0,1911.0,1.0,2.8272608738366
29602,27.0,1887.0,166.0,8.54236339704455
388777,1896.0,1892.0,111.0,12.4618034274045
316648,101.0,72.0,99.0,3.68604816381905
192541,1899.0,1891.0,176.0,-4.32145600279309
256783,1891.0,677.0,72.0,-4.55302000197467
416304,655.0,1892.0,114.0,7.54560588248721
111656,1909.0,1921.0,167.0,1.50994845046866
241101,1886.0,1671.0,69.0,-0.270369883044245
314199,14.0,1905.0,186.0,7.47113396066737
397416,1899.0,1894.0,112.0,3.09309052653992
204811,1347.0,788.0,177.0,-16.7746741209505
316748,1889.0,1897.0,99.0,-2.67393161646594
357450,1911.0,1918.0,108.0,-4.42283950851218
328476,14.0,788.0,101.0,-3.01475673077464
179646,1915.0,1907.0,53.0,-4.22794083763657
300220,101.0,1331.0,98.0,-6.16382434758308
323975,3.0,146.0,100.0,7.63421111889151
113864,1915.0,146.0,167.0,18.2941551189296
279726,163.0,1907.0,75.0,0.0384761306891046
190676,1332.0,544.0,175.0,4.42153373363958
178414,677.0,1922.0,53.0,4.73513357282603
197329,136.0,1671.0,54.0,-1.67807318624275
324594,3.0,1348.0,100.0,-6.94526962916303
287001,1430.0,1921.0,77.0,-16.8084180069646
12819,1337.0,1888.0,2.0,-4.13175625552024
97468,136.0,1880.0,44.0,7.86267687849431
207891,120.0,1560.0,178.0,-0.371276073415478
214489,1331.0,1923.0,55.0,-5.45017980780211
311278,1347.0,1882.0,186.0,-3.24465776439334
436570,1924.0,1331.0,116.0,-21.3576674477898
115223,1925.0,1911.0,167.0,-4.72935596675898
99322,655.0,1915.0,44.0,-7.7651780316337
425702,82.0,1894.0,115.0,2.51076813568209
325010,229.0,1342.0,100.0,2.01863516858013
177200,120.0,1560.0,53.0,4.47051615174565
211969,48.0,1888.0,178.0,16.2018818972532
282285,1431.0,1918.0,77.0,1.90447782170143
266939,147.0,17.0,74.0,-2.57089804808979
315646,1904.0,1893.0,99.0,-0.310400408395909
33426,1430.0,1224.0,166.0,-1.45094315166521
251661,1879.0,1921.0,71.0,1.85295378526582
332207,147.0,1348.0,102.0,2.07161783882608
332767,1891.0,1887.0,102.0,3.47434954216567
187806,1886.0,195.0,175.0,-7.71105939288366
96867,1886.0,1918.0,44.0,-3.0676636253381
200830,1332.0,1891.0,54.0,1.03504364835281
300780,101.0,1894.0,98.0,1.24609984962587
50351,1899.0,1927.0,7.0,-0.324899286753115
423448,1888.0,1904.0,115.0,-0.457360806022549
213907,195.0,1918.0,55.0,2.49699270673168
279294,1878.0,1903.0,75.0,-0.479757639596583
195139,1337.0,1907.0,176.0,-0.516460384186873
227515,160.0,1559.0,57.0,4.52356710068753
416945,1915.0,1917.0,114.0,-5.73534523881935
231668,1915.0,1901.0,58.0,-0.723095407112426
70601,1886.0,17.0,13.0,-2.53249913654297
357423,1331.0,11.0,108.0,-1.09734993201736
194508,1886.0,1912.0,176.0,1.71706407232968
224624,1879.0,1560.0,57.0,-2.98679946358995
240893,1224.0,1890.0,69.0,-0.296824007499285
269303,655.0,1883.0,74.0,-12.598005539529
258239,948.0,1331.0,72.0,1.81203378578021
49847,1883.0,1893.0,7.0,-0.530015231411128
207047,1906.0,1903.0,177.0,2.05937905964156
248125,1897.0,1347.0,70.0,-2.71778943725901
373637,72.0,1921.0,109.0,-5.03023854885557
286691,1905.0,15.0,77.0,-6.35038246818625
254038,1913.0,195.0,71.0,-1.41188074577497
95472,1879.0,147.0,44.0,-2.4898886614411
272153,1904.0,1892.0,179.0,-5.19990835726449
170205,1905.0,5.0,51.0,-1.16795874731358
103380,1876.0,14.0,173.0,-11.2133983731576
29093,18.0,1928.0,4.0,1.00186730384519
274124,1889.0,11.0,179.0,-2.86491642656608
225010,1904.0,1898.0,57.0,0.873372560821603
205263,82.0,1896.0,177.0,5.98623171621096
336919,1895.0,1883.0,103.0,-0.553950074455891
163286,1560.0,1892.0,168.0,-5.1898661331641
336127,1899.0,1903.0,103.0,3.59412810672511
426611,1877.0,20.0,115.0,0.497155843555155
3606,1885.0,1889.0,1.0,-0.875179091044118
223819,147.0,1896.0,57.0,-0.537432045023606
88565,655.0,1880.0,172.0,-4.30105134470576
181459,14.0,1908.0,53.0,-18.412376837801
424316,1886.0,164.0,115.0,-2.42810947035766
162730,1331.0,1892.0,168.0,-2.34638125820462
114487,3.0,13.0,167.0,0.432238164274499
396969,20.0,1899.0,112.0,-2.34400405103464
342075,1559.0,1918.0,104.0,0.412579096253963
213098,748.0,1914.0,55.0,0.367747437719542
50535,1347.0,1878.0,7.0,-6.97379113442228
164865,163.0,1918.0,168.0,-3.33180471030751
105330,1913.0,1921.0,173.0,6.434768756781
374155,1912.0,1914.0,109.0,1.93244006640248
416563,655.0,1915.0,114.0,-2.21080297366431
398716,1912.0,1889.0,112.0,0.905399806496011
423122,1342.0,1911.0,115.0,-1.34312505480481
398834,1883.0,11.0,112.0,3.60175258597798
71887,1183.0,164.0,13.0,0.85237148391852
43394,1560.0,1921.0,6.0,6.00437531052778
214579,748.0,1904.0,55.0,2.58716347799116
212254,14.0,1903.0,178.0,2.89698512904946
414301,5.0,1921.0,114.0,5.07371700440254
272820,1888.0,1347.0,179.0,0.636091626931772
224391,147.0,1560.0,57.0,-5.21096941425662
397429,147.0,1671.0,112.0,-1.15311045290058
50920,1883.0,748.0,7.0,2.454426493726
162327,47.0,1923.0,168.0,0.0171741354771621
335454,1924.0,1332.0,102.0,3.58278691597891
400499,160.0,101.0,112.0,21.3276788380138
57672,83.0,1880.0,9.0,1.23119060422041
67043,85.0,146.0,12.0,-0.191922181098344
65600,1559.0,1900.0,12.0,2.12227365126777
285263,655.0,1887.0,77.0,2.40556788323296
96617,1895.0,1917.0,44.0,3.55888127058557
248856,1430.0,72.0,70.0,0.548211012666714
174836,1913.0,1916.0,52.0,3.34362505464652
390794,1926.0,948.0,111.0,4.52823231911568
206257,82.0,5.0,177.0,0.488755191310839
48457,1880.0,1927.0,7.0,-0.281999056712417
286139,3.0,544.0,77.0,-1.98077982754051
317403,1912.0,15.0,99.0,-2.86798914281647
205121,1877.0,1183.0,177.0,11.7128317560308
244359,1915.0,1893.0,69.0,-2.3728721272032
165716,1913.0,1560.0,168.0,3.79333029120356
53091,1926.0,1924.0,7.0,12.0640602616098
5137,72.0,1331.0,1.0,-7.10980567651675
434426,1875.0,1880.0,116.0,0.767140928962338
5872,1559.0,677.0,1.0,3.59428247077685
201498,1342.0,147.0,54.0,-3.80951203741094
49229,1903.0,15.0,7.0,-2.82407286309875
414058,1905.0,1910.0,114.0,-5.60909910800276
231546,82.0,544.0,58.0,5.29223556448053
25707,1183.0,1887.0,4.0,4.35025727515449
71962,47.0,1916.0,13.0,-1.39989165134477
102266,163.0,150.0,173.0,6.75120082776038
284754,13.0,1927.0,77.0,0.0652928271718091
164963,544.0,1875.0,168.0,4.81796180867939
286190,48.0,1889.0,77.0,3.35212558563053
61283,1183.0,1671.0,10.0,1.31582787287214
200087,1876.0,14.0,54.0,-6.55200992801417
253759,1906.0,1183.0,71.0,1.12191261072696
213178,1901.0,1918.0,55.0,4.05400212540878
244168,1926.0,1347.0,69.0,-2.9953169544501
334542,544.0,655.0,102.0,-1.91707933992002
428005,1926.0,1902.0,115.0,7.24429486536475
242823,1559.0,72.0,69.0,4.79901754173063
10691,1877.0,1347.0,2.0,-6.53653706621656
111336,1560.0,1916.0,167.0,-1.65838859475432
222346,229.0,48.0,56.0,11.8592922231845
253428,1889.0,1896.0,71.0,-0.363639725053034
192590,1896.0,1916.0,176.0,-1.0349297396738
99246,1915.0,27.0,44.0,-10.4880248434066
317537,164.0,15.0,99.0,3.51641511877436
68316,1906.0,1907.0,12.0,-10.6677438625959
18834,17.0,1928.0,3.0,-8.12003904925711
5325,1912.0,1224.0,1.0,2.32963417068125
187530,1878.0,164.0,175.0,3.63525310473518
242647,1559.0,15.0,69.0,2.40840153419761
258630,1876.0,47.0,72.0,-1.34616356027506
255122,1915.0,120.0,71.0,2.90891698736081
55049,1893.0,1887.0,9.0,-0.980361428977578
270131,544.0,1893.0,74.0,20.4292495552775
283194,164.0,788.0,77.0,2.44097135690431
414479,948.0,677.0,114.0,7.0256656109369
423692,1891.0,1893.0,115.0,3.2302165215462
29653,1888.0,164.0,166.0,4.35370472675449
111971,1879.0,1890.0,167.0,1.37248332589746
74113,1342.0,1431.0,13.0,2.72002062440457
200519,1925.0,1914.0,54.0,3.92617980822585
169733,1926.0,131.0,51.0,10.2857214985727
373392,1883.0,1903.0,109.0,-0.161440497855575
68868,1430.0,1891.0,12.0,2.07695719453458
272760,1883.0,1914.0,179.0,-0.258412178799799
437681,1906.0,1559.0,116.0,-1.29371781389022
424147,1896.0,1888.0,115.0,-0.0607236691652082
25573,150.0,1882.0,4.0,3.99443047422293
335471,82.0,83.0,102.0,0.129441213746926
257318,1183.0,1914.0,72.0,0.813319706676395
374203,1903.0,18.0,109.0,7.17681591501625
256913,13.0,1916.0,72.0,-3.18026426151837
33535,1877.0,136.0,166.0,-0.350339788094458
246495,1431.0,1923.0,70.0,5.56898874663459
231326,1883.0,15.0,58.0,-6.54623098835382
251938,1916.0,1921.0,71.0,8.3485945327656
14463,1904.0,1348.0,3.0,-7.58046810336378
246669,1431.0,1901.0,70.0,-5.05035729326632
434444,14.0,1347.0,116.0,-7.72614362296222
16583,83.0,788.0,3.0,0.244811029358212
68244,229.0,1923.0,12.0,-2.81401407945174
269057,1875.0,1891.0,74.0,2.01440807347344
247774,1885.0,120.0,70.0,0.585171680476774
267091,1889.0,1671.0,74.0,5.03229966129893
14578,1878.0,1921.0,3.0,-2.21740434035788
229369,748.0,677.0,58.0,-9.12061078315033
164665,160.0,17.0,168.0,1.87321029874094
101105,1875.0,1904.0,173.0,1.347133824131
100272,160.0,15.0,44.0,-4.4708561649154
6498,48.0,1907.0,1.0,-13.5047625345155
398856,1875.0,1898.0,112.0,-2.92233564140031
249190,1926.0,1885.0,70.0,-0.100353340405288
264614,160.0,1431.0,73.0,6.3809798896202
300172,1884.0,1916.0,98.0,6.62836115040848
61240,1893.0,1882.0,10.0,-1.73544276330989
176019,83.0,1903.0,52.0,-6.7136479947346
16781,655.0,788.0,3.0,-4.80232567554142
13119,1906.0,748.0,2.0,-1.19955839542509
96535,1183.0,1348.0,44.0,-0.276023231430768
341637,1671.0,120.0,104.0,4.44525253122616
217123,48.0,1888.0,55.0,19.4793940534821
398885,13.0,1910.0,112.0,-3.65830721512381
329499,1332.0,1896.0,101.0,0.167977859173811
114791,163.0,147.0,167.0,3.20740000926624
5028,72.0,195.0,1.0,1.07992472903856
331609,1903.0,15.0,102.0,-1.8470435854543
43922,1880.0,1881.0,6.0,4.41971715550547
281601,1906.0,1900.0,75.0,0.591266727372017
184810,1915.0,1881.0,174.0,-8.73175548314919
310512,1912.0,1916.0,186.0,-8.40816567135191
190728,1915.0,18.0,175.0,-1.97209530725916
8633,1431.0,1902.0,1.0,-3.36327651823619
251192,1896.0,195.0,71.0,-7.79367390863692
105598,163.0,1887.0,45.0,10.4236372861576
179230,1559.0,1903.0,53.0,0.805278067329228
57997,1877.0,1893.0,9.0,0.510200598576801
86598,1878.0,1904.0,172.0,1.3676506716308
360875,1877.0,147.0,108.0,1.11373035972384
328963,160.0,1881.0,101.0,-1.88564106012118
56148,1889.0,1927.0,9.0,-1.10804739853417
318693,1337.0,131.0,99.0,-2.40583112740102
187232,1880.0,150.0,175.0,-12.9776178568719
86586,72.0,677.0,172.0,12.1287885364545
276973,85.0,1916.0,75.0,-1.60647339227673
74419,1913.0,1906.0,13.0,6.67687806830684
180312,14.0,677.0,53.0,-1.36373633133499
164098,1925.0,72.0,168.0,5.56211814802496
185470,1924.0,1884.0,174.0,4.10857769584828
274461,48.0,1899.0,179.0,8.52220606142166
261719,195.0,1560.0,73.0,1.01399625031634
29815,1875.0,1890.0,166.0,-6.45716092598995
63402,20.0,17.0,10.0,-5.48749731480134
216668,1925.0,1915.0,55.0,-8.36856415126043
64815,1913.0,1890.0,10.0,-1.29460639092172
318687,1919.0,1916.0,99.0,7.88474685817207
61562,1559.0,1912.0,10.0,-2.70903116775238
425768,27.0,1894.0,115.0,3.47250747334196
243558,229.0,82.0,69.0,4.95364909631546
98745,1915.0,146.0,44.0,3.42677288729455
416465,1876.0,677.0,114.0,1.57363601297131
399158,195.0,1911.0,112.0,2.01806938530966
301456,1899.0,1898.0,98.0,0.797766497746989
67771,1884.0,1671.0,12.0,-0.86981992425505
369108,164.0,1671.0,180.0,1.17963547325555
168205,1431.0,1882.0,51.0,-2.46396512846583
222251,604.0,1912.0,56.0,6.8108718876578
212416,20.0,1908.0,178.0,-7.90400729258999
182780,1887.0,131.0,174.0,4.1798027121793
258653,544.0,1899.0,72.0,7.78140409971445
338339,1878.0,17.0,103.0,1.23051811518337
267925,748.0,1916.0,74.0,3.06031471099014
96540,1898.0,1348.0,44.0,3.02834817996794
332806,136.0,1904.0,102.0,-1.03677360258469
374323,101.0,1431.0,109.0,-9.26831801778078
330363,163.0,677.0,101.0,2.97543984154376
168074,1894.0,1923.0,51.0,-1.25302204667776
232486,604.0,1918.0,58.0,4.59145533311812
343113,164.0,1898.0,104.0,2.89263851908037
3895,72.0,1901.0,1.0,-3.12009802532626
334346,1913.0,27.0,102.0,7.10302428169506
279218,1878.0,15.0,75.0,1.87975437186705
255041,229.0,544.0,71.0,-0.3997701309348
57020,1925.0,1908.0,9.0,1.04730633574058
102335,1885.0,164.0,173.0,1.0575183870368
243155,136.0,131.0,69.0,2.66163812042288
190404,20.0,101.0,175.0,2.09118593584352
267126,1883.0,1888.0,74.0,-2.03650041113244
195384,163.0,1885.0,176.0,-1.56564902935683
334636,48.0,1891.0,102.0,9.01103457380773
398441,1920.0,1887.0,112.0,7.78360871580959
332480,1671.0,120.0,102.0,-0.777849558079161
183919,131.0,11.0,174.0,-7.09615081589978
373669,1911.0,1224.0,109.0,-2.40927938986952
179589,163.0,1894.0,53.0,-6.47543719716413
253521,1888.0,1347.0,71.0,-6.65941684590183
234203,101.0,1882.0,60.0,-3.86402259561585
203978,1880.0,1887.0,177.0,-0.0307892851225493
367552,1875.0,1927.0,180.0,-3.71776041034498
337868,195.0,1916.0,103.0,-5.23160612123257
373021,1887.0,1927.0,109.0,1.95206567530418
413997,948.0,1911.0,114.0,5.645013332053
304070,1876.0,120.0,98.0,3.42948536864491
212598,1908.0,1928.0,178.0,-3.56238756669335
103581,3.0,229.0,173.0,1.07724368962982
106678,1912.0,131.0,45.0,-6.44961208780107
239031,1875.0,1928.0,60.0,-15.8932199908042
390628,1925.0,1886.0,111.0,4.4330210248858
217290,48.0,1332.0,55.0,3.77571798748217
263808,101.0,1884.0,73.0,2.5640601335515
46108,655.0,1907.0,6.0,-6.73397844354495
173766,146.0,1881.0,52.0,0.0800824020063588
106656,101.0,147.0,45.0,32.1285622089862
335630,229.0,1878.0,102.0,1.02012557095463
178983,150.0,1892.0,53.0,0.39367753895035
281181,1430.0,1912.0,75.0,6.48529102909528
86292,1897.0,1906.0,172.0,0.266333100926397
7371,1926.0,1884.0,1.0,5.50571187807727
376209,163.0,1904.0,109.0,5.52544799102032
99718,14.0,120.0,44.0,-1.83009341979971
70682,1879.0,15.0,13.0,-0.608324448011351
216413,1920.0,1892.0,55.0,-8.40604149754282
58295,1919.0,1905.0,9.0,-3.58508835828961
225572,1885.0,1887.0,57.0,-0.853467162983077
232263,83.0,1431.0,58.0,3.596011523836
99362,544.0,1879.0,44.0,-14.0973254127115
63026,48.0,72.0,10.0,-3.11569773629215
374507,948.0,47.0,109.0,4.95226114860305
15987,163.0,150.0,3.0,2.3917223076246
73216,1347.0,1895.0,13.0,-0.712154773278101
414568,1916.0,1921.0,114.0,-2.50917411397868
344864,1915.0,17.0,104.0,-5.06488825356833
433365,1331.0,1916.0,116.0,12.8050354899535
52021,1913.0,1892.0,7.0,0.295281134428006
344020,1560.0,1908.0,104.0,0.720394918421432
26553,195.0,1892.0,4.0,1.65802166301204
269339,20.0,1875.0,74.0,-4.96615830268017
3566,1896.0,1909.0,1.0,9.60145599524053
108935,655.0,163.0,45.0,14.3206664061496
165609,48.0,748.0,168.0,2.56983312376714
438316,1430.0,1902.0,116.0,-1.80573482559335
181218,160.0,1900.0,53.0,2.47980332111692
250393,20.0,1559.0,70.0,-10.6962602491283
265031,1913.0,18.0,73.0,-0.306459846853207
218497,1891.0,131.0,56.0,6.19657732037492
245261,163.0,677.0,69.0,3.67337730012036
300359,1885.0,1331.0,98.0,0.779406631330929
266104,1896.0,1928.0,73.0,1.7483102058282
325076,655.0,1876.0,100.0,4.99658323770742
416583,1877.0,1875.0,114.0,3.63181993700722
15782,85.0,748.0,3.0,0.670817292892155
373514,1342.0,1898.0,109.0,2.03681782402353
182488,1894.0,1883.0,174.0,-1.21213980332097
230663,1183.0,1921.0,58.0,-1.57860964573262
115340,1876.0,1560.0,167.0,-3.39516102916218
633650,1893.0,1902.0,9.0,4.622147204724787
61172,1878.0,677.0,10.0,-1.49564063781345
427008,1913.0,147.0,115.0,-0.802237419839137
299941,1331.0,1901.0,98.0,-2.9092203333221
311110,1884.0,1911.0,186.0,9.90578492242189
272358,136.0,120.0,179.0,-2.33224751019514
179737,229.0,1887.0,53.0,-7.58717196324968
332166,1880.0,1916.0,102.0,-3.25784696483182
183530,1898.0,1901.0,174.0,-4.67463702992647
57794,1906.0,101.0,9.0,10.500998286803
376649,1925.0,1927.0,109.0,-4.03707432546936
54269,1912.0,1331.0,9.0,-4.17188473236173
238985,164.0,1928.0,60.0,1.0883826643938
641570,1183.0,1902.0,45.0,0.633198699369653
243586,1926.0,1919.0,69.0,7.82762900952753
372615,1878.0,1895.0,109.0,-3.48062445939866
323676,48.0,1887.0,100.0,2.67459909405947
319168,3.0,1918.0,99.0,4.07640805034296
329806,544.0,1430.0,101.0,3.71840757143631
400347,1915.0,1431.0,112.0,4.32893772316659
281306,1337.0,748.0,75.0,-9.77506419188359
49230,1878.0,1898.0,7.0,-2.78003704705405
426407,82.0,1916.0,115.0,5.69446205044925
249420,82.0,1916.0,70.0,-3.06910154650833
174760,82.0,1892.0,52.0,-1.83576489199779
98586,27.0,1331.0,44.0,-5.51961584723711
70879,1911.0,1890.0,13.0,-1.90531085233837
249931,1342.0,1875.0,70.0,-0.970185945921367
114940,229.0,136.0,167.0,-3.24270620647418
55451,1875.0,1889.0,9.0,0.15538036631613
241468,1183.0,1888.0,69.0,3.4483798433656
165862,655.0,677.0,168.0,2.64361364327734
316756,1900.0,1348.0,99.0,-0.229893412992117
14830,1892.0,1922.0,3.0,-3.135180162586
167537,1875.0,72.0,51.0,3.38694341044779
345177,1919.0,544.0,104.0,8.37074135913897
199458,1891.0,1911.0,54.0,-2.47443086858964
215161,5.0,1892.0,55.0,-3.39666973540938
375255,1920.0,82.0,109.0,7.23774721390217
175415,1924.0,1875.0,52.0,-4.2349930355245
168248,120.0,1348.0,51.0,-4.34278146718023
344775,655.0,163.0,104.0,4.95869261739775
247913,17.0,18.0,70.0,3.58084267373935
111110,948.0,748.0,167.0,-8.87845259596342
260084,3.0,1912.0,72.0,-5.17513957446966
216203,3.0,146.0,55.0,2.98136306962243
166906,948.0,1880.0,51.0,-4.99299904418648
107485,164.0,1896.0,45.0,5.24274094635378
265508,3.0,1888.0,73.0,-1.79166511510327
312518,150.0,1890.0,186.0,-4.55667736062042
259004,48.0,229.0,72.0,-3.85984665147567
256366,82.0,1347.0,72.0,-3.71346560499995
196942,48.0,15.0,176.0,1.94065619050887
75258,1906.0,15.0,13.0,-3.63200291291094
177164,1908.0,1927.0,53.0,-0.615802192272311
200483,229.0,1926.0,54.0,-1.61029593579999
97619,1893.0,1431.0,44.0,8.96080207066836
401549,1925.0,1882.0,112.0,6.76674634953084
311688,1898.0,1921.0,186.0,14.88694499931
274677,229.0,195.0,179.0,-10.2214042455928
178789,15.0,1921.0,53.0,-2.95392509533213
98186,82.0,47.0,44.0,2.93893329025621
277893,1875.0,1893.0,75.0,-0.981501417820757
413098,1909.0,1898.0,114.0,14.1797839835901
27466,1337.0,1914.0,4.0,-0.163947627152346
204385,1912.0,788.0,177.0,-0.576200051953505
231808,655.0,1880.0,58.0,0.963882333884706
398935,1348.0,1347.0,112.0,0.7810222421946
281014,82.0,1915.0,75.0,-2.14980975154554
186000,1926.0,147.0,174.0,-1.72278774944728
257616,83.0,1347.0,72.0,-4.49704774806886
357816,120.0,1895.0,108.0,1.71916841039618
99972,229.0,1560.0,44.0,2.05039492635577
68886,1906.0,1431.0,12.0,2.13596601434483
268700,1894.0,47.0,74.0,-1.52720055527251
175316,48.0,1915.0,52.0,-8.4323357344544
25385,1430.0,1899.0,4.0,6.24050380366468
227436,163.0,1224.0,57.0,8.17734872540465
201911,1342.0,1890.0,54.0,-11.7935281651094
359055,1887.0,1431.0,108.0,11.1775026854711
32473,1337.0,146.0,166.0,-8.93096124155467
368061,85.0,1914.0,180.0,-3.68698101928159
414251,1891.0,195.0,114.0,17.011099358464
191905,163.0,1928.0,175.0,0.347306943855256
214576,1884.0,1912.0,55.0,-5.48283797949475
361104,163.0,1886.0,108.0,-1.97044647739874
389744,1342.0,1431.0,111.0,2.33824721086848
67699,948.0,83.0,12.0,-7.70472592590471
234137,120.0,1912.0,60.0,5.07275107211937
320398,3.0,1928.0,99.0,2.45894613771076
72731,146.0,1431.0,13.0,-7.80608092740914
111547,1889.0,1908.0,167.0,-6.19113694730351
372163,1909.0,1928.0,180.0,1.37356884517614
311838,1894.0,1671.0,186.0,-1.90297825197783
25950,1875.0,1885.0,4.0,0.799687217147992
58981,14.0,85.0,9.0,4.78937763361516
109140,160.0,1892.0,45.0,10.9098515879312
388178,948.0,1901.0,111.0,4.265687097003
231151,150.0,1892.0,58.0,-7.00057327610717
265064,1905.0,1348.0,73.0,4.42396772193961
312667,72.0,164.0,186.0,-2.05012294790885
25652,195.0,1907.0,4.0,2.08822226002871
425609,1893.0,1914.0,115.0,0.379169157627789
207695,1879.0,1903.0,178.0,-2.90015935043619
217441,1920.0,1890.0,55.0,-1.68762139814421
312479,120.0,677.0,186.0,-2.35640619768473
376951,48.0,748.0,109.0,8.21893066508364
51339,83.0,1894.0,7.0,-10.4530880492696
241159,1347.0,1875.0,69.0,-10.3814685277847
53186,160.0,1890.0,7.0,6.72937198473597
252319,1879.0,1880.0,71.0,-2.03099055005557
374447,101.0,11.0,109.0,-0.232066298546261
10068,83.0,1887.0,2.0,4.665472255408
12355,655.0,1891.0,2.0,-2.11023676205541
242283,948.0,131.0,69.0,-2.42706874368534
60498,1885.0,1916.0,10.0,2.97160631236625
4142,948.0,146.0,1.0,3.31775013020084
199890,150.0,17.0,54.0,1.42364835329716
242712,1431.0,15.0,69.0,-3.11522464270349
61591,1887.0,11.0,10.0,-0.22195772108061
254249,1430.0,1909.0,71.0,4.88634703836794
50890,146.0,1331.0,7.0,4.41142922711883
184577,163.0,1907.0,174.0,-3.12716241183919
161176,1337.0,1887.0,168.0,1.43970320029268
219225,120.0,1916.0,56.0,11.2916007439235
200185,3.0,195.0,54.0,-11.4329765506541
319733,3.0,83.0,99.0,0.69493866197039
346285,82.0,1876.0,104.0,5.01205851310458
4304,1878.0,1918.0,1.0,-3.71727922835905
335036,1925.0,27.0,102.0,1.50669351278569
15847,748.0,1923.0,3.0,-1.77786028003753
389082,1337.0,788.0,111.0,-8.45218188217159
90155,82.0,1913.0,172.0,0.258923537193062
258062,1910.0,1927.0,72.0,2.29108618533438
67181,1559.0,1881.0,12.0,4.77064858712563
248686,1913.0,1430.0,70.0,7.48099408511148
33069,82.0,5.0,166.0,4.14421950972303
416568,83.0,1913.0,114.0,12.1850166729246
105542,3.0,1928.0,173.0,-0.613026911125719
400005,655.0,1909.0,112.0,14.2965079526605
30546,1559.0,1910.0,166.0,4.09450807958293
390059,1925.0,1895.0,111.0,6.90824392979188
286397,1906.0,1886.0,77.0,-3.18735847242969
96440,1671.0,1923.0,44.0,-1.11668779937521
202209,47.0,1928.0,54.0,4.32589943076491
32809,3.0,1892.0,166.0,-6.93080265512426
228242,1906.0,1921.0,57.0,-4.67513444310532
7476,1919.0,1889.0,1.0,3.13426581591722
261830,1911.0,1224.0,73.0,-0.656229086131023
401115,82.0,120.0,112.0,8.2120360625081
54392,5.0,1890.0,9.0,4.42936210739877
50686,1917.0,18.0,7.0,-0.26361069420158
267474,1895.0,1888.0,74.0,-7.40601996718975
99592,1925.0,1224.0,44.0,-4.14416339494188
25051,1904.0,1881.0,4.0,6.41889998783111
391212,1559.0,1928.0,111.0,-0.0637884512836325
110262,163.0,1903.0,45.0,6.38941620886047
269660,14.0,195.0,74.0,-1.61783489614772
250564,655.0,1924.0,70.0,8.1584573143794
177413,47.0,1898.0,53.0,-4.80749278551805
318826,1332.0,101.0,99.0,4.97948929997198
68746,160.0,1431.0,12.0,3.33557375796587
58384,163.0,1224.0,9.0,-2.04005787703908
630095,150.0,1902.0,71.0,-0.0390886062654152
168257,1885.0,131.0,51.0,-1.49620860900161
54202,1897.0,3.0,9.0,0.963649983113609
373209,147.0,1916.0,109.0,-3.56978377241837
236124,150.0,1897.0,60.0,2.35721203277103
335795,604.0,14.0,102.0,1.28051476790159
44868,1916.0,1917.0,6.0,5.80247190584561
254955,83.0,147.0,71.0,-1.41723496439318
218682,1914.0,1927.0,56.0,-2.64466670806827
244719,1905.0,1918.0,69.0,7.00104032258565
200377,1924.0,1887.0,54.0,-2.13734628489954
249119,1915.0,1875.0,70.0,0.452543546980913
388330,1902.0,1881.0,111.0,2.43101247252511
344905,1919.0,1879.0,104.0,18.0717998136697
71035,948.0,83.0,13.0,-6.42598282088243
252828,14.0,1332.0,71.0,-5.57701329024158
263851,27.0,47.0,73.0,-8.54142773257016
218794,1875.0,85.0,56.0,6.74341282103518
108493,544.0,1894.0,45.0,4.6335254661771
417525,27.0,1908.0,114.0,6.99593560688792
235420,136.0,17.0,60.0,1.44460694461057
255095,83.0,120.0,71.0,1.99798836059589
302815,1925.0,788.0,98.0,-2.68629869015179
102014,1898.0,1916.0,173.0,-1.17522050760483
301073,136.0,788.0,98.0,-0.945028222615191
58318,1920.0,1348.0,9.0,-2.79314735943103
114952,1905.0,1559.0,167.0,1.85193180099834
65367,1892.0,1914.0,12.0,-4.1980689511612
113651,1920.0,1913.0,167.0,5.41895505751848
73004,1885.0,47.0,13.0,0.92083712364812
266528,1897.0,11.0,74.0,-2.48374759737179
64250,1430.0,1912.0,10.0,0.432550828949495
217533,604.0,1882.0,55.0,12.9642238681722
224523,1431.0,1886.0,57.0,2.57443514299966
197045,1332.0,47.0,176.0,-5.2264045408271
216072,1920.0,1901.0,55.0,-1.45109388818841
425733,1919.0,788.0,115.0,6.34269896638642
270498,20.0,147.0,74.0,-6.51319772907449
208705,1883.0,1896.0,178.0,3.58425521296539
326308,1347.0,131.0,101.0,-17.8851181383708
280785,1332.0,1348.0,75.0,-1.18707993284491
171297,1926.0,1928.0,51.0,15.1644479156429
247122,1183.0,1891.0,70.0,3.02560540417052
164993,1332.0,5.0,168.0,1.99289636779535
321095,1332.0,17.0,100.0,-2.94538462360792
193445,1883.0,788.0,176.0,2.03562087485694
57227,1926.0,82.0,9.0,7.50994402847271
111265,1183.0,1927.0,167.0,9.61169770561497
232732,1342.0,1224.0,58.0,-7.57531771448263
438143,1920.0,15.0,116.0,-6.9677622444844
33404,1430.0,136.0,166.0,0.746439752445054
260965,1183.0,1928.0,72.0,-7.43304130256733
172075,1907.0,677.0,52.0,-2.5463890396289
286520,1430.0,1559.0,77.0,-2.14867402032273
376117,1877.0,5.0,109.0,-0.984439897556799
44014,1891.0,1887.0,6.0,-6.4321300606141
273213,948.0,1880.0,179.0,5.1589392578697
375580,1342.0,1914.0,109.0,2.91487210187721
240798,1224.0,17.0,69.0,-2.66065923526347
99466,1337.0,1895.0,44.0,-14.1770694749481
89627,1430.0,1917.0,172.0,-7.33295262450128
368293,1909.0,1893.0,180.0,12.7555987386552
358701,195.0,1224.0,108.0,2.69592881274668
318792,20.0,17.0,99.0,-1.53996198770217
413030,1906.0,1332.0,114.0,-2.62994282171944
68780,20.0,1914.0,12.0,-6.77439146777535
85926,1332.0,1899.0,172.0,2.33173871275109
163643,1893.0,11.0,168.0,-0.766240749610471
112004,748.0,1917.0,167.0,-3.63206166076998
416888,1924.0,48.0,114.0,6.37191002997242
75305,1920.0,1878.0,13.0,1.08469149516386
163574,1896.0,195.0,168.0,1.95158107302727
113946,83.0,1880.0,167.0,0.193358521120368
300516,85.0,17.0,98.0,1.30164333107359
329174,3.0,5.0,101.0,-4.23076235768884
43785,948.0,1926.0,6.0,6.57595310769431
59067,1913.0,1922.0,9.0,2.9935753012323
416711,1430.0,147.0,114.0,3.7026898236284
97715,1911.0,15.0,44.0,-7.65965084493117
16362,1894.0,1918.0,3.0,-8.66123049113603
342924,1904.0,1224.0,104.0,-3.48104945755536
283296,1431.0,11.0,77.0,-1.8654598556766
186528,3.0,1906.0,174.0,11.9905703121235
89093,160.0,11.0,172.0,6.12108688767972
259242,604.0,1913.0,72.0,0.144396332206582
222314,1919.0,136.0,56.0,1.37104043174836
321128,1903.0,17.0,100.0,-3.02065993551091
32340,1332.0,1331.0,166.0,-7.79177577682764
321982,948.0,1883.0,100.0,1.24544117640987
220980,1332.0,1183.0,56.0,-0.700623877173794
254967,1337.0,1918.0,71.0,0.128848306582823
280980,160.0,1224.0,75.0,-1.06085460395271
65358,1920.0,1911.0,12.0,-2.35204123880829
215426,1903.0,1922.0,55.0,2.33933110251408
102612,101.0,1894.0,173.0,5.65879012770076
6856,48.0,1881.0,1.0,-4.19292018990446
55261,1898.0,677.0,9.0,2.08175163658931
88137,544.0,1908.0,172.0,0.455942425851852
168315,17.0,18.0,51.0,-0.970055435503935
435758,1883.0,1890.0,116.0,-3.66860840434713
371985,1924.0,14.0,180.0,-1.01867092295083
68005,1924.0,85.0,12.0,-0.953200882753681
47350,229.0,1224.0,6.0,2.38658876114007
301552,1889.0,1927.0,98.0,8.63072207246833
9771,1888.0,1331.0,2.0,-1.12565690395218
26353,120.0,1907.0,4.0,-1.21509414404264
424037,1912.0,1921.0,115.0,4.92326343457103
254802,1924.0,13.0,71.0,0.256155201630218
44096,146.0,1887.0,6.0,0.354006293617141
270306,83.0,18.0,74.0,2.80821533038501
323496,604.0,82.0,100.0,7.54139890566283
281585,1905.0,1900.0,75.0,0.18462463816118
241935,1897.0,1916.0,69.0,-8.73264001224268
198105,1894.0,1890.0,54.0,1.7652594644511
370339,48.0,1909.0,180.0,-7.97523017356
211972,1905.0,1430.0,178.0,-5.48315119227167
170648,1920.0,1886.0,51.0,0.671152220404049
101786,147.0,1431.0,173.0,7.35207651578541
212699,13.0,11.0,55.0,2.9987104469412
275536,1913.0,677.0,179.0,1.53884464898684
316442,1224.0,5.0,99.0,-0.952809584728341
165490,1913.0,1927.0,168.0,-22.8603247598173
357233,1880.0,1916.0,108.0,3.69201499536792
86639,1884.0,11.0,172.0,-1.32002402278229
275473,83.0,1893.0,179.0,1.3233725303137
223436,1560.0,1887.0,57.0,-3.02485997725556
230462,18.0,1922.0,58.0,-8.91555919642254
25676,1880.0,1885.0,4.0,2.99304742886989
95403,1903.0,1922.0,44.0,-2.80279269708068
223181,17.0,1928.0,56.0,-3.76317297591207
67728,1884.0,1895.0,12.0,-0.929018474651526
414423,1912.0,1892.0,114.0,-7.84123306889303
269157,3.0,85.0,74.0,3.46093480090382
163102,1875.0,1914.0,168.0,-0.353849177483393
74586,160.0,1896.0,13.0,1.85181547428153
229140,1909.0,1224.0,58.0,-5.92559049248011
424642,101.0,164.0,115.0,5.03925682674736
204216,1885.0,1893.0,177.0,2.32247153155549
103080,1883.0,1912.0,173.0,15.1764401164353
333830,544.0,1883.0,102.0,-2.88752735522574
32050,655.0,1883.0,166.0,-7.00888545856272
314978,544.0,1903.0,186.0,11.9956878827301
358447,1224.0,131.0,108.0,-4.13674432952621
417160,14.0,1882.0,114.0,5.39584652913345
233030,229.0,136.0,58.0,0.091630383933697
62806,544.0,1883.0,10.0,3.3391001048104
301976,1917.0,11.0,98.0,-3.55120259809399
189785,544.0,1907.0,175.0,-5.08190314368823
109226,229.0,101.0,45.0,44.4264288597649
332069,150.0,1921.0,102.0,-0.670653857646678
311992,1886.0,748.0,186.0,2.49824527688809
244111,1877.0,146.0,69.0,9.03213003590237
338521,748.0,677.0,103.0,2.28125224708118
198259,164.0,1671.0,54.0,2.34240764321854
234738,1894.0,1923.0,60.0,1.35094836773567
436182,1924.0,1894.0,116.0,3.47437469751142
45052,1902.0,1923.0,6.0,-4.6653172321345
264655,1913.0,1892.0,73.0,0.20853682956786
187839,1331.0,1882.0,175.0,-5.14261533553133
69889,1913.0,1903.0,12.0,-7.84529268960756
109676,14.0,20.0,45.0,-0.690098626000065
114967,163.0,136.0,167.0,3.2682576173971
324990,1905.0,748.0,100.0,3.39742070902102
194767,1560.0,1909.0,176.0,2.04079995090146
334057,3.0,72.0,102.0,-2.47233600668069
367433,150.0,1927.0,180.0,-2.88547047217498
231314,1891.0,1909.0,58.0,14.1727423756811
236370,1883.0,788.0,60.0,-0.758311951894178
374438,1224.0,131.0,109.0,-6.41606467737476
389073,1342.0,1906.0,111.0,-1.06532302713285
25824,1881.0,1671.0,4.0,-1.81077317926619
235932,136.0,120.0,60.0,-4.86035578689081
201746,1332.0,1878.0,54.0,-2.06179168247963
302397,1906.0,1898.0,98.0,-0.589983798274017
336770,1671.0,1560.0,103.0,-1.71285258621302
163264,948.0,146.0,168.0,4.1452079026369
71180,1886.0,1892.0,13.0,-0.226506553076524
372738,120.0,788.0,109.0,-3.26714223259329
166409,1875.0,677.0,51.0,2.51923533178455
185596,229.0,1915.0,174.0,0.387353865196934
276644,163.0,1337.0,179.0,-1.79402978909711
339782,160.0,1892.0,103.0,5.56778000876159
176084,544.0,1900.0,52.0,2.63457095329341
10926,1337.0,1898.0,2.0,-2.36308841033295
48167,1929.0,1928.0,6.0,-2.90731532245491
287134,1560.0,1902.0,77.0,4.81992129745273
162016,1895.0,164.0,168.0,-7.2382005757905
204991,1907.0,1914.0,177.0,-2.33073673090673
337761,147.0,1431.0,103.0,1.14904900585157
304742,48.0,1337.0,98.0,3.2555961507691
390403,1876.0,1888.0,111.0,-1.74922761719872
196887,1430.0,1560.0,176.0,-7.06619656080612
71866,948.0,18.0,13.0,1.47548787230116
332808,47.0,1923.0,102.0,5.58286485341663
260338,27.0,1559.0,72.0,-11.0727055876517
245301,48.0,1878.0,69.0,10.8882496779606
60686,85.0,1914.0,10.0,0.124138071762014
426824,163.0,544.0,115.0,-4.70031410423524
5350,1911.0,1917.0,1.0,0.0445388911768835
201401,82.0,1915.0,54.0,-3.85610552894867
220440,136.0,1898.0,56.0,3.61290394067265
17214,1924.0,604.0,3.0,4.67624622564589
52040,83.0,17.0,7.0,1.24812294513856
253491,1897.0,11.0,71.0,0.328083569011584
206902,1926.0,1332.0,177.0,3.61079928698657
340718,160.0,948.0,103.0,9.03605480813759
99714,229.0,1430.0,44.0,5.58370482705471
109998,1342.0,1876.0,45.0,-16.9880377198603
388714,1920.0,1898.0,111.0,2.71155721000989
344764,160.0,604.0,104.0,-0.839544106711049
264361,163.0,1880.0,73.0,2.28099104010779
270807,160.0,1888.0,74.0,5.00295128489229
113206,101.0,1903.0,167.0,3.47312653192401
329953,1332.0,1224.0,101.0,-5.10782346312713
215531,20.0,788.0,55.0,-8.81497343762986
256059,1878.0,1331.0,72.0,-19.1375946889193
247852,1890.0,1921.0,70.0,-2.89286730910839
97701,1559.0,1896.0,44.0,-3.74521914944238
271508,1224.0,1902.0,74.0,2.69221398316649
64389,1905.0,748.0,10.0,14.1949947440106
261908,13.0,1890.0,73.0,-3.4164882977556
172604,1880.0,1917.0,52.0,2.73346751596095
32901,82.0,1884.0,166.0,-1.94405167366025
281594,1920.0,1882.0,75.0,5.2109698574262
221841,160.0,101.0,56.0,1.0146787531887
376189,1925.0,1905.0,109.0,-0.583373185105527
71343,748.0,1914.0,13.0,0.370674089331438
192890,1904.0,1896.0,176.0,8.68416124240973
321446,1560.0,1347.0,100.0,2.02445469011078
389139,160.0,47.0,111.0,5.29539075800814
359049,101.0,18.0,108.0,-8.90436852181275
246085,1920.0,1332.0,70.0,-2.33634197081165
279556,163.0,1906.0,75.0,5.06028060370587
226115,655.0,1183.0,57.0,5.49903543973861
71274,5.0,1923.0,13.0,-1.17178401085086
212959,1875.0,1884.0,55.0,-1.50088457886603
267229,1885.0,1900.0,74.0,0.562730166291217
95712,1899.0,1895.0,44.0,3.07354733203963
261267,1895.0,1922.0,73.0,4.01153933058995
227993,1337.0,1903.0,57.0,-3.83540547487489
71463,1894.0,131.0,13.0,-1.72820600678437
241309,147.0,13.0,69.0,2.07695143228247
397030,1879.0,1898.0,112.0,0.606780026689806
283478,1347.0,1891.0,77.0,-1.96232402191699
57686,1913.0,1880.0,9.0,-2.23966826546568
26518,1888.0,1898.0,4.0,-0.174711709726579
62185,1883.0,195.0,10.0,3.88519681931765
274448,1920.0,85.0,179.0,6.39577321882276
14833,1916.0,1921.0,3.0,-0.318728983433134
314259,1926.0,1889.0,186.0,1.43751845630038
337888,14.0,1899.0,103.0,2.76573667935326
177491,1891.0,1911.0,53.0,4.17428137299839
238957,1430.0,1902.0,60.0,-3.59113873414015
228305,1924.0,1902.0,57.0,3.84654993614504
311154,1875.0,1331.0,186.0,-13.1777865722292
332249,1884.0,1886.0,102.0,2.38946293907639
417273,655.0,1900.0,114.0,8.34941381127545
220460,164.0,1331.0,56.0,-17.6328124993365
104065,48.0,1347.0,173.0,-5.74361966320781
58422,1342.0,1917.0,9.0,-0.917180333398821
329247,83.0,1896.0,101.0,-0.161922088337193
16996,1924.0,1881.0,3.0,-7.32705902694169
234722,11.0,788.0,60.0,-2.48461966593379
314679,1337.0,1882.0,186.0,-5.94146476361975
109538,163.0,1889.0,45.0,-1.95759959392241
273469,1331.0,13.0,179.0,4.66269651589235
260822,1915.0,1908.0,72.0,-7.92484506431638
313448,1342.0,1885.0,186.0,0.041843299597267
55743,1875.0,1908.0,9.0,2.12558735941732
319976,1924.0,1890.0,99.0,0.975401249724089
171976,1904.0,1917.0,52.0,1.03976286371249
89019,20.0,677.0,172.0,-6.7492962465583
319593,48.0,147.0,99.0,5.63359332456139
69940,1915.0,1337.0,12.0,1.92076338292435
199957,544.0,160.0,54.0,0.364318748943402
113436,1925.0,1883.0,167.0,-4.83724701491132
273233,1559.0,150.0,179.0,-3.30946306316656
26917,1924.0,1894.0,4.0,3.16384127558657
434188,1559.0,1882.0,116.0,3.28571708494739
99678,1915.0,1224.0,44.0,-1.31059581588608
203739,1878.0,1560.0,177.0,-3.8454783877381
170878,82.0,1560.0,51.0,1.4038516240412
359268,163.0,1887.0,108.0,2.32103737552089
50645,147.0,1881.0,7.0,2.497053276547
46601,20.0,131.0,6.0,-7.0196635626575
326812,1431.0,1887.0,101.0,0.461324715109601
227485,3.0,1917.0,57.0,-0.617999066302473
12899,1906.0,1224.0,2.0,-2.593989903673
280055,1920.0,1881.0,75.0,-2.10547905051189
176767,1898.0,18.0,53.0,-0.498998154589359
99832,604.0,136.0,44.0,-1.99217204059453
107375,14.0,1911.0,45.0,6.20439818020826
181230,1906.0,15.0,53.0,4.53196498163635
371817,1913.0,1337.0,180.0,-5.01921989576799
284508,47.0,1901.0,77.0,-0.351799903524577
217515,604.0,1906.0,55.0,4.71321230056213
87186,948.0,15.0,172.0,1.14315891417171
195395,48.0,1901.0,176.0,-13.0752080764578
435070,14.0,1887.0,116.0,0.234589704301784
62341,1560.0,1923.0,10.0,-2.86961701446888
236945,163.0,788.0,60.0,-10.0611397603712
268071,1183.0,1878.0,74.0,0.784142747254833
398957,1891.0,1884.0,112.0,-5.83396812768198
324043,1332.0,101.0,100.0,1.6745208669379
31420,1881.0,1892.0,166.0,-6.56336505069855
173065,147.0,1909.0,52.0,2.72138785201938
45533,1914.0,18.0,6.0,-4.2182259704712
389304,229.0,788.0,111.0,0.297464047350946
268229,1880.0,1910.0,74.0,-8.1442806941152
13164,1337.0,1882.0,2.0,-3.42703172443716
30892,748.0,1918.0,166.0,-3.14635470868047
221153,1906.0,164.0,56.0,7.89114131335756
10332,146.0,1331.0,2.0,4.51062297043266
105443,17.0,1902.0,173.0,-10.7601686353776
227559,20.0,1224.0,57.0,2.17768825586672
398960,948.0,1904.0,112.0,10.254476695817
98997,544.0,1347.0,44.0,-13.4164012475508
202223,1908.0,1928.0,54.0,-4.04322350519613
322350,136.0,147.0,100.0,2.30234227337665
43614,1895.0,1431.0,6.0,8.60241497698208
171915,101.0,72.0,52.0,-2.85447589515195
224138,1183.0,1896.0,57.0,0.209433319255755
104960,1919.0,748.0,173.0,4.24809563576071
97624,1899.0,47.0,44.0,0.981673574991283
189611,48.0,1899.0,175.0,6.88420372476677
329617,1342.0,13.0,101.0,-15.450848806468
191961,604.0,1902.0,175.0,-1.82988169669967
228722,150.0,1910.0,58.0,5.54607413957386
302645,1876.0,1923.0,98.0,3.56217993444071
437328,655.0,1889.0,116.0,4.27843980127732
398847,164.0,677.0,112.0,2.71773113909104
233954,1431.0,1923.0,60.0,-2.6046376423517
162223,147.0,5.0,168.0,0.334072709562
330064,1919.0,1912.0,101.0,-13.0941873282986
253867,604.0,1919.0,71.0,-11.1045960213348
17389,1337.0,1431.0,3.0,-16.5102241124384
56018,1897.0,18.0,9.0,-9.90942561014792
434087,1183.0,1918.0,116.0,-0.993059038331939
237087,27.0,1881.0,60.0,7.52434161182241
285265,1926.0,1887.0,77.0,-2.21093091413364
43872,948.0,1905.0,6.0,0.831230196294506
237367,1919.0,1885.0,60.0,-2.16436478708446
3840,1900.0,5.0,1.0,0.0494922224737162
263356,948.0,1895.0,73.0,1.99761551119376
319434,1915.0,13.0,99.0,6.09864782515177
388647,150.0,1911.0,111.0,5.71548099998253
263967,1332.0,1923.0,73.0,-3.64358248682843
196654,1924.0,1560.0,176.0,-3.68865690498173
96681,948.0,85.0,44.0,2.1059857191559
359857,1925.0,1880.0,108.0,31.1656921002717
328686,1925.0,82.0,101.0,13.5080271942025
261088,1895.0,1348.0,73.0,-10.8493830233384
187308,1880.0,18.0,175.0,5.55353840921131
259746,1915.0,677.0,72.0,-0.0767242283240908
100155,1905.0,1922.0,44.0,4.01199294260338
87896,1897.0,20.0,172.0,-1.01831084302311
170428,1906.0,1224.0,51.0,6.22376100142667
177355,1900.0,18.0,53.0,-1.78358740916465
202127,229.0,1910.0,54.0,1.50390593644312
434790,1878.0,1886.0,116.0,-0.281477578222558
69824,160.0,1560.0,12.0,-0.785025997792037
16206,1902.0,1881.0,3.0,-7.10545788863288
400755,1924.0,1875.0,112.0,1.10879895308285
45542,948.0,164.0,6.0,3.00987908616567
6764,1915.0,1331.0,1.0,-15.0028396456577
318534,48.0,1909.0,99.0,6.58902994737988
223946,1880.0,1886.0,57.0,4.19055378985681
17246,229.0,1431.0,3.0,1.06165435273631
337784,47.0,1927.0,103.0,-5.44999180796596
13617,17.0,1928.0,2.0,-1.98693340301781
63380,229.0,1431.0,10.0,-1.43045896675577
107006,1431.0,1922.0,45.0,1.91672606093719
64948,1919.0,1928.0,10.0,0.447632471140056
221967,1926.0,1918.0,56.0,10.8080601593927
43761,1884.0,1907.0,6.0,-0.308616872523606
192290,147.0,1887.0,176.0,3.1907174239477
227945,48.0,748.0,57.0,2.89950565198567
341190,1897.0,1928.0,103.0,-5.81863991822703
9738,948.0,677.0,2.0,-2.64778704287348
302784,1926.0,1919.0,98.0,3.11196966149139
278558,1875.0,164.0,75.0,4.27493742052216
175848,1342.0,120.0,52.0,1.88670789656446
195288,1915.0,195.0,176.0,-1.92390426666593
180361,229.0,1884.0,53.0,-1.68375555495586
179165,1878.0,1882.0,53.0,-7.07135341644009
215519,48.0,1908.0,55.0,-13.8402982111813
75144,1332.0,1878.0,13.0,-2.52153558063313
282220,1885.0,1894.0,77.0,0.417350078882429
239058,47.0,1928.0,60.0,-7.50189224701935
301520,1899.0,147.0,98.0,6.60189008555858
249022,83.0,1907.0,70.0,2.45451541794237
24491,146.0,1671.0,4.0,0.211081838138933
434070,1916.0,18.0,116.0,9.00880465458583
52615,1920.0,1912.0,7.0,1.55390471183294
413003,1895.0,1224.0,114.0,-4.47339189960505
397487,1888.0,1912.0,112.0,2.49732271580708
75699,677.0,1902.0,13.0,1.66147075734027
213736,1892.0,1890.0,55.0,-2.3631128129635
62072,163.0,1332.0,10.0,-1.47426641647258
96521,85.0,164.0,44.0,6.02465306040878
10899,1889.0,164.0,2.0,-0.45695385310415
282987,85.0,1889.0,77.0,-1.38030990602986
54531,1916.0,788.0,9.0,-4.62446384008904
271259,48.0,1906.0,74.0,-8.35518410234446
15708,1889.0,1882.0,3.0,3.41145800200156
9866,11.0,1918.0,2.0,-2.32960002075191
399393,164.0,1927.0,112.0,4.63339733918049
28311,1920.0,1927.0,4.0,-11.2227320952502
338026,1560.0,1895.0,103.0,2.22587082117168
272801,948.0,47.0,179.0,0.288079265222302
343843,1559.0,1881.0,104.0,0.655872631681686
3650,1908.0,1917.0,1.0,-3.94728072628856
311917,1337.0,1911.0,186.0,1.44059631379551
201909,163.0,1878.0,54.0,-3.41135347182718
401309,1913.0,1882.0,112.0,5.34559805309561
16377,1903.0,1916.0,3.0,-2.95039225430099
210879,604.0,1926.0,178.0,-0.385178681774205
167501,948.0,82.0,51.0,4.29133236470999
192274,1884.0,1900.0,176.0,0.884392440858557
173345,1879.0,1908.0,52.0,2.2834121261079
325969,1560.0,1909.0,101.0,0.498305522896643
100286,1925.0,3.0,44.0,2.51631128438131
3989,1884.0,1907.0,1.0,-2.52591798724772
73392,48.0,1908.0,13.0,0.101763123138998
233236,48.0,1900.0,58.0,-6.92273909514039
227252,1924.0,1879.0,57.0,-3.52165923191494
324691,1332.0,1888.0,100.0,-1.66320467899724
25084,1559.0,1923.0,4.0,1.23860013678856
6141,85.0,1890.0,1.0,2.35495923040258
317597,1880.0,1909.0,99.0,3.29384468989771
327865,150.0,1893.0,101.0,3.33823592561787
52043,1337.0,101.0,7.0,11.7179936929568
345912,604.0,1876.0,104.0,7.54052572326191
257437,83.0,1332.0,72.0,0.0390629600884997
33237,1919.0,1895.0,166.0,-4.20450669918014
184302,1880.0,1901.0,174.0,-6.52219132326196
645973,1900.0,1902.0,13.0,-2.285662642187266
360005,1913.0,131.0,108.0,3.55266313526022
44483,146.0,150.0,6.0,4.22816567894285
631453,1909.0,1902.0,98.0,-2.64402031301826
54698,1912.0,1918.0,9.0,-3.50383537619759
359619,48.0,82.0,108.0,-7.32013359204139
3643,1901.0,18.0,1.0,-3.12008172200681
209423,748.0,677.0,178.0,-4.69336916155444
190963,544.0,1348.0,175.0,0.365144465476854
338244,1671.0,1914.0,103.0,1.64894137636231
255657,82.0,85.0,71.0,-4.78942514910277
325674,1878.0,1927.0,101.0,-0.592626080352243
234707,948.0,1331.0,60.0,5.71458031610274
195907,655.0,20.0,176.0,-0.453216138395355
56291,1899.0,1560.0,9.0,-1.03364776077256
412647,1559.0,72.0,114.0,4.13172564554284
68646,1332.0,1880.0,12.0,1.75301948012714
181607,1911.0,1902.0,53.0,-5.6093171592699
101481,120.0,1917.0,173.0,-1.09958921949505
212837,1347.0,1885.0,55.0,-7.53935964573134
101887,748.0,5.0,173.0,2.03972531616513
318463,82.0,1901.0,99.0,-2.79461264662146
26397,1894.0,1904.0,4.0,0.51079563805297
201065,1430.0,18.0,54.0,-1.56704651242728
315500,1183.0,1887.0,99.0,1.32577357077514
14780,47.0,748.0,3.0,-7.03781121493816
423148,1893.0,1887.0,115.0,-0.144653889848832
265368,1926.0,48.0,73.0,18.7643903442163
190481,14.0,1891.0,175.0,-4.74862722070355
113029,1879.0,1431.0,167.0,2.83410801377841
14964,1878.0,1894.0,3.0,2.82952849751153
376958,3.0,1921.0,109.0,-5.21174984322354
242848,1909.0,677.0,69.0,-1.02043222946216
328478,160.0,1908.0,101.0,-0.620096611489493
97357,1894.0,1901.0,44.0,7.20397896973103
284255,17.0,1922.0,77.0,2.54761578301473
303706,1926.0,1915.0,98.0,-0.145307611552444
4285,1913.0,1887.0,1.0,5.66866593730575
315099,1877.0,14.0,186.0,-4.99205955735994
183255,1912.0,1888.0,174.0,-1.78484718907811
434180,47.0,1896.0,116.0,-1.44412937361249
55871,1897.0,1347.0,9.0,-3.12961341339541
110394,1924.0,1925.0,45.0,5.33331266732411
235495,1331.0,1921.0,60.0,-1.52723646408132
219264,1883.0,748.0,56.0,-0.990140195735146
172291,1884.0,18.0,52.0,-0.303677747178189
416576,229.0,1904.0,114.0,3.79346158195904
48899,101.0,1894.0,7.0,4.52082280672472
303139,1920.0,5.0,98.0,1.00902581868479
252290,1886.0,1224.0,71.0,-4.55161206615662
15732,1916.0,5.0,3.0,-0.415427714806187
334520,1915.0,11.0,102.0,4.15073426898271
69675,160.0,120.0,12.0,-0.746284617350518
197788,1911.0,1922.0,54.0,-9.90908770227705
171332,1347.0,1890.0,52.0,-0.0708572154566022
427301,1924.0,120.0,115.0,-1.5615257393046
257108,1879.0,18.0,72.0,-4.68694080074446
247269,85.0,1917.0,70.0,-11.2046026728724
367371,1879.0,17.0,180.0,-1.64548808948036
276640,20.0,47.0,179.0,-10.0371776888015
257488,1878.0,1895.0,72.0,-0.0918042483590544
7174,1906.0,11.0,1.0,3.33157960900763
196833,1332.0,1922.0,176.0,-1.84500339230014
90302,229.0,1925.0,172.0,6.80398522134495
398465,1906.0,1887.0,112.0,-1.66557616662671
227000,1337.0,677.0,57.0,-1.58777724117817
99954,160.0,1332.0,44.0,2.46604149957017
108045,136.0,1885.0,45.0,4.2712313816543
168901,1925.0,1899.0,51.0,8.67621396854146
235187,1895.0,1901.0,60.0,-1.72983421108268
244497,1920.0,1918.0,69.0,5.21724581096395
281677,1925.0,1906.0,75.0,0.501233309750677
44602,1909.0,1910.0,6.0,-9.95164667496773
3812,47.0,1897.0,1.0,1.77465500350679
246971,17.0,1927.0,70.0,0.41581725449671
215060,1889.0,1894.0,55.0,-1.31649180537292
247423,136.0,1908.0,70.0,-4.8020622880543
194631,948.0,1890.0,176.0,0.189542376442913
189207,948.0,1908.0,175.0,0.230354842152003
369209,136.0,1890.0,180.0,-0.561211804824054
272529,1559.0,1903.0,179.0,1.80212186700755
269209,1906.0,788.0,74.0,7.53297191348421
224233,1909.0,1882.0,57.0,-0.285744319684763
221594,1342.0,1431.0,56.0,3.92076915976554
275803,1913.0,147.0,179.0,-0.431264801417418
226328,1925.0,788.0,57.0,3.25183431945618
204194,47.0,1893.0,177.0,5.60836001060412
357195,1903.0,195.0,108.0,-11.2442814904442
276101,27.0,1671.0,179.0,12.1135084287435
256170,677.0,1927.0,72.0,-0.418946080542708
433837,1899.0,1882.0,116.0,2.39254957131909
169946,229.0,1884.0,51.0,4.01418482297922
110936,1881.0,131.0,167.0,-2.83831587818824
202585,1880.0,1885.0,177.0,9.18628596081222
204111,1909.0,677.0,177.0,-5.2351780821271
241041,1899.0,1898.0,69.0,-0.240699406352222
230051,1887.0,15.0,58.0,-3.92753610404059
73605,229.0,1919.0,13.0,3.08515156410641
369905,1877.0,1908.0,180.0,0.44272981222081
75366,1430.0,1922.0,13.0,-0.648331150345828
193339,1885.0,1888.0,176.0,1.16376875316884
438098,160.0,677.0,116.0,-4.65117980601313
176210,1919.0,1900.0,52.0,-0.467434977110464
58764,544.0,1342.0,9.0,1.69103684163931
232802,160.0,544.0,58.0,5.43494038571399
166737,1183.0,1900.0,51.0,1.70588155495174
278054,1879.0,1896.0,75.0,0.506111443245877
331591,1902.0,1876.0,102.0,-2.090103402816
265691,1924.0,1560.0,73.0,1.52497862671366
356935,1905.0,1911.0,108.0,1.2090030690553
106930,1183.0,1895.0,45.0,1.62960852727903
240796,948.0,47.0,69.0,-7.16530589504693
304636,1332.0,1890.0,98.0,-2.6772741556081
191153,48.0,1430.0,175.0,11.7431365085047
319936,544.0,1671.0,99.0,6.26216771144661
412717,136.0,11.0,114.0,0.573165656538351
74707,1924.0,1348.0,13.0,-1.79058477074859
358792,1183.0,11.0,108.0,1.86978243513003
188176,1885.0,1882.0,175.0,2.39886830167166
320500,1883.0,1916.0,100.0,-0.242405616166687
268925,1903.0,1882.0,74.0,2.29150630124564
10459,1896.0,1918.0,2.0,-0.526586418521093
226855,1342.0,131.0,57.0,-1.37760731874455
219958,1904.0,1671.0,56.0,-5.30022935668751
238581,1926.0,1671.0,60.0,-4.75358531272272
330713,1882.0,1902.0,101.0,-1.00311229718389
174390,14.0,1875.0,52.0,-2.28213949380299
285372,229.0,1881.0,77.0,2.16716251478744
267405,120.0,1890.0,74.0,0.924662437420839
62405,1904.0,1892.0,10.0,0.695590865251592
360181,27.0,17.0,108.0,-0.967433523005585
247806,1183.0,1917.0,70.0,0.851326309286029
261087,120.0,1914.0,73.0,-4.15397570701804
376640,229.0,1927.0,109.0,6.06675853699542
89282,1920.0,13.0,172.0,6.22247537486997
165259,1924.0,147.0,168.0,5.54743325863574
236346,1888.0,195.0,60.0,-0.951208805152153
207744,164.0,1348.0,178.0,3.99126237478143
66129,1886.0,11.0,12.0,7.89511852416168
399397,85.0,1921.0,112.0,1.00115069871682
46649,1925.0,604.0,6.0,7.8278320895452
417204,604.0,1560.0,114.0,2.42599485299705
248538,1875.0,85.0,70.0,2.08541547862663
340629,1926.0,1342.0,103.0,3.39323062041173
14905,136.0,1891.0,3.0,-1.79816287694319
438279,1887.0,1928.0,116.0,-2.77099676501399
71107,1893.0,5.0,13.0,5.53372052267798
219010,3.0,1887.0,56.0,1.25653313436687
199229,1894.0,1904.0,54.0,-1.19577313121525
274718,160.0,1919.0,179.0,-4.37026225941313
6226,1910.0,1921.0,1.0,1.16673057447208
243493,1337.0,1183.0,69.0,-2.49706677433193
95837,1885.0,1900.0,44.0,3.54672425562884
223236,83.0,1898.0,57.0,1.81315592098103
225434,85.0,195.0,57.0,0.717606881979093
72982,1879.0,1908.0,13.0,-1.59581541690158
190801,48.0,1904.0,175.0,-2.20666885223193
186342,1924.0,1671.0,174.0,1.15503008835466
16737,1926.0,1923.0,3.0,-10.8636750447405
198814,146.0,1897.0,54.0,-3.73277182539614
436884,160.0,5.0,116.0,4.53897818929235
181836,131.0,788.0,174.0,-1.0735424050725
224008,1881.0,1348.0,57.0,-12.0950945403389
427372,655.0,83.0,115.0,2.42334945911289
34050,1925.0,3.0,166.0,-5.10693761488901
55324,748.0,13.0,9.0,0.386836066145697
275405,3.0,1893.0,179.0,7.19412485995402
214311,136.0,1918.0,55.0,5.63231775938782
245299,3.0,1890.0,69.0,-0.93702900287805
304383,1924.0,948.0,98.0,-4.42995388378519
24299,146.0,1897.0,4.0,-5.38072816137192
313690,1915.0,17.0,186.0,-1.20503021305433
112484,1183.0,1893.0,167.0,7.62053135457275
343324,1900.0,788.0,104.0,3.75649865074972
259874,1925.0,1879.0,72.0,-13.2776501378077
227654,163.0,1927.0,57.0,5.93984614819867
30924,1431.0,18.0,166.0,-2.8403013092019
275104,1332.0,1909.0,179.0,2.43149917021002
31972,83.0,1919.0,166.0,-2.45311510022111
74443,544.0,1895.0,13.0,6.66147858201607
245437,1919.0,1560.0,69.0,-3.24183731689145
97412,1904.0,1893.0,44.0,-2.8927874822099
166714,1902.0,5.0,51.0,7.10734384411584
162460,195.0,1921.0,168.0,5.05369216816516
360432,229.0,1884.0,108.0,2.37924848492364
71926,1909.0,1922.0,13.0,3.45250596330418
227019,229.0,1891.0,57.0,-2.89768598446294
113659,229.0,72.0,167.0,2.88788668669424
218120,1559.0,1903.0,56.0,1.91000035285449
416958,655.0,1430.0,114.0,5.65256675215245
243408,163.0,47.0,69.0,-2.67094021722752
105261,1926.0,1906.0,173.0,5.81411538929912
369856,1924.0,1908.0,180.0,-0.871858800934348
100698,147.0,1224.0,173.0,0.761344675772697
254854,1925.0,1877.0,71.0,5.34584567956221
168525,1891.0,120.0,51.0,0.130490147878046
110336,1913.0,1890.0,45.0,-4.16555814684261
304411,1924.0,748.0,98.0,4.66008350831606
271744,1896.0,1910.0,179.0,0.861105521080381
314914,14.0,1900.0,186.0,0.0048291432417919
285500,20.0,131.0,77.0,-3.82626673478244
33859,163.0,1921.0,166.0,-5.99177416587374
398931,72.0,1916.0,112.0,4.05141874019969
105690,1348.0,1918.0,45.0,2.19361573794295
18602,1337.0,1908.0,3.0,-5.29484897943705
182006,1906.0,1911.0,174.0,2.73072351794903
216288,14.0,101.0,55.0,12.5898049457508
18869,948.0,1928.0,3.0,3.97383746873565
235169,1879.0,1910.0,60.0,6.27778104391005
218796,1881.0,1888.0,56.0,0.074266071233318
259260,3.0,1331.0,72.0,-23.1327166539231
322917,164.0,1881.0,100.0,9.74626836352559
33710,1919.0,1882.0,166.0,-0.427345949912638
331817,1903.0,13.0,102.0,0.94720616213999
211925,1905.0,1886.0,178.0,6.15452856565567
96654,1875.0,1891.0,44.0,-0.815857695844766
210101,164.0,1331.0,178.0,6.95315361849741
276195,1924.0,1342.0,179.0,-5.44214806422999
68157,20.0,1183.0,12.0,-14.3666057528265
203176,1891.0,164.0,177.0,-2.80080999571109
173824,1898.0,1908.0,52.0,-0.919350192280623
630190,85.0,1902.0,7.0,-5.742242465557525
322581,1904.0,1347.0,100.0,-1.29505655705703
283553,146.0,1888.0,77.0,-2.24814890287811
401773,1927.0,1928.0,112.0,-4.26188502270374
636000,1909.0,1902.0,77.0,3.700913032300021
8752,1897.0,15.0,2.0,7.47109755905044
190706,27.0,544.0,175.0,1.06850814035074
32290,83.0,1915.0,166.0,2.2983667037512
163479,136.0,72.0,168.0,1.96947995953139
257047,1900.0,1896.0,72.0,3.59084262189619
277641,1183.0,1927.0,75.0,4.17194675546279
236966,3.0,1923.0,60.0,5.37771857758816
179601,48.0,788.0,53.0,3.62117983410582
371718,1905.0,15.0,180.0,-7.73389074468067
335076,48.0,1912.0,102.0,-6.77750609603279
427354,163.0,120.0,115.0,-3.51452811788267
169320,604.0,164.0,51.0,1.70082101143686
266146,1894.0,1928.0,73.0,11.043722490069
263724,1891.0,1908.0,73.0,1.02523156176892
105324,655.0,14.0,173.0,0.291514016468238
336476,1916.0,1890.0,103.0,-1.29650092083517
304161,82.0,1559.0,98.0,-4.96904448089069
193282,1902.0,13.0,176.0,-2.15570761709212
426419,1924.0,5.0,115.0,2.21110844478132
321237,72.0,1904.0,100.0,0.613958438566867
200854,1876.0,1879.0,54.0,-13.5366215794521
227479,1924.0,1224.0,57.0,0.625150893575715
425612,1337.0,1910.0,115.0,2.70035026536273
45868,1896.0,1901.0,6.0,0.626409877483744
344765,1906.0,1885.0,104.0,-3.79911781776467
252779,1883.0,677.0,71.0,1.70412346067303
161963,1892.0,1901.0,168.0,-3.89354820596408
58943,1920.0,1878.0,9.0,5.08715385506443
264687,1342.0,131.0,73.0,0.685312311776261
179422,3.0,47.0,53.0,-8.74960849253251
7889,1924.0,147.0,1.0,0.316637560576921
51818,655.0,1914.0,7.0,0.927771704315067
3702,120.0,1910.0,1.0,-0.20801884200251
51609,1913.0,1907.0,7.0,2.96273207829666
259353,1926.0,163.0,72.0,7.65743558123353
55676,948.0,160.0,9.0,-0.188476236571067
33311,1877.0,1348.0,166.0,-2.48249745189076
48553,1911.0,13.0,7.0,-1.66506261291699
321996,677.0,1927.0,100.0,7.52496936978163
400479,3.0,17.0,112.0,2.23739866823031
222012,163.0,544.0,56.0,4.74898523162139
312276,146.0,13.0,186.0,0.561853829397345
249384,1913.0,1909.0,70.0,-6.06036393588287
162474,136.0,85.0,168.0,-0.380241029366551
240887,1332.0,1910.0,69.0,4.33579079461653
258647,1925.0,85.0,72.0,-1.06549273814885
229160,1880.0,11.0,58.0,-2.18532098892604
111284,85.0,1886.0,167.0,4.21634445813882
391076,1925.0,14.0,111.0,2.69082370766885
63320,48.0,604.0,10.0,-0.630216885231236
13073,1925.0,1886.0,2.0,-3.51103170160513
423440,1882.0,1914.0,115.0,-0.933454277065346
179132,1887.0,1912.0,53.0,-2.03300052128553
221049,655.0,195.0,56.0,-6.16664195442311
182291,1878.0,5.0,174.0,-3.5311554252418
49474,1559.0,1899.0,7.0,-13.5188833809136
57558,1926.0,1901.0,9.0,3.49974624608981
368030,85.0,131.0,180.0,-1.46799984682758
209250,1896.0,1911.0,178.0,-1.19357660852521
435098,1559.0,1431.0,116.0,0.433789180594058
209657,82.0,1332.0,178.0,-2.7878609759937
215689,1924.0,195.0,55.0,0.0704559892995165
331004,1902.0,13.0,102.0,0.146096737588785
311051,150.0,1897.0,186.0,0.131156566219858
6735,1925.0,1887.0,1.0,4.20138056776751
114515,1876.0,1348.0,167.0,-5.53722784438918
231502,160.0,1883.0,58.0,-11.4240075763112
185275,1924.0,1347.0,174.0,-1.64668063175278
338573,17.0,1923.0,103.0,-0.715395745346204
186610,3.0,1337.0,174.0,1.05548168274689
229635,1881.0,1927.0,58.0,4.97522793960501
10556,1882.0,1923.0,2.0,0.518300977825156
63743,1332.0,18.0,10.0,-0.441925295239247
10297,82.0,1899.0,2.0,5.62219163758704
49910,72.0,1347.0,7.0,-4.21022803898891
64959,1224.0,1928.0,10.0,0.825410611977741
13807,1912.0,1348.0,3.0,3.48484445739065
268462,1875.0,11.0,74.0,0.0743532188290485
180362,27.0,677.0,53.0,-3.65613618281767
336617,1904.0,18.0,103.0,3.46019657379925
187127,1895.0,1908.0,175.0,3.1030428788765
417340,163.0,1878.0,114.0,14.5350612007502
258067,1331.0,1895.0,72.0,-1.5918874616096
328276,1885.0,1918.0,101.0,-3.80702492394341
324334,1876.0,544.0,100.0,0.365245312466072
97603,948.0,1923.0,44.0,1.08584012198726
194624,195.0,1918.0,176.0,4.30465346282504
273060,1875.0,1331.0,179.0,-4.30882761821022
63012,1920.0,229.0,10.0,-1.65474791180472
98567,48.0,1887.0,44.0,6.18790821145967
46656,1915.0,131.0,6.0,7.97324120031662
360241,1924.0,1347.0,108.0,-3.34503262763924
426969,1430.0,147.0,115.0,2.05398222256983
108747,14.0,195.0,45.0,5.04990270096855
396829,1879.0,1890.0,112.0,0.733924783238561
193411,1908.0,1911.0,176.0,-1.40065902630829
71361,164.0,1904.0,13.0,7.8695297952656
186959,1884.0,1896.0,175.0,4.27561950478616
270115,1925.0,1891.0,74.0,0.923098910780238
262718,146.0,17.0,73.0,1.27466217609011
195201,163.0,229.0,176.0,-0.404463880298908
325058,83.0,1882.0,100.0,4.55897800938138
65452,1224.0,5.0,12.0,0.347547729083216
95600,120.0,131.0,44.0,-4.21036759925619
220613,1559.0,1884.0,56.0,-2.6790976112456
177248,131.0,1892.0,53.0,-21.171656106339
184476,82.0,1894.0,174.0,-9.00795168427523
66944,1887.0,1889.0,12.0,-1.25287668215132
269855,1913.0,1916.0,74.0,-5.73682792910461
100710,83.0,1347.0,173.0,1.09653987851903
284991,229.0,18.0,77.0,-4.19292234487056
55050,1560.0,1923.0,9.0,-1.73185449478503
63142,160.0,1909.0,10.0,4.930988970426
269927,1342.0,1431.0,74.0,9.12313438121418
13999,1888.0,1922.0,3.0,1.72969331981697
339030,229.0,1907.0,103.0,-8.63288274172216
210143,1908.0,1907.0,178.0,-4.49359019946275
206865,160.0,1342.0,177.0,2.62126595006002
197988,1559.0,1887.0,54.0,0.33635201613195
67006,1224.0,1922.0,12.0,3.06191765035195
390082,1430.0,1889.0,111.0,-9.18624523949997
177880,150.0,1903.0,53.0,7.6209496105473
215282,1899.0,1923.0,55.0,2.50555674088403
182869,1347.0,1922.0,174.0,-11.5753950366065
436440,1342.0,1880.0,116.0,0.161869235062919
338640,1886.0,1903.0,103.0,-2.69796526489347
218984,1883.0,1893.0,56.0,0.397871614149293
46489,1924.0,1914.0,6.0,3.85626099952512
400644,160.0,1905.0,112.0,-0.6818123525731
166296,1884.0,120.0,51.0,1.96537021189628
195935,3.0,20.0,176.0,0.0892295591741658
265759,1926.0,748.0,73.0,0.880707303295536
4600,1912.0,1887.0,1.0,0.527817458836433
96680,1884.0,17.0,44.0,1.77705799838233
202420,1347.0,146.0,177.0,-1.41497974181827
260320,1915.0,1671.0,72.0,-30.8323523225768
284582,1431.0,1890.0,77.0,0.566500654201501
242859,1559.0,1918.0,69.0,3.14514881711434
34033,48.0,15.0,166.0,-5.03639184887915
89263,604.0,1905.0,172.0,-6.48206782988091
66795,1882.0,1914.0,12.0,0.0279514505477763
67041,1891.0,1898.0,12.0,1.14551253979284
278070,11.0,1927.0,75.0,-1.38971225988504
257913,1889.0,1927.0,72.0,-2.87886757934856
229373,1886.0,195.0,58.0,-9.30179516221557
269524,1430.0,1881.0,74.0,1.53531972037238
210199,150.0,1671.0,178.0,-2.48984925668589
286679,1876.0,15.0,77.0,3.40831489183144
358202,1908.0,1916.0,108.0,-2.74076226794751
32205,1924.0,788.0,166.0,-7.2169478953793
185741,1337.0,1895.0,174.0,-5.91665443051225
177425,13.0,1224.0,53.0,8.54365709484464
64593,163.0,1921.0,10.0,-5.41274613452409
178711,1884.0,1895.0,53.0,-1.12381200409049
9355,1896.0,17.0,2.0,-2.86068940589736
109705,1337.0,1917.0,45.0,-24.7802172057445
254656,1430.0,544.0,71.0,13.6699517477702
330560,48.0,15.0,101.0,3.80444357523532
65019,1337.0,1902.0,10.0,-6.60710570013044
259777,1430.0,1889.0,72.0,4.28293053896219
337424,20.0,1911.0,103.0,3.60489354889295
196805,20.0,85.0,176.0,-1.26935552480323
32429,655.0,1885.0,166.0,0.0046999917833882
228690,948.0,136.0,58.0,0.16301525400017
435672,1913.0,1910.0,116.0,-1.14003285030094
58236,27.0,1348.0,9.0,2.32107474569532
194286,85.0,1907.0,176.0,-3.99108216491293
172332,1183.0,1923.0,52.0,3.19059096497052
335352,14.0,1559.0,102.0,-1.39671458477504
337305,1886.0,1916.0,103.0,3.23351836207295
101670,1898.0,1927.0,173.0,1.02946351223272
212882,164.0,1922.0,55.0,1.00910063906523
217247,1915.0,748.0,55.0,-0.92520046793393
70301,1907.0,1928.0,12.0,-6.98709361059666
209598,72.0,120.0,178.0,5.12316290865879
315705,1883.0,1892.0,99.0,-1.78799230784001
275013,229.0,1901.0,179.0,-1.89812224949152
322515,1888.0,164.0,100.0,-1.13055511608687
111039,101.0,1917.0,167.0,0.54279954886906
331788,72.0,1892.0,102.0,1.09413264496156
162201,1904.0,1922.0,168.0,1.48082307569275
9526,1431.0,1886.0,2.0,20.7170991070199
236977,163.0,1894.0,60.0,-1.6007142356632
315198,1919.0,1902.0,186.0,3.23153492551296
209420,47.0,1560.0,178.0,-0.912987906228356
276225,1919.0,1882.0,179.0,0.834968004461536
67746,1892.0,1918.0,12.0,0.259233593071811
373494,1876.0,1332.0,109.0,-5.54190816067539
169282,83.0,1331.0,51.0,4.92039364987902
9477,1879.0,1910.0,2.0,-6.15785656940645
269228,1924.0,1183.0,74.0,4.55944747043769
253414,1899.0,1331.0,71.0,-5.45694991526797
427156,1332.0,1224.0,115.0,0.563429239404311
267282,1881.0,1882.0,74.0,4.77643274012149
645968,1879.0,1902.0,13.0,-3.99723797100107
238378,604.0,120.0,60.0,2.66155974258095
237452,82.0,1889.0,60.0,-6.48887851244231
178023,13.0,1917.0,53.0,-0.707655924489215
86444,1671.0,5.0,172.0,1.91357844916528
196646,229.0,1560.0,176.0,1.16839626583146
173585,1894.0,11.0,52.0,3.22851309585595
359811,160.0,1887.0,108.0,-3.32254454607527
215648,1926.0,1907.0,55.0,-9.62820537708667
229414,1899.0,1903.0,58.0,1.89147197378255
302328,1899.0,1883.0,98.0,-0.309693123801016
180322,1877.0,1891.0,53.0,-7.32933942457549
235046,150.0,1331.0,60.0,11.7132573825222
196932,1430.0,1908.0,176.0,-3.25200557081145
311759,948.0,1918.0,186.0,-6.78367811036256
241694,1331.0,13.0,69.0,-0.856883651860384
96498,1883.0,677.0,44.0,5.47124321297798
377157,1332.0,1908.0,109.0,-3.04172112750672
190266,1332.0,1909.0,175.0,-14.0151660217072
195872,160.0,150.0,176.0,13.6937926100842
12565,14.0,1348.0,2.0,3.51522535540036
174311,1926.0,1907.0,52.0,-5.98079096754563
282482,1896.0,1910.0,77.0,0.113566267436823
321498,1559.0,18.0,100.0,4.68350448668909
323807,163.0,1909.0,100.0,7.08983711673802
321037,147.0,18.0,100.0,1.59238158779862
413803,1559.0,131.0,114.0,-4.50814925113472
262302,1882.0,17.0,73.0,5.85396878728751
237541,229.0,1347.0,60.0,2.1923772176652
414811,1899.0,1916.0,114.0,1.75460969612918
324630,1337.0,1918.0,100.0,0.572661159750505
425608,101.0,1224.0,115.0,0.469233969955183
31929,1342.0,1908.0,166.0,-7.53314625868019
397170,1909.0,1893.0,112.0,5.15839189476594
25302,131.0,1927.0,4.0,-0.0175768402453092
229501,948.0,1901.0,58.0,5.86781524862077
13694,1924.0,1928.0,2.0,1.98217250616381
361637,1923.0,1902.0,108.0,-0.562594554795991
106154,1183.0,1882.0,45.0,3.41196051275417
221838,544.0,101.0,56.0,16.1010606982471
266627,1560.0,1916.0,74.0,3.9812103518216
342862,13.0,1923.0,104.0,0.328721034105465
213527,3.0,1887.0,55.0,2.93342732078169
164821,1430.0,1889.0,168.0,-8.0213780514745
98055,948.0,1890.0,44.0,-7.85307465664584
112031,1921.0,1918.0,167.0,67.144796967414
27094,229.0,72.0,4.0,-1.70494243427951
345538,655.0,544.0,104.0,2.40421618255495
255818,1898.0,1902.0,71.0,-25.1756465779097
222108,544.0,1877.0,56.0,8.09613034980742
198107,1888.0,1331.0,54.0,6.9065357999876
65324,1886.0,1881.0,12.0,2.67635434323893
389416,14.0,1331.0,111.0,-1.86653873476422
277763,1908.0,1892.0,75.0,9.95743813273834
216310,655.0,131.0,55.0,-1.67661305371369
229292,1898.0,1331.0,58.0,-1.95560151007779
49196,1559.0,1348.0,7.0,1.65861132910387
56652,1895.0,13.0,9.0,-4.09188260005769
221704,27.0,1904.0,56.0,3.98875278054899
281214,1905.0,1430.0,75.0,1.87808031421426
45069,677.0,1922.0,6.0,2.29564600545207
278025,1559.0,1891.0,75.0,-0.0612168027023267
72376,1904.0,1881.0,13.0,3.14345557942479
397868,948.0,15.0,112.0,6.32943126722034
250197,20.0,1917.0,70.0,-13.7725081610849
219252,1891.0,1909.0,56.0,0.920129648732328
361417,604.0,1903.0,108.0,-6.30253172904962
279310,146.0,1893.0,75.0,0.634855837682542
14476,1878.0,1904.0,3.0,1.69387906438888
263365,1878.0,1431.0,73.0,-1.8220340797053
226324,160.0,788.0,57.0,4.46495407623266
74402,1337.0,544.0,13.0,-9.48083968610215
27537,1905.0,11.0,4.0,1.03514819163359
207265,1342.0,15.0,177.0,-5.80045755776249
97189,120.0,15.0,44.0,5.70445845480219
275497,163.0,1884.0,179.0,-1.45990592638664
302963,1915.0,1331.0,98.0,1.77607053881663
211403,544.0,1884.0,178.0,-3.04020633105357
233440,1906.0,1890.0,58.0,-3.91796750194083
173719,1888.0,1881.0,52.0,0.225607831303101
257393,1904.0,1922.0,72.0,5.28474473272479
223213,101.0,1928.0,56.0,7.31333213638096
208872,1883.0,748.0,178.0,-5.17919656603462
110635,1914.0,1921.0,167.0,3.30714664832221
174218,655.0,1183.0,52.0,4.43005457732453
344056,27.0,47.0,104.0,-6.43450533308083
204766,85.0,47.0,177.0,4.23461219959581
281008,1924.0,544.0,75.0,9.90699853601484
302253,1183.0,1224.0,98.0,0.29861507881994
15664,150.0,1916.0,3.0,-2.54860931498243
285285,82.0,146.0,77.0,1.86107800349302
399657,1913.0,1904.0,112.0,2.83970657995349
199553,1894.0,1671.0,54.0,0.992977773127234
302780,1926.0,1894.0,98.0,10.3187457483712
230092,1875.0,1880.0,58.0,4.35913820830441
261158,1884.0,13.0,73.0,-1.38422025664878
279302,1887.0,72.0,75.0,1.91289456344525
96661,1893.0,788.0,44.0,1.62670653621529
177733,1559.0,164.0,53.0,-2.23896188959989
282552,146.0,1224.0,77.0,3.72457291955417
397399,1880.0,5.0,112.0,-0.528012942218652
254211,48.0,1913.0,71.0,0.918159265571215
314082,83.0,1913.0,186.0,7.73987725715421
264964,14.0,18.0,73.0,9.05267320633e-05
284042,1880.0,1898.0,77.0,-2.35394332145522
105201,544.0,677.0,173.0,-3.97064577162428
340558,48.0,136.0,103.0,-11.6503120494137
329081,1905.0,1916.0,101.0,0.792233170498918
4792,1332.0,1887.0,1.0,-0.280624782233133
65568,1904.0,1347.0,12.0,-3.58674646738262
333233,1183.0,1909.0,102.0,3.54052525192184
277444,1559.0,47.0,75.0,1.61606953503835
373572,120.0,1896.0,109.0,-6.75018625810138
161752,748.0,1882.0,168.0,0.0107122642740334
281367,1924.0,1332.0,75.0,2.42142941442431
249020,160.0,229.0,70.0,5.63793641125265
303164,1332.0,1916.0,98.0,5.58681758743292
57183,1876.0,1183.0,9.0,1.74931072041096
10450,195.0,17.0,2.0,-1.30066030705132
164597,3.0,1892.0,168.0,-2.63254166826044
328081,1894.0,150.0,101.0,-4.95804102466485
112524,1899.0,1921.0,167.0,20.6802986976084
180228,229.0,5.0,53.0,0.367433299068007
260141,1915.0,136.0,72.0,-3.40525399284081
205914,1920.0,131.0,177.0,2.11159216346776
44338,948.0,15.0,6.0,1.79480667520873
163051,17.0,1922.0,168.0,2.24684060116596
276954,1430.0,1332.0,75.0,-1.41626711377503
248121,1902.0,1877.0,70.0,0.380202601660124
208518,17.0,1927.0,178.0,-2.92397938488691
376184,1924.0,1918.0,109.0,2.78259276655513
234036,1884.0,1901.0,60.0,-3.18098772331676
333189,47.0,13.0,102.0,-1.42220749956895
188916,948.0,1886.0,175.0,-1.14579151257258
101428,1880.0,1882.0,173.0,2.14023669077798
7375,48.0,150.0,1.0,18.1447844154703
103243,1903.0,1890.0,173.0,-3.39034391138568
197357,1875.0,1431.0,54.0,0.615912809301288
356857,1559.0,1909.0,108.0,6.06372830203195
113114,1897.0,948.0,167.0,-4.05187613936775
27844,1913.0,1348.0,4.0,-2.93671777115562
376072,1913.0,1893.0,109.0,13.5697769640654
261159,1880.0,1902.0,73.0,2.58198257090087
33422,604.0,48.0,166.0,6.97366842422668
262034,1892.0,17.0,73.0,-34.9006403449168
170150,604.0,1896.0,51.0,2.01547555368061
72933,1908.0,18.0,13.0,2.99845907829967
100583,1875.0,1888.0,173.0,-6.03711991025266
300042,1907.0,5.0,98.0,2.33447001176231
437312,1919.0,147.0,116.0,2.02646147750797
345909,3.0,1560.0,104.0,3.59214692248073
172224,1880.0,131.0,52.0,-3.85653805019048
61922,1920.0,1911.0,10.0,-0.598295805373921
270580,82.0,147.0,74.0,8.74660907237766
212781,1895.0,1671.0,55.0,2.78498339307386
397227,1899.0,1912.0,112.0,1.54345311610621
323162,11.0,1918.0,100.0,-0.124063709002875
284406,15.0,131.0,77.0,-0.970560402879645
321668,13.0,15.0,100.0,-7.06630241402787
74039,1332.0,1885.0,13.0,-2.90029845876999
316098,1914.0,1923.0,99.0,-2.09936956156166
195072,14.0,1875.0,176.0,-1.6482766649591
417362,48.0,1890.0,114.0,6.01946230806535
265635,1925.0,1342.0,73.0,1.83843642933678
272423,1895.0,17.0,179.0,1.37767601248656
423297,1884.0,1882.0,115.0,1.26145085452572
224682,1903.0,1893.0,57.0,-1.83770439227652
71712,1559.0,1921.0,13.0,2.42925178231078
374178,1887.0,164.0,109.0,-6.1890213280328
62856,229.0,195.0,10.0,-5.34338095567594
206392,14.0,5.0,177.0,-5.38622247206873
414102,85.0,1431.0,114.0,-5.41711311002361
256295,147.0,18.0,72.0,2.31771925227567
281305,1342.0,1886.0,75.0,-6.43517340138109
97319,1879.0,13.0,44.0,-2.4582739733976
372049,544.0,1925.0,180.0,8.47315639515248
252379,1884.0,1348.0,71.0,0.91192435894701
399012,1894.0,47.0,112.0,7.08840659201593
203827,120.0,13.0,177.0,-0.93538584746257
272496,1909.0,1901.0,179.0,-9.86967185025486
203153,1886.0,1224.0,177.0,-2.89955198318847
320098,3.0,1903.0,99.0,1.75583885141584
68248,83.0,164.0,12.0,-6.75483260771306
301792,120.0,1912.0,98.0,-1.2715395815915
3653,101.0,13.0,1.0,-0.667936385777579
270704,1905.0,1917.0,74.0,0.48459346671595
88212,160.0,47.0,172.0,11.6850590598223
321547,1559.0,1884.0,100.0,-9.15286675114574
56738,1559.0,1897.0,9.0,-1.13723675846564
10024,1884.0,1893.0,2.0,-2.91700994062705
371336,544.0,48.0,180.0,6.41452973444362
228355,17.0,1902.0,57.0,3.18046140300847
75023,160.0,120.0,13.0,0.347205340729599
7057,1926.0,146.0,1.0,1.31999925440965
29760,136.0,1880.0,166.0,-1.86281035755536
273289,150.0,131.0,179.0,0.202858308558502
167955,748.0,1907.0,51.0,-2.88394868957058
218634,1431.0,1910.0,56.0,-6.11061010743334
397772,101.0,1923.0,112.0,8.9240047930388
277011,1671.0,1882.0,75.0,3.11986681186067
184199,1183.0,72.0,174.0,3.76325576945328
222638,1919.0,1882.0,56.0,3.49195114992895
244635,1919.0,5.0,69.0,-3.10932119230346
230117,136.0,1895.0,58.0,0.962807607155755
174706,1906.0,146.0,52.0,-0.0525490394397969
106205,948.0,1909.0,45.0,2.17775931893084
211996,82.0,1886.0,178.0,-1.1681010930336
312835,1879.0,15.0,186.0,-0.502228478679908
261708,14.0,1911.0,73.0,-7.08629181804757
390210,1876.0,1348.0,111.0,-23.2286588300426
330072,82.0,120.0,101.0,7.20472618009656
218524,72.0,5.0,56.0,5.87558205168909
204364,1881.0,748.0,177.0,1.86833282882094
222938,1915.0,1876.0,56.0,3.63772230469699
174423,229.0,788.0,52.0,-4.23126538704396
342633,1878.0,5.0,104.0,0.650457183540262
212728,1900.0,1922.0,55.0,-9.16055364972873
325807,1347.0,1887.0,101.0,1.10299449490037
257876,1878.0,195.0,72.0,1.96017509446141
13128,14.0,748.0,2.0,-5.88944434163816
346034,1905.0,1337.0,104.0,0.171758423037511
194629,1902.0,1913.0,176.0,4.66799398002709
633747,1671.0,1902.0,10.0,-1.1904079569502195
53205,83.0,1337.0,7.0,6.09196998623004
264748,1905.0,1431.0,73.0,-4.39430483435386
68596,1876.0,146.0,12.0,-2.42488208605909
167684,150.0,1224.0,51.0,-0.840132595467672
324174,1876.0,1904.0,100.0,-0.251011629581317
96650,120.0,1901.0,44.0,1.15893213019928
60040,1880.0,1560.0,10.0,-0.758369213607431
86264,1894.0,1883.0,172.0,-5.05112326423388
43317,147.0,1914.0,6.0,-1.54027888554021
244393,1906.0,544.0,69.0,4.79846328524558
316920,1342.0,1899.0,99.0,-2.64654277185742
211899,229.0,1430.0,178.0,3.12089298801995
58951,3.0,1890.0,9.0,3.08129377552754
183509,1560.0,11.0,174.0,1.55812737240211
170830,1337.0,15.0,51.0,-14.084526343608
67540,1884.0,85.0,12.0,1.87351718164777
206456,48.0,1889.0,177.0,2.06303399786109
71832,1886.0,1904.0,13.0,4.8672904464002
265202,1332.0,147.0,73.0,3.41535798390204
316013,164.0,1671.0,99.0,2.11825880905417
332534,948.0,1894.0,102.0,2.0071108331083
182282,1915.0,1347.0,174.0,-2.31795077379359
168906,160.0,1899.0,51.0,5.87146298175593
235690,1904.0,1922.0,60.0,4.77917960093117
274047,85.0,1910.0,179.0,-2.66480522963626
24465,1883.0,1923.0,4.0,6.20006110462393
10009,1899.0,1560.0,2.0,8.63816793950888
110954,1559.0,1923.0,167.0,1.13757284594884
44952,1887.0,1892.0,6.0,-4.07108510427768
250228,20.0,120.0,70.0,-11.1456803620423
272990,85.0,164.0,179.0,0.640464975455538
284982,1905.0,1894.0,77.0,-10.6699878519443
238027,1430.0,147.0,60.0,4.16906264429319
182188,1899.0,1927.0,174.0,3.54965859818549
202617,131.0,1922.0,177.0,1.22554210535078
85510,1875.0,1921.0,172.0,1.26590568266937
180773,20.0,1888.0,53.0,-10.3175068570581
90167,1915.0,1560.0,172.0,-0.857357931220104
45251,1875.0,1912.0,6.0,-2.08720921207804
206977,83.0,20.0,177.0,4.8036996223848
417312,1926.0,1921.0,114.0,-10.0211207252288
71492,948.0,1347.0,13.0,-2.50770973322563
99270,1906.0,1889.0,44.0,-0.176931680036251
341972,136.0,1898.0,104.0,-8.5205785385061
63226,1920.0,1901.0,10.0,-6.75021688843173
322586,1878.0,1890.0,100.0,-1.03044892990022
211952,82.0,1559.0,178.0,-0.909026292597906
413888,1878.0,1897.0,114.0,-8.11129019105138
340390,1919.0,120.0,103.0,-6.86658025083836
236437,1887.0,13.0,60.0,0.511089656079701
359659,1913.0,164.0,108.0,-0.528296414555344
198228,1895.0,1883.0,54.0,-0.651933972443145
216567,14.0,1896.0,55.0,1.58462901587143
257409,147.0,131.0,72.0,3.24744630585331
415067,120.0,677.0,114.0,2.42454676572218
280973,1430.0,1918.0,75.0,2.82003311024549
170873,1877.0,1921.0,51.0,-1.44795805689671
12324,1342.0,11.0,2.0,3.29409249337203
318462,1915.0,1331.0,99.0,-13.3890255812725
105990,1909.0,5.0,45.0,-5.36708835747152
15210,1875.0,147.0,3.0,-3.04314688964668
372943,136.0,1923.0,109.0,-1.98252044110033
181030,83.0,748.0,53.0,-0.521070056750743
54762,11.0,18.0,9.0,-2.14166319315313
278283,1922.0,1921.0,75.0,-11.3540262944749
279255,1183.0,1921.0,75.0,-3.44331533657325
180166,1332.0,11.0,53.0,4.86369095685676
88806,1342.0,146.0,172.0,-2.22344021916413
417128,20.0,748.0,114.0,-1.78720797584522
230067,1912.0,748.0,58.0,1.23826837460433
230959,1875.0,1903.0,58.0,-0.968632270257153
338663,85.0,120.0,103.0,4.89887599760031
278389,1881.0,1882.0,75.0,4.59623280985946
397191,1337.0,1332.0,112.0,-2.84656508516165
437460,1430.0,136.0,116.0,-4.0874500615718
97420,1671.0,1927.0,44.0,1.87540884517542
113990,1925.0,163.0,167.0,-2.45650774284887
4343,5.0,1927.0,1.0,1.65492560451912
64973,229.0,1902.0,10.0,-5.7682555715891
276275,1915.0,15.0,179.0,-1.85780206437109
68773,82.0,1880.0,12.0,-2.26201001795122
311348,1898.0,1907.0,186.0,-2.1524286997211
169587,1430.0,1885.0,51.0,-1.13219656867312
208742,1884.0,1923.0,178.0,-2.62669749382284
261626,1898.0,195.0,73.0,1.27330950171507
25780,1875.0,1911.0,4.0,1.96695858207904
97922,1880.0,1904.0,44.0,-6.86898689516985
262976,85.0,1909.0,73.0,-1.41528556540106
412662,1884.0,1889.0,114.0,0.206333828015809
205332,1926.0,82.0,177.0,14.568774529863
173692,1907.0,1671.0,52.0,-0.374939882992582
182037,1878.0,120.0,174.0,1.04239816891372
63030,655.0,72.0,10.0,8.77846415381912
181016,3.0,1886.0,53.0,-2.9105190181288
388759,101.0,1900.0,111.0,0.728307320026939
112683,1906.0,1347.0,167.0,1.00280634391054
325472,1877.0,85.0,100.0,0.388031574550105
71459,1894.0,17.0,13.0,-0.547219935427756
196518,48.0,136.0,176.0,-3.61900781525087
192088,1912.0,5.0,176.0,-3.6606102070927
361032,3.0,136.0,108.0,-2.19097397856089
371968,1915.0,1890.0,180.0,1.3383155532302
391165,14.0,1928.0,111.0,-2.72130148682255
25341,1897.0,1918.0,4.0,-1.92952665996144
374970,1331.0,677.0,109.0,0.4952220038731
106889,1888.0,1922.0,45.0,0.346110424148621
114588,1876.0,1895.0,167.0,6.66606426960146
87789,1888.0,150.0,172.0,-10.09808259547
219253,1891.0,1898.0,56.0,-0.288359113787637
75436,1924.0,677.0,13.0,1.11368591773618
87098,1904.0,1917.0,172.0,-2.94871626416266
320628,1920.0,1887.0,100.0,4.70517326031783
278363,1885.0,146.0,75.0,-0.87477375583958
46680,83.0,1914.0,6.0,2.21529701545571
281769,1926.0,1337.0,75.0,-9.95814211763823
373373,948.0,1891.0,109.0,1.54881704687117
107920,101.0,1347.0,45.0,1.40466661871033
340675,82.0,83.0,103.0,-2.28090317969796
192837,1909.0,13.0,176.0,-4.87401551972276
435358,1878.0,1903.0,116.0,-1.43478845135222
214276,1875.0,1908.0,55.0,1.56838748727776
268162,1881.0,748.0,74.0,19.6882707283563
6828,14.0,195.0,1.0,2.51270690618698
272235,1347.0,1183.0,179.0,-0.845530757846091
210257,1560.0,1922.0,178.0,7.57136241870783
229176,1893.0,131.0,58.0,-0.166968622777582
8045,1430.0,1559.0,1.0,2.98003588600485
337711,677.0,1890.0,103.0,-0.173827771917065
178005,146.0,72.0,53.0,3.42398113846834
170255,1919.0,147.0,51.0,0.307877257318107
375015,164.0,1923.0,109.0,3.31343425010778
302595,544.0,1183.0,98.0,2.53130570050304
426285,27.0,1909.0,115.0,1.94102507393577
223239,1893.0,11.0,57.0,2.27859581126942
233572,1917.0,1902.0,58.0,-4.072568138851
227649,1337.0,20.0,57.0,-60.5281182721024
332557,1895.0,1921.0,102.0,2.95409829000557
338216,101.0,1911.0,103.0,3.75011673159664
390953,163.0,1882.0,111.0,4.72468281473428
343293,1917.0,1921.0,104.0,3.6806353951349
62425,1898.0,1921.0,10.0,-4.4340458448937
9149,136.0,1914.0,2.0,6.4491417506804
342888,150.0,1903.0,104.0,-0.558832184733997
314213,1906.0,1895.0,186.0,-1.63144995668958
271995,1896.0,1922.0,179.0,4.20478508613366
237714,48.0,101.0,60.0,2.06738728195289
55774,1879.0,1331.0,9.0,2.13562886208325
49035,195.0,1671.0,7.0,2.81965891003618
87406,1897.0,1901.0,172.0,3.92610735978709
416909,1337.0,1224.0,114.0,-12.1355326772718
164650,1925.0,1891.0,168.0,-1.81259788676244
95919,1889.0,1882.0,44.0,-4.92812664988782
310725,1879.0,18.0,186.0,-1.54610604006215
187512,1880.0,1908.0,175.0,4.2450933689457
26049,1897.0,5.0,4.0,-2.74604214138577
399597,1925.0,47.0,112.0,5.98989455451331
252234,1906.0,1910.0,71.0,0.963970940020464
214023,164.0,788.0,55.0,-5.81733483085641
72806,1560.0,748.0,13.0,0.244086821501464
437869,655.0,748.0,116.0,-8.04222522596795
426998,1924.0,1348.0,115.0,1.35021950799756
100138,1925.0,1878.0,44.0,0.969938126079044
172508,1896.0,1347.0,52.0,-2.88348808662256
331691,1347.0,1878.0,102.0,-8.47285131140237
375430,1920.0,1913.0,109.0,6.0477535346252
397906,131.0,1890.0,112.0,-1.18227226725841
374853,136.0,1887.0,109.0,3.31688723579152
15162,1888.0,1904.0,3.0,-0.890337834252513
264575,160.0,163.0,73.0,6.27048679041781
322981,1347.0,1890.0,100.0,-5.34089634339367
108430,1332.0,1894.0,45.0,-9.29914679609008
189123,1886.0,18.0,175.0,8.1967842715598
27974,1877.0,1896.0,4.0,1.45367829518132
13432,82.0,1903.0,2.0,1.80916196259529
255080,1925.0,48.0,71.0,23.1631378088668
423162,101.0,1331.0,115.0,2.8141947940897
28375,1919.0,1671.0,4.0,3.41271903446327
191602,1925.0,1878.0,175.0,-2.03030770143864
314671,1925.0,1342.0,186.0,-7.68975406811948
66081,1887.0,1921.0,12.0,0.399984507110014
237843,1924.0,1905.0,60.0,2.95411135098766
286646,3.0,1876.0,77.0,3.46980819672595
283986,1885.0,11.0,77.0,-1.66677275985697
314956,27.0,1900.0,186.0,2.23389196103459
25740,1906.0,1332.0,4.0,-5.36290479849885
89082,1926.0,1891.0,172.0,9.16179599531957
176251,1430.0,1890.0,52.0,-3.77306734443916
390793,1920.0,1671.0,111.0,-29.5935777879575
8711,147.0,1928.0,1.0,-0.365773925551891
98408,1924.0,1923.0,44.0,5.7909092933149
108233,1560.0,1918.0,45.0,0.0867596624829398
284679,677.0,1890.0,77.0,1.07925530206981
263924,1924.0,1922.0,73.0,-6.45215209029283
315373,101.0,1892.0,99.0,4.72892803304257
283002,1886.0,1911.0,77.0,-2.82890303747218
88977,1876.0,1431.0,172.0,9.15759361467957
247412,1888.0,1331.0,70.0,-4.4366842670582
187049,1893.0,1348.0,175.0,-2.97268821795407
207462,3.0,1928.0,177.0,-0.954453796343425
15361,1892.0,17.0,3.0,-37.4077380371403
26737,48.0,1908.0,4.0,7.40095454063906
280081,160.0,1909.0,75.0,12.5489573308387
176512,1907.0,1902.0,52.0,3.63359592459602
168082,1886.0,1882.0,51.0,-4.13452525959055
277469,948.0,47.0,75.0,0.413309600283856
272691,1898.0,18.0,179.0,-3.54864887381739
281829,1898.0,1902.0,75.0,-18.2578733199497
318937,1332.0,1884.0,99.0,-13.7386607410266
345230,229.0,1905.0,104.0,1.45781724292713
336232,147.0,131.0,103.0,5.85049007326884
245223,655.0,1924.0,69.0,8.94971076123063
304556,1430.0,1922.0,98.0,-0.258147472123606
75223,544.0,748.0,13.0,-3.21683998873421
318639,229.0,1913.0,99.0,-6.24562447511333
195325,1924.0,1909.0,176.0,5.48085482131207
330673,48.0,1902.0,101.0,-10.9388362408784
62413,13.0,17.0,10.0,-0.371572779907597
50585,1887.0,1560.0,7.0,-2.74429855739036
113594,1925.0,1898.0,167.0,-9.35125236837185
107175,1901.0,1914.0,45.0,-1.0816144555122
184354,101.0,1891.0,174.0,-0.217473711237408
177439,5.0,677.0,53.0,0.545232293933754
219083,1904.0,677.0,56.0,-4.76178167660792
11541,1919.0,72.0,2.0,6.66692024024531
45499,1887.0,164.0,6.0,0.50979220438299
221764,1342.0,1892.0,56.0,-0.499226280240341
245698,1890.0,1902.0,69.0,-0.606124108686739
204910,1884.0,1917.0,177.0,-1.72340712331273
376974,1876.0,1337.0,109.0,6.4323993914088
368649,1879.0,1886.0,180.0,-4.19089029353354
262968,1894.0,164.0,73.0,3.85252114600612
100213,1337.0,1560.0,44.0,-20.4190645214103
252798,1891.0,1900.0,71.0,7.31326778010665
427145,82.0,1888.0,115.0,-3.54356125350768
97563,1888.0,131.0,44.0,1.85386731396292
105727,1885.0,1922.0,45.0,6.23382469382608
182015,164.0,1898.0,174.0,4.86389143414657
203835,163.0,1911.0,177.0,4.8913853929186
272942,1885.0,1918.0,179.0,5.6689564995105
344688,82.0,1885.0,104.0,2.70870705969221
163112,1886.0,1903.0,168.0,-4.01246121116813
54297,1348.0,1892.0,9.0,0.678125362910775
28278,160.0,147.0,4.0,1.82420288802538
267600,1876.0,1898.0,74.0,3.84102930923903
199700,47.0,1881.0,54.0,9.97248291102572
65429,1886.0,788.0,12.0,-12.0576510528737
100669,1347.0,1886.0,173.0,-0.727693976667002
361552,1915.0,1921.0,108.0,-7.67400194660224
238833,1905.0,1908.0,60.0,5.67440317857237
24506,120.0,1917.0,4.0,-3.14184751155124
5099,1894.0,1911.0,1.0,-0.343433447182608
360484,1877.0,1905.0,108.0,-6.94400859798794
340866,83.0,1560.0,103.0,-0.0472756713264285
234163,1559.0,1882.0,60.0,0.531986806748427
168518,1895.0,1883.0,51.0,-5.9679355513023
396741,1347.0,677.0,112.0,1.35124633648909
236369,1907.0,18.0,60.0,-2.91083249794729
11861,1905.0,229.0,2.0,16.1144358159956
95725,1885.0,13.0,44.0,3.66107964922661
425556,1894.0,1916.0,115.0,-0.252017308312602
318025,1342.0,85.0,99.0,2.75918283494587
165071,27.0,20.0,168.0,-0.315275779185809
98287,229.0,1883.0,44.0,7.41181982786792
228004,3.0,1890.0,57.0,1.4568445585742
261694,1559.0,1892.0,73.0,5.67741473468855
303421,1876.0,1879.0,98.0,-0.940608329714813
197391,1183.0,1903.0,54.0,7.13627721356464
206994,48.0,1900.0,177.0,4.78108245009995
14397,1889.0,150.0,3.0,-11.3975452409331
102245,1347.0,1887.0,173.0,2.41560265208916
339133,163.0,195.0,103.0,-1.78505543788576
315376,1902.0,1560.0,99.0,-0.295409527240874
233053,1920.0,120.0,58.0,-10.5062848555475
268124,1903.0,1916.0,74.0,-0.129026623223194
272810,1899.0,748.0,179.0,-0.639551594661257
180176,27.0,1431.0,53.0,11.1327219708963
235010,1347.0,1923.0,60.0,-7.85579954403045
65574,1889.0,1560.0,12.0,3.18865576578444
61412,1886.0,1882.0,10.0,3.152801148255
109104,20.0,1431.0,45.0,-3.00946925359818
251239,195.0,1881.0,71.0,6.15702571369976
434651,1875.0,1331.0,116.0,2.32445666946739
168230,20.0,1898.0,51.0,0.503546138655197
209736,1894.0,1911.0,178.0,-6.32344994798381
107027,1878.0,1922.0,45.0,-4.23761913174026
371509,1924.0,136.0,180.0,2.13916493145546
321392,1883.0,1903.0,100.0,-0.305476384476522
437352,14.0,1918.0,116.0,-0.471004032019077
25939,1896.0,1908.0,4.0,-0.676660001155275
26897,163.0,82.0,4.0,6.45378272344649
338455,1891.0,1889.0,103.0,1.15530061802629
62452,1884.0,1882.0,10.0,1.89648241425611
416559,1920.0,544.0,114.0,2.88213776111087
344758,1926.0,604.0,104.0,-0.127971805963198
49266,85.0,47.0,7.0,6.51301054539721
359403,1920.0,1908.0,108.0,8.67797210316344
9269,1886.0,1903.0,2.0,-3.90387264660986
268571,1431.0,1889.0,74.0,-4.51414081663575
228715,1899.0,1888.0,58.0,-5.0182170279612
12052,1430.0,1906.0,2.0,0.77502884377375
192461,1883.0,1907.0,176.0,-4.62329121868535
259954,1920.0,1430.0,72.0,0.109938738010951
208944,1916.0,1911.0,178.0,0.67218179164517
417732,5.0,1928.0,114.0,4.49598653820771
176522,1876.0,1902.0,52.0,2.94541227598269
253738,1877.0,1907.0,71.0,-5.28557783501834
265751,1926.0,1900.0,73.0,1.43079627296973
389617,1906.0,1916.0,111.0,-3.82546710499638
7567,1920.0,1877.0,1.0,6.51394138621665
325925,1891.0,18.0,101.0,2.37795857691609
371512,1915.0,1559.0,180.0,0.114456173197611
26128,85.0,1224.0,4.0,3.59280721471604
242064,1922.0,1923.0,69.0,-6.02567475980822
27770,1906.0,1896.0,4.0,-1.85408440748944
625397,1559.0,1902.0,177.0,-0.563143528511526
217114,655.0,1920.0,55.0,1.72601442335489
85633,1560.0,18.0,172.0,9.73328178703236
370583,14.0,1892.0,180.0,-1.42951809705602
110581,1183.0,13.0,167.0,2.93753674480488
67390,14.0,1898.0,12.0,-1.59780269369243
224426,1906.0,1899.0,57.0,-0.655758713347811
171267,1922.0,1928.0,51.0,0.505697593213439
52677,1919.0,13.0,7.0,5.91193581812105
187016,150.0,1910.0,175.0,4.28886220450725
368937,1892.0,1914.0,180.0,-0.432589381349419
342891,948.0,1905.0,104.0,1.81284964881371
25828,1897.0,1896.0,4.0,0.905156086703003
434580,1884.0,1881.0,116.0,-3.19176692497283
222221,14.0,1918.0,56.0,0.106457724622922
183800,1887.0,1889.0,174.0,0.659187762925169
322171,72.0,5.0,100.0,0.870606475024856
359818,3.0,164.0,108.0,-4.62833703017032
170254,27.0,147.0,51.0,2.56934729243961
168021,1881.0,131.0,51.0,9.83802826199054
255373,1342.0,1560.0,71.0,7.81483845576507
163612,1347.0,1895.0,168.0,3.29804993812492
277943,1887.0,1910.0,75.0,5.89178532079862
315765,11.0,1923.0,99.0,2.35234421607744
63459,3.0,131.0,10.0,-2.1722328981757
369286,14.0,1887.0,180.0,7.44491030091834
86365,788.0,1923.0,172.0,0.891074741923888
49055,1347.0,1911.0,7.0,-3.71888671060162
3844,1891.0,1927.0,1.0,-2.93605274364962
342127,1903.0,1912.0,104.0,6.40190858018212
222722,604.0,1671.0,56.0,4.50955883702609
45349,1559.0,1890.0,6.0,-2.28081539702789
43149,1347.0,1895.0,6.0,-3.46409793317554
278644,164.0,1912.0,75.0,2.08673793702384
434427,1911.0,1923.0,116.0,-3.03114307702205
224463,1922.0,1918.0,57.0,16.1287394338584
188839,1899.0,1910.0,175.0,6.31015224065655
277630,85.0,150.0,75.0,0.0881814214278831
178577,1560.0,1907.0,53.0,-0.905083749818734
107753,1337.0,1899.0,45.0,1.59831947116908
323308,1342.0,1183.0,100.0,1.15206394193909
45575,1909.0,1883.0,6.0,-2.20315291309366
32784,27.0,1904.0,166.0,1.98581921267732
198957,85.0,1893.0,54.0,-0.470702235587538
166141,1896.0,1331.0,51.0,-2.77374783013043
61700,1878.0,131.0,10.0,1.4390242202523
215939,1926.0,1880.0,55.0,-13.4130016278145
183585,1907.0,1914.0,174.0,-0.763837929336885
219795,1898.0,1560.0,56.0,3.26736124564092
374010,1430.0,1887.0,109.0,6.33078516512344
259245,1920.0,1901.0,72.0,-2.50715190284521
238413,1920.0,120.0,60.0,1.81908592553207
33387,27.0,136.0,166.0,-1.22576674259985
225984,677.0,1921.0,57.0,-5.78345460126879
244422,1905.0,18.0,69.0,8.51170861887415
253713,27.0,1894.0,71.0,-6.68744260096682
216026,655.0,1916.0,55.0,9.92067455328996
192608,1896.0,131.0,176.0,2.62060007452084
280051,1337.0,229.0,75.0,-12.2217777059099
390492,20.0,120.0,111.0,-3.61675809922173
58330,655.0,1348.0,9.0,4.46354978011827
202192,1884.0,1928.0,54.0,-2.40826467750801
44238,1905.0,150.0,6.0,9.17118193457681
205230,1342.0,1883.0,177.0,-6.43634432071847
60385,1902.0,1912.0,10.0,-0.878313979818526
208224,1881.0,5.0,178.0,-2.06174248484551
264172,1905.0,1875.0,73.0,-6.08135991407145
388998,1909.0,1923.0,111.0,-0.380585777235217
171744,1887.0,1883.0,52.0,0.472042356644037
358657,1899.0,47.0,108.0,-2.38874051792617
180353,1430.0,1879.0,53.0,-3.04599693364885
257865,72.0,1431.0,72.0,-3.77399922386637
226179,1926.0,18.0,57.0,-6.957521823777
165935,18.0,1902.0,168.0,-2.1406045375521
319056,83.0,1893.0,99.0,4.68383346899444
277882,1916.0,1890.0,75.0,1.59946054405078
227571,1906.0,1917.0,57.0,0.364876827530212
302199,1902.0,1919.0,98.0,1.54820794135125
338889,1925.0,1908.0,103.0,-0.237809535790578
206097,1924.0,11.0,177.0,-15.6191718053223
434583,1878.0,1901.0,116.0,-3.50921916450774
245452,655.0,3.0,69.0,-3.41930581693048
284180,1879.0,5.0,77.0,-3.61386174672601
88866,1925.0,1431.0,172.0,-3.60339248341436
61768,1891.0,1910.0,10.0,-0.0792575960540295
163866,3.0,1883.0,168.0,1.4601159449572
192782,136.0,1901.0,176.0,-1.70069218363208
371206,27.0,1918.0,180.0,-1.7603938170479
176035,1926.0,1924.0,52.0,10.882475700764
96955,1906.0,1899.0,44.0,2.98522094590126
266484,1903.0,1348.0,74.0,-3.77388165793556
217657,160.0,1910.0,55.0,-6.05692440890382
199828,1911.0,13.0,54.0,-2.35065006751868
330681,163.0,1902.0,101.0,-0.447591979014202
172587,1879.0,1881.0,52.0,-3.10732831245557
317926,1671.0,788.0,99.0,-2.47752540803825
250668,3.0,1878.0,70.0,-1.83460258954691
416514,1919.0,18.0,114.0,3.74780159455748
245336,83.0,1337.0,69.0,-4.02317985303277
178001,1337.0,1898.0,53.0,-3.17859290462693
212904,1904.0,11.0,55.0,-10.0258788368738
176291,229.0,14.0,52.0,-7.30898985723073
207375,1910.0,1928.0,177.0,-1.23810219217603
63660,1905.0,1893.0,10.0,-3.96610231127916
189525,1894.0,1910.0,175.0,7.56840748210172
105143,1332.0,1903.0,173.0,-13.3065133672558
26313,1882.0,1914.0,4.0,3.57192020292853
68476,20.0,195.0,12.0,-16.8721205539537
327818,1879.0,147.0,101.0,-5.10558580659719
397481,101.0,5.0,112.0,0.181849908299378
68811,14.0,101.0,12.0,11.2632894259125
281394,1877.0,27.0,75.0,-4.82389959197971
11271,1886.0,72.0,2.0,3.39391964935901
169860,1920.0,11.0,51.0,2.24241350914999
90078,544.0,1878.0,172.0,0.341816606557188
397221,1882.0,1910.0,112.0,10.476673789169
264164,544.0,788.0,73.0,3.31724974463495
45501,101.0,1893.0,6.0,3.13970486382252
232063,1915.0,131.0,58.0,14.1052537726027
205375,1342.0,1894.0,177.0,0.559369193144909
178922,17.0,677.0,53.0,4.5379891271213
340973,1430.0,1908.0,103.0,-2.76304884541867
97967,1885.0,677.0,44.0,-10.9476421568267
434428,13.0,11.0,116.0,1.7842655936511
3804,1878.0,1431.0,1.0,3.37682754367551
12300,1913.0,1431.0,2.0,0.218147349319511
275227,82.0,131.0,179.0,4.72075674091455
227586,1876.0,1224.0,57.0,8.73810475717198
222337,544.0,48.0,56.0,13.66302472911
249449,1906.0,1914.0,70.0,2.23526109947221
323210,1909.0,5.0,100.0,-2.18013266883709
321343,1880.0,1904.0,100.0,0.839808590898616
196633,1876.0,1882.0,176.0,1.06747959194771
220873,229.0,1908.0,56.0,-10.7687982422982
337853,1912.0,1907.0,103.0,0.922682486412721
316675,1875.0,1908.0,99.0,-3.21309746567715
209293,677.0,1890.0,178.0,7.84907305164969
368236,1900.0,1901.0,180.0,1.95104760522692
208800,1348.0,1892.0,178.0,-5.05426052633674
415478,1905.0,1923.0,114.0,-0.230140035115257
250001,27.0,1895.0,70.0,2.37658950744395
201806,1915.0,15.0,54.0,-2.11388795818361
213365,1894.0,1910.0,55.0,5.09082968723353
86081,748.0,788.0,172.0,-3.91459342916795
88400,82.0,72.0,172.0,-1.62123261163295
424286,136.0,1923.0,115.0,1.87635938893803
438029,1924.0,1882.0,116.0,-0.200291860979109
376489,3.0,1224.0,109.0,0.528679447247985
336375,147.0,1916.0,103.0,-3.13492833437075
283403,748.0,120.0,77.0,1.93797504617123
376562,1430.0,1224.0,109.0,2.38192049735342
206871,1924.0,1342.0,177.0,4.33466381554199
196103,1877.0,13.0,176.0,4.16282459863174
274746,82.0,72.0,179.0,4.14922400935329
240837,5.0,18.0,69.0,-2.3792951836734
207064,82.0,1560.0,177.0,1.47639046205695
67883,948.0,1895.0,12.0,3.5488891251773
423624,15.0,131.0,115.0,0.356372263358352
369653,1893.0,1898.0,180.0,1.14480016069786
5954,1560.0,1918.0,1.0,0.0582493872973985
191818,14.0,47.0,175.0,-6.17799863908679
161058,146.0,1671.0,168.0,2.96667540711365
205612,229.0,1926.0,177.0,10.1141046107556
44640,1883.0,1918.0,6.0,1.34990517904835
102965,1897.0,788.0,173.0,-0.0675283352922583
112097,1881.0,1909.0,167.0,-9.2954953127383
34261,1916.0,1928.0,166.0,-10.3680769824378
235632,1877.0,1899.0,60.0,4.32739577880769
342928,1331.0,1911.0,104.0,-3.34408046242906
345060,229.0,11.0,104.0,-7.36951867193358
11935,1906.0,146.0,2.0,2.53749176673266
218331,1891.0,677.0,56.0,-2.56116114178066
66248,1892.0,17.0,12.0,-57.6492999233625
226862,1924.0,131.0,57.0,-5.00431705904628
44171,1917.0,677.0,6.0,-5.92005099464583
27240,1342.0,1909.0,4.0,-5.47931579977514
201849,604.0,1900.0,54.0,1.79348312337409
360631,1920.0,1875.0,108.0,-0.610784780059473
222839,83.0,1337.0,56.0,-5.77649694545823
236794,1430.0,1923.0,60.0,-0.091388635501083
342259,150.0,18.0,104.0,-1.76788397183841
43175,1912.0,1921.0,6.0,5.8804881298818
334545,1924.0,655.0,102.0,5.66084139003322
26125,1224.0,1892.0,4.0,1.36383394084624
106692,748.0,1907.0,45.0,-0.0699312031699851
412682,1875.0,1900.0,114.0,-7.34934006525789
210558,20.0,1875.0,178.0,-7.78217401009992
252084,1903.0,120.0,71.0,5.62571872852699
303428,1926.0,655.0,98.0,1.94582872666657
95854,15.0,1892.0,44.0,6.32812285242189
274952,604.0,1909.0,179.0,9.09424445118481
47636,3.0,83.0,6.0,11.8797716120646
264993,1332.0,1889.0,73.0,-2.00186848826048
44755,1903.0,1908.0,6.0,-3.05873810337443
87617,1879.0,1916.0,172.0,-7.42032657775116
179252,1671.0,120.0,53.0,-1.85952878621028
277479,150.0,164.0,75.0,-2.59045065399581
330176,1430.0,748.0,101.0,2.03338340188864
14066,1875.0,5.0,3.0,3.93775925877278
63246,1926.0,1913.0,10.0,9.98707810911961
324694,48.0,1917.0,100.0,-7.36601271433872
15972,72.0,150.0,3.0,-0.544133707572893
356878,1912.0,1900.0,108.0,-5.51209274226845
367142,1887.0,17.0,180.0,15.1146668063323
68739,160.0,146.0,12.0,2.12116662422483
164073,1919.0,1881.0,168.0,-6.86404284706959
54195,1888.0,11.0,9.0,-2.38030707998783
13214,1924.0,1560.0,2.0,-2.84436346481683
209577,18.0,788.0,178.0,4.39790436322795
344682,544.0,1331.0,104.0,-9.89709206753981
269884,3.0,146.0,74.0,0.384400409243956
252666,47.0,1912.0,71.0,8.25596237625818
283755,11.0,1890.0,77.0,-1.6842176767912
234965,146.0,1921.0,60.0,4.14642168454496
212001,1919.0,1671.0,178.0,-4.50660504425598
425176,1875.0,131.0,115.0,-1.61507696724172
425976,544.0,18.0,115.0,-2.42466915673969
161183,1900.0,1886.0,168.0,-5.13273202858323
416782,1337.0,13.0,114.0,-11.0271626246907
324280,655.0,1884.0,100.0,4.22012915325061
52747,20.0,1224.0,7.0,0.229371213415254
16322,1898.0,1347.0,3.0,-5.10113515241318
325738,150.0,1431.0,101.0,1.16132288767388
435725,120.0,1900.0,116.0,-0.283314011928232
187752,1909.0,1331.0,175.0,11.652004757414
220008,1879.0,1886.0,56.0,-0.752070753590063
218563,1898.0,1882.0,56.0,1.84358773043206
193628,1887.0,1904.0,176.0,-3.35632065144583
10717,748.0,1914.0,2.0,3.62180438468927
45388,1894.0,1911.0,6.0,-3.07297829709835
179285,1895.0,1888.0,53.0,-17.248607944709
205430,83.0,1883.0,177.0,-1.82593853836677
343641,1888.0,1348.0,104.0,0.71578924243129
244417,160.0,20.0,69.0,3.17382164813144
236703,1925.0,1899.0,60.0,10.958042375233
100696,147.0,1918.0,173.0,4.07146437298992
337214,1906.0,1898.0,103.0,3.02324488239189
199596,1907.0,677.0,54.0,3.17737369478061
283907,1887.0,1908.0,77.0,-4.77164830100722
336178,17.0,1922.0,103.0,5.01567696020933
258648,3.0,85.0,72.0,-2.67332568919757
253727,1337.0,1875.0,71.0,-10.379703393165
374141,1331.0,1901.0,109.0,-1.96847036835576
360517,1337.0,1889.0,108.0,-4.34066815031105
251789,1891.0,85.0,71.0,2.04784181479998
198444,1882.0,18.0,54.0,0.466938818737522
274332,1183.0,72.0,179.0,-2.74253625888285
423567,1884.0,1910.0,115.0,0.704641204756268
246042,1895.0,1348.0,70.0,2.55755450767134
234966,1560.0,5.0,60.0,2.28124906060285
630123,72.0,1902.0,72.0,-2.450331426629485
241559,83.0,1347.0,69.0,-9.36072912325246
397017,1886.0,47.0,112.0,0.970308078838028
269363,83.0,1183.0,74.0,-1.90019273692908
88112,1924.0,85.0,172.0,2.26374849642548
205503,14.0,1331.0,177.0,-7.63021281534515
340056,48.0,1904.0,103.0,0.486409360724684
202080,160.0,677.0,54.0,-0.721029714079346
193419,1885.0,1912.0,176.0,1.86600015378909
30626,948.0,1913.0,166.0,-3.0688532912817
208438,1431.0,1887.0,178.0,-1.01228508169181
285431,604.0,1913.0,77.0,5.14321414218305
238644,14.0,1903.0,60.0,1.08019202770303
26006,1897.0,1898.0,4.0,-4.02255122162914
333155,5.0,1882.0,102.0,-2.22847250134995
47012,1905.0,1879.0,6.0,-9.66479910523327
283377,1883.0,1893.0,77.0,0.610977369745171
279865,82.0,72.0,75.0,-16.0704295709927
273226,1886.0,1911.0,179.0,1.48311341890973
191205,655.0,1927.0,175.0,-2.64789632213168
253228,1903.0,1881.0,71.0,8.63746952271718
106163,1886.0,13.0,45.0,-6.18675117270911
252497,1875.0,1907.0,71.0,-2.91171144603462
33981,1906.0,1560.0,166.0,-7.18395538448245
184237,948.0,1883.0,174.0,2.00783554924989
279715,1906.0,1875.0,75.0,3.4531445640956
270427,1920.0,1896.0,74.0,2.35966329812605
324595,544.0,1348.0,100.0,-2.35742172145557
70216,1926.0,1925.0,12.0,5.95531656429569
64000,160.0,1889.0,10.0,0.256143753510806
320702,1895.0,1883.0,100.0,-4.91136008816906
171016,3.0,1906.0,51.0,9.56329484474917
284323,1878.0,1897.0,77.0,-6.87163987100167
367133,1901.0,18.0,180.0,-5.84439082948869
111003,1900.0,1908.0,167.0,1.22835142861114
319186,163.0,1918.0,99.0,-0.0551250836049278
12134,1925.0,1431.0,2.0,-1.13197211906557
225201,1886.0,1883.0,57.0,-2.0865724476499
237543,1926.0,1347.0,60.0,3.58543318157321
177916,1916.0,1917.0,53.0,-3.3871537872281
207686,1332.0,1899.0,178.0,-1.70598761093335
4203,948.0,1887.0,1.0,1.00083485009671
96368,1898.0,1923.0,44.0,-1.1261240890124
217326,544.0,1876.0,55.0,6.29300299466501
241449,1899.0,1916.0,69.0,3.93647350111317
102645,72.0,1921.0,173.0,-5.22065674416066
427317,604.0,120.0,115.0,-0.396636892757655
60425,1883.0,1922.0,10.0,4.14040720388782
55397,147.0,1224.0,9.0,1.23081754788751
246764,1431.0,1908.0,70.0,7.20621900856079
259108,1877.0,1916.0,72.0,0.681717529993673
213160,85.0,164.0,55.0,4.37721327635568
269351,82.0,544.0,74.0,9.33847825151651
360014,14.0,1880.0,108.0,-1.09045946825346
33586,1915.0,1559.0,166.0,7.16349864004241
269686,1924.0,1916.0,74.0,-5.57421536619139
204218,1909.0,1918.0,177.0,13.273098170815
89227,1915.0,18.0,172.0,2.12362047486353
30181,1895.0,1888.0,166.0,4.32722002802612
69466,1905.0,20.0,12.0,6.26141666375164
645979,1893.0,1902.0,13.0,6.620593667429205
67958,1922.0,1918.0,12.0,30.3862750179312
51581,1876.0,1907.0,7.0,-1.23473710469098
312279,1879.0,1916.0,186.0,-4.48139768521184
13032,1906.0,1671.0,2.0,-8.14453871876584
208107,1348.0,1890.0,178.0,-5.9153981029873
217149,544.0,120.0,55.0,-0.128144786359718
268329,47.0,1904.0,74.0,11.4553857024897
339545,83.0,1880.0,103.0,0.319256051546498
186544,1919.0,1890.0,174.0,-4.448777957722
54292,5.0,1892.0,9.0,-1.41726755882269
330291,1342.0,748.0,101.0,3.24825256429959
369598,1899.0,1224.0,180.0,1.47713491813759
336161,1899.0,1896.0,103.0,15.610190285429
337794,1888.0,1896.0,103.0,4.58675223886445
301800,1879.0,1889.0,98.0,-0.345710032282733
240839,1885.0,1921.0,69.0,-0.399224703398483
105012,1876.0,1882.0,173.0,2.53360954146534
313225,27.0,1883.0,186.0,-1.15624059995307
263950,1920.0,47.0,73.0,-4.13420589629669
8378,1926.0,1882.0,1.0,5.44082156313028
423803,1889.0,131.0,115.0,-0.648094873300537
281603,1925.0,677.0,75.0,10.9604120466075
259871,1332.0,1348.0,72.0,-5.51354948825591
373505,1883.0,1888.0,109.0,-1.1321250227407
244237,1337.0,1884.0,69.0,-0.399862937120944
202621,1902.0,1431.0,177.0,13.0787447270119
284120,1890.0,1918.0,77.0,-4.40805906121827
197543,1884.0,1916.0,54.0,3.30864394614142
12159,82.0,131.0,2.0,7.98527555236652
426893,655.0,1877.0,115.0,11.7622087845114
417000,82.0,1224.0,114.0,3.42433934891388
180335,1430.0,1893.0,53.0,8.42452963409821
178603,1183.0,15.0,53.0,0.699178228985781
225912,1919.0,1332.0,57.0,6.30753933479277
48645,147.0,1918.0,7.0,-1.8395252577383
263025,1559.0,1883.0,73.0,0.842045198086229
12891,229.0,48.0,2.0,8.36633113283199
203285,1912.0,72.0,177.0,3.08249298529865
45216,1903.0,1911.0,6.0,-6.83714738803565
166781,1884.0,85.0,51.0,0.250246039915968
108345,1905.0,788.0,45.0,-12.4418439746052
413695,1347.0,1882.0,114.0,-1.06013826205486
52111,14.0,1431.0,7.0,-1.16834568064332
165115,82.0,147.0,168.0,0.607435732351285
184833,1920.0,72.0,174.0,-5.59293641452284
283135,1348.0,1918.0,77.0,4.2284575463942
310726,1875.0,1891.0,186.0,1.89646543631381
281935,1671.0,1928.0,75.0,-0.903708937240968
10296,1888.0,1911.0,2.0,-3.23601854995077
253903,1905.0,164.0,71.0,1.56916936458592
26967,1342.0,195.0,4.0,-0.539547231585017
312935,3.0,1908.0,186.0,-1.96396710470355
65335,1887.0,1917.0,12.0,0.0899985372986166
62210,1883.0,1901.0,10.0,1.62990469002581
89991,1430.0,15.0,172.0,2.37281518118958
184997,160.0,1901.0,174.0,0.460036861141838
188372,1902.0,1347.0,175.0,1.20851067245681
187487,20.0,1910.0,175.0,0.36437295343474
245432,1920.0,1903.0,69.0,-0.38796298505009
320754,101.0,1914.0,100.0,0.619548453829251
70797,1883.0,13.0,13.0,-1.14790999348885
222947,14.0,1890.0,56.0,-0.366560193933606
10708,1897.0,1337.0,2.0,-5.62923644345181
107999,1900.0,11.0,45.0,-9.49277744646624
169867,655.0,17.0,51.0,3.92497529818657
257893,1183.0,1879.0,72.0,-2.92642352346436
235966,164.0,1431.0,60.0,4.62113453664866
262683,85.0,18.0,73.0,0.74748320101933
174054,1893.0,17.0,52.0,0.208245393827062
98448,1877.0,1913.0,44.0,3.60036331835886
313205,1905.0,1875.0,186.0,-2.95227472245299
176327,229.0,1910.0,52.0,-0.805613170435131
104728,1337.0,1917.0,173.0,-3.05962770862368
273293,150.0,677.0,179.0,1.55052979946523
399738,544.0,82.0,112.0,7.60637656860075
227771,1926.0,83.0,57.0,6.042535436553
69796,1337.0,1430.0,12.0,9.25254215119406
322381,1348.0,1224.0,100.0,-4.75819930366912
189108,1888.0,1921.0,175.0,-6.10571205279976
426363,1337.0,1885.0,115.0,4.33737472167652
178420,101.0,164.0,53.0,21.5074205420389
200753,14.0,1914.0,54.0,-2.0569344495001
5595,1559.0,1886.0,1.0,-4.0516110405665
282209,1893.0,1892.0,77.0,-0.449389951547765
183985,1348.0,1918.0,174.0,0.0629195087941517
190938,1332.0,147.0,175.0,-0.325224763573466
110348,604.0,1910.0,45.0,33.8614995257665
111559,1908.0,1901.0,167.0,0.463239118747338
244338,3.0,101.0,69.0,0.44514484160957
179911,163.0,1901.0,53.0,-3.24081712269548
320577,1885.0,1884.0,100.0,-1.76608562403903
202370,1875.0,131.0,177.0,8.82404177378774
232913,1913.0,1224.0,58.0,-4.34161396912828
319052,1332.0,1879.0,99.0,-0.912060574815554
423150,1899.0,1927.0,115.0,2.6477663940002
18788,27.0,1928.0,3.0,-1.97465894423428
107295,1875.0,1348.0,45.0,-0.856992495378174
390320,1925.0,1889.0,111.0,-2.44507426677073
314835,1915.0,1337.0,186.0,2.1523440875388
201404,1430.0,1888.0,54.0,1.49315073046858
98988,1876.0,1891.0,44.0,-9.57438692026595
279733,160.0,1907.0,75.0,-1.89898623333506
422996,195.0,17.0,115.0,-0.097311873959779
280099,48.0,1881.0,75.0,29.2805452584126
44276,1897.0,11.0,6.0,-6.43395915010547
236358,1887.0,1921.0,60.0,-1.59613147780539
67444,17.0,1901.0,12.0,1.44503820549403
184377,47.0,1904.0,174.0,-1.65578174297747
224889,147.0,1883.0,57.0,-2.66435602902866
191769,1925.0,15.0,175.0,4.11461762017052
390233,1337.0,5.0,111.0,-7.7120550335976
369292,1909.0,1910.0,180.0,-5.28964026788608
222630,1337.0,1430.0,56.0,-4.85680969895586
388552,17.0,1914.0,111.0,-3.78804449103077
197192,1914.0,1902.0,176.0,2.76935564713347
269267,544.0,47.0,74.0,6.97454524110458
424620,1879.0,1923.0,115.0,-1.60758673916143
212482,1920.0,15.0,178.0,-4.28850802005564
319887,3.0,748.0,99.0,1.10271060819029
413854,1887.0,15.0,114.0,2.82198955508373
435199,146.0,13.0,116.0,-2.21440702876645
168312,948.0,1916.0,51.0,-0.497659278118062
255734,1915.0,1908.0,71.0,1.43248621568348
101716,1894.0,1897.0,173.0,0.181116996157388
27515,1342.0,131.0,4.0,-2.81337013625597
214606,1886.0,1894.0,55.0,-9.33808648053586
339862,1342.0,101.0,103.0,-0.474631600186144
344533,1877.0,164.0,104.0,-0.381274849692683
245167,604.0,1876.0,69.0,-7.21180382068232
438291,160.0,1928.0,116.0,-0.0751234641322534
255998,47.0,1897.0,72.0,-3.7256097684464
89376,229.0,27.0,172.0,-5.92775301710503
258051,18.0,1921.0,72.0,6.49100809463404
230825,1897.0,1910.0,58.0,1.23805842073322
85532,72.0,5.0,172.0,2.51706023264721
218814,748.0,164.0,56.0,-4.14066370660818
205812,1913.0,1909.0,177.0,-13.6343069170532
240737,1878.0,1911.0,69.0,-1.11855518834205
427720,229.0,1906.0,115.0,-1.47490917377373
435715,1878.0,1888.0,116.0,2.68415876299971
166359,5.0,1882.0,51.0,-1.39474527107641
259907,229.0,1877.0,72.0,2.21124610594089
186356,655.0,1921.0,174.0,-2.79980912151923
215003,1878.0,1922.0,55.0,-5.99593478006998
266230,160.0,1902.0,73.0,1.29958734231604
283055,1898.0,788.0,77.0,7.66398723736797
89883,1925.0,1332.0,172.0,-3.28077746071213
183640,1891.0,1907.0,174.0,-0.929860400981208
64096,160.0,544.0,10.0,-3.64242217629355
198449,150.0,1911.0,54.0,-0.65897861511594
425135,1183.0,788.0,115.0,0.785353741520065
372077,11.0,1902.0,180.0,-1.14835482550784
101016,17.0,1890.0,173.0,1.60143577579585
341587,1893.0,13.0,104.0,-1.24063134213119
7082,1913.0,1896.0,1.0,-1.4587608832759
313054,1915.0,72.0,186.0,0.787927663592838
318838,27.0,101.0,99.0,5.25739836930516
284035,150.0,1892.0,77.0,-2.11755611426102
343169,1902.0,1882.0,104.0,4.11588661361955
225801,3.0,1911.0,57.0,-0.420018255312918
335005,82.0,1905.0,102.0,-3.20549748883838
342769,1886.0,1894.0,104.0,2.65002468536196
399526,1342.0,1906.0,112.0,2.20300910328716
24135,47.0,1908.0,4.0,7.93081229053238
185441,1332.0,1893.0,174.0,7.26096101545688
16791,1906.0,1883.0,3.0,-7.06339333561374
251478,1560.0,1914.0,71.0,6.23785755420973
424688,1878.0,1898.0,115.0,-1.85130896913203
109890,1920.0,120.0,45.0,4.52986742645226
220011,11.0,1914.0,56.0,-6.54446373191504
247415,1903.0,1890.0,70.0,0.452516550522422
190316,1920.0,146.0,175.0,2.16846323625386
14640,1902.0,13.0,3.0,-0.764951066094844
3725,1880.0,788.0,1.0,-5.47470577908813
261162,146.0,1901.0,73.0,1.60966625020322
189347,748.0,1331.0,175.0,7.00644210817363
286928,160.0,15.0,77.0,2.07040892640486
196983,1924.0,15.0,176.0,-2.04418483707147
328705,1915.0,164.0,101.0,6.78232239543025
11678,3.0,18.0,2.0,1.53087655848993
174272,20.0,1894.0,52.0,-5.78074523537277
342982,1899.0,1894.0,104.0,2.01153360484714
319499,1913.0,1888.0,99.0,1.81173591429778
280292,1337.0,1892.0,75.0,-13.5553049945125
318176,229.0,18.0,99.0,-1.6726339318645
313784,1906.0,1431.0,186.0,1.37812075339817
215306,136.0,1431.0,55.0,-5.81131158680806
26974,1342.0,1894.0,4.0,-6.90553343535012
376493,27.0,13.0,109.0,-3.00927196851829
24546,18.0,1923.0,4.0,0.817857069434588
168221,1909.0,1897.0,51.0,-0.292632021228026
49117,1894.0,1912.0,7.0,3.92077500007095
201686,655.0,83.0,54.0,5.93961370266513
232214,1915.0,11.0,58.0,10.291172427497
63045,160.0,164.0,10.0,3.57861633724877
253485,1923.0,1927.0,71.0,-12.1713044507209
325277,1430.0,1900.0,100.0,-1.42260074891942
169690,1905.0,1914.0,51.0,2.22536715947006
647803,72.0,1902.0,116.0,-7.08578885729604
73802,1877.0,1916.0,13.0,-3.71106634331877
31810,136.0,1903.0,166.0,-1.38490942201413
99873,1877.0,120.0,44.0,-0.915423876163527
427132,14.0,20.0,115.0,7.69845428261181
346229,1913.0,1921.0,104.0,-1.22803877725977
114097,1905.0,11.0,167.0,4.80039784479067
325121,83.0,20.0,100.0,4.14481219504524
274178,1332.0,1887.0,179.0,-3.99578118242572
5117,1895.0,1921.0,1.0,1.88981104405708
281679,604.0,677.0,75.0,9.25898495673252
247525,1909.0,17.0,70.0,-5.92219247249283
274627,1925.0,1883.0,179.0,2.85058126571914
12162,1915.0,17.0,2.0,1.45844217084293
281680,14.0,1890.0,75.0,0.73808504820056
32679,82.0,1880.0,166.0,-4.45071227072349
367447,1347.0,1908.0,180.0,-6.19720425283315
413090,150.0,15.0,114.0,0.0574933803149652
15068,1896.0,1671.0,3.0,2.21158887333853
4918,1879.0,1901.0,1.0,-3.24019900307314
9177,1906.0,1887.0,2.0,3.83800955470356
400792,1876.0,1905.0,112.0,-0.794382865699726
388032,948.0,136.0,111.0,2.54666089681169
215857,1919.0,1881.0,55.0,0.293701149303874
252053,164.0,13.0,71.0,-11.1352166004778
340624,1906.0,1927.0,103.0,1.77434311647602
8689,1929.0,1902.0,1.0,-5.53745881970746
203191,1904.0,1882.0,177.0,-3.42127293710265
17497,1925.0,11.0,3.0,7.04759498976464
171955,948.0,1905.0,52.0,3.40128081958338
235544,1900.0,1887.0,60.0,-0.0458303223797799
321116,146.0,748.0,100.0,-1.66468830082959
433219,1893.0,1347.0,116.0,3.11482057336792
270114,163.0,1895.0,74.0,1.74903879180786
87671,1922.0,1927.0,172.0,-0.899634270558589
343242,164.0,1347.0,104.0,0.64909156446505
401145,544.0,120.0,112.0,-0.445111168744482
168448,1559.0,1923.0,51.0,-0.606891816862039
60668,1907.0,13.0,10.0,2.96382845780296
314493,229.0,1927.0,186.0,-2.35970895257512
372003,163.0,15.0,180.0,-3.19127621664174
171194,15.0,1902.0,51.0,-0.772669929090439
241756,1894.0,1348.0,69.0,-0.541828326041114
186449,1913.0,85.0,174.0,-0.585077494837271
161253,1879.0,1912.0,168.0,-0.175011276323629
216726,1926.0,1896.0,55.0,-3.70386055193251
258758,544.0,47.0,72.0,3.71976778893411
215514,82.0,1921.0,55.0,-9.12717097412876
99013,27.0,11.0,44.0,4.57324341726531
230816,1889.0,1916.0,58.0,2.99866256471679
242711,1912.0,1914.0,69.0,3.19084881273636
12511,83.0,1348.0,2.0,-6.93340476056665
163792,655.0,47.0,168.0,13.5311094755695
227303,1920.0,1896.0,57.0,0.171747338690477
86616,147.0,1898.0,172.0,7.25844788408855
357825,948.0,1671.0,108.0,-2.20931466267746
249714,655.0,1884.0,70.0,-0.529667755840318
245390,229.0,1903.0,69.0,-3.0078473244612
242714,1921.0,1918.0,69.0,29.3346925074966
312213,1885.0,1923.0,186.0,5.98470270833902
7656,1337.0,147.0,1.0,9.80289937068496
27023,1430.0,164.0,4.0,3.71912290475233
372435,1904.0,1923.0,109.0,-0.637130280131178
227550,14.0,1224.0,57.0,3.82632184426291
113643,27.0,1875.0,167.0,-2.60864675863778
315092,1926.0,1337.0,186.0,2.11577329715595
280643,20.0,544.0,75.0,-5.26383931283489
414859,1896.0,1889.0,114.0,-3.7512001397185
369896,1920.0,1183.0,180.0,2.54756300640148
181449,160.0,15.0,53.0,8.73914100728324
414891,1893.0,677.0,114.0,-9.82450129396442
250559,544.0,1924.0,70.0,12.0155193004628
271429,229.0,1928.0,74.0,-2.28006912757701
376819,544.0,1342.0,109.0,4.62525789287357
369524,146.0,1886.0,180.0,-4.19089014759199
89303,1926.0,13.0,172.0,-7.57765752192533
104175,1920.0,11.0,173.0,-12.1552316595231
633645,1875.0,1902.0,9.0,0.54777369693831
313533,27.0,1909.0,186.0,3.28178224015823
259248,82.0,18.0,72.0,-10.2350260736718
621840,195.0,1902.0,168.0,-0.2171352632290051
66724,1887.0,15.0,12.0,5.15651192711497
111766,1224.0,1910.0,167.0,4.31455845946344
105992,146.0,1892.0,45.0,7.71197032804305
261436,1916.0,1918.0,73.0,0.293333330677934
212639,1927.0,1902.0,178.0,-3.04768364497543
201000,655.0,150.0,54.0,5.77433377081958
4757,1892.0,1921.0,1.0,-1.17795384871661
205851,1913.0,1885.0,177.0,7.39122031627314
258280,1183.0,1893.0,72.0,2.90400642818148
235892,1889.0,13.0,60.0,-2.29298274146996
398929,1895.0,1922.0,112.0,8.75319770808884
71578,47.0,1898.0,13.0,5.11612125653195
215199,1878.0,72.0,55.0,-0.673424606754749
311863,1902.0,1927.0,186.0,1.46471190308295
209100,136.0,15.0,178.0,-10.1853022635847
103660,160.0,1887.0,173.0,1.99212963458884
13620,1915.0,1928.0,2.0,-6.34933924353381
414959,85.0,146.0,114.0,1.43567209740251
256072,1911.0,1921.0,72.0,4.83876112007745
254716,1919.0,18.0,71.0,5.2007116597622
89826,48.0,83.0,172.0,10.9555026748236
207315,655.0,1925.0,177.0,8.07791160896846
302316,1912.0,677.0,98.0,0.466697479868481
17142,27.0,1906.0,3.0,5.33547283008051
339549,160.0,604.0,103.0,4.43585130158646
401610,229.0,15.0,112.0,0.488421031748553
325582,1902.0,1902.0,100.0,-2.33068377043762
30606,1430.0,1898.0,166.0,0.843441853220264
201889,1920.0,677.0,54.0,0.352814815924792
45081,1183.0,1331.0,6.0,-2.39251674574145
231957,1924.0,1331.0,58.0,-17.3814398749453
16899,544.0,72.0,3.0,-2.53084759580425
15629,146.0,1910.0,3.0,-0.282228261781241
179326,163.0,1908.0,53.0,-10.6681572240285
193443,1891.0,1922.0,176.0,1.24258322219178
47746,655.0,1560.0,6.0,3.33558725844169
332303,1901.0,1922.0,102.0,-3.17760584300996
417631,1882.0,1902.0,114.0,-0.16572703298868
302746,1342.0,1919.0,98.0,-4.1598466274753
332477,1907.0,1921.0,102.0,-1.47390693765557
57561,160.0,1901.0,9.0,2.69016188620349
279700,1337.0,1875.0,75.0,-7.98316332928452
335907,1342.0,1902.0,102.0,-9.21316884900943
433904,1431.0,1890.0,116.0,-0.118552422012117
6950,1915.0,1880.0,1.0,-2.44948575194966
304886,1882.0,1902.0,98.0,-1.7390373143019
49141,1347.0,1882.0,7.0,-0.143742819993472
88165,1924.0,1922.0,172.0,-3.79053984413354
241757,1879.0,1912.0,69.0,-1.3416020904772
59875,1907.0,1918.0,10.0,-0.345244648963018
100249,1430.0,1890.0,44.0,-4.33750596779916
178128,1348.0,13.0,53.0,-1.15284963604478
173763,1895.0,150.0,52.0,5.57312686158609
26293,47.0,131.0,4.0,-6.35523264839586
243555,48.0,82.0,69.0,2.01436078570562
398754,1348.0,15.0,112.0,-1.45122337540423
246821,1899.0,788.0,70.0,-3.05799643217999
283696,1884.0,1560.0,77.0,-0.801148234642759
343236,1884.0,1892.0,104.0,-0.325827380273768
237304,1915.0,146.0,60.0,5.75844535945638
48561,146.0,1881.0,7.0,2.85034030763065
104513,163.0,1430.0,173.0,-3.29383405569497
28314,1906.0,1912.0,4.0,-0.313539709272143
181264,1877.0,748.0,53.0,-2.2997675677343
44280,17.0,1927.0,6.0,2.10049234842608
209327,1560.0,1901.0,178.0,-4.0922290577083
389903,27.0,1896.0,111.0,-2.07926247037373
325580,1898.0,1902.0,100.0,-12.852611833218
324537,1905.0,5.0,100.0,-3.69452780967006
28230,1919.0,120.0,4.0,2.49368078983001
178000,1885.0,1922.0,53.0,5.33302199270386
49726,1885.0,1904.0,7.0,2.12346167340097
627512,1875.0,1902.0,103.0,-7.51482339295766
323635,27.0,1881.0,100.0,-5.22765081410794
194633,1879.0,1875.0,176.0,-0.375632212318107
272799,1902.0,1915.0,179.0,1.82381843917792
15979,1887.0,13.0,3.0,2.79859898674045
67906,1895.0,1889.0,12.0,-7.40036505573042
273561,1875.0,1918.0,179.0,1.05492780658636
312183,677.0,1890.0,186.0,-4.78412769117295
240909,1909.0,1927.0,69.0,-1.94447468463427
68247,1920.0,788.0,12.0,-3.23038937880904
344300,1913.0,72.0,104.0,-7.65875154003945
102001,85.0,131.0,173.0,-1.3556798690818
323726,1906.0,229.0,100.0,2.22503945053493
369591,1896.0,1331.0,180.0,2.18562650983606
367822,1912.0,1918.0,180.0,3.84468366454306
311383,1671.0,1923.0,186.0,-4.94540419116541
96670,1878.0,164.0,44.0,-0.145604441146778
228184,655.0,14.0,57.0,0.548389359857603
250598,604.0,1921.0,70.0,-2.21571499709067
69074,20.0,544.0,12.0,-17.9166802063311
243671,544.0,229.0,69.0,1.51402285233701
70168,83.0,1430.0,12.0,12.7075070674916
232357,160.0,101.0,58.0,37.1189399673409
225945,1331.0,677.0,57.0,3.94261003512844
165920,82.0,788.0,168.0,-1.0313274823335
170252,1342.0,1889.0,51.0,-5.09342947981072
285161,1919.0,1883.0,77.0,10.3447022408809
252977,1915.0,1899.0,71.0,4.51421233095236
357749,131.0,1914.0,108.0,5.02684784312942
177273,1908.0,5.0,53.0,-0.959347490566991
110735,1896.0,788.0,167.0,6.30075190633548
58905,1924.0,1921.0,9.0,1.10250227362281
369775,1183.0,1890.0,180.0,-1.63436381607759
74589,229.0,1896.0,13.0,3.26457192376315
32469,1920.0,1885.0,166.0,-0.227925767698683
249362,20.0,1885.0,70.0,-4.44109717806395
99091,1920.0,17.0,44.0,-2.66971275759867
176352,20.0,1921.0,52.0,-9.47994318224724
235904,1883.0,748.0,60.0,-3.6244996658484
236324,948.0,83.0,60.0,1.77317811537639
262704,1895.0,18.0,73.0,5.62759569361492
331478,1900.0,11.0,102.0,0.315513837168635
163377,1560.0,17.0,168.0,-2.39662458370457
28289,1332.0,1886.0,4.0,-1.88611642625399
108604,48.0,1898.0,45.0,4.26128239720271
222837,48.0,1911.0,56.0,-1.15350823847534
33441,1876.0,120.0,166.0,-1.78668419452609
46869,1924.0,150.0,6.0,13.5866286969112
107352,85.0,1888.0,45.0,-1.25144034435883
218647,147.0,72.0,56.0,-3.09200235618996
375028,1559.0,1896.0,109.0,-0.936875626455387
169780,14.0,1891.0,51.0,0.302294594282277
233208,1925.0,748.0,58.0,-2.79535118939978
204432,1886.0,5.0,177.0,4.68114088463564
315786,27.0,150.0,99.0,2.01481741688201
180978,1924.0,1920.0,53.0,-1.75615399557491
104410,1877.0,1875.0,173.0,0.924756599773044
377277,163.0,1337.0,109.0,-3.0398788521412
200158,27.0,1183.0,54.0,-3.3871609043107
173110,101.0,1922.0,52.0,-5.72904385554309
188422,1879.0,1884.0,175.0,0.0792895753901412
58209,3.0,1904.0,9.0,-0.403882236760792
182818,72.0,1224.0,174.0,0.224497611761558
180877,1877.0,1927.0,53.0,0.0522460716752812
99543,14.0,13.0,44.0,-1.34825506568157
223796,1879.0,1887.0,57.0,-0.853467492101372
108074,101.0,1886.0,45.0,-4.12082500422847
413301,1224.0,1918.0,114.0,0.256408502385378
327522,85.0,1911.0,101.0,2.17535495584947
425723,1924.0,1183.0,115.0,5.1508242011411
111081,1888.0,1881.0,167.0,2.28519953952608
209209,1875.0,1882.0,178.0,-6.55970962146397
342304,1886.0,1921.0,104.0,-4.16287102130804
368024,1888.0,1903.0,180.0,-1.90095027905588
237723,20.0,1893.0,60.0,0.816540116694293
24730,1878.0,146.0,4.0,-2.74061796004583
95412,1183.0,1886.0,44.0,5.61060012029532
322464,1884.0,150.0,100.0,-3.03585219329683
276178,1337.0,1927.0,179.0,10.7999807959171
330297,163.0,1671.0,101.0,-8.13252397836812
434757,1891.0,1885.0,116.0,0.470437331029518
215375,1671.0,18.0,55.0,-2.46463634097304
55947,101.0,18.0,9.0,-7.14060919245134
235500,1559.0,1893.0,60.0,-1.99785272607938
251021,136.0,1887.0,71.0,-0.654508495195875
43594,1183.0,195.0,6.0,-0.774079430868938
314157,160.0,1877.0,186.0,11.5126837618758
417093,229.0,1886.0,114.0,2.3827662789781
263127,1909.0,1671.0,73.0,0.200913022042476
166006,1895.0,1928.0,168.0,-1.86621079843971
374629,1917.0,1892.0,109.0,-10.1737547330163
313581,1919.0,131.0,186.0,6.79869973585927
232406,604.0,150.0,58.0,1.94174584983291
222506,1926.0,120.0,56.0,2.59674392460742
12031,1332.0,131.0,2.0,-1.90472408571759
17753,229.0,1877.0,3.0,1.59986504136588
172921,1881.0,1892.0,52.0,-2.06454396358471
8931,1559.0,164.0,2.0,-2.71679826891021
107512,146.0,47.0,45.0,16.5414152648072
279428,27.0,1347.0,75.0,-2.64742486223586
412813,948.0,1890.0,114.0,2.30692973884285
231396,3.0,1908.0,58.0,1.82797854680087
313195,1906.0,1883.0,186.0,2.61018409361128
423713,1887.0,5.0,115.0,0.960160222531216
369071,948.0,1924.0,180.0,9.6019484910654
260679,1342.0,1882.0,72.0,-3.0596609604763
24120,150.0,788.0,4.0,-2.89770392160418
241727,1917.0,1890.0,69.0,-0.440997566644765
367112,47.0,11.0,180.0,-4.14385178248921
388399,1896.0,18.0,111.0,1.72002794534991
230588,1884.0,1921.0,58.0,-0.672289538591087
356856,101.0,15.0,108.0,-10.3436531567628
242430,131.0,1927.0,69.0,-8.19443865216701
322890,1922.0,788.0,100.0,-3.15576140926584
245629,1916.0,1928.0,69.0,1.51206373959675
262237,136.0,1892.0,73.0,-5.95789543249875
193284,1559.0,1882.0,176.0,-1.46305210725694
202591,1884.0,748.0,177.0,-1.93282118016588
67222,1908.0,1892.0,12.0,-7.47794331345299
281097,1332.0,1917.0,75.0,-2.12375984153511
217713,1877.0,85.0,55.0,0.894004652982209
437810,1342.0,677.0,116.0,5.80464657601244
400158,1906.0,131.0,112.0,1.27645517449807
30399,948.0,1183.0,166.0,-0.50736618476805
214050,1348.0,1908.0,55.0,-6.4859282972868
9216,85.0,1893.0,2.0,-1.57595380851753
343777,948.0,1910.0,104.0,-0.426751441688753
227202,1876.0,1889.0,57.0,3.47514662591665
97212,1919.0,1332.0,44.0,6.30200291920716
222582,1877.0,1886.0,56.0,1.14076523264909
17249,1925.0,5.0,3.0,10.333744590654
61685,1921.0,1927.0,10.0,-1.88756468775798
99191,48.0,1884.0,44.0,-6.54105329756256
15970,136.0,1881.0,3.0,-1.49635947147789
281318,14.0,748.0,75.0,4.05554753946841
438331,1913.0,1902.0,116.0,-6.5903373922711
195614,1876.0,1914.0,176.0,3.76251926183879
328916,163.0,1881.0,101.0,-0.908855015939478
424468,1559.0,1923.0,115.0,-2.24486934491197
281021,20.0,1888.0,75.0,-1.38841884648543
212856,1560.0,131.0,55.0,-3.85906097397768
102071,1896.0,1916.0,173.0,-3.8293554641738
175546,1332.0,1918.0,52.0,-2.88341821830979
357352,1895.0,1348.0,108.0,-1.28227595387232
6912,160.0,1914.0,1.0,-0.778426947795756
58353,1926.0,1889.0,9.0,4.13007814768342
101056,1891.0,11.0,173.0,-0.823784245227923
44651,1224.0,1922.0,6.0,-4.44961524268845
28912,14.0,1921.0,4.0,-6.84564854576864
329428,544.0,17.0,101.0,7.20309761258104
229004,1889.0,72.0,58.0,2.65913597976018
85531,11.0,18.0,172.0,-1.86329004042551
369216,1887.0,1431.0,180.0,6.14103257217809
72255,1902.0,1431.0,13.0,9.69780903073518
346362,3.0,1902.0,104.0,1.38628315574339
279899,1906.0,164.0,75.0,-6.55365003360988
273332,1875.0,164.0,179.0,-3.64532958403367
56200,101.0,1918.0,9.0,-4.81293716271392
226446,1920.0,72.0,57.0,0.971472742710909
87122,72.0,1921.0,172.0,-9.19356325067361
184307,1905.0,150.0,174.0,5.14569752695522
11945,48.0,1901.0,2.0,2.44117802035021
18117,20.0,1912.0,3.0,-7.92646189174371
276386,229.0,1878.0,179.0,-3.46962493131824
85649,1903.0,131.0,172.0,0.573103468184258
8777,1887.0,1898.0,2.0,-3.11295200980726
360230,48.0,1347.0,108.0,-7.7779043648538
400634,1925.0,1905.0,112.0,-4.04720726616575
16240,1875.0,1331.0,3.0,-14.1482111407534
71130,82.0,1347.0,13.0,1.17830894639909
208146,195.0,1922.0,178.0,7.29732921499274
210356,1880.0,1914.0,178.0,-4.1916244768088
47652,160.0,83.0,6.0,2.66889277871909
313906,1920.0,101.0,186.0,0.335418871216298
398661,1908.0,18.0,112.0,0.712170615925938
196556,1915.0,1927.0,176.0,-14.5463901341785
72663,1907.0,5.0,13.0,-1.08434702212422
170985,655.0,1906.0,51.0,2.42406197142139
26999,1905.0,1875.0,4.0,-8.06739346146672
58593,3.0,1927.0,9.0,5.67321890024268
367364,1882.0,1921.0,180.0,4.79846014487886
174176,27.0,1919.0,52.0,1.28571518284471
376950,229.0,748.0,109.0,6.10556612631837
173191,1331.0,1907.0,52.0,-0.572739667376646
314286,1342.0,1912.0,186.0,-5.19380788683455
324139,1906.0,677.0,100.0,-1.14874381741833
108719,544.0,1880.0,45.0,-0.692739881990615
195481,1332.0,131.0,176.0,-4.62600302715996
213245,1902.0,1430.0,55.0,3.00689961643353
90056,160.0,1878.0,172.0,-8.09495536386503
258091,11.0,1890.0,72.0,-11.0650064641252
283362,1884.0,1896.0,77.0,1.30624300664665
11079,85.0,72.0,2.0,-6.57653213096491
261105,1917.0,1927.0,73.0,2.30443704355376
4594,146.0,1900.0,1.0,1.88754041796797
263478,136.0,788.0,73.0,-2.42240855037644
191391,1430.0,1882.0,175.0,-3.05596977847822
188893,1888.0,164.0,175.0,-6.88838595753489
388071,1883.0,1331.0,111.0,5.07939354498271
337579,1878.0,1890.0,103.0,-2.27846175700715
96828,83.0,1332.0,44.0,0.653571845180897
214852,1559.0,146.0,55.0,-4.90103756797172
435175,47.0,1331.0,116.0,-4.31037317746914
48654,147.0,195.0,7.0,-3.628336835574
334630,163.0,1893.0,102.0,0.282415973459449
287067,1905.0,1928.0,77.0,7.13115596365035
111976,1887.0,1908.0,167.0,1.70368268057398
247723,15.0,1890.0,70.0,-10.502232360765
313229,1430.0,164.0,186.0,1.08883413801664
275045,1915.0,146.0,179.0,-0.686117178076106
356794,1901.0,1922.0,108.0,-10.8887483480304
283185,1895.0,1894.0,77.0,-0.252426642473437
168239,1912.0,1921.0,51.0,0.496846986301494
188783,1888.0,1927.0,175.0,5.6902704089893
321836,1332.0,1899.0,100.0,0.812264449140048
368912,948.0,1905.0,180.0,0.670037405861259
252247,1892.0,677.0,71.0,1.61686768803353
89381,1926.0,27.0,172.0,-0.800805278146179
310647,1903.0,1431.0,186.0,6.58056727855585
199038,1348.0,1927.0,54.0,2.88270996471516
219371,131.0,1890.0,56.0,-7.69495056972308
107690,1886.0,1897.0,45.0,-7.64079675368096
433950,1912.0,1894.0,116.0,0.762696600099927
346127,604.0,1882.0,104.0,1.56828844143195
258019,1559.0,1922.0,72.0,-3.69673384429023
6638,1332.0,1907.0,1.0,-8.40132308593798
217484,160.0,1911.0,55.0,-4.21153452689533
234351,85.0,18.0,60.0,3.42946492761509
53361,3.0,15.0,7.0,16.5939048906616
340783,1924.0,1900.0,103.0,2.22030358087171
44940,146.0,5.0,6.0,-8.65885435225207
221766,83.0,1884.0,56.0,0.376055976872916
113410,229.0,18.0,167.0,3.63011984789453
267813,1337.0,1347.0,74.0,-5.06826761050665
105719,1914.0,1923.0,45.0,1.01856714496956
67842,11.0,1892.0,12.0,29.3315284825524
86096,1431.0,1922.0,172.0,0.0218305763825297
221231,1924.0,72.0,56.0,0.195083264430025
302662,1342.0,1907.0,98.0,5.1106516117886
106061,1889.0,1883.0,45.0,1.36191887513954
88640,604.0,1881.0,172.0,-2.21810699486687
27496,1919.0,1914.0,4.0,-2.44143435035499
228375,5.0,1902.0,57.0,1.43725199157622
303239,948.0,604.0,98.0,2.31245002241799
285171,1924.0,1898.0,77.0,-15.2163160380948
254977,1924.0,27.0,71.0,12.1635517457012
183334,120.0,1331.0,174.0,-1.05858367444742
325178,544.0,1900.0,100.0,6.00226488744106
56880,47.0,1896.0,9.0,-10.5338392656911
315909,1183.0,47.0,99.0,10.6474399801748
165428,604.0,83.0,168.0,4.30771741134506
204906,1894.0,1892.0,177.0,3.11100823229386
185345,160.0,5.0,174.0,5.96437656788985
184852,544.0,164.0,174.0,-3.81110941019091
215587,1924.0,47.0,55.0,14.9198865666442
53517,1885.0,1928.0,7.0,-1.09562635334761
373883,948.0,1875.0,109.0,0.19041911234608
310688,1879.0,164.0,186.0,0.443409889246967
226556,229.0,1926.0,57.0,3.41934190900095
4925,1879.0,1908.0,1.0,-2.24950897613948
70573,1915.0,1887.0,13.0,4.1887832134672
204911,948.0,1913.0,177.0,1.43097886330678
43558,1909.0,1904.0,6.0,8.7603272218938
218072,1884.0,13.0,56.0,-2.72805743127039
400764,1877.0,1879.0,112.0,-2.81747659812869
337127,1880.0,1907.0,103.0,-0.496873639232081
249890,1925.0,1879.0,70.0,1.95127843853
317169,1891.0,1896.0,99.0,2.89645283136169
232419,1913.0,1906.0,58.0,0.277112352816934
320623,1887.0,11.0,100.0,0.559804924693701
413513,195.0,11.0,114.0,5.78517460879174
46462,1926.0,1885.0,6.0,6.09874523468495
8884,1912.0,788.0,2.0,-3.38068541223959
359594,1342.0,82.0,108.0,-6.5150549903713
425867,544.0,1894.0,115.0,5.38968178021674
167720,748.0,1904.0,51.0,-0.828183515840796
176283,1924.0,3.0,52.0,0.927237654600434
13097,1906.0,1559.0,2.0,-2.41698346010874
105406,1920.0,1337.0,173.0,2.12587589784449
334671,1430.0,1893.0,102.0,-0.904260128468097
196650,1913.0,1882.0,176.0,-4.26543781466686
100346,1430.0,1921.0,44.0,-10.3109238785266
163794,229.0,47.0,168.0,8.55906590857153
181853,1909.0,1927.0,174.0,-2.71454086703556
4250,1896.0,1889.0,1.0,2.71515244252455
253367,1347.0,13.0,71.0,2.98919500284304
56824,1899.0,150.0,9.0,3.07185572660734
3849,136.0,85.0,1.0,6.13750181470079
214158,1901.0,788.0,55.0,-8.05969166334027
110620,677.0,1890.0,167.0,-5.71354339923194
183071,147.0,1901.0,174.0,-7.05759263883802
424538,85.0,1901.0,115.0,-1.3171122576536
71688,85.0,13.0,13.0,4.08747402363299
88073,1895.0,1348.0,172.0,-4.99428670735401
55750,1875.0,1560.0,9.0,1.18301372576076
75577,17.0,1928.0,13.0,1.48128047135412
426897,1919.0,1348.0,115.0,-0.880134954186589
210161,1887.0,1348.0,178.0,-8.25632101322308
197416,120.0,1912.0,54.0,-1.62193765527421
319617,1876.0,1430.0,99.0,2.51638789048555
214883,136.0,1907.0,55.0,-1.19671984644685
265914,48.0,1903.0,73.0,7.5078864109906
221245,1342.0,72.0,56.0,-3.97036758492525
199230,748.0,1903.0,54.0,-0.0390354270847874
226869,1926.0,131.0,57.0,-2.84659607652795
413880,748.0,18.0,114.0,-2.04607731832097
227066,1876.0,1893.0,57.0,3.4426710993501
342335,72.0,1901.0,104.0,-0.325143204363779
346326,131.0,1902.0,104.0,-3.55900751871483
170940,1877.0,1878.0,51.0,0.396058810009963
335119,655.0,544.0,102.0,0.092326007941062
32873,48.0,17.0,166.0,-2.12591425769123
163528,131.0,1921.0,168.0,2.75601897199787
341084,1332.0,47.0,103.0,-7.84781743743443
433895,1897.0,3.0,116.0,-1.21163864731397
357588,1904.0,1921.0,108.0,-4.37467688029767
50126,136.0,1892.0,7.0,-4.40719871536514
104130,14.0,1884.0,173.0,13.2956511310938
113738,1332.0,195.0,167.0,-2.67577466576821
245208,1876.0,15.0,69.0,-2.63755885571919
96319,1906.0,150.0,44.0,3.21856017680547
276385,655.0,1878.0,179.0,3.13962357114627
185520,1913.0,677.0,174.0,-2.34515317475262
52235,544.0,11.0,7.0,-2.738186036081
374527,1878.0,1901.0,109.0,-5.04107755879849
319134,14.0,1889.0,99.0,-2.42608808118404
304503,3.0,1890.0,98.0,0.674327805005752
360962,1905.0,1886.0,108.0,-7.34110635865845
167853,1897.0,3.0,51.0,-0.987187837987959
269510,229.0,1898.0,74.0,-10.7681997767622
301489,1342.0,1332.0,98.0,-3.12678202549463
388944,1919.0,1899.0,111.0,14.3468224324147
6916,3.0,1901.0,1.0,-0.0834743671228908
241385,120.0,1348.0,69.0,2.11603424559146
49487,1884.0,1909.0,7.0,-1.33925694236805
433797,1331.0,1890.0,116.0,-2.83627738910622
108486,1342.0,82.0,45.0,-13.8904209609404
342955,1560.0,1909.0,104.0,0.840058347240929
234086,1886.0,18.0,60.0,-4.23506872495968
209133,1878.0,788.0,178.0,0.972454102211095
423528,1883.0,1224.0,115.0,3.6507632403588
312854,1878.0,1908.0,186.0,3.17630784071541
238008,1876.0,1905.0,60.0,-5.07068966346971
180639,1332.0,1895.0,53.0,-0.605066595535107
244333,163.0,101.0,69.0,5.82336682134602
164764,20.0,1896.0,168.0,-6.30042088228785
311733,748.0,1331.0,186.0,4.93323488533226
107393,1559.0,1907.0,45.0,-1.99190791952945
250316,1905.0,1430.0,70.0,2.65716360770938
4832,1876.0,1910.0,1.0,4.37717600583798
212529,1924.0,1925.0,178.0,-1.14626935367446
425210,1348.0,18.0,115.0,-0.63989788340404
368889,1347.0,1911.0,180.0,-15.9583670439468
113014,1909.0,1918.0,167.0,-5.14980374442848
212271,1913.0,15.0,178.0,-13.631767593876
56096,1915.0,1910.0,9.0,9.77905354823023
14325,1331.0,15.0,3.0,-0.817212903540395
72960,1885.0,1894.0,13.0,4.40368003812301
113581,1915.0,1901.0,167.0,0.154789896153782
176443,1926.0,1928.0,52.0,-5.347656648728
337306,1883.0,1908.0,103.0,-0.305143389298747
345422,1919.0,20.0,104.0,-7.15840922426149
340348,1924.0,1559.0,103.0,-0.172221388579687
182176,1878.0,146.0,174.0,-1.05866124273472
173538,82.0,1899.0,52.0,3.5351128576771
275874,3.0,1917.0,179.0,-7.81256832340463
33932,1337.0,1922.0,166.0,-10.0349588669125
218199,1880.0,85.0,56.0,28.7847626204059
313425,1926.0,1885.0,186.0,0.4092026159501
168795,1911.0,15.0,51.0,-8.71146449953629
52838,82.0,1224.0,7.0,7.88653659494568
113962,229.0,163.0,167.0,10.7870104962752
221170,544.0,229.0,56.0,-1.15711596612329
66045,1883.0,1904.0,12.0,0.558448790631002
67241,1183.0,1917.0,12.0,0.472962731323722
438170,1337.0,1921.0,116.0,-10.1386154427265
114902,20.0,1671.0,167.0,-21.836148525818
246359,948.0,1876.0,70.0,4.47737550094744
71733,1887.0,13.0,13.0,1.61348297524921
422981,1912.0,1886.0,115.0,-2.24912815535369
33573,1925.0,136.0,166.0,-3.6443288719208
367923,1883.0,1893.0,180.0,2.44597333719014
53002,1337.0,1430.0,7.0,12.242981314619
426891,1920.0,1875.0,115.0,0.485181294753769
227884,1342.0,677.0,57.0,2.78416520824222
188267,1879.0,164.0,175.0,-4.25698380204131
44390,1347.0,1918.0,6.0,0.308716927371227
225423,1879.0,1893.0,57.0,1.16498316464096
165140,544.0,1917.0,168.0,-0.826731115800815
228352,1892.0,1902.0,57.0,-8.39274587746021
193823,1909.0,1898.0,176.0,-3.90069479391243
26336,164.0,1224.0,4.0,-0.654527889171761
172513,147.0,1895.0,52.0,3.2915452274882
227797,163.0,1342.0,57.0,-7.38715416798429
267808,1893.0,1895.0,74.0,-2.14623410761112
170007,1919.0,544.0,51.0,1.67765347584719
194561,1897.0,1348.0,176.0,2.80179999782755
417266,544.0,1924.0,114.0,11.8751749617176
67853,1878.0,1904.0,12.0,1.97767818914283
184014,1917.0,1901.0,174.0,0.549963980663222
279296,1886.0,1671.0,75.0,0.377998638236213
226274,160.0,1923.0,57.0,-0.560540053471208
165624,544.0,1671.0,168.0,7.47683886731244
45634,136.0,164.0,6.0,3.30288024451588
73614,1915.0,164.0,13.0,2.39276932623228
109282,1876.0,677.0,45.0,2.6634396535063
427807,1924.0,15.0,115.0,-4.73996510685156
110493,1883.0,1928.0,45.0,-10.8035163867595
323299,1906.0,788.0,100.0,1.89719519547614
242806,1916.0,1922.0,69.0,1.61080888941124
248020,1884.0,1922.0,70.0,-1.54120894524459
340369,1877.0,147.0,103.0,4.75702640079508
319466,1906.0,1888.0,99.0,0.387453118987731
341706,85.0,1883.0,104.0,1.25629679058549
164669,82.0,1431.0,168.0,4.86050333902232
222725,1913.0,1903.0,56.0,-0.974278029027908
246652,146.0,1911.0,70.0,-1.39462164624243
424875,1559.0,1889.0,115.0,-0.0296370353483696
185199,1920.0,1431.0,174.0,4.22644451917097
163964,1342.0,195.0,168.0,-3.91986940439139
433271,1897.0,1908.0,116.0,-4.46931459438763
423368,1897.0,5.0,115.0,0.213083091560784
229379,1881.0,1911.0,58.0,-0.381644976919274
415590,1920.0,1923.0,114.0,4.06623558361186
270103,229.0,1893.0,74.0,3.42576255058433
235203,1881.0,1922.0,60.0,-1.92545053858471
277845,1875.0,1894.0,75.0,-0.111303291329112
254043,83.0,195.0,71.0,0.59868389037253
268590,948.0,17.0,74.0,1.34040036822112
201310,1915.0,147.0,54.0,2.25888239337891
166293,1894.0,47.0,51.0,6.23802863125886
399728,3.0,1919.0,112.0,1.82834023256156
97369,13.0,18.0,44.0,2.75737880225056
400007,160.0,1885.0,112.0,1.29835135303127
330130,14.0,1559.0,101.0,-0.0198540421584958
88751,82.0,1914.0,172.0,-1.90407245490357
399758,604.0,1919.0,112.0,-4.73992968804094
9810,948.0,655.0,2.0,0.608456880489931
390215,1925.0,1875.0,111.0,6.11980992243952
161478,1348.0,1347.0,168.0,-3.51613537796552
184808,83.0,1915.0,174.0,3.48918865071007
114032,163.0,1431.0,167.0,8.57666557078176
216737,1919.0,1348.0,55.0,-16.8453441767085
225594,1559.0,1887.0,57.0,-0.853467162983077
209428,1898.0,1896.0,178.0,-27.0748275636669
245519,1919.0,1921.0,69.0,-7.63681673750151
224617,1910.0,1921.0,57.0,2.42004862827714
104227,3.0,101.0,173.0,28.6062419842396
359944,544.0,1914.0,108.0,5.52616409375201
373291,1887.0,1898.0,109.0,1.21377169455087
16064,1559.0,1916.0,3.0,-2.53163271941466
303040,229.0,1909.0,98.0,3.77398354616113
7402,1332.0,544.0,1.0,0.418680337460769
401630,3.0,14.0,112.0,-1.42757878681537
344428,48.0,229.0,104.0,-12.8233351885532
216927,3.0,1224.0,55.0,2.92505840352258
226695,1915.0,1885.0,57.0,4.2566607023211
174551,163.0,72.0,52.0,3.367365361061
323863,163.0,5.0,100.0,6.24773579329869
207912,1880.0,1900.0,178.0,1.50330500228095
75698,1892.0,1902.0,13.0,-7.67993623550698
48153,1886.0,1928.0,6.0,-6.92380705392239
96637,948.0,1894.0,44.0,-10.1387724863785
318420,163.0,1913.0,99.0,1.81118658525639
413726,11.0,1914.0,114.0,-3.67847609415175
324372,83.0,1348.0,100.0,-9.67238661457635
311150,1887.0,1896.0,186.0,-10.2484910359603
52981,604.0,1342.0,7.0,5.25972292600177
96346,1912.0,147.0,44.0,-4.97639959349913
57212,1877.0,788.0,9.0,1.81155043696391
416336,1915.0,1896.0,114.0,-2.22763810982142
99081,83.0,1884.0,44.0,0.123483315301589
200035,1920.0,1183.0,54.0,-7.41079088231924
189913,20.0,1907.0,175.0,-7.00911231740893
417465,1332.0,1890.0,114.0,-1.20769972730477
212459,1924.0,14.0,178.0,4.30359044433339
5698,1906.0,1910.0,1.0,4.70093491181831
167634,1671.0,1898.0,51.0,-1.73927925238923
55462,72.0,1901.0,9.0,0.898118988061126
314600,48.0,1886.0,186.0,7.47570128008555
176478,1877.0,1902.0,52.0,0.144348817482923
200533,229.0,1901.0,54.0,4.59549586133973
435400,1913.0,1347.0,116.0,-9.00856893277834
236099,47.0,788.0,60.0,-1.29990997236067
189526,164.0,1901.0,175.0,-1.57265853384907
326809,101.0,120.0,101.0,2.25817613674306
327077,1904.0,1911.0,101.0,0.989137460355219
243045,1881.0,1331.0,69.0,-3.33171671732713
205646,48.0,1916.0,177.0,-0.587002792474305
317333,1912.0,1883.0,99.0,0.721493901777334
217399,1877.0,1890.0,55.0,-0.389152607308902
414163,1908.0,131.0,114.0,5.27060043445089
372929,1916.0,1901.0,109.0,4.118372541633
360547,160.0,1905.0,108.0,3.52259872596513
184835,544.0,1887.0,174.0,-0.422501955591611
300965,136.0,13.0,98.0,-0.967585913857672
17803,163.0,1430.0,3.0,6.8132950505015
215642,48.0,1907.0,55.0,-21.9998267903168
110062,1926.0,1671.0,45.0,7.08635138896181
237859,1913.0,18.0,60.0,-5.41899874561902
388756,1671.0,1331.0,111.0,7.31970243552862
260434,544.0,1342.0,72.0,1.19353800462538
358243,1431.0,15.0,108.0,0.181803539763952
299813,85.0,1923.0,98.0,-2.35919469309614
51859,1915.0,1880.0,7.0,-3.52148963465223
206574,1877.0,1912.0,177.0,0.528988855599647
427262,1920.0,1888.0,115.0,0.672638487539087
268636,195.0,1923.0,74.0,-5.04099216976833
389093,1925.0,1922.0,111.0,-1.43422729707413
27993,1430.0,5.0,4.0,7.49070562813867
398690,164.0,5.0,112.0,0.932946062753893
327083,948.0,1895.0,101.0,3.30378351260754
30979,147.0,1882.0,166.0,-7.43199516618496
283343,85.0,1917.0,77.0,-1.6521034545202
111824,1183.0,120.0,167.0,-0.454714041423606
358880,5.0,15.0,108.0,2.11536337431853
314313,1915.0,13.0,186.0,-0.86283896340466
191688,1926.0,1906.0,175.0,6.73814955773371
107903,150.0,1922.0,45.0,1.65534573990229
70909,1879.0,85.0,13.0,8.97317822664223
276183,20.0,1927.0,179.0,2.63286982432171
218118,1888.0,1348.0,56.0,6.63334512672608
184276,1904.0,1893.0,174.0,4.07827744607202
73673,1924.0,1898.0,13.0,-0.271747158455531
217459,1925.0,1911.0,55.0,-3.58538387063874
301119,72.0,120.0,98.0,0.241597343905691
110678,948.0,27.0,167.0,2.09931027691818
49411,948.0,1332.0,7.0,-0.715878816663669
180071,1913.0,1896.0,53.0,-6.22768574848568
250215,1876.0,1917.0,70.0,-3.83731141023416
43898,1907.0,1901.0,6.0,0.184728209910776
436036,229.0,1183.0,116.0,2.44329595989824
283722,1559.0,1892.0,77.0,-2.36221668388
262692,1898.0,1431.0,73.0,17.5428472102597
62516,101.0,15.0,10.0,-0.415888545001717
179301,544.0,160.0,53.0,3.50970025547222
25171,164.0,1923.0,4.0,3.01284154388201
237401,655.0,163.0,60.0,1.91936179950022
28680,1926.0,1890.0,4.0,1.02227725786206
417239,48.0,948.0,114.0,8.53436575680412
98803,20.0,1909.0,44.0,-4.00535713859663
29321,1431.0,11.0,166.0,0.637659454179274
436381,604.0,164.0,116.0,4.63930720348726
3644,1903.0,1917.0,1.0,1.33021251107587
63725,1905.0,544.0,10.0,-6.03914598395234
223924,1183.0,1892.0,57.0,-3.40238850965405
60615,1895.0,1917.0,10.0,-0.906288295828176
32937,1332.0,1879.0,166.0,-2.79069130886629
398238,1909.0,1923.0,112.0,-1.56036962286209
196450,27.0,1912.0,176.0,-3.41686284581033
203296,82.0,1347.0,177.0,2.9014621814464
64735,1877.0,15.0,10.0,2.066830602131
361343,1906.0,85.0,108.0,-0.0465171506177699
210474,604.0,47.0,178.0,15.7685244043404
258655,655.0,1899.0,72.0,8.18005870382313
217863,1920.0,1902.0,55.0,-3.13374854123623
218439,164.0,1923.0,56.0,-10.9554236107261
252446,1224.0,11.0,71.0,9.71021653328855
31553,1899.0,1916.0,166.0,3.8933641726552
219275,1888.0,195.0,56.0,-1.70263055141091
371947,229.0,3.0,180.0,1.7336610981543
89626,1332.0,1917.0,172.0,2.44067042052537
163600,1883.0,1923.0,168.0,3.49027703719528
178262,1331.0,1911.0,53.0,-8.56093213708008
29422,748.0,1890.0,166.0,2.86891170070746
256840,1879.0,1921.0,72.0,2.4251646096002
193847,1891.0,18.0,176.0,-0.0123068124402234
215773,544.0,788.0,55.0,2.36573566859214
360395,1920.0,101.0,108.0,21.7482614747868
315311,1900.0,1917.0,99.0,2.99726974206496
255362,1913.0,1927.0,71.0,-21.7515740491922
113813,48.0,1916.0,167.0,-13.7825627468964
434572,1892.0,1923.0,116.0,-4.15974120087231
51208,1881.0,788.0,7.0,6.54373009678305
423015,948.0,1337.0,115.0,5.35315440016987
436099,1877.0,1907.0,116.0,-4.88663404786828
12804,544.0,1912.0,2.0,5.00227531351918
102512,677.0,1914.0,173.0,-0.186538840818289
63719,1926.0,20.0,10.0,-4.86068651063608
367751,1559.0,1671.0,180.0,-3.6729116788273
103461,3.0,195.0,173.0,6.69954290943252
197526,85.0,1224.0,54.0,0.243337492209755
188143,1903.0,1922.0,175.0,-3.18657515615663
187190,1886.0,1917.0,175.0,4.73317076126936
57709,1337.0,1892.0,9.0,-4.9709129792769
212038,1430.0,1559.0,178.0,-0.786942211507
54624,1890.0,1918.0,9.0,-1.19413066793671
265438,82.0,1671.0,73.0,-31.5518885177729
200489,48.0,1926.0,54.0,0.593270231060123
329476,229.0,150.0,101.0,3.74955409275269
52016,83.0,1875.0,7.0,7.50205034482866
255968,164.0,1907.0,72.0,-1.23027899954153
61082,1893.0,1898.0,10.0,1.90342649437213
357273,1880.0,1889.0,108.0,2.67336467909208
229703,1897.0,131.0,58.0,-1.09622323682329
423903,147.0,1892.0,115.0,1.13631582717338
436390,1430.0,1331.0,116.0,-9.48300930403009
111248,1900.0,1907.0,167.0,0.248538695144109
206673,160.0,147.0,177.0,13.1237016774731
303809,544.0,1877.0,98.0,5.85511853341293
359546,160.0,18.0,108.0,-5.36258256788069
300242,120.0,1431.0,98.0,20.8890798873029
311069,1900.0,1890.0,186.0,-4.57109945175275
397638,101.0,1890.0,112.0,-3.7756644496281
3843,15.0,17.0,1.0,7.49842962793507
398291,1908.0,11.0,112.0,-1.46251326705268
427423,1430.0,1882.0,115.0,4.95632817029834
414009,1898.0,1921.0,114.0,-4.16702696292224
269464,1925.0,18.0,74.0,-2.1575664069058
198686,1889.0,1892.0,54.0,8.30721926689757
342732,1884.0,1912.0,104.0,3.18134981154814
241415,1895.0,11.0,69.0,2.43549951811476
311814,1348.0,1917.0,186.0,1.40785610392551
14029,1881.0,1917.0,3.0,-1.2224586962248
263419,1183.0,1881.0,73.0,2.93527785947581
178672,1431.0,1923.0,53.0,2.73260262759531
269878,1913.0,1909.0,74.0,-9.9475894016345
415406,1913.0,1430.0,114.0,12.7909255058154
237318,83.0,27.0,60.0,-3.92986207184678
370217,82.0,1883.0,180.0,2.17084317093363
413341,136.0,1888.0,114.0,6.89345345781109
58415,1920.0,1917.0,9.0,-3.84517703580137
229465,1560.0,131.0,58.0,2.6761521136252
270574,48.0,1224.0,74.0,-7.77958587378254
102624,1896.0,1917.0,173.0,2.99477952410683
15272,1877.0,1332.0,3.0,-1.72473230404564
114484,1925.0,13.0,167.0,-6.15277752031012
98128,544.0,160.0,44.0,-5.18754687195793
317043,1881.0,1901.0,99.0,2.13779716938223
112286,1559.0,1885.0,167.0,1.68201526861459
204784,1909.0,1917.0,177.0,-0.649160991042679
629388,1899.0,1902.0,178.0,1.8193051893930816
376472,1925.0,1912.0,109.0,9.16438678871299
178913,101.0,1224.0,53.0,-1.41891493305077
162960,195.0,1922.0,168.0,8.5789761996444
172102,146.0,120.0,52.0,1.70482760604063
340605,1919.0,1927.0,103.0,8.01715717927483
343088,1878.0,1903.0,104.0,1.26234744693461
360151,1924.0,5.0,108.0,1.87968468069666
424306,120.0,147.0,115.0,-0.482880290124025
220225,1883.0,5.0,56.0,-1.10089000597969
101528,85.0,1331.0,173.0,2.48946151728163
222222,1876.0,20.0,56.0,-8.31172349584443
56125,1883.0,1671.0,9.0,-0.96201548429194
283284,1903.0,1922.0,77.0,1.9370555385483
358407,1919.0,1347.0,108.0,-1.93506271413533
182927,748.0,131.0,174.0,-1.24110790071956
16619,27.0,14.0,3.0,-0.0343351846922996
180063,229.0,1431.0,53.0,3.26681658638587
234604,1883.0,1903.0,60.0,0.872163367533782
376531,82.0,1918.0,109.0,5.20864821697606
74506,160.0,1905.0,13.0,4.88311904428491
24376,1895.0,1897.0,4.0,0.484251418468216
166959,72.0,1912.0,51.0,-0.272605944167733
345721,655.0,1888.0,104.0,1.37168759599945
243068,1883.0,1888.0,69.0,-2.32025065957035
281802,604.0,1902.0,75.0,8.6473476890255
4169,85.0,1888.0,1.0,-1.83382362800986
333012,1875.0,1900.0,102.0,-1.06076925699604
182340,146.0,1890.0,174.0,1.32094935762097
164033,1342.0,1913.0,168.0,-0.706483067094043
319717,1924.0,1886.0,99.0,-3.6898860761198
12114,83.0,1909.0,2.0,-5.42758286898143
229324,150.0,1901.0,58.0,0.576302179786761
371240,1332.0,13.0,180.0,4.79480971305236
109813,655.0,1920.0,45.0,2.79207153753839
49039,1882.0,15.0,7.0,-5.79366655703367
110286,1926.0,3.0,45.0,1.99909245021997
12732,1925.0,1348.0,2.0,0.709392050854935
277712,1891.0,1923.0,75.0,-0.0599018883402674
237883,163.0,544.0,60.0,12.2442178011452
390684,1905.0,1927.0,111.0,-9.82113015118869
367739,101.0,1894.0,180.0,0.774382497244108
234232,11.0,1890.0,60.0,-4.32957485235845
100054,1906.0,15.0,44.0,1.30809946556649
67918,1183.0,1889.0,12.0,-4.30881878267927
245951,18.0,1922.0,70.0,0.878522711542221
274044,82.0,1910.0,179.0,3.78648672856198
48678,1884.0,1897.0,7.0,-3.56671704226376
26545,136.0,1917.0,4.0,-0.37290989174389
322502,195.0,1910.0,100.0,3.01515684658424
165041,229.0,1348.0,168.0,-20.4362058058136
340219,1913.0,1918.0,103.0,3.56025974818721
13643,20.0,1928.0,2.0,2.5896153202376
8978,136.0,1900.0,2.0,-1.79156024888382
328072,85.0,1894.0,101.0,5.12994741543575
283617,748.0,1882.0,77.0,-3.76481720716647
52683,604.0,544.0,7.0,11.0029326011871
163708,604.0,85.0,168.0,4.22896252231288
17016,48.0,1885.0,3.0,17.6939558481309
65362,1875.0,13.0,12.0,-0.607370318195196
162356,1886.0,1917.0,168.0,0.114819029823699
60604,1888.0,1348.0,10.0,-2.7152900481829
343224,136.0,1875.0,104.0,-1.02261051897505
46777,1905.0,11.0,6.0,5.36521388175351
30331,195.0,5.0,166.0,1.68070648275093
275824,1337.0,1918.0,179.0,8.74380541825197
235533,1347.0,131.0,60.0,-2.18555243997154
341583,146.0,1894.0,104.0,3.54315543184186
103070,1908.0,1901.0,173.0,4.52547355119039
228396,788.0,1928.0,57.0,3.89277989947923
369506,1886.0,1892.0,180.0,-0.0217081313379446
49848,1883.0,1896.0,7.0,6.04968925297798
207790,85.0,1908.0,178.0,-4.48367949133326
103739,163.0,1916.0,173.0,16.8733068644873
52312,48.0,1895.0,7.0,1.75232936740018
168864,85.0,1881.0,51.0,6.73824202156864
238818,655.0,3.0,60.0,-3.47664632364462
371976,1876.0,1908.0,180.0,-1.37631488910171
230567,1879.0,18.0,58.0,-1.67678913550009
336807,1887.0,1894.0,103.0,-7.41829719202383
231737,1920.0,1913.0,58.0,13.6088241730728
208904,13.0,131.0,178.0,2.00336316418782
62625,1342.0,85.0,10.0,-2.23172563922274
166479,146.0,1898.0,51.0,1.67220350941241
375572,604.0,1881.0,109.0,4.19002795037877
87426,1875.0,1431.0,172.0,0.420326989799254
327696,164.0,1881.0,101.0,7.80839755751777
104155,83.0,1884.0,173.0,3.59889510447532
230225,1896.0,1921.0,58.0,0.0705192895056613
313367,1915.0,229.0,186.0,0.40235656373878
285362,655.0,1885.0,77.0,-0.0658625562183992
232984,1926.0,1888.0,58.0,-1.22393715369989
346245,83.0,47.0,104.0,-10.0662245824701
186960,1884.0,1331.0,175.0,-0.361858552544464
114847,1337.0,1886.0,167.0,-14.4523688326736
49171,1908.0,131.0,7.0,-3.35690520185588
300395,120.0,195.0,98.0,-0.576230496938238
214272,1884.0,1903.0,55.0,0.285507980853221
161702,195.0,1431.0,168.0,7.27583995288545
29607,136.0,1922.0,166.0,-1.42400551600564
3922,1889.0,677.0,1.0,0.153170963833603
232447,1915.0,27.0,58.0,-2.53969830939615
271969,1881.0,1927.0,179.0,-2.49158072720382
249098,1925.0,164.0,70.0,-0.288044757945925
90469,1908.0,1902.0,172.0,-10.9606262777922
273970,72.0,195.0,179.0,0.541339627930806
54293,1884.0,5.0,9.0,-2.52837902454373
320873,1880.0,1911.0,100.0,-0.255084764245105
435702,1889.0,1348.0,116.0,1.54602819463891
236763,1913.0,1919.0,60.0,8.85819597532426
282765,948.0,1342.0,77.0,-3.14431777102843
321440,948.0,1332.0,100.0,1.28473069944827
262304,1671.0,1892.0,73.0,6.05700875777744
278756,1895.0,1922.0,75.0,0.853286471771038
69041,1926.0,1884.0,12.0,0.235293202714124
371025,1905.0,1348.0,180.0,-4.15196692116985
331575,1884.0,1348.0,102.0,-0.839372785173923
196624,1919.0,1882.0,176.0,1.67891282916104
268616,1904.0,1917.0,74.0,-3.15978221648863
360088,1877.0,1431.0,108.0,2.69015983453751
247599,1885.0,748.0,70.0,-3.56428642407887
114927,1919.0,1671.0,167.0,-2.97971687683718
214987,1912.0,131.0,55.0,-4.38339596968029
220288,85.0,1431.0,56.0,-11.6872209388131
414631,1907.0,18.0,114.0,4.02365518660924
181606,1920.0,1928.0,53.0,1.51057215231738
164214,1342.0,1916.0,168.0,-1.59070410124197
16369,1891.0,1671.0,3.0,0.40317616327706
227582,14.0,1917.0,57.0,0.983971948390124
416771,1920.0,1912.0,114.0,-2.03827479911736
322716,82.0,150.0,100.0,10.1649706225516
192624,1899.0,1887.0,176.0,-6.30271750602361
373453,1887.0,17.0,109.0,4.87095861397639
413391,1883.0,1431.0,114.0,-4.2320359323235
282301,1348.0,1890.0,77.0,-2.33395904781295
89169,604.0,1895.0,172.0,-7.7829655521896
106178,1880.0,146.0,45.0,-3.0033934695291
66412,47.0,164.0,12.0,6.21538413267483
89247,1924.0,1918.0,172.0,2.48619138732217
5187,1880.0,15.0,1.0,-2.44008850605589
86067,1899.0,1331.0,172.0,1.18193600130978
315906,1904.0,1910.0,99.0,1.65257459506528
357915,1224.0,1921.0,108.0,7.04488513496122
413173,1348.0,131.0,114.0,-3.87040436648907
184057,1880.0,13.0,174.0,-1.2073540225846
88869,1924.0,5.0,172.0,4.58171850485238
60530,1883.0,1331.0,10.0,-8.9430650239612
255924,27.0,1928.0,71.0,-2.0469942057668
167172,1224.0,17.0,51.0,2.64176613823366
191793,604.0,1910.0,175.0,-1.38769889792802
187402,146.0,5.0,175.0,0.276546400294117
105410,655.0,1902.0,173.0,-2.26028506186822
75231,1925.0,1924.0,13.0,8.36902107074858
15164,120.0,1892.0,3.0,2.8185483924047
326637,13.0,1917.0,101.0,5.75363494903501
225827,1888.0,1904.0,57.0,-2.97265531240978
163906,544.0,1894.0,168.0,10.3074982332837
242081,1880.0,1885.0,69.0,5.18132976589522
360713,1906.0,147.0,108.0,2.16328920666262
390089,1920.0,1905.0,111.0,2.73544740706483
169016,1915.0,1923.0,51.0,1.51799441821227
373098,1897.0,27.0,109.0,-1.02154184068922
5388,748.0,1901.0,1.0,4.62475836409296
180350,1332.0,1879.0,53.0,-4.54036997197248
246084,1224.0,1922.0,70.0,-4.42880712600832
174549,14.0,1331.0,52.0,-3.34866364849555
244431,27.0,544.0,69.0,7.3988569372035
264697,1925.0,131.0,73.0,1.29188972308729
266110,72.0,1928.0,73.0,5.80959780431543
72736,1560.0,1907.0,13.0,-4.76134874586075
203857,1910.0,1921.0,177.0,0.28766674147377
66879,948.0,1337.0,12.0,-1.61441998797621
65645,1893.0,120.0,12.0,3.61436225279446
272991,1908.0,1901.0,179.0,0.601133257932474
188036,1560.0,147.0,175.0,-1.49927482756932
193212,120.0,1890.0,176.0,4.91486946225871
162241,11.0,788.0,168.0,-0.0742001783670007
184951,1924.0,1916.0,174.0,9.32776736486114
60166,1183.0,72.0,10.0,1.88817218014073
163066,101.0,85.0,168.0,0.245676873673099
11005,1904.0,195.0,2.0,-1.25743826580992
179561,1924.0,82.0,53.0,10.47674004643
228200,1925.0,15.0,57.0,4.00006882960608
108740,544.0,1909.0,45.0,19.9497444418379
72656,1878.0,147.0,13.0,-1.2828079358148
338437,1878.0,1904.0,103.0,2.48667088121248
105713,5.0,1910.0,45.0,8.15984684757639
427863,655.0,1925.0,115.0,4.36555105043559
282703,1884.0,1898.0,77.0,-1.48837105229453
213468,1347.0,146.0,55.0,-0.932925820313449
332412,1898.0,1331.0,102.0,-0.0339645625071625
213165,147.0,1922.0,55.0,1.46066547652608
223013,1913.0,47.0,56.0,-2.2097961064494
238297,229.0,1927.0,60.0,4.24062122052801
244724,1905.0,13.0,69.0,2.33683692345505
220535,1884.0,1911.0,56.0,-7.45203304780067
344068,1920.0,85.0,104.0,-0.0162740983931245
74768,160.0,1912.0,13.0,3.37615521008473
332537,195.0,788.0,102.0,-5.55753190972662
11042,1881.0,1911.0,2.0,-12.0245832392372
317924,11.0,1914.0,99.0,6.78187880493003
186246,48.0,1560.0,174.0,12.4988357170367
107038,1896.0,1927.0,45.0,4.92779368930289
212738,1883.0,1927.0,55.0,-2.76422890957276
253018,1894.0,1912.0,71.0,8.00042742903048
426837,160.0,1904.0,115.0,4.51062799883874
341994,1889.0,1888.0,104.0,-0.704576413787635
195239,1905.0,1331.0,176.0,-37.4115948397322
109792,1920.0,1927.0,45.0,-7.38847645707751
61991,1899.0,1908.0,10.0,-5.78137824210601
311001,1888.0,1882.0,186.0,4.17803388084983
96186,1904.0,1896.0,44.0,-1.18723432605662
316617,1896.0,1331.0,99.0,1.91845684389966
390767,82.0,1927.0,111.0,-28.7537311941516
190533,27.0,1896.0,175.0,1.96032305866198
54257,1908.0,1922.0,9.0,-13.0363579132723
279882,20.0,1907.0,75.0,-2.95353407496609
169783,1915.0,1884.0,51.0,-2.36776969208162
184234,1899.0,1914.0,174.0,0.403493258192055
358466,1905.0,1347.0,108.0,-9.59195049921145
346325,1928.0,1902.0,104.0,-8.35685525531142
318033,544.0,1899.0,99.0,5.93259710170239
201439,544.0,1559.0,54.0,-0.249050848472859
300433,1885.0,1884.0,98.0,0.300934308539637
416457,1332.0,544.0,114.0,-0.551528608446047
425763,544.0,47.0,115.0,7.6306469288911
177282,1890.0,18.0,53.0,5.64405103575522
300800,1907.0,131.0,98.0,-0.630257019913761
31232,1880.0,13.0,166.0,-15.7033132421197
361001,1905.0,1671.0,108.0,-13.7426543945053
337925,1899.0,1885.0,103.0,17.3575446214533
424460,1899.0,1887.0,115.0,0.0146838946912279
190648,655.0,1884.0,175.0,0.322713447128376
244036,1337.0,1885.0,69.0,1.20800052876794
222079,82.0,1895.0,56.0,-1.16038125765493
191399,1925.0,1332.0,175.0,11.3364650324591
111057,1912.0,1347.0,167.0,-1.69535634005009
209488,146.0,5.0,178.0,-12.5194244140013
178931,1899.0,1890.0,53.0,5.71271086587414
232834,82.0,13.0,58.0,-5.89401768159713
400100,3.0,1331.0,112.0,-4.70186781190479
300150,5.0,1927.0,98.0,-4.36105401980118
313832,27.0,1896.0,186.0,-7.46210608912812
248051,1887.0,1886.0,70.0,-2.72862374196406
259411,163.0,27.0,72.0,-0.89242172499416
258213,1891.0,1907.0,72.0,-4.19381320708245
45079,47.0,1883.0,6.0,-1.72026093295657
208169,1884.0,131.0,178.0,-8.63410265858995
312894,48.0,160.0,186.0,-0.582885089719835
304756,1337.0,47.0,98.0,2.99786398224527
177553,1879.0,1887.0,53.0,-2.19635545550212
253105,136.0,1895.0,71.0,-5.63853020496024
110158,160.0,1890.0,45.0,8.89175658091352
18083,82.0,1671.0,3.0,-30.7015433110372
201079,1332.0,1889.0,54.0,-7.78904376433301
232608,1342.0,1879.0,58.0,-30.6196331039123
330402,544.0,1890.0,101.0,0.264677372745185
179938,27.0,1880.0,53.0,-9.83838275715995
88041,1887.0,1898.0,172.0,-1.39318022212434
272246,1899.0,1914.0,179.0,1.61540097229174
318389,14.0,1901.0,99.0,3.19987547127341
261558,150.0,1910.0,73.0,2.3387774146002
396785,1886.0,1224.0,112.0,-4.16453960797099
281686,48.0,3.0,75.0,23.9735105587645
358800,1878.0,1922.0,108.0,-2.81133138738082
66900,1891.0,1348.0,12.0,-2.75414308214779
332835,1896.0,1914.0,102.0,1.27435513709446
345539,1905.0,20.0,104.0,-0.668196461534286
60554,1895.0,1889.0,10.0,-3.30590030241225
397258,1891.0,120.0,112.0,1.98056531447618
4610,1875.0,677.0,1.0,2.15917015151131
108786,1925.0,1885.0,45.0,6.0011009380381
206354,604.0,1877.0,177.0,8.08720714278612
270551,1920.0,1912.0,74.0,-0.64339415150536
315506,5.0,677.0,99.0,-1.28842397341834
416056,1876.0,1885.0,114.0,6.18602918600682
191372,1906.0,1927.0,175.0,-7.45586042073675
106371,5.0,1927.0,45.0,1.01229866800176
425553,1899.0,1912.0,115.0,-3.52181816847258
5050,131.0,11.0,1.0,0.526374070457998
33842,1925.0,1900.0,166.0,0.585740467089521
68543,1924.0,1885.0,12.0,7.66517652232759
318932,14.0,1884.0,99.0,0.924043706716223
276200,83.0,1927.0,179.0,7.47389802472378
415368,1876.0,47.0,114.0,1.66590058433847
251297,11.0,1910.0,71.0,10.4799168940307
389469,3.0,1880.0,111.0,-3.34568126370766
197348,1883.0,131.0,54.0,-0.226182355181288
10989,1911.0,1892.0,2.0,-4.52800712193196
310576,948.0,1347.0,186.0,-0.744538317015533
60742,1560.0,748.0,10.0,0.351489484886012
16615,1915.0,1923.0,3.0,-2.13788600546034
314955,1913.0,1908.0,186.0,-3.03401751649154
101429,1183.0,17.0,173.0,7.78348629035164
5983,1905.0,1347.0,1.0,6.42902011429603
209559,1893.0,18.0,178.0,-6.73867190742409
357631,1430.0,1899.0,108.0,-3.255053652337
335798,1924.0,1906.0,102.0,3.95000675108857
232798,604.0,544.0,58.0,-1.50264177623249
398956,1886.0,15.0,112.0,-0.581101603064055
228816,1560.0,1914.0,58.0,2.31884368460299
43401,101.0,1890.0,6.0,-2.33445266816355
303533,1342.0,101.0,98.0,6.52223441912397
222302,82.0,1875.0,56.0,-1.09729755017004
427233,160.0,1927.0,115.0,-3.77708986952365
639675,195.0,1902.0,101.0,-0.7223498544170049
202853,1875.0,13.0,177.0,-4.22639180892008
273304,1885.0,1927.0,179.0,1.86310884917774
98212,3.0,1183.0,44.0,-0.250183261638829
425714,3.0,1922.0,115.0,-1.28598975163562
247543,150.0,18.0,70.0,5.63671805070403
43760,146.0,1917.0,6.0,6.06041590652492
328530,604.0,47.0,101.0,5.35841090744753
264563,1332.0,1885.0,73.0,-2.8571917263214
199286,1331.0,677.0,54.0,-3.48065531859819
182234,11.0,1890.0,174.0,-7.43308849806134
377079,1925.0,677.0,109.0,-2.81634067599293
335751,48.0,1906.0,102.0,0.840437601276647
376584,14.0,1917.0,109.0,-2.05936795557194
13921,1898.0,131.0,3.0,4.23166141636984
188612,1885.0,85.0,175.0,0.588002745550869
259810,229.0,1905.0,72.0,-3.38517043192134
252994,1183.0,1671.0,71.0,3.67798806136217
225512,1898.0,1922.0,57.0,-2.38265929604019
15375,1332.0,1347.0,3.0,-1.14188370616986
192820,1903.0,18.0,176.0,-4.63032493556668
73616,1905.0,1883.0,13.0,1.61029658176232
389287,544.0,1923.0,111.0,2.51656361656106
58879,229.0,1924.0,9.0,7.03153864718959
95879,1894.0,150.0,44.0,8.35534942602
315996,13.0,1918.0,99.0,-5.65319546447916
361035,82.0,1886.0,108.0,2.43054571232426
250376,604.0,1886.0,70.0,-2.27924632962433
64246,1337.0,20.0,10.0,-1.33599159451209
111600,101.0,1885.0,167.0,44.2946499641587
231929,1924.0,1901.0,58.0,-5.33733287428369
376603,1915.0,1917.0,109.0,-6.11052901747619
232457,1905.0,1889.0,58.0,-5.26014998706797
222281,1919.0,13.0,56.0,5.47152174869512
213378,1347.0,1892.0,55.0,-0.37229447380823
425644,229.0,160.0,115.0,6.61245148677912
104741,1919.0,1224.0,173.0,0.515045451930145
228724,1893.0,1900.0,58.0,2.55885698000694
317334,1893.0,1896.0,99.0,-2.16440144326539
11116,1904.0,1890.0,2.0,-3.83393538641438
224957,948.0,1886.0,57.0,0.66116225773401
302837,1915.0,1883.0,98.0,9.61583479260671
13059,27.0,1559.0,2.0,-3.92294575640926
437679,163.0,136.0,116.0,-3.18550760046091
69628,1876.0,1912.0,12.0,-5.78962939933588
330582,1926.0,14.0,101.0,-0.816415775179687
205602,163.0,1916.0,177.0,2.38952963207189
282329,1559.0,1923.0,77.0,-1.59089132953374
183178,1183.0,1904.0,174.0,4.75676223589998
376746,1342.0,120.0,109.0,-0.354554229719912
324402,83.0,1906.0,100.0,10.6837460080717
109793,1430.0,1912.0,45.0,15.6352723549282
185286,1430.0,1891.0,174.0,2.46748426202953
327361,1887.0,1894.0,101.0,5.12994741543575
17121,27.0,1880.0,3.0,3.50302531201825
266588,1900.0,1896.0,74.0,-3.09221632189868
647742,85.0,1902.0,166.0,-4.131696550298605
629466,1878.0,1902.0,55.0,-8.59187264699254
47410,83.0,1888.0,6.0,2.03159954644071
211715,1877.0,1224.0,178.0,4.03542602286753
279947,1877.0,72.0,75.0,-7.28869072236691
340437,48.0,147.0,103.0,10.3374968127033
176983,136.0,1918.0,53.0,-1.28221802163026
423169,85.0,1224.0,115.0,-1.26094210901506
244169,160.0,1347.0,69.0,-8.79192451102804
238200,14.0,136.0,60.0,4.72883938961169
436658,1876.0,131.0,116.0,1.96990810316144
274442,48.0,160.0,179.0,-4.51029753820271
438008,1926.0,1882.0,116.0,0.275861177790169
57279,48.0,788.0,9.0,10.2892850799925
334619,1925.0,1893.0,102.0,13.8151935509689
101480,20.0,1887.0,173.0,2.96928701209972
224868,1886.0,15.0,57.0,0.177461829856706
71560,1887.0,1908.0,13.0,-2.85683034381296
272344,1224.0,1901.0,179.0,-2.46326137246743
166882,101.0,1895.0,51.0,-2.44085330801148
219814,1898.0,5.0,56.0,0.920272012677887
178197,1886.0,1890.0,53.0,3.06023643415976
75178,1876.0,1878.0,13.0,-1.45551901544316
67264,1889.0,11.0,12.0,-0.876708405203419
367236,1902.0,1911.0,180.0,3.53306794527369
112922,164.0,788.0,167.0,6.96548865879668
27173,1332.0,195.0,4.0,0.236445618337958
44360,1900.0,1331.0,6.0,-7.56241853688072
361015,1332.0,1671.0,108.0,2.52286065061817
176175,1913.0,1876.0,52.0,17.1961594310639
336162,948.0,150.0,103.0,21.3378582525997
345407,1919.0,1895.0,104.0,-0.16249442600234
49709,136.0,1894.0,7.0,2.78073282971131
206319,48.0,1879.0,177.0,-5.50420268100338
17334,604.0,131.0,3.0,12.8904200407222
18644,160.0,14.0,3.0,-3.12834793914675
168089,1893.0,1898.0,51.0,2.46431825684847
252416,1889.0,1903.0,71.0,1.61540523031647
198604,195.0,1908.0,54.0,-14.9306163631416
69059,163.0,1884.0,12.0,0.883009819464596
51954,1913.0,1909.0,7.0,-11.7348775616251
223537,136.0,150.0,57.0,4.90736988807875
253920,27.0,1883.0,71.0,2.43710223741286
320045,1906.0,1900.0,99.0,-11.7391239069614
273378,72.0,1897.0,179.0,1.49134828267202
302261,1880.0,1898.0,98.0,0.788901333712898
104847,1926.0,1888.0,173.0,2.316281630988
390342,1906.0,1918.0,111.0,-1.23462639703692
3736,164.0,1911.0,1.0,2.00330015358417
190632,1919.0,1893.0,175.0,3.01886092829768
229999,1902.0,1892.0,58.0,-5.35032937285054
370210,1920.0,229.0,180.0,5.79965936168931
283685,1888.0,1890.0,77.0,-6.20864077726877
17569,229.0,1895.0,3.0,-2.21883988604879
218550,748.0,18.0,56.0,1.64730456101266
325684,1895.0,72.0,101.0,-1.67186117983574
252960,1899.0,1895.0,71.0,-5.63853020496024
204977,1886.0,1907.0,177.0,-9.66405963632365
360769,14.0,1918.0,108.0,-1.7671952692568
281575,27.0,85.0,75.0,-4.34205183187523
314540,655.0,1888.0,186.0,5.30838245712056
178147,136.0,146.0,53.0,1.24469497012348
260619,163.0,1878.0,72.0,1.8661634571857
47202,1925.0,1875.0,6.0,0.142657582315407
221189,1332.0,1881.0,56.0,-1.7221745537017
108377,229.0,1183.0,45.0,6.95313014909116
61779,1895.0,1886.0,10.0,-1.75371931680872
114997,1877.0,544.0,167.0,5.20518713094943
6211,1902.0,1923.0,1.0,1.48890426526793
58433,3.0,1917.0,9.0,0.452455865471772
30632,1910.0,1901.0,166.0,-3.67738145472382
280434,1915.0,11.0,75.0,3.88259389374302
248561,1909.0,1918.0,70.0,-1.24352042690415
114699,3.0,1224.0,167.0,5.40324876949919
30553,195.0,1922.0,166.0,-1.02911498160726
207873,1347.0,1880.0,178.0,-1.86953788815833
340273,1926.0,1224.0,103.0,2.41334490673809
241187,748.0,1890.0,69.0,0.0538242966188796
68294,1919.0,164.0,12.0,-1.57514600921715
331517,1893.0,1898.0,102.0,4.78702462925576
243325,1924.0,1899.0,69.0,1.81793003894886
191614,1876.0,85.0,175.0,2.69143645324457
222329,1906.0,136.0,56.0,2.55438680786447
188738,85.0,1331.0,175.0,-2.59041292136175
204581,1891.0,1331.0,177.0,-1.10951026570111
219456,1348.0,677.0,56.0,-6.39995641205694
326586,1893.0,11.0,101.0,2.60860355272666
423376,1885.0,1671.0,115.0,-2.09449468521199
400082,604.0,1913.0,112.0,1.05873528718496
234942,13.0,1882.0,60.0,6.33171634624412
327026,1879.0,85.0,101.0,0.0143054514284361
262173,136.0,677.0,73.0,-5.19464232638869
224411,1887.0,11.0,57.0,2.63071734352084
367229,1430.0,1332.0,180.0,-3.97245577916573
167430,5.0,1890.0,51.0,-2.08520367591196
228188,82.0,1922.0,57.0,2.25405429570887
28255,1332.0,120.0,4.0,-2.25750680476907
320965,150.0,1916.0,100.0,-3.05935328879018
64861,1926.0,1925.0,10.0,2.92292043327041
89147,27.0,677.0,172.0,4.46323785380734
223347,1883.0,1921.0,57.0,1.68393261335335
338127,11.0,1890.0,103.0,12.5809402860735
360202,1876.0,101.0,108.0,28.2613394457768
197744,1431.0,1922.0,54.0,-3.45256838897811
109651,1876.0,1888.0,45.0,3.37478799239548
214759,1897.0,1877.0,55.0,-3.09164454984442
281224,1924.0,1888.0,75.0,-6.56169839444035
63522,544.0,655.0,10.0,3.82102384224255
225112,1884.0,147.0,57.0,7.69257170802347
360314,1913.0,1431.0,108.0,2.6168187945885
60809,147.0,1901.0,10.0,-5.0320743433517
63729,1905.0,18.0,10.0,-8.10209930391192
274352,14.0,1347.0,179.0,3.08606505365914
262623,83.0,1332.0,73.0,-2.54524548370764
263181,1886.0,1898.0,73.0,-0.411863573744041
107129,1559.0,1896.0,45.0,-7.83946578764836
300251,1887.0,1889.0,98.0,-1.61788728231367
413699,1900.0,1910.0,114.0,1.22444684997639
28881,1920.0,15.0,4.0,0.425118877769033
435295,948.0,146.0,116.0,-0.72203982299587
243962,1919.0,1909.0,69.0,12.2174165579147
58277,1906.0,5.0,9.0,0.023077037229198
303163,1919.0,1909.0,98.0,7.99083381328303
181962,1883.0,17.0,174.0,-1.62451534404853
319155,83.0,1348.0,99.0,-3.49444139897766
314967,20.0,1560.0,186.0,-10.8544217179897
75072,82.0,1882.0,13.0,7.01099037957837
259036,1915.0,1881.0,72.0,1.22433375242625
100609,1881.0,131.0,173.0,-3.09487487825387
398421,195.0,1881.0,112.0,-9.22148999147694
208673,1560.0,131.0,178.0,-10.5504976716192
103873,20.0,1880.0,173.0,-9.46319462700456
368325,1894.0,748.0,180.0,-6.53856206920233
218660,1877.0,1898.0,56.0,4.90276869890792
313007,160.0,47.0,186.0,5.17366007297211
318416,82.0,1883.0,99.0,7.12416476005607
52419,82.0,27.0,7.0,-10.0718072069823
168276,101.0,195.0,51.0,-2.29608027878101
328014,1909.0,150.0,101.0,2.45695789525004
111217,1880.0,1882.0,167.0,10.2596158360891
205306,163.0,1919.0,177.0,7.58830376818558
33298,1337.0,1918.0,166.0,-10.0143155365068
194585,1880.0,1900.0,176.0,-0.0054983384633461
192008,1881.0,1902.0,175.0,-1.88573333355798
280806,1913.0,5.0,75.0,3.20361044822682
196140,20.0,1895.0,176.0,-4.17526248809888
53199,655.0,1911.0,7.0,-1.24986546528438
358363,101.0,17.0,108.0,-6.93459924440327
10649,1894.0,1922.0,2.0,-1.44589419738212
57000,48.0,1899.0,9.0,2.48877776457119
312473,948.0,1904.0,186.0,-0.296681013873429
10152,1886.0,1888.0,2.0,-3.07011107876594
225856,164.0,1914.0,57.0,3.34674725810786
67716,1878.0,1914.0,12.0,3.57417025661468
7230,1925.0,1892.0,1.0,1.12144318627875
388856,1890.0,1892.0,111.0,2.69908786695263
179036,748.0,1916.0,53.0,2.51013607665863
211650,1915.0,1905.0,178.0,-5.61485358165873
215453,1882.0,1921.0,55.0,4.38577868364705
388775,83.0,1887.0,111.0,6.01604642797011
199180,1891.0,131.0,54.0,3.32323234537978
262053,1891.0,17.0,73.0,0.470163359645191
317667,101.0,1881.0,99.0,15.7767406245243
196726,48.0,748.0,176.0,-5.50838571592561
367126,748.0,1921.0,180.0,0.28807465087587
210061,47.0,1927.0,178.0,5.679581701188
51849,1920.0,5.0,7.0,3.13765726070142
209193,101.0,1893.0,178.0,1.55747005706316
425179,1895.0,748.0,115.0,-1.82638692475695
237744,229.0,1884.0,60.0,1.50947686461507
68430,544.0,164.0,12.0,4.60955832176417
72746,72.0,131.0,13.0,2.90125828584099
204521,1559.0,1878.0,177.0,-3.00440809683872
204757,748.0,120.0,177.0,2.12544047726531
427534,655.0,1900.0,115.0,4.97267697724994
346312,83.0,1902.0,104.0,-2.1890437586275
435527,1342.0,1887.0,116.0,2.49497961090603
263393,13.0,1224.0,73.0,-1.97864321384336
286926,604.0,3.0,77.0,0.420983064056867
85705,27.0,150.0,172.0,5.63502870563475
283323,1560.0,1927.0,77.0,0.935708185471327
344081,160.0,1899.0,104.0,7.5758666269492
99777,655.0,1920.0,44.0,-2.54846244568739
114507,163.0,1875.0,167.0,-9.17153831720958
336637,1431.0,1889.0,103.0,14.06049019101
208885,1331.0,788.0,178.0,-8.63392410530129
101660,1879.0,147.0,173.0,-2.08028503442455
329172,160.0,146.0,101.0,-2.06359168135673
373971,11.0,1921.0,109.0,0.879065647891974
87123,1904.0,195.0,172.0,3.79967870050254
218761,1881.0,1922.0,56.0,-3.42667838129582
425185,3.0,1899.0,115.0,4.72614654952642
251988,1879.0,1882.0,71.0,2.53516801091618
242389,1430.0,1887.0,69.0,3.33394077084745
388290,15.0,1927.0,111.0,-0.623517838629678
26389,1909.0,1903.0,4.0,-0.910603985316754
54720,1895.0,195.0,9.0,-1.41652630815937
72434,146.0,120.0,13.0,4.71406062010663
271476,1891.0,1928.0,74.0,0.657913560085321
280466,229.0,655.0,75.0,1.97980988459216
181057,160.0,83.0,53.0,4.10870324394995
166617,1920.0,150.0,51.0,-0.266470247690845
340709,1925.0,948.0,103.0,6.60015345231365
73245,1888.0,1893.0,13.0,3.45599587962802
175797,1925.0,1888.0,52.0,5.22068711415793
320080,1337.0,1560.0,99.0,-5.99022110726831
4572,164.0,1908.0,1.0,-4.63399101675393
304547,1905.0,1922.0,98.0,1.0462236852156
61188,1899.0,195.0,10.0,4.76063508623195
423559,1884.0,150.0,115.0,3.06034471149528
95662,150.0,11.0,44.0,-2.213873270416
97404,1183.0,15.0,44.0,-0.959534316771295
320565,131.0,1918.0,100.0,-2.11302309127434
254665,1906.0,1896.0,71.0,1.40886840509682
211959,160.0,1920.0,178.0,-4.8370736693153
312626,1887.0,1888.0,186.0,22.6602268995518
31090,1888.0,120.0,166.0,-5.48456336825178
161864,1183.0,1878.0,168.0,-4.4240602515291
412637,13.0,18.0,114.0,2.14913144724671
401045,83.0,1912.0,112.0,5.54014211399635
162048,1880.0,1224.0,168.0,-1.48269758267337
310475,948.0,1923.0,186.0,0.800384137445336
169528,1877.0,1331.0,51.0,-2.20732164968294
345078,163.0,101.0,104.0,10.7249907936373
258611,1884.0,146.0,72.0,5.86497377301723
215772,82.0,72.0,55.0,-5.52750902162738
174286,229.0,1883.0,52.0,-9.08989074312404
319561,1876.0,1917.0,99.0,3.47202926870198
219585,1560.0,1922.0,56.0,5.98251045914701
99405,1342.0,1875.0,44.0,-5.37879549338049
174779,1906.0,1916.0,52.0,-1.97365896457643
266758,1888.0,1921.0,74.0,-3.31835448181872
259169,229.0,1926.0,72.0,4.3307048080352
189751,160.0,1883.0,175.0,-0.0271959491160549
326235,1912.0,1331.0,101.0,-3.68827969071246
173063,1920.0,1887.0,52.0,4.25591991665388
114742,1342.0,1559.0,167.0,-6.17577997838777
285584,1926.0,1431.0,77.0,3.00099921290189
321950,1880.0,15.0,100.0,-1.71157059774059
28353,1430.0,1671.0,4.0,0.388649875061506
185104,1905.0,1885.0,174.0,-4.44110255648677
304875,131.0,1902.0,98.0,4.48866839226612
323588,1924.0,229.0,100.0,2.44340141363654
367909,948.0,1916.0,180.0,2.95187097285522
229636,1907.0,1890.0,58.0,0.916414383877978
184039,1879.0,1895.0,174.0,-0.295318048320411
174307,1913.0,1904.0,52.0,-0.124879484689752
174347,1920.0,1923.0,52.0,2.90420197433778
368580,1904.0,1896.0,180.0,0.882299221832459
200126,1876.0,72.0,54.0,-7.91457047148384
176816,164.0,1893.0,53.0,-7.55501280853468
376747,604.0,1886.0,109.0,-0.79061225825009
390419,544.0,1559.0,111.0,1.65697581480345
172360,136.0,1903.0,52.0,0.503645696572775
16229,1904.0,13.0,3.0,-4.20328675606574
438097,544.0,1906.0,116.0,-1.57751302458208
341913,1878.0,677.0,104.0,3.73333033590878
261826,14.0,150.0,73.0,2.51674385041509
263932,163.0,1183.0,73.0,0.1126120824821
192801,948.0,1906.0,176.0,-0.651940387528113
254032,1915.0,1331.0,71.0,-14.4325602430908
417565,160.0,1337.0,114.0,-11.8672598157128
367807,1911.0,1918.0,180.0,-1.725306224458
258249,18.0,1923.0,72.0,-6.36669394008891
10547,195.0,1910.0,2.0,0.91158108431912
29536,1900.0,1911.0,166.0,3.14401624699736
323542,1919.0,164.0,100.0,4.87542765254496
59163,1926.0,1910.0,9.0,-1.96270330015174
215233,1912.0,1907.0,55.0,6.76657299728471
228911,1897.0,1917.0,58.0,3.58698800069814
234988,1875.0,47.0,60.0,1.82507664850814
190726,163.0,20.0,175.0,-0.297404499821535
635315,1895.0,1902.0,179.0,0.869944690945809
436051,1905.0,1923.0,116.0,-12.8836870593677
342684,1898.0,131.0,104.0,2.23630392782745
248542,1889.0,1881.0,70.0,1.5446663737089
329222,82.0,131.0,101.0,6.56723614162388
29227,1884.0,1224.0,166.0,1.26659521671777
161030,1907.0,18.0,168.0,4.31835507201237
371975,160.0,14.0,180.0,-0.0714506107313833
191336,1877.0,120.0,175.0,0.342331735046631
254622,27.0,1893.0,71.0,7.90185470655388
101170,1880.0,1224.0,173.0,-3.21396499982202
5216,948.0,1886.0,1.0,-8.13024550572712
263645,13.0,1914.0,73.0,-1.44486560745664
376296,48.0,1877.0,109.0,-10.079413975057
278031,1879.0,15.0,75.0,2.42243610024254
108192,1893.0,1910.0,45.0,-3.92750116958003
112669,47.0,1897.0,167.0,0.51280297611505
413382,1900.0,1892.0,114.0,1.60606675944358
86216,1224.0,5.0,172.0,-0.743163239445828
184866,1342.0,164.0,174.0,0.574035706326717
71359,1671.0,1910.0,13.0,-4.70052366255715
172375,1894.0,1348.0,52.0,-2.00013300276281
326290,1879.0,1921.0,101.0,0.782763801577324
65886,677.0,1921.0,12.0,1.85327953289185
31362,1895.0,1901.0,166.0,-2.09200890951082
169413,604.0,1885.0,51.0,4.54432863843931
230460,1908.0,1224.0,58.0,-4.75588980136021
335744,1924.0,677.0,102.0,1.55335791506768
214900,136.0,5.0,55.0,0.431458796913231
317226,1347.0,1910.0,99.0,-2.10329353638147
230013,1879.0,164.0,58.0,-1.46040374891926
194750,72.0,1900.0,176.0,2.77391030441583
233011,229.0,120.0,58.0,-1.31402790009092
254991,1430.0,13.0,71.0,0.344380109979725
216335,1337.0,11.0,55.0,-7.87108783123123
101131,1891.0,1896.0,173.0,17.134507647631
4762,1889.0,1912.0,1.0,-3.39215739233367
258910,1926.0,1919.0,72.0,-1.2008454011824
424163,1559.0,1910.0,115.0,0.380213628875505
16254,101.0,1912.0,3.0,-10.2033397704209
210393,1342.0,1922.0,178.0,0.372139156934094
437685,82.0,1882.0,116.0,6.49735836983374
64863,229.0,1925.0,10.0,2.3682408214191
30666,101.0,195.0,166.0,-9.07880757047331
316502,1900.0,677.0,99.0,2.34894435989357
55201,1875.0,1893.0,9.0,1.06123602931004
105173,1926.0,1890.0,173.0,5.60128570186008
284656,1183.0,1897.0,77.0,-2.83860590864908
218917,101.0,1347.0,56.0,-2.40507601123208
280263,1913.0,27.0,75.0,5.33089646156854
228402,164.0,1928.0,57.0,10.2985666813037
390360,163.0,1917.0,111.0,-4.06573066314912
69539,163.0,147.0,12.0,-2.210534018601
279406,47.0,1911.0,75.0,3.83346925082736
172252,1895.0,13.0,52.0,-1.43147192087938
184025,1909.0,1882.0,174.0,4.14664891511688
300114,1331.0,1921.0,98.0,-4.07687436775745
101756,1431.0,11.0,173.0,0.383889700989089
359048,18.0,1910.0,108.0,-11.3102208828251
188529,1922.0,1918.0,175.0,17.9324834231626
416980,48.0,1927.0,114.0,-12.8871599112884
213987,47.0,1893.0,55.0,7.03185980092575
61988,1904.0,1331.0,10.0,-8.94306236717052
45110,1902.0,1882.0,6.0,-10.2452846430301
414514,1878.0,748.0,114.0,3.14863858274667
358092,1893.0,1914.0,108.0,1.0717093493285
329927,1876.0,1906.0,101.0,6.88610717412716
181755,1885.0,677.0,174.0,-1.99395737068856
162164,1559.0,1882.0,168.0,-0.372452031045355
248733,1920.0,1183.0,70.0,1.07177923866948
66898,147.0,1922.0,12.0,1.87881834128819
398589,1902.0,83.0,112.0,0.0348621756916786
434562,85.0,1224.0,116.0,-4.14365537664583
317624,1876.0,1899.0,99.0,-2.2412699996119
70953,1183.0,1921.0,13.0,1.12308889562359
317079,1883.0,150.0,99.0,-3.55045732034058
179743,1337.0,1331.0,53.0,-9.65034425297369
96387,101.0,13.0,44.0,-3.5146638933127
232750,1877.0,1348.0,58.0,-2.56291352650935
398839,1910.0,1901.0,112.0,-2.7027969399734
54906,1893.0,1910.0,9.0,-2.20906928034001
370547,1915.0,131.0,180.0,-0.562469558948496
249109,1342.0,164.0,70.0,1.80928140737826
244926,1905.0,1886.0,69.0,4.76728034476807
207834,1883.0,1882.0,178.0,9.76102327386137
89071,160.0,17.0,172.0,-14.6910476547563
186913,1881.0,1922.0,175.0,-6.4960144905612
70919,1900.0,1224.0,13.0,3.75604661849144
179097,85.0,1560.0,53.0,3.68576833776877
201891,1915.0,1337.0,54.0,-3.86843589559342
30658,1917.0,15.0,166.0,0.0876932202260787
47933,1332.0,1922.0,6.0,-0.618697577617661
320824,1902.0,1927.0,100.0,-1.18489268488494
427823,1920.0,15.0,115.0,-0.604010344920276
185926,544.0,48.0,174.0,-0.722647361322918
46063,1876.0,1923.0,6.0,-1.08823125037193
358215,150.0,1896.0,108.0,9.25013118113187
326365,1912.0,1917.0,101.0,-3.0151299484001
272125,1183.0,1911.0,179.0,-0.233913205157577
397263,1876.0,20.0,112.0,4.53302445482443
101435,120.0,1923.0,173.0,-0.747710974429473
264731,1337.0,1891.0,73.0,7.87596024305129
103934,48.0,163.0,173.0,16.021269726265
114508,1342.0,544.0,167.0,-39.029590492349
48065,1926.0,14.0,6.0,-1.46804089360302
357551,1880.0,1901.0,108.0,-0.260949295873925
400013,655.0,1885.0,112.0,5.68409620598995
313709,14.0,101.0,186.0,3.30448005597401
375522,1913.0,146.0,109.0,0.456963561917782
329341,544.0,1892.0,101.0,9.88607655369781
213309,1879.0,1899.0,55.0,-3.30075585087895
286130,1876.0,5.0,77.0,3.57338665512466
375004,1347.0,5.0,109.0,2.96924594549078
343325,1894.0,1348.0,104.0,0.607308277796122
257557,1331.0,1914.0,72.0,-4.04211594715535
220919,604.0,47.0,56.0,14.6709740883266
26521,1903.0,1916.0,4.0,-5.86072625636866
414832,1887.0,1921.0,114.0,2.01554669267104
27193,3.0,1909.0,4.0,-1.48252934124188
333213,1894.0,1348.0,102.0,1.31662968845269
277603,1224.0,131.0,75.0,-3.15195870424953
28294,160.0,1927.0,4.0,-4.33316104645008
171283,163.0,1928.0,51.0,15.9639029700113
64399,1919.0,748.0,10.0,10.8469177573126
285896,1919.0,677.0,77.0,1.6899918429338
172690,1902.0,83.0,52.0,-0.0813267441892246
311419,1900.0,1894.0,186.0,1.41010691943195
54648,1886.0,1921.0,9.0,-6.19424168085536
276242,27.0,1878.0,179.0,-2.14527681873661
64461,604.0,1560.0,10.0,-2.354772767511
213330,1904.0,1890.0,55.0,-0.794481955570146
259232,229.0,1914.0,72.0,-3.42542869504736
259394,83.0,1909.0,72.0,-2.7688673024371
324932,1926.0,136.0,100.0,-5.52837476255531
172840,1880.0,195.0,52.0,0.829994713981685
633817,1883.0,1902.0,12.0,0.2471759951627
413437,164.0,1910.0,114.0,-2.63168873074645
52352,1920.0,20.0,7.0,3.72745955846515
9302,47.0,1331.0,2.0,-2.04572491362786
90110,1337.0,1922.0,172.0,-24.9645301826023
104296,14.0,544.0,173.0,-8.40557156102951
204596,748.0,11.0,177.0,-1.39583658844417
434253,72.0,18.0,116.0,-0.162474686639431
303398,1877.0,131.0,98.0,2.86380546073641
328343,1878.0,1331.0,101.0,-3.34921436646296
624202,1879.0,1902.0,51.0,-4.019421663502685
267599,948.0,85.0,74.0,2.19756110803084
99621,83.0,1888.0,44.0,-2.31883914122708
413618,1885.0,147.0,114.0,4.95955313372084
165567,229.0,948.0,168.0,5.61944741201064
68897,604.0,655.0,12.0,8.68686588191125
88863,163.0,27.0,172.0,1.30161447310931
220521,1903.0,1348.0,56.0,3.9827505456549
327401,1904.0,1910.0,101.0,-1.87269025846047
171158,1920.0,1902.0,51.0,3.39560369389163
220511,1891.0,1882.0,56.0,-0.997091490220317
191130,1913.0,136.0,175.0,-0.870041598458675
242857,1879.0,1898.0,69.0,-4.1836441466317
45710,85.0,1912.0,6.0,-0.527629387960842
195298,1332.0,195.0,176.0,0.241381494800619
174419,1342.0,1894.0,52.0,-6.18150470788511
26323,948.0,1898.0,4.0,-1.25702955021223
180519,1924.0,1896.0,53.0,-14.4283081161912
203042,1893.0,1896.0,177.0,-2.5848108112998
14843,195.0,1892.0,3.0,-6.13295207916292
302612,1905.0,1923.0,98.0,1.75349072343971
17170,1915.0,1916.0,3.0,1.04954455183937
163046,146.0,1331.0,168.0,1.3179959881431
328992,1920.0,1909.0,101.0,-1.44070704813327
401224,1877.0,544.0,112.0,-1.50271970503931
427316,1924.0,136.0,115.0,-4.83083024285128
67054,1347.0,1224.0,12.0,-0.292715539015776
266970,948.0,1884.0,74.0,7.07589985264744
269304,229.0,1883.0,74.0,-11.4012785347471
218585,1904.0,11.0,56.0,0.825653010959463
163714,1877.0,1183.0,168.0,0.930814794090895
198739,1671.0,677.0,54.0,-1.40418239287427
417345,1925.0,1890.0,114.0,5.20421668368643
303047,655.0,1926.0,98.0,2.6044942803046
272500,1347.0,1899.0,179.0,-1.9806533542281
173369,3.0,1887.0,52.0,0.836439502948691
313932,1332.0,1879.0,186.0,-6.58608760451703
263956,14.0,1923.0,73.0,6.96055408449075
242821,1889.0,1888.0,69.0,-3.31771971166545
302061,1671.0,1892.0,98.0,-3.10899485516861
332967,1891.0,1224.0,102.0,0.572821773196371
427928,164.0,1928.0,115.0,2.84523097105006
311749,1331.0,13.0,186.0,1.96728418861355
163546,948.0,748.0,168.0,-1.55552089483762
66077,1331.0,1908.0,12.0,-1.11086398651805
61220,1183.0,11.0,10.0,-2.7850849736078
207771,1897.0,1922.0,178.0,-6.28523083603044
367991,948.0,1882.0,180.0,1.71481219859751
43961,164.0,1908.0,6.0,-3.05873810337443
180583,1920.0,1896.0,53.0,-1.24789095850048
226332,544.0,788.0,57.0,5.73175625520097
57533,14.0,1904.0,9.0,-0.801129839982093
389585,1926.0,1331.0,111.0,-3.34437800344301
329311,1876.0,11.0,101.0,2.56686394044889
233657,1904.0,1928.0,58.0,0.805462755112371
388661,17.0,1922.0,111.0,4.78678679850412
99942,1430.0,1878.0,44.0,-0.141506895964086
252933,1887.0,1898.0,71.0,-5.26706165261368
175460,1915.0,20.0,52.0,2.15069546583308
32644,48.0,146.0,166.0,3.49993951722571
177977,120.0,1890.0,53.0,-1.53266697092826
285576,160.0,146.0,77.0,-2.64789768215514
206897,1906.0,1878.0,177.0,-0.977238019368069
338224,147.0,13.0,103.0,3.94187528936527
338965,160.0,47.0,103.0,6.8334221941804
202623,748.0,1897.0,177.0,-0.392071177272056
372127,1886.0,1928.0,180.0,-1.91445177784973
169525,1919.0,1880.0,51.0,-0.373162436082876
26489,13.0,1224.0,4.0,-4.29942429205722
252714,72.0,677.0,71.0,2.90295585558912
50605,136.0,1888.0,7.0,4.17976554961258
342664,120.0,1921.0,104.0,3.00909261367371
277974,147.0,1895.0,75.0,0.991860122848994
326691,1902.0,20.0,101.0,-2.87163423643367
261534,1889.0,1908.0,73.0,0.317098490081612
69567,1337.0,120.0,12.0,2.14407948454692
246721,1878.0,1880.0,70.0,-6.30385930571249
207333,1892.0,1902.0,177.0,-14.3630440166545
400030,544.0,1885.0,112.0,5.45283265104786
224920,1903.0,1890.0,57.0,-3.69272483237884
311884,1559.0,1904.0,186.0,-1.96822329718746
200682,1913.0,544.0,54.0,-2.06594653322186
259785,1877.0,1915.0,72.0,-1.95250658301249
4111,101.0,47.0,1.0,8.2411773050966
330214,20.0,1882.0,101.0,-4.18200559046771
397440,1903.0,1892.0,112.0,-2.10937392982776
187180,1898.0,1431.0,175.0,22.8920835194568
161279,1183.0,1912.0,168.0,2.12785256184919
183192,1884.0,1560.0,174.0,-0.617461293004914
67804,1888.0,15.0,12.0,2.85751992842141
377074,20.0,1900.0,109.0,-0.856313307375413
106453,47.0,11.0,45.0,-6.70464320042508
204297,3.0,1332.0,177.0,-3.42932560960879
69997,1926.0,1911.0,12.0,0.500081112618094
357379,1885.0,1893.0,108.0,11.4455634923095
255278,604.0,1886.0,71.0,6.09901967726435
9210,85.0,1331.0,2.0,0.0584337394816341
49797,1897.0,163.0,7.0,-1.70291260133683
425533,1880.0,1917.0,115.0,-3.71793252443937
360254,1332.0,1891.0,108.0,-4.68872775592639
193585,85.0,1917.0,176.0,0.11133894523195
49929,1881.0,15.0,7.0,0.377405636905466
218738,47.0,748.0,56.0,1.64179275423143
275578,83.0,18.0,179.0,8.46484455505865
211760,1920.0,1917.0,178.0,-2.29211208011097
59971,1560.0,1907.0,10.0,3.99189117495873
86131,1879.0,146.0,172.0,-3.69757798148011
437171,544.0,1896.0,116.0,6.09759226670821
7763,1342.0,1917.0,1.0,-2.52201066894784
185326,544.0,1892.0,174.0,4.50809191723883
267975,1878.0,748.0,74.0,-2.49383522782689
258118,120.0,1907.0,72.0,-7.89703933584956
250569,160.0,1924.0,70.0,5.12589021124788
182386,748.0,1921.0,174.0,4.65735308547639
235811,1914.0,1892.0,60.0,0.269688777138074
334487,83.0,101.0,102.0,9.15193837065052
205397,1905.0,1907.0,177.0,-7.47730992674951
85986,1559.0,1883.0,172.0,0.409432305375965
374872,1899.0,1893.0,109.0,-0.18349953010636
231133,1903.0,1671.0,58.0,2.54668795190576
224975,195.0,1927.0,57.0,-1.13308648201446
55088,1880.0,1883.0,9.0,2.816394345433
223178,1915.0,1928.0,56.0,-12.6892149328213
102558,1347.0,146.0,173.0,37.8252221208382
267630,136.0,1888.0,74.0,-7.32276639150483
28005,27.0,5.0,4.0,4.52194937628098
328710,163.0,1894.0,101.0,1.10279746648223
51154,1889.0,1560.0,7.0,-4.73687659654407
223638,1877.0,1898.0,57.0,5.50547659285849
58997,1915.0,85.0,9.0,7.77675125587446
267134,1891.0,1922.0,74.0,3.36203789817213
345509,1905.0,1888.0,104.0,-5.07706230959252
302838,1906.0,1907.0,98.0,10.5117901351981
415495,544.0,47.0,114.0,9.46643358239141
171295,655.0,1928.0,51.0,7.75304697003904
165042,48.0,1348.0,168.0,-6.80806760287012
315059,83.0,1921.0,186.0,-4.83144484356921
361581,1877.0,85.0,108.0,-2.62092733445468
344253,14.0,1183.0,104.0,8.89973222981388
270688,1913.0,136.0,74.0,-1.1247687218182
228046,83.0,1560.0,57.0,-2.36195604328997
207314,1926.0,1925.0,177.0,9.0819277902435
270364,1926.0,13.0,74.0,-4.73814962044827
327917,11.0,1892.0,101.0,-1.89184913472526
211513,160.0,1915.0,178.0,0.857224064821919
318607,48.0,1914.0,99.0,-0.302238646501939
56805,1671.0,1917.0,9.0,2.08968312004435
236907,1342.0,82.0,60.0,-9.52384059444827
189553,3.0,1911.0,175.0,0.649951058282429
425565,1883.0,17.0,115.0,-0.776758955889738
5570,120.0,1896.0,1.0,-1.07294043041736
316521,1918.0,1923.0,99.0,1.00228680872436
256866,1881.0,1914.0,72.0,3.54083866598782
175655,14.0,1224.0,52.0,-5.04745194115491
337815,27.0,1898.0,103.0,3.58849980919852
338526,1671.0,5.0,103.0,-4.39853565371779
112645,1893.0,1347.0,167.0,3.23378936164608
163529,72.0,1881.0,168.0,3.31727984634854
261471,1891.0,1331.0,73.0,-2.02939488985353
64280,48.0,1888.0,10.0,9.31225390903172
217285,82.0,748.0,55.0,-1.54705601456373
15649,1878.0,788.0,3.0,-8.84601934685305
169940,1906.0,1879.0,51.0,-1.81238026232386
426064,163.0,72.0,115.0,0.635789440084872
73495,1920.0,1907.0,13.0,-2.02944368497751
25319,1559.0,1879.0,4.0,-0.928149992803965
390695,20.0,1927.0,111.0,3.38579171252057
284813,72.0,1897.0,77.0,-6.37774352359768
66204,748.0,1892.0,12.0,1.88345227006115
346099,14.0,1900.0,104.0,3.57473545260695
75057,83.0,748.0,13.0,-6.32916706305153
241585,1904.0,1918.0,69.0,3.51147426943719
334535,1915.0,1884.0,102.0,-5.2804172687573
267216,1880.0,1881.0,74.0,-1.79677523114654
105578,748.0,1892.0,45.0,-7.49402250328984
246566,131.0,1910.0,70.0,3.72467633942063
68264,655.0,1919.0,12.0,4.49440548255814
52935,163.0,136.0,7.0,0.841590017270968
262043,85.0,1927.0,73.0,-3.96644322720986
97108,1883.0,1918.0,44.0,1.50717440807414
202166,1342.0,1337.0,54.0,-11.637752991148
318708,229.0,604.0,99.0,0.893762673000622
188026,1917.0,1882.0,175.0,-3.45623384340648
227962,604.0,1921.0,57.0,-6.43684332393223
265419,1919.0,1886.0,73.0,0.882091571416257
211852,1906.0,1224.0,178.0,0.609623369306991
90414,1924.0,1902.0,172.0,1.15525179315629
164674,604.0,11.0,168.0,6.32397772605629
34116,20.0,1921.0,166.0,-21.1882977619439
48519,1331.0,1894.0,7.0,-3.31343079078869
29800,1913.0,1911.0,166.0,-1.26844698868776
302332,1559.0,1887.0,98.0,3.7409722673008
319624,1905.0,1912.0,99.0,-2.03755027742488
388946,948.0,72.0,111.0,-2.06899217996826
336703,1899.0,1882.0,103.0,5.32164540146443
228186,160.0,14.0,57.0,1.12054372376195
269089,1916.0,1927.0,74.0,-3.99973675522019
233493,544.0,14.0,58.0,-10.3109644695884
258658,48.0,1899.0,72.0,0.514571098466923
360546,48.0,1905.0,108.0,-4.89324811439181
320727,1895.0,164.0,100.0,-2.46047695792071
11510,1342.0,1907.0,2.0,-8.72958654023854
32479,1877.0,1881.0,166.0,-0.677844969706156
43398,1910.0,1918.0,6.0,2.62147184888286
202702,120.0,1908.0,177.0,-2.34176592414141
374901,47.0,1923.0,109.0,-3.94623922832802
207833,1897.0,1911.0,178.0,-12.9575249274953
360824,48.0,1917.0,108.0,-4.36166377763594
271919,1903.0,1881.0,179.0,3.50001925017131
182326,147.0,1907.0,174.0,2.60110494038448
89940,1925.0,948.0,172.0,6.91425081775454
166708,1342.0,1898.0,51.0,-0.0073851597732877
184202,1912.0,677.0,174.0,1.71898345804531
259398,655.0,1431.0,72.0,9.21122057345535
199116,1889.0,15.0,54.0,-0.216205109780074
219091,147.0,5.0,56.0,-0.254515132202335
205538,1913.0,195.0,177.0,-2.39692167376789
31190,1886.0,1904.0,166.0,0.537036835034423
398359,1879.0,1883.0,112.0,2.43047522054689
286137,1876.0,1905.0,77.0,-6.81521167996852
301651,1431.0,1331.0,98.0,1.6451627119559
177265,72.0,1882.0,53.0,0.342459010833532
264386,160.0,1885.0,73.0,-0.0110012866718808
218801,1895.0,1560.0,56.0,18.963843574131
212180,1920.0,1671.0,178.0,-37.1274111663496
225244,1902.0,5.0,57.0,2.96131886388655
46842,1919.0,1904.0,6.0,1.15820746836019
7594,163.0,1896.0,1.0,6.16944788359262
310979,120.0,1348.0,186.0,3.78777455642242
227195,1926.0,1905.0,57.0,0.310338602561775
241924,748.0,1331.0,69.0,6.82769486541215
236651,101.0,18.0,60.0,-5.17900207835947
172657,1900.0,1927.0,52.0,0.230778307997359
183032,72.0,1331.0,174.0,-2.63166453711432
337550,146.0,13.0,103.0,1.49662735019862
332571,1879.0,85.0,102.0,-1.77779903223623
272872,1896.0,13.0,179.0,-1.27678005435845
16075,72.0,195.0,3.0,2.19030590421607
315571,1886.0,1903.0,99.0,-2.57056285249522
253114,1891.0,147.0,71.0,8.26421233813091
110734,1875.0,1895.0,167.0,-2.34295264009116
317666,1559.0,1910.0,99.0,-2.78148470372228
183493,1888.0,5.0,174.0,-1.03636611608753
47639,544.0,83.0,6.0,5.70249968054252
344424,655.0,1898.0,104.0,-2.01226996176089
112659,1916.0,1917.0,167.0,-4.89847348977779
200213,1924.0,82.0,54.0,5.46546010028137
400008,48.0,1885.0,112.0,6.65708430506172
261695,1889.0,1914.0,73.0,-1.19909255604462
422880,1884.0,1911.0,115.0,-3.15334041475534
265665,48.0,1332.0,73.0,-9.78355401150428
61803,1879.0,1909.0,10.0,0.936034184596834
60196,1875.0,677.0,10.0,0.0886667399180255
370830,1925.0,11.0,180.0,3.1391086294556
335058,1430.0,1918.0,102.0,-2.6313780832235
112060,1898.0,1892.0,167.0,-0.381997122141557
113943,1919.0,131.0,167.0,8.74812321449959
331179,1183.0,1901.0,102.0,0.588830894873245
237580,14.0,1891.0,60.0,0.0730973696023497
186409,1906.0,85.0,174.0,0.902461773940802
415246,1893.0,1348.0,114.0,-7.93467324406313
269600,1877.0,1880.0,74.0,1.10022204218696
113986,3.0,146.0,167.0,1.51049851743525
56073,164.0,1671.0,9.0,-2.3542239688771
330150,163.0,136.0,101.0,-0.016837944638181
225280,1904.0,1917.0,57.0,-3.88504921822233
256760,1916.0,1922.0,72.0,-6.606180010586
243369,82.0,47.0,69.0,-8.61838492565158
267986,1885.0,15.0,74.0,-1.73674962343
11471,229.0,47.0,2.0,7.1178077509695
371776,1342.0,1878.0,180.0,-8.40916280981668
169725,1924.0,131.0,51.0,11.0464050276715
330759,1431.0,1928.0,101.0,-4.60645731589817
176742,1904.0,1882.0,53.0,2.40574638182751
108936,229.0,163.0,45.0,11.9181950135385
210515,163.0,1883.0,178.0,-5.90841540758536
62459,1559.0,1889.0,10.0,2.92934246804327
303743,20.0,1348.0,98.0,1.00128203128028
369882,83.0,1923.0,180.0,6.85651889679469
206495,82.0,136.0,177.0,4.5845780448824
101889,1911.0,1901.0,173.0,3.15381702763622
234772,146.0,1903.0,60.0,-1.10676182302152
168372,47.0,1907.0,51.0,0.018760381760893
417563,1430.0,1921.0,114.0,-11.7973295666846
163826,1430.0,1875.0,168.0,-4.23997297018255
165950,1916.0,1902.0,168.0,-14.6546228390933
96215,1909.0,788.0,44.0,-18.1928847082056
187933,136.0,1431.0,175.0,3.67057737943227
191997,1906.0,1902.0,175.0,1.52241163264655
327347,1891.0,1911.0,101.0,-3.37753789322292
56046,1886.0,1224.0,9.0,-6.77407754476333
57451,1876.0,195.0,9.0,-1.69757208546871
205569,1906.0,229.0,177.0,0.232823986567995
72206,120.0,1923.0,13.0,-0.668063166096253
400024,1925.0,1916.0,112.0,14.9259226704627
72710,948.0,47.0,13.0,-5.84496861460695
359458,1876.0,788.0,108.0,-1.98596259034183
187543,1883.0,1923.0,175.0,6.73889031061109
279746,1925.0,1883.0,75.0,-12.6262139607604
98398,229.0,1894.0,44.0,0.369771797233359
313308,1925.0,1887.0,186.0,0.0266940880968921
191962,1926.0,1902.0,175.0,-6.191255074357
390390,604.0,544.0,111.0,5.40271688859651
53219,544.0,677.0,7.0,9.056691081673
371587,83.0,1878.0,180.0,2.63328170414101
194600,1348.0,1882.0,176.0,-3.97753908135007
267914,1898.0,17.0,74.0,-0.899793184146777
255044,27.0,1888.0,71.0,8.13831197758635
255016,1925.0,1917.0,71.0,-10.7392845609893
215873,1919.0,1875.0,55.0,3.86617737462271
223824,1881.0,1894.0,57.0,9.31427520993406
275466,1919.0,1893.0,179.0,-4.60996605833296
55906,1925.0,1889.0,9.0,2.67491317598635
321708,1183.0,1921.0,100.0,4.96286913882822
200429,48.0,1880.0,54.0,1.34991761912024
188713,1886.0,1894.0,175.0,-0.827181439826845
278347,146.0,195.0,75.0,-1.62126519231866
227340,1905.0,5.0,57.0,0.162237620990311
75663,1347.0,1902.0,13.0,0.109981214431332
317383,1431.0,1560.0,99.0,2.13396438303764
252187,1897.0,1907.0,71.0,-24.0133896808124
29564,1907.0,1914.0,166.0,0.0268218919957579
313130,1913.0,72.0,186.0,1.36657879659606
246511,1347.0,1224.0,70.0,-3.26374183785821
201852,1926.0,748.0,54.0,-1.2727300456926
302669,1926.0,1883.0,98.0,-2.99987884769214
277251,1892.0,788.0,75.0,0.861759490489406
172265,1909.0,17.0,52.0,-2.69863071174424
390493,1924.0,147.0,111.0,8.12258152993814
178193,147.0,1897.0,53.0,-0.0850545175443192
197392,1885.0,1881.0,54.0,6.2321739547968
174767,1913.0,1875.0,52.0,-1.0738113892653
434518,948.0,1927.0,116.0,-1.40783657358107
338262,1900.0,1911.0,103.0,-2.34827057924479
336036,1911.0,1902.0,102.0,-3.33336805881822
334864,544.0,1896.0,102.0,5.29372735459967
104951,1905.0,748.0,173.0,5.03324486986458
63398,1924.0,5.0,10.0,-2.97984873378053
25318,948.0,1921.0,4.0,-4.52698696593278
163488,1883.0,1888.0,168.0,1.70593480901019
275669,163.0,1877.0,179.0,0.175659890859293
235451,83.0,1887.0,60.0,0.99517453493999
375318,160.0,1919.0,109.0,2.55280795644513
17304,1430.0,101.0,3.0,9.47576722086024
30919,195.0,1916.0,166.0,-1.47856969450918
233887,1879.0,1912.0,60.0,0.900864602122237
53170,48.0,1878.0,7.0,9.17859983751917
166924,748.0,131.0,51.0,-0.331465720279686
31107,1559.0,1909.0,166.0,-2.3380624429444
301245,1885.0,1892.0,98.0,1.51345264003235
311982,1878.0,1900.0,186.0,5.38383771412288
32200,82.0,72.0,166.0,-3.04437376320244
267809,1900.0,1224.0,74.0,-9.34352876861091
186045,1920.0,1888.0,174.0,-1.83489953430961
29892,1883.0,1904.0,166.0,-3.4051376081344
251356,1431.0,1908.0,71.0,13.5812293561762
248405,47.0,1892.0,70.0,-0.438239050083119
202820,146.0,788.0,177.0,-1.89395287134319
367524,72.0,1881.0,180.0,3.07359267807006
109596,1906.0,13.0,45.0,10.3602723319685
335303,544.0,1888.0,102.0,2.42865674596771
246005,1917.0,1921.0,70.0,-1.80048970533009
12541,83.0,1906.0,2.0,0.119397161857821
278376,1894.0,1904.0,75.0,0.703512908768508
103152,1887.0,1671.0,173.0,1.3168414641059
178510,72.0,1900.0,53.0,-4.87974350672543
109613,14.0,1888.0,45.0,10.9226876801128
163204,1915.0,1898.0,168.0,3.58648132400193
48955,1183.0,1927.0,7.0,1.36290211677691
235336,1875.0,1886.0,60.0,-0.578431284422816
214886,1902.0,5.0,55.0,4.5669937956814
100439,1671.0,1928.0,44.0,1.86789867841137
242975,1892.0,17.0,69.0,-50.5698150747454
332616,948.0,20.0,102.0,1.03329249708666
327227,1883.0,1900.0,101.0,-2.96184274720387
425805,1915.0,72.0,115.0,0.203206890491719
215649,1919.0,72.0,55.0,0.654676450206171
209285,1875.0,47.0,178.0,-2.76530048053859
311114,1909.0,1927.0,186.0,1.52697173053111
199999,3.0,1908.0,54.0,2.97549639900093
112404,1905.0,1911.0,167.0,5.09697729291397
266187,14.0,1902.0,73.0,3.18677099139126
199092,1899.0,1884.0,54.0,-2.64745749910364
329589,27.0,1889.0,101.0,-4.61604242837111
334197,1342.0,1909.0,102.0,-5.87868855791512
201721,48.0,1342.0,54.0,-5.15366104275627
168681,1881.0,1909.0,51.0,9.16052651218951
224835,195.0,1882.0,57.0,1.147842273676
194562,136.0,1898.0,176.0,-1.53078996587067
426769,83.0,677.0,115.0,4.88392354030484
279499,1876.0,1899.0,75.0,10.297538842323
255406,3.0,1560.0,71.0,-0.578044492407648
110797,136.0,1917.0,167.0,7.54421404050487
60278,1891.0,1887.0,10.0,-0.384562177981281
214842,1891.0,1901.0,55.0,4.95426298942107
624413,1895.0,1902.0,69.0,-2.693028011734195
316692,1878.0,1671.0,99.0,3.61285321624922
10114,948.0,1183.0,2.0,0.653881165883632
238803,1919.0,1560.0,60.0,0.777444053025518
322391,1880.0,1883.0,100.0,-5.00673928011092
98170,1925.0,1908.0,44.0,-1.67913455869939
85777,101.0,1893.0,172.0,1.05878117353876
32079,3.0,1883.0,166.0,-4.27159585740911
413156,85.0,1893.0,114.0,0.242089317653949
234628,1899.0,788.0,60.0,-9.68245999553898
341109,1342.0,1902.0,103.0,-3.70745969477864
211249,160.0,655.0,178.0,5.30143676658546
206950,1342.0,1671.0,177.0,-1.59175827773097
24678,1893.0,1887.0,4.0,0.103559407989452
263228,1890.0,788.0,73.0,-0.770712260768512
338941,160.0,1183.0,103.0,0.65592697655513
275840,1332.0,13.0,179.0,-9.61144512716302
267189,1879.0,1894.0,74.0,4.49308164579014
259188,163.0,1914.0,72.0,-0.0368000948566834
243344,1913.0,1430.0,69.0,7.29977836471822
102657,1888.0,1908.0,173.0,3.77170889164488
400633,3.0,1918.0,112.0,-2.99864424610074
55093,72.0,1890.0,9.0,1.6221456022656
227187,544.0,1918.0,57.0,9.97686258012287
318960,1877.0,17.0,99.0,-0.36277308722405
437424,655.0,1917.0,116.0,-6.56980201842729
64786,229.0,14.0,10.0,2.4052308249634
191350,1430.0,748.0,175.0,0.368107262541657
184001,1889.0,1922.0,174.0,2.18608825896157
17174,1905.0,131.0,3.0,3.63694783229364
59369,1894.0,1928.0,9.0,13.2607510749517
44322,1183.0,17.0,6.0,8.56355452905449
186134,1913.0,1671.0,174.0,-11.8716775840448
280539,604.0,17.0,75.0,-0.366239182242725
324058,163.0,131.0,100.0,5.5136940710264
225917,1671.0,1918.0,57.0,4.19339647265681
323978,544.0,146.0,100.0,8.21041713771008
261372,1899.0,164.0,73.0,5.22254260339134
372106,1896.0,1902.0,180.0,2.30447519123646
9624,1916.0,1892.0,2.0,-2.13019544601862
321833,1560.0,15.0,100.0,0.575519255914965
14168,164.0,1347.0,3.0,-6.26567650380858
267638,1891.0,85.0,74.0,0.908299426622201
24425,146.0,1431.0,4.0,-3.23717902781719
192336,101.0,1431.0,176.0,-16.9715341309534
112646,1559.0,72.0,167.0,-1.01596022465217
258434,1885.0,1917.0,72.0,3.86215525364102
67176,1879.0,1927.0,12.0,-1.49328791353379
436611,1915.0,1909.0,116.0,-2.79638167307968
416511,1342.0,1905.0,114.0,-1.2141422031133
316162,85.0,15.0,99.0,-0.460257235034345
201306,82.0,1905.0,54.0,-4.70226081789915
339965,1430.0,18.0,103.0,6.49219257718093
399863,1905.0,1881.0,112.0,-1.28614071331294
14781,1887.0,1224.0,3.0,-4.24311200705958
274121,1889.0,1912.0,179.0,2.32793925484678
163072,15.0,1927.0,168.0,-2.08089419963159
203391,147.0,1348.0,177.0,-1.06462260525138
43517,1896.0,131.0,6.0,3.0509871303614
368138,1902.0,1922.0,180.0,0.286392632526077
299763,1891.0,1894.0,98.0,12.4829693716472
624412,1886.0,1902.0,69.0,-7.541981528176786
233630,1921.0,1902.0,58.0,7.3089210841692
325407,82.0,1900.0,100.0,-5.66039156299227
106712,1911.0,1918.0,45.0,-2.66545726864477
375431,604.0,72.0,109.0,1.66866979766002
331220,1889.0,1904.0,102.0,-4.45635338531125
400482,82.0,1884.0,112.0,-1.89458701025945
110807,1878.0,72.0,167.0,0.229411435348725
107560,1902.0,13.0,45.0,-4.9071556086844
87977,1880.0,1560.0,172.0,5.44075195131175
55582,1902.0,1912.0,9.0,-3.21095139112202
300551,1879.0,131.0,98.0,0.657001586433453
254481,544.0,655.0,71.0,-1.54279356663773
110538,18.0,1902.0,45.0,1.67916938877791
11847,1332.0,195.0,2.0,0.866282256017207
228104,1876.0,1900.0,57.0,1.85805392760524
413906,1891.0,1908.0,114.0,-3.18666953147811
333802,1926.0,1883.0,102.0,-3.56853230863343
114198,1926.0,1893.0,167.0,7.05107138274012
276218,1430.0,1878.0,179.0,-6.81843412840495
181394,1906.0,1560.0,53.0,-7.67696806054769
8247,3.0,1921.0,1.0,-2.28762971107762
301282,1908.0,1921.0,98.0,-5.61700327207518
114731,1877.0,1912.0,167.0,8.95096939023387
100078,1926.0,1921.0,44.0,-2.36470472937504
49494,1559.0,1891.0,7.0,8.31721261707101
73674,544.0,1898.0,13.0,-3.55862706365532
299754,1883.0,5.0,98.0,2.41708111632053
53472,1910.0,1928.0,7.0,3.76616427960517
282163,1878.0,677.0,77.0,-0.457393454463708
194134,1559.0,136.0,176.0,1.98190316375865
283544,1224.0,131.0,77.0,3.80733123789558
193176,136.0,1884.0,176.0,3.73123204389914
182381,1883.0,1671.0,174.0,3.25228191521131
325517,1892.0,1928.0,100.0,-11.856658363165
207876,1224.0,1892.0,178.0,-0.812032520176918
325717,20.0,1898.0,101.0,0.669367038283042
46033,1913.0,14.0,6.0,2.01417029159409
372222,1923.0,1928.0,180.0,1.38357788930054
184462,229.0,1922.0,174.0,-0.338985594311943
209276,1917.0,677.0,178.0,-8.88225598234515
398698,1886.0,1904.0,112.0,-8.86391775933739
15824,147.0,72.0,3.0,-2.05104439845558
427058,160.0,1912.0,115.0,2.56531030566151
14624,1881.0,1897.0,3.0,7.01778358618759
264712,1926.0,1347.0,73.0,0.342106938132373
49100,1897.0,1893.0,7.0,2.51921145616792
58379,1876.0,20.0,9.0,-8.4394734432998
107220,948.0,1888.0,45.0,12.2261220628684
165877,1342.0,14.0,168.0,-4.79915360373683
90127,1919.0,1922.0,172.0,5.33714190981321
397452,748.0,1907.0,112.0,-4.83397759481717
33818,20.0,15.0,166.0,0.532248542730626
357848,1878.0,131.0,108.0,-3.31933926872202
376609,1337.0,120.0,109.0,2.47742840263845
161416,1899.0,1921.0,168.0,1.63066944018785
104058,83.0,1891.0,173.0,-5.38723385597726
178715,1896.0,677.0,53.0,-0.821261070614286
367841,1431.0,1895.0,180.0,-0.853671458128176
74027,1919.0,131.0,13.0,0.223713383484488
31005,1671.0,1897.0,166.0,2.20249171654233
69588,20.0,1886.0,12.0,-7.05313447737252
371184,163.0,1889.0,180.0,-2.69517405406439
254420,160.0,131.0,71.0,-0.864985276183732
163720,1925.0,1908.0,168.0,6.00519184829525
193562,15.0,131.0,176.0,1.50278145479514
177698,1331.0,1901.0,53.0,-2.85732522573314
317685,1912.0,1927.0,99.0,-0.554774358741284
219655,27.0,150.0,56.0,-0.0274161832854139
323364,1915.0,1906.0,100.0,5.46140260769178
65638,1560.0,1914.0,12.0,2.77048136721823
237380,14.0,131.0,60.0,1.14204267162604
311328,1183.0,1890.0,186.0,0.678158304172326
109252,48.0,1884.0,45.0,6.09824492423113
209638,1902.0,1876.0,178.0,0.895622105856225
99231,14.0,1896.0,44.0,-1.36117041386928
435563,1895.0,131.0,116.0,5.59391330690284
31152,47.0,18.0,166.0,-8.43472308678331
345901,1877.0,27.0,104.0,-5.06424191649716
186307,1926.0,1671.0,174.0,1.14139442505741
266714,20.0,1898.0,74.0,-2.29875231154055
398435,120.0,1331.0,112.0,0.846832974048509
339240,1920.0,229.0,103.0,1.8240459376001
313848,1920.0,17.0,186.0,3.21895970188571
372006,82.0,1919.0,180.0,7.68180815049918
265805,1920.0,1921.0,73.0,-16.9284987026729
180059,48.0,1431.0,53.0,9.13405590472712
17705,1877.0,1918.0,3.0,-1.71875917671378
341399,101.0,13.0,104.0,-0.950529914828104
322060,15.0,1923.0,100.0,-1.83663389825267
246790,1431.0,5.0,70.0,3.28841940521323
219961,1889.0,1904.0,56.0,-0.0851514064341397
316005,1881.0,1921.0,99.0,-0.253188605771496
313802,3.0,1892.0,186.0,-6.40917140125981
322137,1897.0,1916.0,100.0,-3.40936730129336
189925,27.0,1883.0,175.0,0.377172346123457
433214,195.0,1900.0,116.0,1.97553860245732
13546,83.0,47.0,2.0,-5.74527321668456
344782,48.0,163.0,104.0,14.8335357405487
47532,1337.0,1912.0,6.0,-7.2657344502889
16130,1885.0,1887.0,3.0,5.58651521353153
99210,604.0,1895.0,44.0,1.73211795391727
115210,1342.0,1890.0,167.0,-6.20820664926829
89136,1877.0,1884.0,172.0,1.70666996346668
318810,82.0,131.0,99.0,1.91012097938846
321781,146.0,15.0,100.0,-1.95453981051284
12993,82.0,1224.0,2.0,3.5087967818746
417582,1926.0,1925.0,114.0,2.4322487900064
315151,160.0,1928.0,186.0,2.51118825635173
180046,1926.0,146.0,53.0,0.136382352065705
436963,1342.0,101.0,116.0,-1.59796457028292
169234,1919.0,1907.0,51.0,-1.11248086657009
204981,163.0,1899.0,177.0,17.9203757688528
310886,1893.0,1912.0,186.0,7.92890477121424
18241,1876.0,1927.0,3.0,-17.8578336202401
166943,1910.0,1927.0,51.0,1.9538833769262
162421,1887.0,1890.0,168.0,-6.9418660626927
4110,1889.0,1888.0,1.0,-0.801374303654302
369066,1899.0,1896.0,180.0,0.38244810219781
214100,1671.0,1923.0,55.0,0.410110723034715
44353,1879.0,131.0,6.0,-3.65568947177239
189119,1560.0,1909.0,175.0,-3.39900400060216
62509,1882.0,131.0,10.0,1.86093413686022
343510,1332.0,150.0,104.0,-0.995264684433184
205359,655.0,1919.0,177.0,-1.47362433587801
247949,101.0,1881.0,70.0,11.3240104869291
435957,1925.0,85.0,116.0,-3.84754360043943
322959,748.0,1921.0,100.0,-1.54598858240805
336235,1904.0,1892.0,103.0,0.397327056381677
59285,1903.0,1928.0,9.0,-3.18077467353429
115053,604.0,1332.0,167.0,1.8899166168367
210323,1560.0,1917.0,178.0,-3.54144690862292
182042,1920.0,1899.0,174.0,1.21067794164237
100818,1888.0,1896.0,173.0,13.2420181486289
322984,1916.0,677.0,100.0,9.19376085851865
185243,163.0,131.0,174.0,4.45869878446681
322629,101.0,47.0,100.0,10.7485613938062
236311,1886.0,1910.0,60.0,4.12350077775737
326954,1884.0,677.0,101.0,1.50671177407798
45956,160.0,85.0,6.0,1.78127822634585
373184,1183.0,1348.0,109.0,-0.845729620899286
189850,544.0,82.0,175.0,12.3692430004926
227746,160.0,1886.0,57.0,-4.41653970977505
180096,83.0,1875.0,53.0,3.64723995371075
50007,146.0,1889.0,7.0,-5.20060417190138
11463,1913.0,14.0,2.0,-4.84997503690198
303852,1913.0,1905.0,98.0,2.25226501005808
345147,1913.0,1906.0,104.0,-3.35680915238058
109305,1877.0,150.0,45.0,2.75661599142234
213705,948.0,788.0,55.0,3.42342553236639
24553,72.0,131.0,4.0,-0.500278494804792
12314,1926.0,1893.0,2.0,13.7845286993649
100988,1898.0,677.0,173.0,7.60134612322001
262300,1559.0,1914.0,73.0,4.73528501214455
193908,11.0,1921.0,176.0,-2.07241561267003
105530,655.0,1928.0,173.0,-3.88354958946158
228077,3.0,677.0,57.0,1.77414531158473
164654,1920.0,11.0,168.0,2.90538397812853
357080,1342.0,1332.0,108.0,-10.0899495173028
72284,195.0,1224.0,13.0,-5.13091406176122
66330,1898.0,1907.0,12.0,0.77732519571039
186529,1905.0,1890.0,174.0,-4.43188889829326
262021,47.0,150.0,73.0,1.03877682259011
438274,1924.0,1928.0,116.0,5.42078187840768
186751,1916.0,1902.0,174.0,-8.24765610564438
9299,18.0,1922.0,2.0,1.39727949194991
302600,1919.0,788.0,98.0,4.66916621848316
177117,15.0,788.0,53.0,-1.92077941314447
323638,82.0,1883.0,100.0,-0.165832134792197
182206,1879.0,1888.0,174.0,-3.46621356987811
356844,13.0,1560.0,108.0,-0.124544360239927
265645,14.0,1878.0,73.0,2.06408443673219
190234,27.0,1909.0,175.0,-8.4534010422183
217044,1919.0,1886.0,55.0,2.59730094548649
195017,1332.0,72.0,176.0,-2.12768182871778
96520,1183.0,1891.0,44.0,-5.76712224532032
230392,146.0,1897.0,58.0,-3.92201453806578
360354,1925.0,1893.0,108.0,-1.77799437180038
183912,748.0,5.0,174.0,1.85937125732283
311686,1894.0,1908.0,186.0,1.43763136863345
70798,85.0,1671.0,13.0,-0.020720326615845
27544,27.0,1891.0,4.0,1.05049468803224
332662,948.0,47.0,102.0,-2.00791037125877
177643,1879.0,748.0,53.0,3.6542940923491
304481,14.0,1903.0,98.0,-1.56505677495333
328206,101.0,1882.0,101.0,-2.04453451256103
322909,136.0,1331.0,100.0,0.80313242832626
192147,1892.0,1918.0,176.0,-6.6108950483612
232929,20.0,1886.0,58.0,-6.92668022970058
8510,1913.0,47.0,1.0,2.92342062882626
107757,1893.0,5.0,45.0,2.89861139980274
161489,748.0,1892.0,168.0,-3.87195977380998
173388,948.0,1347.0,52.0,0.425236105367418
331115,1893.0,788.0,102.0,0.585568581912761
328877,1913.0,195.0,101.0,-1.21534935358473
243949,1915.0,1880.0,69.0,-10.6388350623362
62029,1559.0,150.0,10.0,2.75323959935871
241930,147.0,1912.0,69.0,-2.21732802357323
644600,1897.0,1902.0,60.0,-6.659386888730225
26648,1560.0,1889.0,4.0,-1.3164794988953
164316,1915.0,1880.0,168.0,1.81143788090927
324690,20.0,1888.0,100.0,-6.20650810155602
102895,195.0,1908.0,173.0,-3.3117315620346
4941,1877.0,788.0,1.0,-0.6200442360529
29587,1887.0,1909.0,166.0,7.68021278267405
251158,146.0,1908.0,71.0,1.99770425124939
194386,1902.0,1901.0,176.0,-1.96778297110691
311248,1902.0,83.0,186.0,4.47456540905411
193526,136.0,164.0,176.0,1.868706024033
283568,748.0,1348.0,77.0,0.655306033781111
9067,150.0,1907.0,2.0,8.88492557190629
417508,1877.0,1903.0,114.0,8.75533552812348
60833,1913.0,150.0,10.0,1.03417011647585
343055,146.0,18.0,104.0,-0.963743986087795
219976,1894.0,47.0,56.0,2.92415047886134
28897,604.0,1337.0,4.0,-1.28580816034256
208545,20.0,1911.0,178.0,-0.0911814305876055
246548,1879.0,1917.0,70.0,-2.55146614285694
114988,1337.0,748.0,167.0,-8.39379511641954
52720,1876.0,1906.0,7.0,3.8159019672844
205038,1885.0,1348.0,177.0,-0.399927906586505
286714,544.0,1921.0,77.0,-11.7692208684205
72194,1885.0,1884.0,13.0,-2.96514348601113
304817,1919.0,1928.0,98.0,6.82677603183095
213399,1899.0,1893.0,55.0,-4.89437538980567
66439,1559.0,1922.0,12.0,-0.123869901085035
171282,1920.0,1928.0,51.0,7.28141237066662
100396,1908.0,1928.0,44.0,-2.90765972313028
262185,147.0,1912.0,73.0,-1.44275501997445
265296,1924.0,1917.0,73.0,-1.21092778122422
174309,655.0,1907.0,52.0,-0.188063083112638
256497,1883.0,120.0,72.0,1.24507025313216
331968,1898.0,1892.0,102.0,4.33269820957169
303934,82.0,136.0,98.0,1.76057262338231
304737,655.0,1337.0,98.0,5.30218199425232
108363,1913.0,1919.0,45.0,6.49982105177096
237738,1906.0,1879.0,60.0,-6.43287609842367
357760,1875.0,1909.0,108.0,5.79643724585322
435944,1919.0,47.0,116.0,-2.99307769444131
190790,604.0,1904.0,175.0,0.967855084412912
108817,160.0,1901.0,45.0,5.42552338869985
173463,136.0,17.0,52.0,1.32501642645004
317364,82.0,1887.0,99.0,3.08056360067548
215144,13.0,1918.0,55.0,3.04153029385218
110588,748.0,1900.0,167.0,0.816118151362316
322767,1671.0,1921.0,100.0,1.7845810228087
260845,1919.0,1921.0,72.0,-2.79204909591024
286090,604.0,1877.0,77.0,19.6640953109652
203066,1895.0,1917.0,177.0,5.02360649426528
245638,14.0,1928.0,69.0,-1.57394594390404
326712,13.0,1560.0,101.0,5.63164185419406
52966,1876.0,748.0,7.0,-3.50687458765755
60010,1899.0,147.0,10.0,4.75891530690615
280701,163.0,1905.0,75.0,-0.973926928385142
227385,160.0,1348.0,57.0,0.377495536619563
237974,1925.0,1877.0,60.0,4.47559982384997
249527,27.0,1431.0,70.0,1.05957972708723
256252,164.0,15.0,72.0,3.50802830431729
212372,1913.0,1908.0,178.0,-0.203643311904335
109312,1915.0,544.0,45.0,6.60518773105771
389246,1925.0,195.0,111.0,-1.152688740834
185354,82.0,11.0,174.0,9.03373653862499
203466,1881.0,1908.0,177.0,8.92200664390494
269637,1430.0,229.0,74.0,2.80524699711644
261472,150.0,17.0,73.0,-0.211113748160758
16995,3.0,1909.0,3.0,-5.94007218775165
113816,1925.0,1914.0,167.0,4.87030522364628
112893,1347.0,1884.0,167.0,-8.56299971488716
226188,1915.0,72.0,57.0,4.79865070616211
28437,1342.0,1886.0,4.0,-5.15680135673253
8349,544.0,677.0,1.0,1.48627461241683
198008,948.0,1876.0,54.0,-1.39496550859478
315758,101.0,195.0,99.0,2.27245197450374
275582,1925.0,1918.0,179.0,19.8729284648943
15394,948.0,1905.0,3.0,0.863186520809905
101314,748.0,1921.0,173.0,6.44086015521931
284335,17.0,1921.0,77.0,3.77396751965385
61157,1887.0,1911.0,10.0,5.37285582555757
637220,1884.0,1902.0,74.0,-0.788802300067031
196655,604.0,1876.0,176.0,1.60674393745595
235704,1902.0,27.0,60.0,0.780699323588605
416608,160.0,1879.0,114.0,1.56629959478445
631539,1559.0,1902.0,44.0,-6.63125259438151
274383,1879.0,1887.0,179.0,1.40495684402063
51061,1888.0,1890.0,7.0,3.24210935261415
214004,1897.0,1893.0,55.0,2.18193691194862
200922,1337.0,677.0,54.0,-4.47073699628167
241259,1907.0,1921.0,69.0,-9.97565870046038
161359,1896.0,1927.0,168.0,-0.626703566622166
223445,1183.0,1921.0,57.0,-2.01204065704647
165503,604.0,1332.0,168.0,-3.46671720371619
346267,1876.0,1921.0,104.0,0.472841123974673
72049,1886.0,1903.0,13.0,-5.04665060065557
65546,1348.0,1331.0,12.0,0.784720916172234
246591,146.0,1892.0,70.0,0.831647627375127
264579,1925.0,604.0,73.0,-1.39431691532396
240682,1886.0,1896.0,69.0,-0.383297623576866
303295,1924.0,1431.0,98.0,0.157200004758245
60844,1892.0,1918.0,10.0,0.1701859879002
274022,1911.0,1910.0,179.0,-3.6372074656302
283895,748.0,195.0,77.0,-7.97591215478339
237497,1876.0,17.0,60.0,-3.99195676145982
212615,1876.0,1928.0,178.0,0.377595278292469
217314,1925.0,1560.0,55.0,-0.0323243422825623
304329,1915.0,1882.0,98.0,7.28713121002839
253044,1875.0,1899.0,71.0,-6.83188178715589
15082,948.0,1883.0,3.0,-2.06898924215962
253665,1913.0,1923.0,71.0,3.67454040922589
320790,1878.0,11.0,100.0,1.99111425154576
332830,146.0,1887.0,102.0,6.33269762749311
202982,146.0,1904.0,177.0,2.65569605244306
264046,1332.0,1875.0,73.0,-5.41035608936951
98786,27.0,1906.0,44.0,17.3317355836514
345415,1926.0,1348.0,104.0,-4.91315231901412
368115,85.0,17.0,180.0,0.499386301985
228865,72.0,131.0,58.0,-4.33419933642933
241949,164.0,1898.0,69.0,3.26041368149938
262882,1899.0,11.0,73.0,-1.3507616186467
377321,1879.0,1928.0,109.0,-1.37925712492656
416141,1905.0,17.0,114.0,-2.06718144633182
261985,146.0,1886.0,73.0,-0.478233598484192
374134,1882.0,17.0,109.0,1.15582593213103
215052,1911.0,1910.0,55.0,-0.680687953731916
389977,3.0,101.0,111.0,13.2364850993832
88560,1876.0,229.0,172.0,-9.4180351132617
47250,1915.0,20.0,6.0,-2.3849091981256
633624,1883.0,1902.0,109.0,-2.8460570030721746
216798,1906.0,1895.0,55.0,-0.232956849049833
177410,1875.0,146.0,53.0,-0.449393907900019
300812,1671.0,1901.0,98.0,-1.80856278120034
98379,1925.0,1919.0,44.0,-2.91661497497451
255114,1905.0,1917.0,71.0,-1.28929607357802
194850,1925.0,1908.0,176.0,0.706287865882587
45867,72.0,1907.0,6.0,-0.179347621159474
343258,1337.0,1332.0,104.0,-6.66490687818526
178994,1559.0,146.0,53.0,-0.562551728680834
226080,48.0,1908.0,57.0,-9.49572965558646
370124,544.0,788.0,180.0,-5.81960123998009
280196,1919.0,1880.0,75.0,-7.30481094196812
285913,1876.0,677.0,77.0,-1.37736466197005
427359,1920.0,136.0,115.0,-2.52200160169391
13764,1342.0,1902.0,2.0,-10.7288455111487
278451,1559.0,748.0,75.0,0.40267327259322
270434,1924.0,1875.0,74.0,-4.6110474036162
70237,48.0,1928.0,12.0,-12.7329937905235
416471,14.0,1896.0,114.0,-2.64404579087044
326133,164.0,195.0,101.0,-0.434975965428559
49594,164.0,1921.0,7.0,2.55814696329862
388566,163.0,1911.0,111.0,7.56986755776713
231328,1881.0,5.0,58.0,-0.87419088287841
212550,163.0,1928.0,178.0,1.69488842187142
283382,1898.0,1900.0,77.0,3.59314336563638
257261,1893.0,1911.0,72.0,-3.52961941082705
414257,1912.0,13.0,114.0,3.59258019627332
219485,1885.0,788.0,56.0,3.8251980241457
257641,15.0,1901.0,72.0,-21.0608579188409
180770,1919.0,13.0,53.0,-3.61013932745372
162648,1880.0,1911.0,168.0,-0.931705279142847
400485,1925.0,11.0,112.0,-4.16076020263028
168722,1183.0,1914.0,51.0,0.955095542854631
192937,1907.0,1918.0,176.0,-1.94030415479615
237959,604.0,1877.0,60.0,2.18304602830751
424308,1888.0,1900.0,115.0,1.36132755575603
304834,20.0,1928.0,98.0,10.7821021032028
244336,1924.0,101.0,69.0,8.53176719734237
111168,1908.0,788.0,167.0,-2.25969494470129
319436,160.0,1912.0,99.0,-1.36312870414862
346143,1876.0,1900.0,104.0,-1.68187451613869
423366,147.0,1348.0,115.0,-0.726151800190988
277944,5.0,1910.0,75.0,0.13620433592933
255003,3.0,1912.0,71.0,-6.4972179935401
332199,677.0,1901.0,102.0,-1.36381895595086
68627,1913.0,1875.0,12.0,1.36136006978987
424734,1900.0,147.0,115.0,-1.46238116052545
184854,1430.0,1331.0,174.0,-14.5609287319564
360626,229.0,1896.0,108.0,2.00771412927789
13635,136.0,1928.0,2.0,4.05999075220045
370818,655.0,11.0,180.0,1.29210848750679
185426,1920.0,101.0,174.0,7.49260117389321
230878,1912.0,17.0,58.0,0.983721999660358
68348,160.0,1898.0,12.0,-1.24458294622489
57770,1906.0,1914.0,9.0,-2.15428346050156
30597,13.0,1917.0,166.0,-7.65093344280588
644559,1891.0,1902.0,167.0,4.136437075563115
319984,1926.0,1878.0,99.0,-3.75989997262859
369347,1904.0,1921.0,180.0,-0.728706751002384
261354,1183.0,131.0,73.0,-3.09099206002163
326208,163.0,1887.0,101.0,3.68378750908301
180375,1337.0,544.0,53.0,4.18305383710971
312109,1898.0,1901.0,186.0,-9.59616052711882
50380,1347.0,1895.0,7.0,0.345409033499936
52611,1925.0,1889.0,7.0,6.00730536783578
337836,1878.0,677.0,103.0,1.08027895760693
286773,655.0,1878.0,77.0,1.27330394320379
331191,1911.0,17.0,102.0,5.156595087768
114730,229.0,1559.0,167.0,1.53805430738954
53135,655.0,1921.0,7.0,5.47041004301957
391105,229.0,1910.0,111.0,-0.871814869754026
223233,1896.0,13.0,57.0,-2.67579130021433
57697,1925.0,604.0,9.0,2.22848372613108
15597,1902.0,20.0,3.0,-1.80147463965044
230666,1891.0,1914.0,58.0,1.93647692009217
175135,3.0,17.0,52.0,-1.15416682859518
114370,544.0,20.0,167.0,-8.75750390402577
390193,655.0,1896.0,111.0,9.20867885604045
400733,82.0,1895.0,112.0,0.0096132919092004
58106,544.0,20.0,9.0,2.58116214320182
50736,1880.0,72.0,7.0,-2.42483913380308
56100,677.0,1910.0,9.0,2.06368570768328
336822,1879.0,1893.0,103.0,4.80265376721237
14434,1903.0,1900.0,3.0,1.74341722779421
345329,1342.0,544.0,104.0,1.684214914154
89782,229.0,136.0,172.0,-7.87858435167199
286870,1430.0,1560.0,77.0,-1.31231109494694
325516,82.0,1928.0,100.0,2.17213221526205
8397,27.0,1900.0,1.0,5.06480282470014
15519,1914.0,1892.0,3.0,-0.881445653766301
34196,1916.0,1902.0,166.0,-9.76182268717108
109532,1342.0,1889.0,45.0,-1.52257029689522
273309,147.0,47.0,179.0,-2.56794786310002
31083,1897.0,788.0,166.0,0.560350094634305
165754,1876.0,1922.0,168.0,-5.06027091340134
17018,655.0,1926.0,3.0,5.29138560956575
7559,1925.0,13.0,1.0,-0.242082755174272
73714,1906.0,1901.0,13.0,-1.78615723076523
388020,1921.0,1918.0,111.0,46.6279471958241
47105,1920.0,1904.0,6.0,0.90272291498895
271045,1925.0,1924.0,74.0,4.9729761173726
372020,1924.0,1337.0,180.0,-3.62364943436837
330574,544.0,3.0,101.0,-2.85933892751426
218284,1348.0,1908.0,56.0,-4.90852888959402
187732,1898.0,1890.0,175.0,2.43527472769185
259333,1919.0,131.0,72.0,3.4998213672431
179073,1897.0,1912.0,53.0,0.296568403532711
325017,1925.0,1342.0,100.0,6.00215541843548
324978,163.0,1886.0,100.0,-1.34075661840986
60879,1886.0,1901.0,10.0,-0.0098797564278654
286145,1906.0,1895.0,77.0,0.934818841933285
320443,1877.0,1910.0,100.0,2.78056633845675
438353,1926.0,1902.0,116.0,0.919764420506259
170665,163.0,1342.0,51.0,-2.53044086229824
175772,163.0,1920.0,52.0,-0.671312415837105
164285,604.0,1913.0,168.0,9.82986743024156
86973,1899.0,150.0,172.0,-0.140851591599797
45652,72.0,1881.0,6.0,-1.4122833468132
27850,1925.0,1905.0,4.0,4.99706412925622
211620,83.0,1895.0,178.0,4.16549247904397
198507,1347.0,1908.0,54.0,-5.82903423051676
207466,748.0,1928.0,177.0,2.27188697260648
250044,1925.0,1430.0,70.0,2.03671387244646
261605,1881.0,1889.0,73.0,-3.08010232353942
99324,1920.0,13.0,44.0,11.822669721397
233314,544.0,1911.0,58.0,-1.73843857610892
115602,1431.0,1902.0,167.0,-2.88994987371973
201729,14.0,1882.0,54.0,1.03461968734437
270620,48.0,1917.0,74.0,-9.28188585276057
275042,48.0,1331.0,179.0,-22.9740617238701
105392,604.0,1925.0,173.0,-4.61943771985617
281785,1337.0,47.0,75.0,-10.9868913258193
72501,1875.0,1224.0,13.0,3.44798972604721
31373,1883.0,1224.0,166.0,-4.89021397399679
371495,1915.0,1671.0,180.0,-20.5032167482145
241500,1897.0,11.0,69.0,-7.59174852617239
424617,136.0,47.0,115.0,-0.516668160713231
390115,1913.0,18.0,111.0,-0.212637370709238
333736,160.0,1183.0,102.0,-0.911219315845601
260877,82.0,788.0,72.0,-0.566521215151056
104865,1924.0,120.0,173.0,8.3384024088152
161167,1671.0,18.0,168.0,-0.199284391469829
343401,1885.0,1888.0,104.0,4.88220998237381
209953,1908.0,18.0,178.0,-10.3672545455881
426745,14.0,18.0,115.0,7.90085790119759
331138,1875.0,1904.0,102.0,1.29261063289469
316580,146.0,195.0,99.0,0.394467032164854
416794,160.0,1224.0,114.0,7.3767103552469
276330,1877.0,1890.0,179.0,-0.472770908872579
373366,1887.0,1888.0,109.0,1.0929590567547
321157,1903.0,1914.0,100.0,1.17503897919118
204459,1888.0,164.0,177.0,-2.63534312208772
175855,1926.0,1886.0,52.0,-10.1549793309664
319308,1430.0,5.0,99.0,2.66530177794679
391030,1337.0,1908.0,111.0,-2.1458160261254
6990,20.0,131.0,1.0,-2.00557093690066
335240,1913.0,1917.0,102.0,-0.573481296467177
176341,604.0,1337.0,52.0,2.60556396903796
47125,14.0,1348.0,6.0,-0.956008429137539
57862,82.0,101.0,9.0,-1.09202514205765
219603,1919.0,1898.0,56.0,3.57608094798713
234183,1904.0,13.0,60.0,-1.21981099113894
51281,1915.0,1919.0,7.0,16.0035037008848
278317,1347.0,1885.0,75.0,5.31614213472147
300206,1912.0,147.0,98.0,-1.25568562447994
397633,1891.0,1892.0,112.0,-0.452832391259773
216781,1920.0,1430.0,55.0,0.568834892223882
312399,1897.0,1906.0,186.0,-7.50356515230589
12146,3.0,1913.0,2.0,-2.19073563516753
424800,1899.0,1911.0,115.0,1.60376258016252
11182,1920.0,1347.0,2.0,-3.6827178723243
249367,229.0,163.0,70.0,9.73684932243625
16491,604.0,160.0,3.0,1.14767641824578
180794,48.0,1559.0,53.0,-3.59192994122591
414961,948.0,1342.0,114.0,3.53306852301042
318357,1924.0,1898.0,99.0,-5.76372806234465
343795,1875.0,1903.0,104.0,0.475499169928898
321554,1892.0,1923.0,100.0,1.1029600187876
284241,146.0,17.0,77.0,4.57521274513785
172395,1897.0,1910.0,52.0,1.58054599141004
435982,1877.0,1183.0,116.0,5.95807692588
71087,1880.0,15.0,13.0,1.55178146634411
254499,1905.0,1884.0,71.0,0.0268536684757321
376071,1877.0,1884.0,109.0,-7.17022652229268
176905,85.0,18.0,53.0,-0.402678845887654
192239,1907.0,1882.0,176.0,-0.108920880158485
278282,1559.0,72.0,75.0,2.12882289547744
211908,229.0,147.0,178.0,-2.60685517818842
10481,1884.0,1908.0,2.0,-8.68307364852166
238623,604.0,1921.0,60.0,-6.11518213378132
390296,544.0,1348.0,111.0,-3.39835351596043
17425,160.0,5.0,3.0,10.0251341716285
96484,1889.0,1894.0,44.0,-0.810282507824454
367165,1875.0,120.0,180.0,-3.07706472325789
336811,1902.0,1224.0,103.0,-0.408859626077578
182765,948.0,1876.0,174.0,0.416683990027759
184163,1560.0,1882.0,174.0,2.86857373434383
323462,544.0,195.0,100.0,-3.20564159506419
87403,147.0,131.0,172.0,1.76337834756704
272079,147.0,1348.0,179.0,-2.2340689478129
302305,1885.0,1912.0,98.0,2.78491100831052
325041,604.0,1332.0,100.0,1.19224997059418
262272,147.0,1898.0,73.0,1.93800947978163
264919,48.0,1884.0,73.0,-7.52303597429011
102510,1899.0,1888.0,173.0,0.400814807286173
25965,1919.0,1887.0,4.0,0.0204994458449654
647737,1909.0,1902.0,166.0,-0.5984101848888401
427699,83.0,1922.0,115.0,-4.77966958095901
33189,604.0,1875.0,166.0,-3.00527068851333
332559,101.0,1922.0,102.0,-1.56985813754969
272043,3.0,1332.0,179.0,1.2073589927656
186466,229.0,1882.0,174.0,1.57171149325005
174928,82.0,131.0,52.0,1.83026148476077
337623,1560.0,131.0,103.0,-1.75140797090669
232794,27.0,13.0,58.0,-1.88906418301632
642585,1899.0,1902.0,112.0,-0.0451593909452114
271813,1431.0,1894.0,179.0,6.74766647172031
96351,147.0,195.0,44.0,27.2606210431222
208181,1885.0,1887.0,178.0,2.66678277178698
359717,544.0,1898.0,108.0,-5.69628151278435
335024,1913.0,147.0,102.0,-0.933048583594076
329888,20.0,1888.0,101.0,-0.3329552934303
331987,948.0,1903.0,102.0,4.65986789811719
300494,5.0,131.0,98.0,-1.38416940577291
174559,229.0,164.0,52.0,2.27853621790845
328155,1671.0,788.0,101.0,-1.97818531128306
75325,1337.0,85.0,13.0,-5.03871617202455
103948,1924.0,163.0,173.0,17.4318332024106
8086,83.0,1878.0,1.0,4.38767979727262
100300,1919.0,1908.0,44.0,3.37539052796829
218219,1889.0,1912.0,56.0,0.177196035890155
388559,120.0,1908.0,111.0,0.811871455782719
163491,1896.0,1923.0,168.0,-4.97582613397007
10711,1913.0,1898.0,2.0,-0.667132916484199
219054,1879.0,72.0,56.0,-6.5290646922338
103002,195.0,11.0,173.0,2.99739147577938
194623,1889.0,1896.0,176.0,-0.606774236871477
374560,948.0,1892.0,109.0,3.12303951823485
300853,1902.0,948.0,98.0,3.50703550243638
13316,229.0,1921.0,2.0,-6.76783144677907
33994,3.0,1903.0,166.0,-3.58049947577226
437942,655.0,1890.0,116.0,4.71348589146337
170174,1920.0,1879.0,51.0,0.59394230327987
427917,1887.0,1928.0,115.0,-7.3909091529944
301067,1912.0,1923.0,98.0,1.13705791812617
73126,101.0,1348.0,13.0,3.43060862361394
201444,82.0,1918.0,54.0,0.0991132072760574
57257,48.0,1919.0,9.0,7.98053712352908
300680,85.0,1888.0,98.0,-2.14742928383354
196745,1925.0,1671.0,176.0,7.60184737505485
284880,229.0,1922.0,77.0,1.35524230392269
320949,11.0,18.0,100.0,-0.023211966065114
189071,1560.0,1908.0,175.0,7.21017713767628
66696,146.0,1894.0,12.0,3.49847191910878
236649,1331.0,11.0,60.0,3.55069989517667
74543,48.0,1904.0,13.0,2.06067179020704
166581,1880.0,1898.0,51.0,5.33422704860755
236069,1881.0,15.0,60.0,-5.90408047119739
31528,1883.0,17.0,166.0,-5.417904300266
51730,163.0,1880.0,7.0,-1.9113659972643
90326,604.0,1928.0,172.0,1.74039484092961
313664,14.0,17.0,186.0,-2.34540964668991
345258,1913.0,1889.0,104.0,-7.65075764928816
358424,1926.0,748.0,108.0,-10.0973971045577
302100,1559.0,1901.0,98.0,1.33816498532309
315405,85.0,1886.0,99.0,-0.898347098679162
110189,83.0,1876.0,45.0,-3.94117294595805
29519,1916.0,1911.0,166.0,-0.638929150631833
52282,160.0,1884.0,7.0,8.3028098581737
103525,229.0,788.0,173.0,13.5332851450296
329901,229.0,544.0,101.0,2.63828048674747
371602,229.0,1342.0,180.0,3.16077279721232
423934,1878.0,85.0,115.0,-1.55288902174433
9166,1891.0,1560.0,2.0,9.98151988176776
359991,544.0,1331.0,108.0,-0.491890383449873
333866,544.0,195.0,102.0,-6.48440982298748
427254,82.0,1224.0,115.0,0.404077523908497
208305,1883.0,788.0,178.0,1.04411998126405
51045,1891.0,1904.0,7.0,-1.09794062584721
337452,1919.0,1899.0,103.0,19.854738116682
225675,120.0,11.0,57.0,3.7533944038918
256615,1897.0,13.0,72.0,-3.0184602987235
287107,1921.0,1928.0,77.0,2.85718508989823
266170,14.0,1928.0,73.0,4.41687008769687
233138,1342.0,1560.0,58.0,-6.07652673371694
195510,160.0,604.0,176.0,3.74670919358258
207082,20.0,85.0,177.0,-5.25460122581607
5676,72.0,1897.0,1.0,-0.0827615790223504
114617,1926.0,1889.0,167.0,4.96093475363985
189876,163.0,195.0,175.0,-2.29156866906668
387919,948.0,47.0,111.0,4.4004740719983
172041,47.0,1888.0,52.0,-14.4947410075003
230352,1183.0,1907.0,58.0,7.02094324456282
331377,1902.0,1901.0,102.0,8.38401707931078
341191,1906.0,1928.0,103.0,0.137476185142685
5113,1898.0,1918.0,1.0,-2.08632187004921
283308,1342.0,150.0,77.0,-3.54274056490183
435322,1902.0,1877.0,116.0,-1.30610529395246
213487,101.0,1893.0,55.0,8.05580197991607
203099,1875.0,72.0,177.0,-2.8722089546778
360624,48.0,1896.0,108.0,4.33988367397621
285472,1913.0,1879.0,77.0,-10.5111574957834
62821,1906.0,72.0,10.0,-8.86158147422274
230604,1559.0,195.0,58.0,-6.612891461073
264913,229.0,150.0,73.0,11.6635048927834
360318,27.0,1896.0,108.0,-5.77870028639445
260382,1332.0,1559.0,72.0,-4.62799770982084
414801,948.0,1878.0,114.0,0.90477356354065
261535,1897.0,1913.0,73.0,-0.979204122369469
103575,83.0,1883.0,173.0,-1.8586732525397
436672,83.0,1916.0,116.0,0.406715620697025
269862,1926.0,163.0,74.0,-1.375245952681
161020,948.0,1903.0,168.0,0.778703889060062
166608,1897.0,17.0,51.0,-2.82575171085183
65739,1908.0,131.0,12.0,1.26207512799756
189554,27.0,1332.0,175.0,-1.67930220546682
220510,948.0,1907.0,56.0,1.93368240902859
98322,20.0,1875.0,44.0,-4.17344269385312
248938,1342.0,195.0,70.0,3.0279440922223
198165,1916.0,18.0,54.0,7.12007124296439
358272,1888.0,1431.0,108.0,-10.9987299818442
304412,1876.0,15.0,98.0,9.18019250185034
398510,1897.0,163.0,112.0,2.32683947518212
98218,229.0,1183.0,44.0,3.45395508862121
114469,604.0,13.0,167.0,3.66236859158958
219104,1897.0,13.0,56.0,3.41089804923353
252867,47.0,1347.0,71.0,-3.97853365078891
175987,3.0,1876.0,52.0,11.2309726465405
179783,20.0,229.0,53.0,-9.49477724991396
332318,1915.0,1898.0,102.0,4.56321519014684
100043,48.0,1900.0,44.0,3.05505469903903
196388,1337.0,120.0,176.0,2.91928489196615
279927,1905.0,1901.0,75.0,-5.70114550140452
18364,27.0,15.0,3.0,-9.62711514161159
194791,1875.0,147.0,176.0,-2.01913647186215
215966,1924.0,1926.0,55.0,3.28642086850137
13787,1886.0,1908.0,3.0,-0.541647335760631
31657,1893.0,1347.0,166.0,1.58473754049388
336155,1887.0,1922.0,103.0,0.834567505530981
221213,82.0,1883.0,56.0,2.74421406306343
206284,14.0,1348.0,177.0,-8.18208021465579
213932,1898.0,1922.0,55.0,-5.86412618780822
104100,14.0,1891.0,173.0,-11.3544179543587
276163,1430.0,748.0,179.0,0.774012471528167
398726,1888.0,1224.0,112.0,2.59176528898011
166884,1886.0,677.0,51.0,-3.82566604690014
225663,1886.0,1918.0,57.0,-3.11114819440021
208035,1897.0,1907.0,178.0,-13.7451356967923
212156,1924.0,1560.0,178.0,0.478417226219053
34274,163.0,1928.0,166.0,-3.12009414336949
232703,544.0,1348.0,58.0,-0.897823786830223
361430,83.0,1908.0,108.0,-4.55107790242986
325688,1900.0,1895.0,101.0,0.494586620225977
425068,1183.0,1892.0,115.0,-2.47762734388096
189048,1888.0,1910.0,175.0,3.14080198418437
180748,544.0,1912.0,53.0,4.56315478734515
280097,1924.0,1916.0,75.0,14.1802664452281
43893,1880.0,748.0,6.0,-4.18566453777811
226178,1342.0,1907.0,57.0,-0.218206773125245
318658,1332.0,1916.0,99.0,6.19891086306394
49082,1888.0,1904.0,7.0,1.34076781639488
434317,47.0,1347.0,116.0,-0.524923462889223
200463,544.0,1881.0,54.0,8.70110201409936
32482,163.0,1331.0,166.0,-8.99401087235139
5250,1883.0,1881.0,1.0,-5.62937716042739
28802,27.0,1560.0,4.0,-2.56454900233722
311267,1880.0,17.0,186.0,-8.05399031930545
33845,544.0,1900.0,166.0,2.67918588689007
330294,1920.0,1671.0,101.0,-35.9362498051618
330509,544.0,1882.0,101.0,-2.40902436640451
85653,120.0,131.0,172.0,0.545453769940789
438099,1924.0,3.0,116.0,-2.71534744303129
181320,1926.0,1911.0,53.0,-5.47581167949208
230375,1559.0,1891.0,58.0,-2.65955645029257
34159,1926.0,1902.0,166.0,3.10341629341221
399056,1888.0,164.0,112.0,-9.48426525032951
255866,655.0,1902.0,71.0,0.836556684304625
48817,150.0,1331.0,7.0,13.4953537725874
279813,229.0,1923.0,75.0,9.50310579642613
60626,1347.0,1894.0,10.0,2.43628247468572
230200,1879.0,72.0,58.0,-2.20630674390222
108537,1926.0,1919.0,45.0,0.104902801710723
376328,160.0,1875.0,109.0,2.81987890051139
311152,1886.0,1890.0,186.0,1.33297610784754
336185,1916.0,1927.0,103.0,-1.82367923182786
87104,1915.0,1332.0,172.0,-2.59640290827874
235723,1183.0,1224.0,60.0,3.24524886981216
370046,3.0,195.0,180.0,-1.1254843885761
49371,1897.0,1876.0,7.0,2.21089218585096
315422,1899.0,1896.0,99.0,1.91247153854888
103083,1878.0,120.0,173.0,-3.46874685405328
189413,1900.0,1911.0,175.0,-1.16006466981456
242643,1900.0,11.0,69.0,1.30384015245272
227969,3.0,1900.0,57.0,-0.221689534261984
255268,3.0,1886.0,71.0,3.31156382028582
162826,147.0,1917.0,168.0,1.29558228340268
107095,1889.0,1896.0,45.0,-7.83186684241249
73442,1906.0,1923.0,13.0,-1.69831627360299
243957,14.0,1880.0,69.0,-4.22773151719772
195375,604.0,1916.0,176.0,7.47796946197156
173146,1882.0,18.0,52.0,3.54719969440351
209752,1880.0,13.0,178.0,-4.4403825025618
401184,48.0,1886.0,112.0,-1.51123914940775
275732,1920.0,1430.0,179.0,-2.646867348549
195499,1905.0,1909.0,176.0,-3.07088696073213
72240,1876.0,1910.0,13.0,2.85671559364744
282364,1895.0,1927.0,77.0,1.89449406777592
304037,1905.0,136.0,98.0,5.84744925655632
16478,1876.0,47.0,3.0,-2.89923084725849
70731,1885.0,1918.0,13.0,0.620058399644645
102592,748.0,120.0,173.0,-2.75243246418944
209071,47.0,1348.0,178.0,-3.34436750264213
28254,160.0,1430.0,4.0,-0.0404311269930764
336935,1878.0,5.0,103.0,2.40009540542242
102381,1887.0,1888.0,173.0,12.4944327128747
237272,1920.0,1331.0,60.0,-3.43904374467933
259473,83.0,544.0,72.0,0.906864168767007
208390,1888.0,1890.0,178.0,-3.40485622306773
284792,748.0,1914.0,77.0,-4.14690821253766
198439,1889.0,1907.0,54.0,0.391860653685661
60446,1183.0,1893.0,10.0,0.208826131131279
424926,948.0,1915.0,115.0,5.13377269078748
99326,163.0,544.0,44.0,4.11180466496663
303756,160.0,1879.0,98.0,-1.61967136725833
333677,229.0,85.0,102.0,-2.68935140779804
103319,20.0,788.0,173.0,-19.8515609355998
279467,1183.0,1901.0,75.0,2.66139587635948
329098,1430.0,131.0,101.0,3.08333921009693
415975,27.0,146.0,114.0,-5.24890473128267
344027,1907.0,1882.0,104.0,-4.07104104978534
344802,3.0,163.0,104.0,2.51642529418792
86289,1560.0,1914.0,172.0,4.25112402391928
219844,1886.0,1909.0,56.0,-5.04768323874468
424865,47.0,72.0,115.0,-4.62179525201275
223082,1876.0,1902.0,56.0,0.760645296693844
284312,101.0,72.0,77.0,10.1988358774219
375627,604.0,1913.0,109.0,3.1328069567429
207141,1926.0,1882.0,177.0,-3.24826107607662
265354,20.0,136.0,73.0,-5.07810068551257
356890,1891.0,1560.0,108.0,-0.89811860124953
175978,3.0,1560.0,52.0,-2.44146784897169
224991,1879.0,1888.0,57.0,0.738940530455077
67412,1883.0,1896.0,12.0,-2.08967132250605
194613,1881.0,1901.0,176.0,1.64898157147254
426332,1905.0,1909.0,115.0,-4.66709517847627
375687,1915.0,1909.0,109.0,-3.44441798401937
425954,1905.0,1907.0,115.0,-15.0063854054149
333800,229.0,1883.0,102.0,-5.13155826095949
63455,1913.0,1891.0,10.0,4.88130880324533
326592,1911.0,1923.0,101.0,-4.45480144731804
624453,1894.0,1902.0,52.0,5.08800247306456
55838,1903.0,17.0,9.0,-0.837780733412367
57374,83.0,1915.0,9.0,-2.1289703464876
57027,27.0,1919.0,9.0,9.65472701907228
8202,1925.0,748.0,1.0,9.74041335169894
216559,1877.0,5.0,55.0,2.62160449518564
285025,1905.0,72.0,77.0,-10.0688740450824
435230,1880.0,1902.0,116.0,-4.29474207404523
427200,1906.0,120.0,115.0,-2.98422233824344
234501,147.0,1908.0,60.0,-3.20775202136594
169735,83.0,101.0,51.0,4.54199767268485
375777,604.0,1431.0,109.0,2.29319735948223
177370,1885.0,85.0,53.0,0.310779676049823
328944,160.0,1909.0,101.0,8.56519034547986
210678,3.0,18.0,178.0,1.26634987161343
302908,83.0,1331.0,98.0,0.378657361730219
256713,948.0,1887.0,72.0,-9.42225359150802
75665,1331.0,1902.0,13.0,-7.12738313066708
359149,1926.0,18.0,108.0,0.449319812598154
188814,1899.0,1891.0,175.0,-9.67917059386542
372889,1891.0,13.0,109.0,-5.10125398353567
357472,677.0,1918.0,108.0,-5.15296412311376
263189,1878.0,1881.0,73.0,9.06813785465489
197819,1899.0,1911.0,54.0,0.589804425599664
4388,1892.0,1918.0,1.0,0.801171331739547
11576,1920.0,1923.0,2.0,-1.86952924258226
248135,146.0,1896.0,70.0,-3.02365542899035
188275,1875.0,748.0,175.0,4.34188055987903
228717,1895.0,1431.0,58.0,20.5872865802937
258222,20.0,1899.0,72.0,-0.933946335440292
168814,1912.0,1883.0,51.0,-1.53796007448342
187366,13.0,1892.0,175.0,0.649982346780345
310791,748.0,1917.0,186.0,-7.74826395326513
201217,1876.0,1348.0,54.0,-2.49448272789904
107611,1559.0,1889.0,45.0,0.665780970892314
301662,164.0,1893.0,98.0,0.91728443110409
436142,1905.0,72.0,116.0,-5.9042721965963
304749,14.0,47.0,98.0,-9.23136027698955
243077,1892.0,1927.0,69.0,-6.90326465721411
346155,1332.0,1560.0,104.0,-3.02560910037489
228031,1925.0,1878.0,57.0,-1.21747208003692
310422,1183.0,1899.0,186.0,1.30997907828385
188055,195.0,1347.0,175.0,-2.0432033513561
109486,1876.0,5.0,45.0,13.5978879333843
24354,131.0,18.0,4.0,-4.23318218568086
227612,1913.0,1224.0,57.0,6.45177746921706
60550,1884.0,1907.0,10.0,-1.82311130683824
187687,1183.0,1912.0,175.0,3.42295118339254
252527,1879.0,1895.0,71.0,-5.6385301802344
211013,1430.0,1909.0,178.0,-0.974119939896123
325336,163.0,1903.0,100.0,-2.54889027625804
246425,1559.0,1886.0,70.0,5.3307120362404
98340,1915.0,1183.0,44.0,5.00042386014289
313667,1342.0,1431.0,186.0,-0.884269149317773
179733,604.0,1887.0,53.0,-11.8302995306241
226444,1925.0,1887.0,57.0,4.24312553872117
100714,1878.0,1890.0,173.0,1.0232976178564
17323,1924.0,131.0,3.0,8.19017864236776
313428,1924.0,1916.0,186.0,3.52280866361145
196600,20.0,1882.0,176.0,-8.57786339631411
209966,1342.0,1332.0,178.0,-0.667250284179123
109342,604.0,1918.0,45.0,7.65348857829678
357611,146.0,1898.0,108.0,3.22530684535812
413247,1559.0,1560.0,114.0,-0.0343456817215926
90060,604.0,1878.0,172.0,2.07687495665662
201836,604.0,1671.0,54.0,2.03997019386932
204343,47.0,11.0,177.0,-1.45307956410757
437890,163.0,677.0,116.0,3.55626806607909
280676,1332.0,18.0,75.0,-3.81175663160881
633730,1875.0,1902.0,10.0,-5.140016037281818
198298,748.0,1431.0,54.0,-0.301340423171332
58049,1920.0,1884.0,9.0,-2.39921488497315
241118,1893.0,131.0,69.0,0.219119251760576
244558,655.0,1879.0,69.0,-11.0590566137826
251804,1877.0,1887.0,71.0,6.0279800977002
414170,1559.0,1183.0,114.0,1.08736940133631
331036,1900.0,1895.0,102.0,-4.04974418493309
203456,1878.0,1912.0,177.0,-8.58957092850129
415035,1902.0,14.0,114.0,-2.41558833798207
198338,83.0,1899.0,54.0,-0.803268463143133
166022,160.0,1902.0,168.0,2.21649423527542
86576,1891.0,1881.0,172.0,7.51391122785973
47313,3.0,27.0,6.0,1.23010434814535
435588,136.0,1914.0,116.0,4.30268636240282
115427,83.0,1890.0,167.0,-0.931848562927336
108720,1924.0,1880.0,45.0,-9.09433592495876
8624,1923.0,1902.0,1.0,-0.365334456980884
337414,5.0,1922.0,103.0,1.70189348950257
28432,229.0,83.0,4.0,1.33269126872379
99762,1332.0,1912.0,44.0,0.0897103716374468
359227,1879.0,1918.0,108.0,-5.51250278044488
201462,82.0,1888.0,54.0,-0.582417306428123
33208,14.0,1905.0,166.0,-0.044737420431536
185021,82.0,18.0,174.0,-4.94156610065508
320837,1879.0,1893.0,100.0,-1.56777206911789
181571,1921.0,1902.0,53.0,7.72962214369482
72061,146.0,1921.0,13.0,-4.35185617338764
372509,1903.0,13.0,109.0,-9.16112153461138
32787,1905.0,1891.0,166.0,-9.18499423330034
423861,1907.0,1927.0,115.0,3.73749626243459
27042,160.0,1898.0,4.0,-3.79192231663503
178729,1886.0,1910.0,53.0,5.45927706196603
375353,1877.0,1913.0,109.0,-4.40392004135329
232800,160.0,1917.0,58.0,0.346570355882898
277889,1560.0,1348.0,75.0,1.35233631552566
413980,1878.0,1881.0,114.0,-1.33867900039688
241010,1899.0,85.0,69.0,16.1724426304509
195361,3.0,1885.0,176.0,0.767769648258096
198324,101.0,1894.0,54.0,3.83309774930952
286558,1905.0,1927.0,77.0,-22.1742281629713
204582,1911.0,1917.0,177.0,2.20108495722442
8149,83.0,1882.0,1.0,-0.322283196531189
245364,1877.0,1878.0,69.0,0.0993013321017677
437468,1925.0,48.0,116.0,11.2790276357813
50259,948.0,136.0,7.0,8.84485024021084
642289,1887.0,1902.0,2.0,-2.923770873387742
181924,1559.0,1887.0,174.0,3.42867429362626
31533,1875.0,1908.0,166.0,-2.73198382728147
265393,83.0,136.0,73.0,-1.10005727680506
192272,1881.0,1890.0,176.0,-9.68870240309027
271361,655.0,1337.0,74.0,-9.21205415581392
181784,1883.0,120.0,174.0,2.79590264601131
635369,1903.0,1902.0,75.0,0.1992095839625651
325744,1883.0,72.0,101.0,-0.325690692455572
3992,85.0,1918.0,1.0,-0.0209982400859422
245186,1342.0,1671.0,69.0,-5.04600718244595
114496,229.0,1896.0,167.0,8.04680593955372
240623,1883.0,1907.0,69.0,-3.43980169186118
13599,1926.0,1925.0,2.0,-1.0519670804275
326428,1348.0,1916.0,101.0,-0.815771425375762
318484,1877.0,164.0,99.0,1.98019406815683
225601,1904.0,1897.0,57.0,3.39844024815252
300535,3.0,1910.0,98.0,0.433368945979728
184509,48.0,1183.0,174.0,21.0995814938083
242905,1881.0,1671.0,69.0,-1.48715160364789
53209,82.0,20.0,7.0,0.435031219819983
59073,1342.0,1903.0,9.0,-0.595520468537481
322252,120.0,1910.0,100.0,3.33134375927746
266558,1895.0,1914.0,74.0,-0.894962580515542
55139,1893.0,18.0,9.0,-6.43107815462646
47179,655.0,1896.0,6.0,8.3785467610856
67065,147.0,1923.0,12.0,2.01513552295959
56002,1559.0,1907.0,9.0,7.28057654849627
314480,1430.0,1886.0,186.0,3.36381711455542
87609,1908.0,788.0,172.0,0.685604666882154
207278,27.0,1921.0,177.0,-15.9497744731452
203716,1875.0,1914.0,177.0,8.98875441420921
45313,1875.0,11.0,6.0,3.14136123744931
220766,101.0,748.0,56.0,3.60954475234446
199858,1331.0,1894.0,54.0,1.74962317136725
5354,1879.0,1890.0,1.0,1.46237693616293
317648,1876.0,1887.0,99.0,1.26314779205613
102635,1559.0,18.0,173.0,1.56011298950347
162473,1892.0,1914.0,168.0,0.688278640227611
206863,1913.0,1878.0,177.0,-9.6731727987461
337850,1671.0,1921.0,103.0,5.07955882110883
332171,948.0,1901.0,102.0,1.55312620304855
104941,1906.0,748.0,173.0,4.59918451614084
337290,1898.0,1914.0,103.0,-3.11110969127907
181423,1906.0,1890.0,53.0,-2.61668417711869
163352,150.0,164.0,168.0,8.84224287946734
248469,1898.0,1896.0,70.0,-4.23854772001975
47041,1430.0,18.0,6.0,4.68587407154229
336506,1909.0,195.0,103.0,11.8619501871674
412639,1887.0,1892.0,114.0,-2.76768359028781
314747,1920.0,748.0,186.0,1.34472477240631
201772,27.0,1878.0,54.0,3.25410568217477
99757,163.0,1927.0,44.0,-4.08219079735749
44307,120.0,195.0,6.0,-2.74563704146805
397980,101.0,1889.0,112.0,2.48028431817289
375821,1913.0,1892.0,109.0,-1.96383324205508
53568,20.0,1902.0,7.0,0.519827752550951
5864,47.0,1916.0,1.0,-0.60557701810235
321188,1880.0,1921.0,100.0,-5.02699108342308
272759,1876.0,1347.0,179.0,7.19444833613417
219393,948.0,1921.0,56.0,-3.25271734252281
72024,1885.0,1892.0,13.0,3.17374832257668
257784,146.0,1903.0,72.0,-0.118511124777142
179031,120.0,1923.0,53.0,-2.4729526475649
195585,3.0,1431.0,176.0,6.0679080990449
310810,1348.0,1921.0,186.0,-2.14066313684657
96451,47.0,1431.0,44.0,2.53993530389735
279787,1925.0,195.0,75.0,-4.95553879405477
189186,164.0,1927.0,175.0,-2.47649731349328
202839,1559.0,1879.0,177.0,-0.812892860475212
56883,72.0,1881.0,9.0,-0.885921332040625
184385,1347.0,1894.0,174.0,-8.14806616239166
399043,1902.0,1918.0,112.0,3.44168920732219
265848,1925.0,1878.0,73.0,3.50729242424567
275078,20.0,1916.0,179.0,-7.9283997604811
70691,85.0,1903.0,13.0,-5.97580818137811
72084,120.0,1911.0,13.0,1.29746914067655
212578,17.0,1928.0,178.0,-1.7733723582975
231079,1878.0,164.0,58.0,1.39047636272028
398943,1880.0,47.0,112.0,2.07599054151843
414955,1893.0,1922.0,114.0,4.66521444047173
269603,1876.0,1331.0,74.0,-8.12213701631381
69601,1876.0,1430.0,12.0,6.75244195464986
57391,544.0,72.0,9.0,9.86992304241245
179983,1332.0,1904.0,53.0,-4.51986043075868
266487,1559.0,1897.0,74.0,4.19111937829777
336846,677.0,1901.0,103.0,-2.40985096632948
269980,163.0,131.0,74.0,0.956099067082619
331418,1878.0,1901.0,102.0,-3.37078616283494
245110,83.0,1927.0,69.0,-14.8418898885668
173091,1907.0,1914.0,52.0,4.11406624992654
304631,160.0,1906.0,98.0,2.4967083817395
246839,1875.0,1671.0,70.0,-2.88952049016373
427573,1926.0,1921.0,115.0,-9.04353667878159
95488,1559.0,1904.0,44.0,-6.92971279252487
57098,1925.0,47.0,9.0,11.1277242020021
66757,47.0,1908.0,12.0,13.3252580945876
183160,13.0,1927.0,174.0,3.321839807733
320925,1917.0,15.0,100.0,0.137432524545949
250860,1342.0,18.0,70.0,5.95449951848306
175380,604.0,1879.0,52.0,-14.2250714364745
426488,83.0,101.0,115.0,4.0464401544957
323663,48.0,164.0,100.0,9.31200872571203
8145,1920.0,1876.0,1.0,9.11855615472077
66264,11.0,1910.0,12.0,15.0614284591294
108687,20.0,1331.0,45.0,-26.4422155329193
226725,1430.0,1885.0,57.0,6.21399519889247
358805,1878.0,1331.0,108.0,1.91677869804203
25951,1430.0,1898.0,4.0,2.59644210531533
234622,147.0,748.0,60.0,-2.3691688048474
63311,14.0,131.0,10.0,-2.04649349182894
162776,1896.0,1910.0,168.0,-0.997874412349777
220306,948.0,1925.0,56.0,5.36457191113549
191000,1920.0,1224.0,175.0,4.64581466351354
359561,948.0,1883.0,108.0,-5.17464061366046
89695,655.0,1927.0,172.0,-4.87504890600105
264117,544.0,82.0,73.0,6.4796720173206
302813,1877.0,195.0,98.0,-0.758295301254425
389885,20.0,1884.0,111.0,-2.39893920347852
249989,20.0,1895.0,70.0,-9.98025550203895
58266,544.0,1877.0,9.0,14.0193083884346
99945,1906.0,1878.0,44.0,-0.199053599573837
344568,544.0,1909.0,104.0,11.8898877959147
165618,82.0,1878.0,168.0,-1.91008986883214
287161,1927.0,1902.0,77.0,0.821987280987936
218312,101.0,1916.0,56.0,6.28770667393004
326231,147.0,677.0,101.0,2.12763617890973
263588,1875.0,1899.0,73.0,5.40783973627846
330502,1924.0,1882.0,101.0,-0.555263959701839
8303,160.0,1878.0,1.0,1.17428586934473
260120,655.0,544.0,72.0,2.03765295539146
433323,1431.0,1908.0,116.0,-0.0649572813426081
87729,1899.0,1884.0,172.0,4.06622014493064
104689,1913.0,1888.0,173.0,-8.31416002361434
175627,1919.0,136.0,52.0,5.10415867568042
205043,1881.0,1890.0,177.0,-3.33508048392729
259326,14.0,1885.0,72.0,-1.23160192518444
247059,15.0,1914.0,70.0,-2.02807144647262
343826,47.0,72.0,104.0,-2.82069949582698
228178,604.0,14.0,57.0,-3.1480698737239
217825,1347.0,1902.0,55.0,-30.7931066688369
66216,1886.0,1910.0,12.0,4.84042262165542
216341,1876.0,1896.0,55.0,2.85314261938755
57404,655.0,164.0,9.0,4.6672997902629
167327,1183.0,1879.0,51.0,5.53411088943538
200370,1925.0,72.0,54.0,-3.48664277630923
330290,1915.0,15.0,101.0,0.17294848244517
346403,1911.0,1928.0,104.0,-7.56683654795174
389402,604.0,72.0,111.0,2.48358907372206
322054,1671.0,1560.0,100.0,-6.6813509908998
240848,1183.0,1886.0,69.0,12.0737479411078
104206,1924.0,17.0,173.0,1.73842000699585
68152,48.0,1883.0,12.0,-0.834268107021584
375396,1905.0,1901.0,109.0,0.31382013059768
260552,655.0,1900.0,72.0,-2.25452588954813
341703,1909.0,1898.0,104.0,-2.69597141563582
327580,1894.0,677.0,101.0,-0.459719165890222
397238,101.0,47.0,112.0,12.8752247178749
88302,20.0,72.0,172.0,-2.99823240508228
278639,1876.0,1347.0,75.0,-1.4489512085296
272880,1916.0,1910.0,179.0,0.943602326377197
182175,1886.0,788.0,174.0,-3.42343397088419
321915,1898.0,1912.0,100.0,6.01696978073227
32383,1332.0,195.0,166.0,-1.06832256313526
106616,120.0,1908.0,45.0,-0.277003830757781
334408,1905.0,1892.0,102.0,-2.28224666232434
210211,1671.0,1917.0,178.0,-4.38563835477718
206148,3.0,1884.0,177.0,-4.4385874179622
339577,1915.0,131.0,103.0,8.13816340784521
12043,1915.0,1916.0,2.0,-3.82650731072609
279272,1337.0,1898.0,75.0,-2.73247212923305
416223,229.0,1347.0,114.0,2.21945378357888
312083,1431.0,1895.0,186.0,3.34369786379248
302540,1926.0,85.0,98.0,-2.4477457267858
202930,1894.0,164.0,177.0,8.50893922552866
415182,47.0,1881.0,114.0,-8.12100794223617
301334,1900.0,1560.0,98.0,-1.87743370954247
369991,27.0,72.0,180.0,-0.941635003527612
15804,1897.0,1331.0,3.0,-13.0460898597103
273662,1560.0,788.0,179.0,-2.56073999437458
25892,101.0,1903.0,4.0,2.06744294752393
318346,1337.0,1906.0,99.0,6.56566802204589
100946,748.0,1908.0,173.0,0.130384941296033
311417,101.0,1879.0,186.0,12.1213907045235
329951,604.0,48.0,101.0,17.844055712852
25940,1183.0,1897.0,4.0,-1.09593360281095
96317,1906.0,1911.0,44.0,6.87824960656665
5972,1893.0,1560.0,1.0,2.61152740096082
183889,1559.0,1347.0,174.0,5.28758885634551
169571,1337.0,131.0,51.0,-11.4385858369796
69737,1342.0,1886.0,12.0,-9.91562631800395
368220,1183.0,1224.0,180.0,5.03733098182063
101200,1224.0,5.0,173.0,-1.03578210134965
72153,1903.0,1922.0,13.0,5.17616742087796
270147,1926.0,11.0,74.0,-6.1713241644142
236750,229.0,1908.0,60.0,-7.66610600535443
235485,1898.0,1923.0,60.0,1.10873724152189
32640,544.0,163.0,166.0,4.80932697013178
327788,1224.0,1923.0,101.0,-5.6472632926625
397144,1899.0,1884.0,112.0,2.35324733987214
190358,1913.0,1896.0,175.0,-1.61889258656225
96277,146.0,1916.0,44.0,-0.58088246467907
243271,1878.0,47.0,69.0,0.387646216467169
374812,1560.0,1890.0,109.0,0.369263292791151
225470,948.0,160.0,57.0,3.73611356629696
97464,1224.0,1914.0,44.0,-0.66473766486592
322413,147.0,1896.0,100.0,2.51750230886842
3789,1894.0,1914.0,1.0,0.0370214981931243
221063,3.0,1919.0,56.0,-2.96237871932363
96522,1913.0,1887.0,44.0,9.13123075075671
85441,1883.0,788.0,172.0,-2.17066646347906
433587,948.0,1876.0,116.0,2.04140575146319
8830,1886.0,1883.0,2.0,1.94880866062644
336577,146.0,1900.0,103.0,0.409705386433322
283081,1908.0,17.0,77.0,-3.76922724454048
190411,1905.0,101.0,175.0,6.5691647586194
32419,229.0,1909.0,166.0,5.15354724086265
190065,1876.0,195.0,175.0,3.59664467863483
49093,72.0,13.0,7.0,-1.13333340152224
250525,163.0,748.0,70.0,3.94740876016354
101073,1902.0,1915.0,173.0,5.31428819954991
56491,1921.0,1918.0,9.0,10.8028652882688
360676,1332.0,5.0,108.0,-7.36327068001364
221877,160.0,1884.0,56.0,3.75325405375887
299932,13.0,15.0,98.0,1.20047966506102
359358,1559.0,1918.0,108.0,-5.8617636598252
326324,1895.0,1431.0,101.0,9.47053298610042
631540,47.0,1902.0,44.0,-5.784525321314931
66470,1891.0,1888.0,12.0,3.43715424705522
231995,1337.0,1880.0,58.0,-43.1769135347603
226008,47.0,164.0,57.0,12.2363472743431
62538,1559.0,677.0,10.0,0.918129126179052
174151,604.0,1899.0,52.0,-0.390030299288339
10575,101.0,150.0,2.0,-3.0790766720741
72459,1559.0,150.0,13.0,3.7450172121199
222741,229.0,748.0,56.0,5.87499931554628
161394,1891.0,1923.0,168.0,-2.09481246029079
64512,3.0,748.0,10.0,13.5490445034844
243453,1337.0,1875.0,69.0,-2.41783696562028
163211,1886.0,1890.0,168.0,0.875378278918743
311656,1879.0,131.0,186.0,12.7272435432987
29884,146.0,1560.0,166.0,-0.827063009719838
422989,1898.0,1922.0,115.0,0.553512845428168
5976,1430.0,150.0,1.0,2.9982441757892
330198,1906.0,1927.0,101.0,-10.9623678322067
9883,1897.0,131.0,2.0,0.985637638253963
360098,1920.0,146.0,108.0,3.0552031977373
232148,20.0,101.0,58.0,1.33839233980863
328438,1924.0,85.0,101.0,-4.56107659142035
249767,544.0,1895.0,70.0,-0.285773654281698
178877,195.0,1916.0,53.0,4.63082502683109
97045,1898.0,1918.0,44.0,-5.26304318533557
169568,1332.0,1904.0,51.0,-1.51096475227221
414714,1183.0,1671.0,114.0,2.36999152460741
111253,1878.0,1889.0,167.0,-3.39468065971145
267891,1899.0,1921.0,74.0,2.13723622869747
314068,1920.0,1904.0,186.0,2.54937855623916
255921,1917.0,1928.0,71.0,-3.67807776905613
65818,72.0,1348.0,12.0,2.48861441437213
7655,1915.0,1895.0,1.0,1.73358136835289
280516,1913.0,1884.0,75.0,-3.43105679015619
238948,1919.0,1902.0,60.0,2.39870596817374
311943,1875.0,1897.0,186.0,-3.11882330240667
341218,604.0,1928.0,103.0,-0.642917581828663
232048,1926.0,163.0,58.0,-14.5474088817698
111762,1901.0,1914.0,167.0,-0.833946585030445
255651,1926.0,1906.0,71.0,6.74615362042652
99684,1905.0,1917.0,44.0,-7.48600445002797
417733,1899.0,1928.0,114.0,5.9145309541132
276327,1332.0,15.0,179.0,-9.20398324520107
233895,1909.0,1907.0,60.0,1.98880423977088
341179,1911.0,1928.0,103.0,-5.95131327477581
639657,1887.0,1902.0,101.0,-2.4633623946521
426077,229.0,1887.0,115.0,1.55020182710177
180227,1337.0,1884.0,53.0,2.38271836760632
112838,948.0,1337.0,167.0,-0.998744342785487
175779,655.0,1920.0,52.0,-2.90762044177397
55015,1878.0,1923.0,9.0,3.36275199344411
74977,1877.0,136.0,13.0,-3.90886401053777
11263,1880.0,1903.0,2.0,1.6844603072498
375448,14.0,1331.0,109.0,-12.0998392920324
372558,1896.0,15.0,109.0,-0.176866432395936
189055,1331.0,1894.0,175.0,0.594721412484485
225368,1884.0,1908.0,57.0,-0.283799818475054
278824,1882.0,11.0,75.0,-0.0556603858534941
28394,3.0,1886.0,4.0,0.103522946245189
110124,1342.0,1878.0,45.0,6.11798455438443
167608,164.0,1912.0,51.0,2.17116882275576
243867,3.0,1885.0,69.0,-1.8009733648686
238146,3.0,1224.0,60.0,1.77576170538876
87857,136.0,1431.0,172.0,-3.99634916283881
344628,160.0,1916.0,104.0,10.525594175091
198550,147.0,1916.0,54.0,3.13196581654004
221032,163.0,1923.0,56.0,0.803038155896964
273367,1879.0,164.0,179.0,-6.61789416332549
61830,1889.0,18.0,10.0,-2.43841310691628
229483,948.0,677.0,58.0,7.05231268574744
203415,1885.0,15.0,177.0,-1.14154522295387
275763,27.0,1895.0,179.0,1.30672396156843
12001,14.0,1880.0,2.0,-0.217300815876652
223474,1884.0,1894.0,57.0,-2.91023452722481
414151,1885.0,788.0,114.0,-9.03782137924506
246633,1911.0,677.0,70.0,3.05063833831936
267693,1879.0,15.0,74.0,1.65351615503827
243716,1920.0,1913.0,69.0,4.19232225228461
17960,1926.0,1917.0,3.0,-8.71409674495582
334987,1332.0,147.0,102.0,2.87066156689501
246414,1430.0,1910.0,70.0,0.784959108204204
189359,1889.0,1914.0,175.0,2.99543667726267
62064,1887.0,1897.0,10.0,3.62637764631347
360352,229.0,17.0,108.0,4.11815203725899
66808,748.0,1898.0,12.0,-0.284043595387635
337218,1896.0,17.0,103.0,0.294660759392538
180450,1877.0,1915.0,53.0,-7.37932035927618
4635,1897.0,82.0,1.0,-0.263508952546343
179375,3.0,1922.0,53.0,-0.435083325789597
63059,544.0,164.0,10.0,4.52548431778124
335542,229.0,1671.0,102.0,4.37780130895094
186089,1925.0,136.0,174.0,2.77774170067164
248502,1911.0,1882.0,70.0,5.53062139449153
336749,1883.0,18.0,103.0,5.34297585187462
261479,1886.0,1901.0,73.0,-6.08539861168753
276451,3.0,677.0,179.0,9.25471255451195
69741,1906.0,748.0,12.0,3.0628447572991
17716,604.0,13.0,3.0,-4.35507234653819
330172,163.0,1886.0,101.0,-0.514801456751382
343634,1878.0,1671.0,104.0,0.742946460047286
69849,1877.0,1671.0,12.0,-14.5954821042255
178434,1431.0,1900.0,53.0,4.06092408214974
357183,1880.0,1883.0,108.0,-5.43049125134845
212871,1875.0,1887.0,55.0,-10.0886563040816
330686,1342.0,1902.0,101.0,-9.05868171372292
246486,150.0,788.0,70.0,-4.43549829338891
220220,1883.0,1916.0,56.0,-4.2785835887613
6727,655.0,72.0,1.0,5.89256302453976
103251,163.0,1332.0,173.0,7.62009483809459
255557,1906.0,85.0,71.0,10.8009904104996
368661,1906.0,1899.0,180.0,0.988492327831772
331124,101.0,1909.0,102.0,0.808137616002638
212467,229.0,677.0,178.0,8.35172685087066
264632,1925.0,1431.0,73.0,4.489071954892
96229,14.0,150.0,44.0,1.85487838014418
388016,11.0,1922.0,111.0,4.13792798410375
167498,1880.0,1914.0,51.0,4.71504720210846
174255,1915.0,1906.0,52.0,5.0382523107141
243382,544.0,1922.0,69.0,6.05971291723112
165385,1919.0,1559.0,168.0,-2.43506641575928
89417,1430.0,1895.0,172.0,-11.7813217391845
433429,1894.0,1917.0,116.0,-2.72044969418704
5399,1885.0,5.0,1.0,-0.969156325556922
436744,1430.0,1914.0,116.0,-3.7454998796165
304242,604.0,1886.0,98.0,-1.63677558677022
213429,1559.0,1884.0,55.0,-14.4989162705472
197592,27.0,150.0,54.0,3.04646250024468
333605,1909.0,1922.0,102.0,-0.207309121618528
177922,1889.0,1881.0,53.0,-0.385194908111449
269960,27.0,1914.0,74.0,1.5888674837045
276738,1890.0,1902.0,179.0,-2.01532405089364
390131,163.0,13.0,111.0,7.3130056860704
398157,14.0,1911.0,112.0,-5.8172663450553
211331,48.0,1891.0,178.0,21.188022849008
239047,1337.0,1928.0,60.0,-12.6483288094311
639716,948.0,544.0,186.0,0.2100510564068298
255772,48.0,1337.0,71.0,-5.4517976421236
234225,1899.0,131.0,60.0,-8.94778672329726
102459,1899.0,1671.0,173.0,-4.13978347646386
207299,1906.0,1921.0,177.0,-4.9503870374331
301370,146.0,1900.0,98.0,-0.641768589337799
310444,1878.0,1904.0,186.0,-8.595735407048
436433,544.0,1880.0,116.0,-6.9353464973507
325492,147.0,1928.0,100.0,-0.0279015677071417
201197,48.0,1896.0,54.0,9.51489695906536
344929,27.0,1879.0,104.0,7.96469341802913
51345,160.0,47.0,7.0,18.2545668198105
388669,15.0,1910.0,111.0,-7.92478990280935
283595,1900.0,788.0,77.0,8.01495680424778
174150,1342.0,1922.0,52.0,-0.0420585816069781
427443,82.0,748.0,115.0,-1.13758805953211
213441,748.0,1916.0,55.0,0.0849140753901419
314816,1919.0,1337.0,186.0,4.6062148393115
333256,1878.0,120.0,102.0,4.01058485037239
65814,1898.0,1908.0,12.0,2.9640294854388
109591,20.0,13.0,45.0,3.04403898536392
312774,1920.0,1347.0,186.0,-0.92246856690265
279504,147.0,11.0,75.0,-2.14888220429204
11654,1926.0,788.0,2.0,-5.8763997628253
250320,1332.0,1671.0,70.0,-2.11979862306817
95485,47.0,1909.0,44.0,4.46479487935322
275194,82.0,1916.0,179.0,8.74568429629907
279822,1925.0,82.0,75.0,6.0730358228653
282341,1342.0,1910.0,77.0,1.42737947453561
389696,1913.0,1914.0,111.0,3.45437524998254
169688,82.0,131.0,51.0,0.0229153541955929
278041,1183.0,47.0,75.0,18.6348341568936
374675,146.0,164.0,109.0,4.88392268013987
375693,1915.0,1885.0,109.0,5.25885053949833
281193,82.0,1559.0,75.0,2.33577897140236
86101,1909.0,1922.0,172.0,-0.7579323998736
215719,229.0,1923.0,55.0,-2.58458782269224
374220,150.0,1907.0,109.0,4.2686249071487
327807,1896.0,1895.0,101.0,-2.13632827164759
226648,1924.0,1331.0,57.0,-13.6352607944114
30812,1901.0,1892.0,166.0,-3.26876264557451
228825,131.0,1914.0,58.0,0.693655607147508
322432,1347.0,1887.0,100.0,2.70507394441107
310675,1897.0,1347.0,186.0,0.499043900455535
237236,3.0,1916.0,60.0,8.13260632784401
223846,150.0,1882.0,57.0,4.91149385777745
97893,136.0,1907.0,44.0,-0.755384781317156
68214,1924.0,195.0,12.0,2.96293613283324
315776,1896.0,1910.0,99.0,1.90794908237106
31782,136.0,1894.0,166.0,0.544170368930433
280649,1876.0,677.0,75.0,-4.45582399164704
182523,13.0,1882.0,174.0,4.99845889325417
64182,1876.0,1917.0,10.0,0.725320159818095
277099,1888.0,1890.0,75.0,3.99461878731889
212300,1924.0,1878.0,178.0,4.41065168672166
202105,1925.0,15.0,54.0,8.6098725825735
66806,3.0,150.0,12.0,5.31410672637563
389463,655.0,1880.0,111.0,-7.17227711178972
224584,1899.0,1884.0,57.0,-6.32805713597884
43246,5.0,131.0,6.0,-1.26376027047359
192534,1903.0,788.0,176.0,-0.250484330232082
336633,1884.0,1560.0,103.0,-0.788838760946351
166746,1899.0,1888.0,51.0,2.30696587582692
268327,1923.0,1927.0,74.0,0.989208152836878
370753,1926.0,1892.0,180.0,5.06086828077411
12132,544.0,1431.0,2.0,2.14579158006249
87961,1880.0,1671.0,172.0,6.56743296822332
328148,1877.0,1332.0,101.0,2.79352592574962
57014,1877.0,1183.0,9.0,5.88731295652786
340112,229.0,1877.0,103.0,-6.03634395236057
221296,3.0,1880.0,56.0,0.90074038770986
186141,1906.0,1559.0,174.0,0.680654944485608
177395,1879.0,1894.0,53.0,-2.13966888953494
65879,1881.0,1883.0,12.0,3.73943565840866
215760,229.0,788.0,55.0,-2.82846265113487
25530,1889.0,1896.0,4.0,0.314192415948104
60349,1908.0,1927.0,10.0,0.0019561130450608
396658,1922.0,788.0,112.0,0.479878949943976
193265,195.0,1910.0,176.0,1.49651313119388
262218,1891.0,1895.0,73.0,-1.21885577076805
220380,1903.0,1431.0,56.0,9.10281293676578
434063,1912.0,1911.0,116.0,4.1093730093636
50463,1883.0,72.0,7.0,0.0450910900695692
70766,1896.0,788.0,13.0,6.78657318121213
89869,544.0,1342.0,172.0,-9.82237302366394
96993,748.0,1897.0,44.0,7.35036102034383
343205,948.0,1332.0,104.0,-2.11051511508769
389916,163.0,17.0,111.0,-1.13361120150445
256807,1907.0,18.0,72.0,0.140392683537851
165434,655.0,83.0,168.0,-2.64441864173384
335571,3.0,1921.0,102.0,-1.12940600246969
162489,136.0,1875.0,168.0,-3.35502839932577
27561,1906.0,1891.0,4.0,2.56987460943016
333536,1431.0,1887.0,102.0,2.18970375775931
315940,1891.0,72.0,99.0,-0.667408584840796
113312,1337.0,788.0,167.0,-17.4766362637284
234658,1909.0,1917.0,60.0,5.90184617078855
111408,85.0,147.0,167.0,1.24899660087513
246089,101.0,1879.0,70.0,0.38142766658698
52654,1920.0,1917.0,7.0,0.57779984628873
319704,604.0,136.0,99.0,0.133226149103372
25743,1903.0,1892.0,4.0,5.76864515036122
302200,1903.0,1908.0,98.0,-1.53471745744681
278801,1911.0,1914.0,75.0,2.73246895055849
213855,1875.0,1331.0,55.0,2.18743078863331
171718,748.0,1910.0,52.0,0.197490619792443
323405,1332.0,1183.0,100.0,1.98871359991016
372836,1899.0,131.0,109.0,-0.529054948811122
281495,1924.0,1900.0,75.0,-2.03348461488436
344880,1906.0,101.0,104.0,2.59885001329873
5204,1888.0,195.0,1.0,2.1303017744219
339880,1332.0,1893.0,103.0,2.16119369634076
264990,83.0,677.0,73.0,3.50714477523284
225830,1878.0,1916.0,57.0,-0.911835818578809
425842,1337.0,72.0,115.0,4.528986109896
319832,1342.0,1876.0,99.0,-16.3138321384532
232908,1337.0,120.0,58.0,-30.7165616212922
374606,1559.0,1331.0,109.0,3.69534004703488
27777,48.0,1895.0,4.0,1.64039281301097
369875,1926.0,1908.0,180.0,-2.41229326424936
14686,1898.0,1927.0,3.0,-0.205964062294532
49999,1559.0,1892.0,7.0,-6.19409587762691
331203,1902.0,1431.0,102.0,21.1609408284649
169917,1337.0,1893.0,51.0,-5.96183143941105
326078,72.0,1671.0,101.0,-1.94579344368038
400387,27.0,1884.0,112.0,-1.3472892057279
110509,1923.0,1902.0,45.0,-0.459568519558038
235638,1559.0,1900.0,60.0,-1.530846180691
427512,1919.0,15.0,115.0,-4.58534505236724
61065,1897.0,1882.0,10.0,-7.01880859882456
164004,20.0,1907.0,168.0,-14.064572201696
255552,229.0,1890.0,71.0,5.0184752257155
70614,1909.0,1900.0,13.0,5.35574812742649
188539,1917.0,1922.0,175.0,0.0175943250789142
57834,27.0,1891.0,9.0,-4.79220132239816
391240,120.0,1902.0,111.0,-0.318645950933582
44425,195.0,131.0,6.0,-1.90017805378014
284116,1899.0,1903.0,77.0,7.31852387142503
62227,1912.0,131.0,10.0,-1.98696125019435
302935,163.0,72.0,98.0,-5.78313074416135
96625,164.0,15.0,44.0,-1.90027924098342
413894,101.0,1348.0,114.0,4.44344659516148
361496,604.0,14.0,108.0,3.61782864567038
30015,1892.0,1922.0,166.0,-1.53210568809582
269555,1919.0,1875.0,74.0,2.58133274643132
204908,101.0,131.0,177.0,-6.99580958725763
56982,655.0,160.0,9.0,2.77997270315509
232878,1920.0,147.0,58.0,-6.24824671867302
270550,3.0,1430.0,74.0,-2.598265999372
317359,164.0,1560.0,99.0,2.33037418195213
369727,1885.0,1927.0,180.0,-2.98297411421465
197728,1896.0,1890.0,54.0,0.974479611489403
175734,1332.0,1886.0,52.0,-4.3356101543563
110132,1337.0,1903.0,45.0,-19.7960405645304
27509,83.0,11.0,4.0,0.429785090862475
7510,1920.0,13.0,1.0,-3.919290711474
4946,1560.0,5.0,1.0,-0.668045795351025
258471,1891.0,150.0,72.0,1.31863828546596
17632,163.0,1905.0,3.0,2.01385044751369
89957,163.0,1900.0,172.0,4.26350613036379
173035,82.0,1347.0,52.0,-2.70396761624225
13666,85.0,1928.0,2.0,-8.24466125211297
263945,655.0,1183.0,73.0,7.64423043741923
346047,82.0,1560.0,104.0,2.9099048857314
339412,48.0,1916.0,103.0,-4.38936326640539
5131,1331.0,677.0,1.0,-1.41533138583548
107719,1899.0,1894.0,45.0,0.109768241996289
238675,1925.0,1911.0,60.0,-0.272162882070687
399835,544.0,229.0,112.0,7.70304759230322
226899,1876.0,1896.0,57.0,-0.123278055914601
318476,1919.0,195.0,99.0,-0.724216692158132
29033,1906.0,1928.0,4.0,4.42177835241878
189803,163.0,82.0,175.0,1.90139708637253
256239,85.0,1916.0,72.0,-0.0972638619789059
320224,1905.0,47.0,99.0,-9.89193775769889
197535,131.0,1901.0,54.0,-9.22356701891976
624676,1889.0,1902.0,6.0,0.44546875006221
16368,1880.0,1883.0,3.0,-0.537732288971297
281317,1877.0,1886.0,75.0,-2.51899446606312
218697,1899.0,13.0,56.0,-2.16591898465694
184610,1925.0,1907.0,174.0,-1.54435221201101
108746,14.0,229.0,45.0,16.3981350255148
212269,163.0,1890.0,178.0,5.55253061257748
312739,1894.0,1901.0,186.0,-3.97881513983831
301931,1892.0,1918.0,98.0,-3.97264402738003
189994,163.0,1913.0,175.0,4.92621236098793
196475,1906.0,1671.0,176.0,-8.34633598840627
14818,1895.0,15.0,3.0,-6.71592904292948
113467,1342.0,82.0,167.0,-0.0163375733502673
334765,1915.0,544.0,102.0,-0.386126710012152
264885,48.0,101.0,73.0,6.38114923631273
12559,1913.0,1889.0,2.0,-2.39324240297264
8765,1183.0,11.0,2.0,0.893331663692328
272457,1888.0,13.0,179.0,-0.127264448793065
30406,1883.0,150.0,166.0,1.02956608549285
8797,1902.0,1914.0,2.0,0.483573463980756
99219,20.0,544.0,44.0,-3.93408109563838
342081,1881.0,11.0,104.0,1.19667640160666
192364,85.0,1908.0,176.0,-1.7832562102935
175755,1337.0,1912.0,52.0,1.99554819808684
426790,1913.0,1348.0,115.0,-3.76303515355998
228862,1909.0,1923.0,58.0,-2.77557269773607
435460,1887.0,72.0,116.0,-0.490944548438632
57135,655.0,18.0,9.0,5.131372533514
437724,1332.0,1927.0,116.0,3.27976287083082
285516,1905.0,1909.0,77.0,-16.1264732256027
332059,131.0,1890.0,102.0,-3.77483891288692
241491,1882.0,677.0,69.0,-1.86560324620604
180443,1915.0,18.0,53.0,-0.247456367947045
87147,1885.0,1881.0,172.0,6.15628926149757
648597,1879.0,1902.0,54.0,-5.21436340973799
14170,1348.0,15.0,3.0,-2.39815841675099
239056,5.0,1928.0,60.0,2.43464588251821
25580,1885.0,1895.0,4.0,3.04844088720899
327137,163.0,1347.0,101.0,4.1065009556857
312895,655.0,160.0,186.0,2.52351951865192
238500,1906.0,1878.0,60.0,0.39951517628503
166565,1889.0,1922.0,51.0,-2.45658257298197
334283,1337.0,1916.0,102.0,5.34441565320699
317857,1891.0,1887.0,99.0,-0.175713021621529
47824,655.0,748.0,6.0,5.05141595962326
208802,1337.0,1910.0,178.0,3.71033246453603
49779,85.0,1914.0,7.0,0.439250363199664
342587,164.0,1671.0,104.0,4.00176211409862
181098,1925.0,1342.0,53.0,-2.59894965921723
238389,544.0,1886.0,60.0,-4.75997364813084
277990,1878.0,1880.0,75.0,1.33389992422036
53058,1342.0,1900.0,7.0,-8.79282786838316
218774,120.0,17.0,56.0,-11.3985815190327
185042,48.0,1913.0,174.0,5.63122684064946
254004,1920.0,72.0,71.0,0.0214531884605074
248500,1671.0,13.0,70.0,-0.284330035972746
69009,3.0,101.0,12.0,18.0470487673339
360672,655.0,1875.0,108.0,-10.9343685993314
88318,1924.0,195.0,172.0,-1.68749071416267
340239,83.0,147.0,103.0,5.40281685726936
211548,544.0,1896.0,178.0,8.51358917693641
174502,14.0,1901.0,52.0,6.15614981472394
332084,1895.0,17.0,102.0,0.467494036609728
302607,83.0,788.0,98.0,-1.51995957684457
358121,1875.0,788.0,108.0,-5.32571396355745
273905,748.0,17.0,179.0,1.60371279640941
227399,1913.0,1918.0,57.0,6.76823125700633
322640,1893.0,1908.0,100.0,5.84107896647937
375639,1915.0,146.0,109.0,5.02851983485749
234096,1889.0,1881.0,60.0,-2.8990438947806
48473,1894.0,1348.0,7.0,1.58637687724283
103518,163.0,1894.0,173.0,0.800508310243408
111749,1347.0,17.0,167.0,4.17922694764285
50829,1331.0,1914.0,7.0,0.0742637056025042
179427,1915.0,14.0,53.0,-6.29422887673733
8706,1904.0,1928.0,1.0,2.91133820699735
212595,101.0,1928.0,178.0,1.66579717912929
17229,1926.0,146.0,3.0,-6.71794507809304
262242,1883.0,1903.0,73.0,0.659347276042794
229666,85.0,1890.0,58.0,-6.33300101645444
176941,1884.0,17.0,53.0,2.23691713019883
12902,1337.0,1224.0,2.0,-6.21557184004029
397744,1896.0,1921.0,112.0,2.04500065969012
254266,14.0,1909.0,71.0,-3.6807720410481
177329,164.0,1896.0,53.0,-5.7427564517781
269176,160.0,85.0,74.0,-3.69698450909466
236606,131.0,677.0,60.0,-0.542110389334483
15424,85.0,1910.0,3.0,0.684384064015314
203048,1342.0,1887.0,177.0,4.43352920404887
300899,1891.0,1911.0,98.0,0.432015024904236
170289,3.0,1889.0,51.0,-0.971363242738157
424148,1909.0,1901.0,115.0,-4.64563283113632
176518,1927.0,1902.0,52.0,-3.70972375083596
99051,1924.0,1892.0,44.0,8.13767461462376
89900,48.0,1332.0,172.0,6.78374364745716
427402,20.0,1927.0,115.0,-7.00375153464798
112964,101.0,1889.0,167.0,-3.39468086483265
249517,1332.0,11.0,70.0,2.49345684778814
231466,1925.0,47.0,58.0,8.10396460192881
52439,160.0,13.0,7.0,-0.395713069005113
327254,1881.0,1889.0,101.0,2.22326052517797
280625,1337.0,544.0,75.0,-12.1965022528431
268970,136.0,150.0,74.0,2.00189277830717
360074,1906.0,1885.0,108.0,-17.1916682173567
68950,544.0,150.0,12.0,-0.447469201490457
180753,1924.0,1912.0,53.0,5.01636017502458
316569,11.0,1918.0,99.0,0.851959677052906
326830,1909.0,17.0,101.0,-11.769378083708
90273,1924.0,1910.0,172.0,1.01605278064076
376777,160.0,83.0,109.0,6.11861318422748
107141,1889.0,131.0,45.0,2.61270761504306
412627,1876.0,1910.0,114.0,6.31115314429409
234860,1884.0,1881.0,60.0,-2.18651840858342
192994,1893.0,147.0,176.0,-5.09155655293314
339958,1876.0,544.0,103.0,9.78161716912664
226153,1919.0,1894.0,57.0,-7.62512516265499
202160,160.0,1925.0,54.0,-1.04941048925653
64824,655.0,1910.0,10.0,3.03356566688237
107923,1895.0,1923.0,45.0,-0.496631294428537
246405,1347.0,1889.0,70.0,-10.3279873103857
319917,604.0,748.0,99.0,-3.99518625254232
400037,1342.0,1885.0,112.0,2.08109140084584
185894,48.0,1559.0,174.0,16.1259000970663
334920,1925.0,1875.0,102.0,0.576263323657162
56819,1886.0,1909.0,9.0,-4.17348540006077
339720,1876.0,1896.0,103.0,8.38533828735043
17922,229.0,1912.0,3.0,8.07277077010745
313321,1342.0,72.0,186.0,-3.76372162133356
176957,1887.0,195.0,53.0,-8.7990392424488
196189,604.0,1889.0,176.0,-4.0364244386051
372760,1886.0,1896.0,109.0,3.19200729612057
221799,1920.0,1895.0,56.0,-0.576519741646657
14350,27.0,1898.0,3.0,-2.83420063741487
213331,1889.0,1927.0,55.0,3.30715885254316
316560,1899.0,1882.0,99.0,5.88870376921374
283470,1183.0,677.0,77.0,0.723472431595661
390266,1913.0,1905.0,111.0,3.09452453207971
181462,1915.0,1890.0,53.0,1.50930560234399
164320,1913.0,1875.0,168.0,-3.12936912076809
220963,1877.0,1907.0,56.0,1.36488338153346
6020,1885.0,1917.0,1.0,-0.514789490397583
315431,15.0,1890.0,99.0,-2.15333277085985
47075,655.0,1918.0,6.0,5.39585575059513
194112,1880.0,1886.0,176.0,-6.2074564494234
282724,748.0,1911.0,77.0,-1.630697952586
63627,3.0,17.0,10.0,-2.54918823684778
244932,1924.0,1927.0,69.0,-2.55637462661023
278873,1887.0,1886.0,75.0,-0.407981269650694
333648,1926.0,160.0,102.0,-2.46165790442637
340773,3.0,1921.0,103.0,-2.47600559038472
45660,150.0,1431.0,6.0,4.85942668692272
105065,604.0,948.0,173.0,1.87717824582246
423358,1878.0,1897.0,115.0,-0.117591836125813
376087,604.0,1884.0,109.0,3.73272109191462
229601,1895.0,1894.0,58.0,-3.53271627120625
203705,1884.0,677.0,177.0,1.09293299782264
316999,1888.0,1910.0,99.0,-0.501146757180238
106860,1891.0,1896.0,45.0,-6.54683242670233
252001,1903.0,18.0,71.0,3.37108380296518
370527,27.0,1892.0,180.0,3.62239552905677
277151,1888.0,1671.0,75.0,0.354436174493788
200240,163.0,1894.0,54.0,-7.7413260244364
44270,1886.0,1224.0,6.0,-0.981113509601066
194202,1891.0,1348.0,176.0,0.387069199505126
191829,229.0,1925.0,175.0,-0.686542643282117
196611,1925.0,1332.0,176.0,2.77786109177775
227894,1915.0,15.0,57.0,4.91237708211073
327324,1889.0,1927.0,101.0,0.269335796312419
184820,1919.0,1875.0,174.0,0.265032711126396
163321,948.0,1918.0,168.0,4.85029405546715
253714,1915.0,1906.0,71.0,3.75337702493209
358163,136.0,13.0,108.0,3.16882383470125
30445,1884.0,72.0,166.0,5.49123070137213
229778,1883.0,748.0,58.0,-1.34835520605684
196456,1905.0,1671.0,176.0,-10.5212797325691
310755,1878.0,1890.0,186.0,1.26563332694508
190512,14.0,1884.0,175.0,-1.34290263239015
399623,1342.0,1883.0,112.0,0.817255694073393
254595,1342.0,1891.0,71.0,3.11366136401626
273353,1886.0,677.0,179.0,-3.21209913956943
184877,27.0,229.0,174.0,-6.11859486893646
196608,1913.0,1927.0,176.0,-13.7534246732392
218463,18.0,1918.0,56.0,5.98189935543122
15717,136.0,1886.0,3.0,-2.35597231489271
422875,72.0,11.0,115.0,-0.573059890490748
334900,604.0,1896.0,102.0,3.68941230947028
34253,101.0,1928.0,166.0,17.6944654239089
31335,15.0,677.0,166.0,3.47205334906006
74926,160.0,147.0,13.0,3.52286044565
14256,1431.0,131.0,3.0,4.86290245424628
266571,1875.0,1921.0,74.0,3.35077120849254
358716,1896.0,195.0,108.0,-1.13113595190964
64194,27.0,1917.0,10.0,-0.0939272983089876
398782,1331.0,18.0,112.0,2.44269599523728
373954,1896.0,1886.0,109.0,6.29341428156156
231144,1880.0,150.0,58.0,5.81996347495826
47993,83.0,1908.0,6.0,0.548379819321349
237695,544.0,17.0,60.0,-1.15881041828586
185195,1925.0,1913.0,174.0,4.53725010615608
332213,1880.0,1886.0,102.0,3.23257925840033
220909,1342.0,47.0,56.0,0.897246771651844
375076,229.0,85.0,109.0,-1.75166647233933
234019,1884.0,1886.0,60.0,-0.771480561337389
343607,948.0,1921.0,104.0,1.03408636407467
253986,83.0,1901.0,71.0,2.20209729599994
276170,14.0,748.0,179.0,4.58138128042473
106342,147.0,1882.0,45.0,0.249760925644644
188070,1896.0,15.0,175.0,2.25944751805535
64480,48.0,1876.0,10.0,8.07464952667267
67898,1912.0,1901.0,12.0,-6.16080316113332
213185,948.0,1896.0,55.0,-4.75304909468916
331808,1886.0,1917.0,102.0,-1.43558536234382
344582,604.0,1909.0,104.0,9.65918146315917
260769,604.0,677.0,72.0,0.861437930090642
219715,1899.0,1560.0,56.0,9.88742938053583
187141,1898.0,1914.0,175.0,-4.36511054822853
15600,1902.0,1912.0,3.0,0.490607508348848
13692,150.0,1928.0,2.0,2.76971549785426
310533,1883.0,1900.0,186.0,3.04645577584417
169740,1905.0,11.0,51.0,-3.82947880169278
190719,14.0,1889.0,175.0,-2.13095031752036
275394,544.0,1891.0,179.0,2.25033277310882
285307,1877.0,1885.0,77.0,14.2443715048738
63099,1877.0,1885.0,10.0,9.1924397609308
48980,13.0,1892.0,7.0,-2.44814943481887
234712,150.0,195.0,60.0,-2.78602996152097
70274,1891.0,1928.0,12.0,-2.73390100530502
374450,195.0,1912.0,109.0,-1.27504376843913
262928,164.0,1916.0,73.0,-1.1540931669489
422883,1887.0,1895.0,115.0,-0.439039882619895
323493,163.0,788.0,100.0,0.490693204683222
330714,27.0,1902.0,101.0,0.76632552411353
178597,136.0,1879.0,53.0,-5.05354072152794
335391,1915.0,1927.0,102.0,-11.1720431327103
24470,101.0,1431.0,4.0,6.81766840795746
70129,229.0,15.0,12.0,-1.66119669570028
315826,13.0,1927.0,99.0,-0.419280092498496
33005,1924.0,1895.0,166.0,-1.21141041003704
64536,1926.0,1900.0,10.0,4.52093697201964
388073,17.0,18.0,111.0,-4.23566029787359
181742,101.0,1922.0,174.0,-1.8398664423393
103423,655.0,1907.0,173.0,-8.30838622898922
189955,160.0,229.0,175.0,1.0794045243489
66375,1909.0,1348.0,12.0,-1.80280961051676
317402,1348.0,1916.0,99.0,-1.78093670465688
244239,1926.0,5.0,69.0,-4.51685464713216
164846,1925.0,1918.0,168.0,-1.91179699691295
322321,1183.0,1884.0,100.0,0.521541948329017
173045,1902.0,1331.0,52.0,-4.73311388176921
416809,163.0,1917.0,114.0,-0.873932959006876
68988,1924.0,17.0,12.0,2.68595281347828
266609,146.0,1348.0,74.0,8.44394145565517
106203,147.0,1881.0,45.0,-2.30830014201857
43744,1885.0,1904.0,6.0,-2.03729647567677
45102,1909.0,1431.0,6.0,3.33716448006673
72726,1909.0,1903.0,13.0,-7.46430496598794
25885,1903.0,120.0,4.0,-1.19193913906232
255073,20.0,136.0,71.0,0.0967153076261663
238006,1919.0,1905.0,60.0,-0.613109617565025
215315,1895.0,15.0,55.0,3.78834431270043
69574,655.0,1430.0,12.0,5.1012979629044
62385,164.0,1671.0,10.0,1.15388119953499
31123,1880.0,150.0,166.0,10.3598609178627
95548,1893.0,1890.0,44.0,-1.24387030565683
435022,1878.0,1881.0,116.0,1.31829443574226
367714,948.0,1898.0,180.0,1.04170707753809
47969,82.0,1903.0,6.0,-2.2300699971336
399371,1559.0,1922.0,112.0,0.0393688366752498
161628,1916.0,677.0,168.0,0.752259521033281
415326,1888.0,120.0,114.0,2.41773269460052
413415,1900.0,1896.0,114.0,-3.20323534390818
196331,14.0,1224.0,176.0,-0.167692946249293
396737,1895.0,1917.0,112.0,-1.51637517826792
336865,1875.0,1890.0,103.0,1.45086017054841
175470,1915.0,1895.0,52.0,-0.576685853967998
218967,150.0,1898.0,56.0,4.44768579412348
72060,1902.0,1560.0,13.0,-0.498068649326679
31321,1879.0,1888.0,166.0,-5.94368665976976
358169,1888.0,1331.0,108.0,0.114482150767919
333151,1899.0,1894.0,102.0,3.78498116667599
372562,101.0,136.0,109.0,-8.10647423981685
262943,85.0,1910.0,73.0,1.51364730751205
12642,1925.0,1875.0,2.0,-4.36403258567037
176280,1905.0,1908.0,52.0,-10.0222548275144
264246,1342.0,229.0,73.0,0.544397489306899
209708,1902.0,15.0,178.0,-0.991672171727926
109556,27.0,20.0,45.0,-0.912438764930065
62133,120.0,1922.0,10.0,-2.28911054232277
274646,1877.0,1919.0,179.0,-10.0453331924094
624469,195.0,1902.0,52.0,0.79112242000017
302076,136.0,1907.0,98.0,-1.02812045943354
99384,160.0,1896.0,44.0,3.29048386774354
172611,1875.0,1903.0,52.0,0.284406380232401
161457,1559.0,1888.0,168.0,-2.59605431572383
53419,229.0,1925.0,7.0,5.53711624036528
195960,655.0,1918.0,176.0,6.89676250408366
213982,1893.0,1914.0,55.0,-0.975393446079092
423836,1347.0,1882.0,115.0,-0.242928847155356
300753,47.0,1922.0,98.0,-2.88985102591675
169217,1337.0,1906.0,51.0,-4.520242327781
55030,136.0,1897.0,9.0,-0.99099134707231
199398,150.0,1897.0,54.0,-2.74949984388896
299991,1917.0,1882.0,98.0,-1.33103237835517
33744,229.0,1876.0,166.0,2.90494270224486
341675,147.0,1921.0,104.0,-2.63471731817925
13125,1877.0,544.0,2.0,2.85045425318902
313306,1925.0,72.0,186.0,5.21987540633708
321040,1893.0,1923.0,100.0,-0.629514630252664
284294,1888.0,1923.0,77.0,0.139910981448818
174144,544.0,1899.0,52.0,10.2145968935756
325579,18.0,1902.0,100.0,1.11435195453595
211812,1919.0,136.0,178.0,-6.34751649580351
344668,27.0,146.0,104.0,2.90784581926595
178645,1183.0,1880.0,53.0,2.27653368049102
218597,1897.0,1918.0,56.0,-0.901623703217448
276538,604.0,3.0,179.0,-4.4376001472204
281693,48.0,15.0,75.0,-18.0720697807637
436082,27.0,14.0,116.0,-1.96672072926127
356936,47.0,1917.0,108.0,1.81431117050867
44584,120.0,1348.0,6.0,-2.37670472780138
191411,82.0,748.0,175.0,8.64552999393705
435993,229.0,1922.0,116.0,3.54264782354741
210757,1920.0,1913.0,178.0,3.81699983065449
345681,1925.0,1927.0,104.0,0.828349196239114
66726,1889.0,1910.0,12.0,5.62878575465174
95434,1909.0,11.0,44.0,-14.1188076447411
199301,101.0,1885.0,54.0,3.34028165987651
269137,1915.0,47.0,74.0,4.34802255557006
323243,1920.0,85.0,100.0,-4.21544178160998
11635,48.0,1919.0,2.0,7.7046758284104
202970,13.0,1890.0,177.0,3.80845455298805
268393,1559.0,120.0,74.0,-0.420035885685405
191450,3.0,1876.0,175.0,1.4145499758281
274372,1183.0,1907.0,179.0,2.18994709785739
33452,1876.0,1224.0,166.0,0.336018002706231
321150,1342.0,1898.0,100.0,-0.709091129310069
235348,1881.0,1907.0,60.0,-1.89440741888996
262793,146.0,1917.0,73.0,3.40097610321153
266564,1913.0,1911.0,74.0,-2.82028147174062
313490,3.0,1901.0,186.0,1.62997196520307
54376,948.0,1884.0,9.0,-3.68118964585001
267324,47.0,1916.0,74.0,-6.14036101315665
110127,1920.0,1921.0,45.0,-28.3357516195847
261134,150.0,1916.0,73.0,-2.28922641173887
98269,1337.0,1875.0,44.0,-8.5756910991205
389184,1915.0,72.0,111.0,0.769195002633039
8918,1880.0,1890.0,2.0,-2.33857386818489
210411,544.0,1908.0,178.0,2.66787793735669
64316,604.0,120.0,10.0,-4.18072878835827
328947,604.0,1885.0,101.0,1.14619200086355
321722,1885.0,1348.0,100.0,0.373580424726078
215360,101.0,1887.0,55.0,-8.98214941716676
304104,1926.0,1430.0,98.0,-3.04390576801697
50197,147.0,1914.0,7.0,-4.22165410026109
344266,82.0,544.0,104.0,14.0111384017397
199221,1887.0,18.0,54.0,2.48855785153977
310709,1878.0,13.0,186.0,1.61782340308577
280968,1337.0,13.0,75.0,-11.6178296539223
60822,11.0,1890.0,10.0,2.05937671333353
324673,1905.0,1888.0,100.0,-4.7939970848336
325908,1903.0,1910.0,101.0,-2.34076738236165
90047,1913.0,15.0,172.0,0.499296799977761
360359,1920.0,1895.0,108.0,-4.60943589228707
61498,748.0,677.0,10.0,1.75737878599057
107733,1559.0,1917.0,45.0,-1.54976293794138
173684,1183.0,1224.0,52.0,2.94883638084236
193608,72.0,1922.0,176.0,2.34485158488196
338902,1905.0,788.0,103.0,5.50613293581201
7177,1332.0,11.0,1.0,-2.75647710347921
260673,1332.0,1922.0,72.0,-1.74275835335342
50625,120.0,788.0,7.0,-1.80039266370797
31247,1912.0,147.0,166.0,0.893064860038999
238278,1926.0,147.0,60.0,-2.42748955532552
423917,164.0,1348.0,115.0,2.78602861667992
375134,1919.0,788.0,109.0,-1.48241671613709
215340,1909.0,11.0,55.0,1.19260003825993
68523,655.0,1885.0,12.0,5.89607204246358
200040,1925.0,1183.0,54.0,-7.54058929721326
189909,1877.0,1913.0,175.0,-0.936804924055342
192246,1879.0,677.0,176.0,2.53840462786809
327654,101.0,1917.0,101.0,-4.27682631274619
414036,748.0,150.0,114.0,-5.21112299408056
5452,136.0,1890.0,1.0,-0.0589793231717671
68727,1906.0,1892.0,12.0,-2.33538933085475
96125,1878.0,1431.0,44.0,1.90026852846434
90231,1876.0,1908.0,172.0,0.739144452333139
388506,1902.0,788.0,111.0,4.04930483259436
357158,1899.0,1922.0,108.0,4.221460211953
401320,3.0,1876.0,112.0,6.16824352957582
107798,146.0,120.0,45.0,0.961225514509117
47587,3.0,136.0,6.0,1.02979306713462
339923,1332.0,1896.0,103.0,1.46571317192076
301860,1886.0,18.0,98.0,5.68118779521077
106090,47.0,1921.0,45.0,17.438676223316
167118,1331.0,1916.0,51.0,0.777220120699665
644549,1889.0,1902.0,167.0,-2.37937946583951
336881,1896.0,15.0,103.0,3.38336157035683
231044,1347.0,5.0,58.0,-3.66104959871702
262396,1885.0,1927.0,73.0,0.648181176173248
268596,1559.0,1883.0,74.0,-2.186102892449
5506,1880.0,11.0,1.0,0.784906949487486
264797,48.0,1892.0,73.0,-2.92241714850088
189763,160.0,1907.0,175.0,-9.76121256041144
64442,82.0,748.0,10.0,8.83002316571852
104764,27.0,1886.0,173.0,-14.3098798919181
214290,1901.0,18.0,55.0,-4.40180960032224
265325,27.0,1888.0,73.0,1.5090946136838
70900,1893.0,131.0,13.0,-0.595924478031832
372458,948.0,160.0,109.0,-0.0470680733180219
304816,1898.0,1928.0,98.0,1.3524778566236
279581,48.0,1899.0,75.0,25.3396925853389
263022,1331.0,5.0,73.0,-1.69921208895694
268519,1560.0,1888.0,74.0,-3.24940018476571
338114,11.0,1910.0,103.0,-2.43031869743108
95916,1892.0,1922.0,44.0,-4.97927415449453
50512,146.0,150.0,7.0,14.630486668794
265869,1913.0,1560.0,73.0,0.752361082229842
216036,1920.0,1909.0,55.0,-0.907607650213386
373407,1881.0,1909.0,109.0,-1.23675326998011
102516,1920.0,1347.0,173.0,3.13821298119866
266612,1887.0,1911.0,74.0,1.93381895151436
186947,1900.0,1892.0,175.0,7.72691280728855
52030,1919.0,17.0,7.0,-1.11479507997281
337937,1902.0,1917.0,103.0,4.5531624012709
340582,82.0,1882.0,103.0,4.1245607864959
103746,604.0,1926.0,173.0,1.30213135046083
251451,1891.0,1887.0,71.0,-0.654508495195875
321463,1342.0,1899.0,100.0,6.46566816060464
282232,136.0,146.0,77.0,-1.28336880371779
412891,136.0,1880.0,114.0,0.618382212126581
205265,1337.0,1183.0,177.0,-12.0631346030606
360025,1920.0,27.0,108.0,7.68563630533427
14657,1894.0,1923.0,3.0,4.47057796624976
328845,544.0,1887.0,101.0,0.0224105757080948
186223,1906.0,1878.0,174.0,1.66874142144392
255796,20.0,47.0,71.0,-2.57527765505926
284622,948.0,72.0,77.0,-1.4659889782463
49670,1875.0,1560.0,7.0,-3.31198802521218
276667,604.0,1928.0,179.0,5.74052917627331
269435,14.0,1883.0,74.0,-8.95950921767757
101762,1889.0,13.0,173.0,-0.03244009574927
224599,27.0,1347.0,57.0,-0.72318647279231
300538,1884.0,17.0,98.0,-0.818512977203479
209970,17.0,1918.0,178.0,4.22543001700906
224232,1906.0,1910.0,57.0,6.35336607262799
170614,160.0,1886.0,51.0,-0.912483172563112
191009,1430.0,1918.0,175.0,2.28918271473195
97184,146.0,1909.0,44.0,19.2218192621574
367715,1898.0,1910.0,180.0,0.653308505133012
97990,120.0,1890.0,44.0,-4.26755634682789
67967,1912.0,1910.0,12.0,10.0172979996661
282517,1886.0,164.0,77.0,-6.63647503470722
339814,1877.0,20.0,103.0,-9.23638349986536
52461,1925.0,13.0,7.0,-0.448856175272592
211895,1337.0,120.0,178.0,-17.9163184282598
217428,14.0,1903.0,55.0,-0.943356851596006
62462,1560.0,1921.0,10.0,-0.0215736803967401
190828,160.0,1879.0,175.0,-7.48540920824472
7921,1430.0,20.0,1.0,4.34964285704174
167583,47.0,5.0,51.0,0.494667572105229
115044,544.0,1332.0,167.0,-1.897408640924
213780,1903.0,1923.0,55.0,6.25901835416665
242354,1886.0,1908.0,69.0,-2.53378493847176
58424,1905.0,1888.0,9.0,-1.16239641655012
329180,1926.0,1431.0,101.0,0.606094923872252
438122,655.0,677.0,116.0,-2.51441336318083
339400,3.0,1885.0,103.0,3.9852286610707
319927,1332.0,15.0,99.0,-6.25993058154169
254635,229.0,150.0,71.0,18.6716418046231
166297,1885.0,1894.0,51.0,-2.75596498617189
268483,1903.0,1431.0,74.0,3.49113287455013
172826,1893.0,1224.0,52.0,-2.21736432336647
374345,1891.0,788.0,109.0,2.72633505651198
66178,47.0,1909.0,12.0,2.7161860519966
186130,83.0,748.0,174.0,7.98414776834458
264165,1430.0,1883.0,73.0,6.5235275522447
98679,163.0,1914.0,44.0,2.80741248088632
310809,1878.0,164.0,186.0,-3.62389260085417
182997,1348.0,1917.0,174.0,0.657884129667086
100195,604.0,1882.0,44.0,27.8316055974124
33142,163.0,1877.0,166.0,1.9608582376081
244662,1919.0,1895.0,69.0,1.37112586952821
259040,1920.0,1913.0,72.0,1.15073492661306
358613,1912.0,1917.0,108.0,-12.0047089884037
206040,48.0,1893.0,177.0,19.9248929910215
248374,1879.0,1431.0,70.0,0.119044209893629
282664,1884.0,1883.0,77.0,0.386839505243903
390350,1926.0,1224.0,111.0,5.73466681400275
89504,1906.0,1918.0,172.0,-1.09479283492901
271420,1911.0,1928.0,74.0,-3.65871932188966
270073,1926.0,5.0,74.0,4.00576125135536
250985,1884.0,13.0,71.0,-2.28203627056669
30843,47.0,1892.0,166.0,3.97132316881902
330352,27.0,1337.0,101.0,6.12291321495435
282321,1900.0,1910.0,77.0,0.891262572792208
191873,5.0,1928.0,175.0,-1.47607986908328
221849,604.0,101.0,56.0,2.22864508630483
50275,1910.0,1921.0,7.0,3.82035056637415
246407,1916.0,788.0,70.0,-2.20733034192097
62487,1897.0,1913.0,10.0,-9.13448399990044
99507,48.0,1889.0,44.0,-2.86052284889336
303039,1926.0,1909.0,98.0,0.955630488353962
399607,1915.0,1894.0,112.0,-0.411863641827088
278503,27.0,1898.0,75.0,-1.47264060880099
11881,160.0,1909.0,2.0,5.37029520919312
61879,195.0,1922.0,10.0,2.80836384817668
413486,1671.0,131.0,114.0,0.0926309336986164
426115,655.0,1880.0,115.0,-2.51231648191166
319354,1905.0,147.0,99.0,-0.974769333390153
113855,1920.0,1901.0,167.0,0.413401995354311
276914,1885.0,1892.0,75.0,1.80318073872136
33018,1925.0,20.0,166.0,-1.83253908201636
245451,48.0,3.0,69.0,12.6107927091143
321571,1899.0,147.0,100.0,2.3023419618676
427595,1430.0,1903.0,115.0,0.948641853108061
111216,136.0,1904.0,167.0,-5.44136744679018
285146,1913.0,1881.0,77.0,-2.12765273702533
390706,604.0,1342.0,111.0,3.46318751109678
315032,1925.0,3.0,186.0,-6.97005888739043
262618,1347.0,1891.0,73.0,-2.21647163681218
435958,3.0,85.0,116.0,1.18488688418533
266445,1900.0,1882.0,74.0,0.798106745766102
195761,83.0,1884.0,176.0,-1.98433582077814
57315,1876.0,1883.0,9.0,-0.783474990610183
75380,1906.0,1900.0,13.0,-5.74212219243662
317344,1899.0,1881.0,99.0,-1.95658600210728
231813,1915.0,229.0,58.0,-2.2878020327298
68982,160.0,1891.0,12.0,-3.06549982330294
415600,3.0,1894.0,114.0,0.65787652013878
282595,1895.0,788.0,77.0,0.603826042651354
8220,1905.0,15.0,1.0,18.6143398394506
333210,1916.0,1927.0,102.0,1.41924315742281
243640,1906.0,1907.0,69.0,-6.78441475021556
181562,655.0,1902.0,53.0,3.63951759626286
27676,604.0,11.0,4.0,0.750654799251662
397844,1878.0,1900.0,112.0,-3.39362527743792
340038,655.0,1915.0,103.0,-2.19493156871807
178300,147.0,1889.0,53.0,4.9737429851767
222768,1926.0,1921.0,56.0,-5.60724211109596
436719,163.0,27.0,116.0,6.8496040813905
184258,1899.0,1903.0,174.0,1.79494303008658
368047,1879.0,1893.0,180.0,2.2843429263457
271238,83.0,1908.0,74.0,5.30958935301681
268756,1886.0,13.0,74.0,-0.128260064790948
178411,677.0,1901.0,53.0,-3.26202331145286
208929,1893.0,1912.0,178.0,4.11587671841428
163047,85.0,18.0,168.0,0.159353572444178
58854,27.0,15.0,9.0,0.483028051409252
26530,1880.0,1881.0,4.0,-1.22730483733495
319689,1926.0,120.0,99.0,1.06267191116939
283857,1912.0,1224.0,77.0,1.60638176027559
280399,655.0,131.0,75.0,-4.75054471434714
274545,1430.0,1923.0,179.0,-1.67682220100375
371446,1906.0,1912.0,180.0,-9.44855161410815
185191,1337.0,1914.0,174.0,-11.1494950206389
265250,1925.0,1889.0,73.0,-2.69079315621655
261518,748.0,11.0,73.0,-0.474399910080229
254686,14.0,18.0,71.0,1.53677612481092
278649,1911.0,1882.0,75.0,2.99512159009834
329633,48.0,1904.0,101.0,-3.69444800499215
32838,1924.0,150.0,166.0,5.86528510977015
270549,163.0,1912.0,74.0,12.1576750367182
221396,1926.0,1901.0,56.0,2.53827894790794
197815,1885.0,1883.0,54.0,3.79507422774254
318172,1906.0,1875.0,99.0,-0.0222373269500983
318897,82.0,101.0,99.0,6.62358448759769
249681,160.0,101.0,70.0,8.42027305811412
58154,83.0,1889.0,9.0,0.0687444275478691
216392,1926.0,5.0,55.0,4.11422286634576
328839,1925.0,72.0,101.0,3.61296195389194
237230,48.0,1881.0,60.0,-5.91439173016832
56494,1904.0,1922.0,9.0,2.28471558151199
197277,72.0,164.0,54.0,-2.71312235649875
86123,1896.0,1889.0,172.0,6.80593009296956
223731,1347.0,1331.0,57.0,-1.50134451990002
262139,1559.0,18.0,73.0,7.64645969481618
257548,27.0,1910.0,72.0,-5.81782062449254
189382,1888.0,1914.0,175.0,-1.29890996551866
318847,1924.0,131.0,99.0,-2.96677441150969
283847,1889.0,47.0,77.0,-1.73918276262504
276246,1926.0,1560.0,179.0,-0.277496285952116
342356,1910.0,1927.0,104.0,-1.83283820591752
399239,1887.0,1927.0,112.0,7.75586914730206
264365,1905.0,195.0,73.0,1.03609828288395
49018,150.0,1927.0,7.0,0.843928470776916
341884,13.0,131.0,104.0,1.97379056619868
96985,1916.0,1910.0,44.0,15.736983864578
87670,948.0,1920.0,172.0,-1.63157153856028
44473,1183.0,1878.0,6.0,-2.82083053719615
181448,1877.0,1337.0,53.0,3.71471031172102
416027,1332.0,1880.0,114.0,-0.0565717142784029
70887,1907.0,1892.0,13.0,-5.10473940613693
257430,1902.0,1910.0,72.0,7.19694017971131
203764,1911.0,17.0,177.0,1.2740747501656
184637,544.0,1894.0,174.0,5.9649983536128
215450,1916.0,131.0,55.0,1.45813873590298
243490,48.0,1907.0,69.0,-15.9874066899908
280658,1905.0,544.0,75.0,-5.06624662640544
321464,136.0,1901.0,100.0,-4.26014182863208
426682,1876.0,1893.0,115.0,10.8608389508195
227077,1926.0,150.0,57.0,11.0438813567568
162154,11.0,1890.0,168.0,0.376453094992537
278670,1889.0,1431.0,75.0,3.27487363553864
60687,1878.0,1895.0,10.0,3.24784056136412
64708,1876.0,1900.0,10.0,-0.293922928272919
216491,1925.0,101.0,55.0,36.6017961776019
102499,948.0,1927.0,173.0,3.58126975062053
186463,1919.0,1922.0,174.0,0.305080794364728
425611,1430.0,1899.0,115.0,6.78110731119412
276110,604.0,136.0,179.0,4.36254262733452
49463,11.0,17.0,7.0,9.35666722147978
12213,655.0,1347.0,2.0,-2.153332510973
388954,1559.0,120.0,111.0,5.44116734301004
213963,83.0,150.0,55.0,2.16788475054741
326100,47.0,1912.0,101.0,3.8952344045072
115443,48.0,1337.0,167.0,1.7555292821764
50235,1881.0,1901.0,7.0,-4.02261843450316
248346,1899.0,85.0,70.0,1.79475265359028
216722,48.0,1896.0,55.0,6.67086389039291
320665,1889.0,72.0,100.0,-3.9942922226492
7580,655.0,1877.0,1.0,9.9602099048978
322731,147.0,1901.0,100.0,-1.54266047467684
205594,14.0,195.0,177.0,-0.33051779268206
282952,147.0,1911.0,77.0,4.81531652523719
58982,655.0,1911.0,9.0,-2.25631275844331
377228,229.0,1910.0,109.0,-7.13068856985582
327595,1875.0,1921.0,101.0,-0.571733197824452
389726,83.0,1879.0,111.0,2.23676867575716
253437,120.0,1901.0,71.0,0.787140212198521
99956,163.0,1876.0,44.0,15.749517783791
225911,1878.0,1885.0,57.0,-3.16557773055312
310974,120.0,1900.0,186.0,3.37460793705618
338626,1430.0,1887.0,103.0,0.273944991825933
55037,1560.0,1888.0,9.0,-3.34265006653367
85650,1331.0,17.0,172.0,-3.3422790922285
165316,82.0,1224.0,168.0,3.37981212177004
66829,164.0,1560.0,12.0,-3.10465863782041
388182,1332.0,1887.0,111.0,2.88332248873131
85994,1331.0,1907.0,172.0,-3.42538480031721
426404,83.0,1879.0,115.0,-8.11980685218535
272636,1902.0,1877.0,179.0,-0.883560615818495
216118,1906.0,1880.0,55.0,-11.9653743871603
640925,948.0,544.0,104.0,-1.2771286314649548
68829,1925.0,131.0,12.0,-0.0522074284047517
254785,1877.0,1918.0,71.0,6.42189890026949
72121,1904.0,788.0,13.0,-2.05512492415589
226454,1905.0,1331.0,57.0,-8.80629225285243
368909,1896.0,1927.0,180.0,-4.2569232038322
243134,136.0,1911.0,69.0,-0.2509229967166
361405,604.0,1882.0,108.0,3.84232570790734
246515,1886.0,5.0,70.0,-0.715770320211216
65973,150.0,1916.0,12.0,1.731435789333
256021,1902.0,131.0,72.0,-4.78205997707527
72509,164.0,1917.0,13.0,4.84483364363965
101880,1883.0,1900.0,173.0,-2.52416384372203
47218,1877.0,1904.0,6.0,6.71993100270926
388929,1885.0,1331.0,111.0,10.9395569602689
304746,20.0,1921.0,98.0,-10.8955730481359
373694,20.0,1332.0,109.0,-2.80276766023543
104713,1905.0,1224.0,173.0,0.0675489327006801
360912,1876.0,1224.0,108.0,-10.7372762533823
61274,1911.0,15.0,10.0,-1.56190105681718
211606,1920.0,1879.0,178.0,-9.07096686508244
199841,1559.0,1884.0,54.0,-0.83802947124873
237097,48.0,72.0,60.0,0.465692308640353
285654,1342.0,131.0,77.0,0.243956803038552
43215,1431.0,1918.0,6.0,-1.08461706017036
98459,1337.0,1906.0,44.0,-10.0415816007839
216883,1332.0,1918.0,55.0,-2.64359938572582
185560,1915.0,1889.0,174.0,-2.70604568712253
266120,5.0,1928.0,73.0,4.04244658732329
186330,48.0,748.0,174.0,19.9164804283316
280241,1337.0,131.0,75.0,-10.7704016380176
300226,1897.0,195.0,98.0,-59.8047445014512
163167,1347.0,1886.0,168.0,-0.361634325256146
51743,1924.0,1909.0,7.0,21.7476659140001
89005,1906.0,677.0,172.0,4.37871623255083
398620,136.0,5.0,112.0,-2.34890421974753
358677,1879.0,1908.0,108.0,-8.04574513540942
416233,1332.0,11.0,114.0,-5.54405993104041
256106,1431.0,1922.0,72.0,3.53960737391461
175715,1905.0,120.0,52.0,-2.92491651508549
7642,1905.0,1895.0,1.0,4.79315464769366
3821,1880.0,1910.0,1.0,-3.94758696080424
62611,1876.0,47.0,10.0,-8.53237752479328
397100,1224.0,5.0,112.0,-0.446858549294981
437668,160.0,1886.0,116.0,-4.86144999110702
370337,604.0,1909.0,180.0,8.19582297841017
209480,101.0,1923.0,178.0,-9.22598549104414
4290,17.0,1921.0,1.0,0.0938909439505662
188222,1899.0,1893.0,175.0,2.28267371438855
101834,1912.0,17.0,173.0,-22.1509649858249
232129,1906.0,1914.0,58.0,-16.9782014715276
391093,1342.0,15.0,111.0,-12.9531077930834
284216,1894.0,1922.0,77.0,-3.0153226890904
371630,1924.0,1332.0,180.0,2.18185719945208
324612,27.0,1918.0,100.0,-0.0177094650356189
200853,1925.0,655.0,54.0,11.7675763073541
345879,82.0,748.0,104.0,4.5367035119103
417026,83.0,1559.0,114.0,-4.79570596080125
257211,146.0,120.0,72.0,4.01101696371785
67666,1878.0,1893.0,12.0,-4.02120115880085
344117,160.0,1908.0,104.0,4.45896276575155
110220,82.0,1903.0,45.0,-2.42991008525484
250702,1913.0,1876.0,70.0,16.5008977075648
50094,1559.0,1912.0,7.0,-1.80202549515233
102521,1884.0,1331.0,173.0,0.392736055487661
232761,1430.0,13.0,58.0,3.47627495521385
331754,1224.0,1917.0,102.0,-0.808448073981802
105117,1915.0,1903.0,173.0,6.87293877078623
180066,1925.0,5.0,53.0,1.91972791709215
169973,229.0,1895.0,51.0,-3.55503375032463
335884,1920.0,1337.0,102.0,5.66878803027867
332764,47.0,1224.0,102.0,-0.883287969592983
401161,1919.0,1559.0,112.0,3.95099373077527
12724,1919.0,20.0,2.0,-8.87141926817453
211672,14.0,147.0,178.0,6.87812184804294
260495,655.0,1876.0,72.0,10.524643803986
65553,1888.0,1918.0,12.0,0.766124754354728
186437,1332.0,1922.0,174.0,-5.46830634933567
195817,14.0,677.0,176.0,0.945273927336884
13923,1347.0,1907.0,3.0,-8.37834578521113
258620,136.0,1560.0,72.0,-1.25296464480588
328186,1431.0,131.0,101.0,-2.70325748860661
335340,83.0,1671.0,102.0,-3.20484466259398
230356,101.0,1347.0,58.0,-5.25106495732974
180031,1924.0,604.0,53.0,8.97128477019615
231372,229.0,1899.0,58.0,-4.6654239293992
109889,1913.0,1671.0,45.0,-51.1754779932002
423311,47.0,1912.0,115.0,-1.08659746889796
52374,1924.0,1905.0,7.0,12.4855495870188
185071,1905.0,1916.0,174.0,-8.70526568178715
206465,1876.0,1918.0,177.0,5.48869699916221
169476,1905.0,146.0,51.0,0.604863817452211
107188,1183.0,1883.0,45.0,1.2164696233317
204430,85.0,15.0,177.0,-0.513867075299105
52341,1924.0,20.0,7.0,9.94146592426132
164155,1926.0,1880.0,168.0,0.0673947246443827
65925,131.0,1927.0,12.0,2.59362315318595
335703,48.0,1882.0,102.0,6.02074915249205
43447,150.0,788.0,6.0,3.5099343895595
438204,1431.0,1928.0,116.0,-4.28381919043007
211470,1342.0,1905.0,178.0,-19.2789181486058
325357,1906.0,1908.0,100.0,1.90354842939751
223665,1331.0,788.0,57.0,-5.7907920269514
62867,160.0,1923.0,10.0,-1.647997013983
245462,1877.0,18.0,69.0,2.42200199705732
112251,1331.0,1911.0,167.0,-0.0445440693228589
317726,1912.0,1910.0,99.0,-0.136014318008783
106559,1899.0,11.0,45.0,-0.268051027407463
48887,1895.0,47.0,7.0,-9.61146180198432
367598,1879.0,1885.0,180.0,4.44268489823353
112246,1909.0,1893.0,167.0,11.0625201038706
209018,1892.0,18.0,178.0,-3.2951110214407
10211,85.0,1431.0,2.0,-3.19333000176805
166576,1894.0,677.0,51.0,-0.762767200962707
359229,136.0,147.0,108.0,-3.66029894243765
48292,1560.0,1902.0,6.0,-2.70093613939631
171205,82.0,1928.0,51.0,2.48595638106453
192706,150.0,1898.0,176.0,1.3555969185285
223459,1331.0,15.0,57.0,3.27532115072889
176753,1904.0,1331.0,53.0,5.08647618245154
165172,604.0,1559.0,168.0,2.66668994092965
256782,136.0,1882.0,72.0,1.9522323567002
101738,72.0,788.0,173.0,0.604959283548619
207079,160.0,1890.0,177.0,9.7036478205306
232654,1915.0,5.0,58.0,9.52374182556475
280880,14.0,1895.0,75.0,-1.10119637054789
167386,120.0,195.0,51.0,3.74872057149381
60884,1896.0,1910.0,10.0,-0.996545360321392
161833,1884.0,1224.0,168.0,2.71014197436603
340307,3.0,1224.0,103.0,4.91469790058205
376844,604.0,1332.0,109.0,0.903080981557016
345107,1913.0,1893.0,104.0,-1.59560661950314
251945,1891.0,15.0,71.0,2.08797846115738
14074,1912.0,1892.0,3.0,-12.0424377712939
313651,82.0,1889.0,186.0,7.38290353694943
374869,150.0,1893.0,109.0,0.317942520127608
68127,1877.0,1883.0,12.0,-0.951246802324863
11939,655.0,1901.0,2.0,-2.86843666655803
325376,544.0,1906.0,100.0,2.1342651990652
68323,20.0,164.0,12.0,-13.0133445389328
359095,1897.0,1882.0,108.0,-14.046185111453
184391,72.0,1900.0,174.0,-1.59657063464602
345198,1915.0,18.0,104.0,-4.14154702410902
218630,1894.0,1898.0,56.0,-1.04543083385589
256338,1904.0,120.0,72.0,0.860104847825723
107099,1912.0,1224.0,45.0,3.75903477850238
251368,1875.0,677.0,71.0,5.55757776877041
332730,72.0,150.0,102.0,-8.01911806870522
4514,47.0,1922.0,1.0,-1.48428480708552
68356,48.0,229.0,12.0,-3.64621040977418
185744,1342.0,1348.0,174.0,-5.76653047582996
270877,1920.0,120.0,74.0,-0.631192858638678
267005,1347.0,131.0,74.0,-4.73664364701104
170039,1876.0,18.0,51.0,1.23953624056992
74726,83.0,147.0,13.0,-0.781349566557291
104060,1905.0,11.0,173.0,10.5728415665268
266862,1885.0,1348.0,74.0,0.0277531950604908
11002,1878.0,1910.0,2.0,-0.0473651710931269
398775,1331.0,1224.0,112.0,0.960921172784546
249258,1919.0,146.0,70.0,-5.10116358500842
397974,1559.0,1879.0,112.0,10.467756507136
167200,1891.0,1922.0,51.0,1.6324714611483
341042,1342.0,18.0,103.0,7.35962462844282
64196,1924.0,147.0,10.0,5.80302706164675
97318,1891.0,47.0,44.0,15.3610456045482
265219,1919.0,147.0,73.0,3.10062073897388
206893,1337.0,1430.0,177.0,1.30704572797082
46945,163.0,101.0,6.0,21.1895996279828
52142,544.0,1892.0,7.0,15.4019305155393
338885,655.0,85.0,103.0,2.90730383368102
56341,1883.0,1881.0,9.0,3.84644787391904
166981,1348.0,11.0,51.0,0.414963419987674
218986,1875.0,1887.0,56.0,-2.12458962469027
190712,1924.0,20.0,175.0,5.30701006713639
247023,1671.0,1908.0,70.0,11.1347163504989
174296,1332.0,1183.0,52.0,-3.0618726498965
105867,1897.0,13.0,45.0,-7.52752574199321
16171,195.0,1916.0,3.0,-2.02683150322543
210202,1880.0,47.0,178.0,1.34707457850804
275273,604.0,131.0,179.0,-3.00747882110553
97314,136.0,1885.0,44.0,-6.82410618045565
336224,677.0,1923.0,103.0,0.376427439148301
43201,1183.0,1895.0,6.0,-7.34814382614709
26853,1876.0,72.0,4.0,0.5194420667651
340610,1905.0,748.0,103.0,6.27374432453
425460,1559.0,1183.0,115.0,3.1062043204489
373536,15.0,1927.0,109.0,1.28277075512093
368398,146.0,1904.0,180.0,2.86938040558855
71094,47.0,1901.0,13.0,-0.505502986687062
44696,1880.0,1890.0,6.0,9.6240602703536
47372,1924.0,1917.0,6.0,-2.58313994299059
261755,1895.0,1911.0,73.0,2.50051630166349
186933,1875.0,1910.0,175.0,4.67583268213123
300762,1900.0,1908.0,98.0,-1.11153976681889
230350,136.0,18.0,58.0,3.58675173856469
396908,1560.0,1347.0,112.0,2.82163490987026
192177,1880.0,1896.0,176.0,-0.0626560765457011
345956,48.0,1671.0,104.0,3.45511730055764
634635,1888.0,1902.0,173.0,-6.422347169946275
9241,47.0,1348.0,2.0,-2.25494076089507
199777,1880.0,1923.0,54.0,-3.51990763096994
178853,1898.0,1890.0,53.0,-2.66819265584507
32829,229.0,1892.0,166.0,0.844649501494041
164814,544.0,20.0,168.0,2.93240668637756
202636,1895.0,18.0,177.0,0.967220548093518
315193,1894.0,1928.0,186.0,10.7978235341592
108489,163.0,1919.0,45.0,-0.609137449771927
371003,163.0,1904.0,180.0,7.9339013916654
342181,1671.0,1892.0,104.0,2.43391936333035
345510,1876.0,13.0,104.0,-2.03552991978641
71946,1671.0,17.0,13.0,4.52451062002084
101015,1348.0,1347.0,173.0,7.25572134505522
107634,146.0,1889.0,45.0,-3.03752046343605
242868,1887.0,1916.0,69.0,0.897810256938888
161335,1911.0,1224.0,168.0,1.20211731206404
205471,1877.0,72.0,177.0,-9.21886615449527
227849,27.0,1882.0,57.0,3.47073567662668
244364,83.0,1893.0,69.0,-1.59565763877484
260427,1926.0,1342.0,72.0,-1.32997822700906
115275,1877.0,1878.0,167.0,-1.83699474657018
642260,150.0,1902.0,1.0,3.07319039158493
43131,1902.0,17.0,6.0,4.21286503426409
197541,1885.0,1903.0,54.0,13.8475284626476
31328,1900.0,677.0,166.0,-0.891582004658334
320151,544.0,3.0,99.0,-1.90843030829259
28341,83.0,1559.0,4.0,1.44954553221078
13980,1909.0,1922.0,3.0,5.04966902041721
326384,1559.0,1910.0,101.0,6.8316683329311
389592,1920.0,5.0,111.0,1.81783893273989
99418,1877.0,1896.0,44.0,8.78109259577765
327037,1431.0,1911.0,101.0,-2.75878994337811
435257,1879.0,1907.0,116.0,3.94555687168573
437058,544.0,1895.0,116.0,4.63631777066657
435005,1347.0,1882.0,116.0,-2.58107478351956
104470,604.0,1877.0,173.0,22.8119024218487
359520,20.0,1894.0,108.0,-12.0743411354554
32516,3.0,1331.0,166.0,-8.63306027961562
62186,1879.0,1895.0,10.0,-2.27301502473186
189901,1924.0,788.0,175.0,-2.56942126157648
315835,1910.0,1922.0,99.0,1.6292102591032
238400,1920.0,83.0,60.0,1.03584124661296
423994,1908.0,1890.0,115.0,3.25150325654613
167418,948.0,1912.0,51.0,-1.39251162523354
435279,948.0,1881.0,116.0,-1.2453678417793
196153,1906.0,147.0,176.0,-2.05716367562982
253647,655.0,1908.0,71.0,-0.742655429950199
312243,1879.0,1909.0,186.0,2.0015477582858
213413,1882.0,1923.0,55.0,3.69976275341368
340411,83.0,1224.0,103.0,2.96289783694051
283651,1183.0,1907.0,77.0,9.35717933758855
44611,1878.0,1916.0,6.0,-3.70031003933134
187471,85.0,788.0,175.0,-3.40370959280033
271243,83.0,1900.0,74.0,3.67803963539681
258373,1911.0,1910.0,72.0,-1.18491461575499
178445,1896.0,1895.0,53.0,-0.118284123223597
335393,1337.0,748.0,102.0,-0.690352571624133
313847,163.0,17.0,186.0,2.93864280614349
4199,147.0,1224.0,1.0,-1.38512866027929
243161,1887.0,1883.0,69.0,2.22144347032491
114938,604.0,136.0,167.0,-1.40158476369851
360876,14.0,1224.0,108.0,-7.64998235009256
219389,1897.0,83.0,56.0,0.150667228186556
414477,1337.0,1910.0,114.0,6.54306227186654
249443,1920.0,1431.0,70.0,5.82661720263644
252838,1892.0,788.0,71.0,2.78605867196955
358759,1875.0,1892.0,108.0,0.721030191852906
260001,1876.0,147.0,72.0,-0.851669229692237
190215,163.0,5.0,175.0,18.6722447256439
200740,20.0,1914.0,54.0,-7.06638339762415
47483,160.0,1430.0,6.0,2.16064091496247
262293,1348.0,1916.0,73.0,-1.95903680344478
192731,1912.0,1909.0,176.0,4.2164381557656
203833,17.0,1922.0,177.0,0.948550557726077
401168,655.0,136.0,112.0,0.252802010944872
16475,1899.0,1878.0,3.0,-5.73478305154647
259035,27.0,1881.0,72.0,-1.03941201457333
210354,17.0,788.0,178.0,1.78264898408231
87733,1897.0,1911.0,172.0,-3.73322725710951
400244,1905.0,1892.0,112.0,-1.83111742474819
317969,136.0,131.0,99.0,-2.59492527613348
214936,1893.0,1923.0,55.0,3.01751046024742
217380,160.0,1900.0,55.0,5.98202897025013
226321,655.0,788.0,57.0,8.29052927498438
210917,163.0,1909.0,178.0,11.2756345937578
86685,136.0,1909.0,172.0,0.601356325821156
203803,1894.0,1560.0,177.0,3.15183620360666
174739,82.0,18.0,52.0,-11.6057268733832
48181,160.0,1928.0,6.0,-4.03629260966461
437469,82.0,1888.0,116.0,4.42544051937004
170194,1926.0,1875.0,51.0,1.43425476281577
57137,229.0,1883.0,9.0,3.08697771324024
252593,1909.0,18.0,71.0,3.4653478021882
258991,3.0,229.0,72.0,-1.83559071027088
180975,1430.0,1671.0,53.0,-7.63248525917903
195322,1925.0,1881.0,176.0,2.78059519066474
372726,1347.0,1911.0,109.0,1.40382350572771
181708,3.0,1332.0,174.0,-2.15404546847689
433606,1560.0,1347.0,116.0,1.08832951168167
48781,1897.0,1331.0,7.0,-4.60162969416013
97842,13.0,1923.0,44.0,3.97195844617253
343584,101.0,1894.0,104.0,3.22146218784337
312218,1902.0,18.0,186.0,-1.14501722013133
194035,136.0,1431.0,176.0,2.29769641737083
199569,101.0,1908.0,54.0,-5.44039148741049
203936,164.0,1890.0,177.0,-0.680640484846398
205079,1876.0,47.0,177.0,3.25613840453018
201021,604.0,150.0,54.0,9.00246131741817
412916,18.0,1927.0,114.0,-0.734571732873197
235974,1912.0,18.0,60.0,-1.97624151269565
314937,1926.0,1882.0,186.0,-6.58592707174207
321652,1902.0,788.0,100.0,-0.786705281669956
3565,1895.0,18.0,1.0,-6.73568364687811
301069,1882.0,1921.0,98.0,0.0798942370912798
171862,85.0,1908.0,52.0,1.6300756154239
48040,48.0,677.0,6.0,-1.21237741885163
74170,1924.0,131.0,13.0,-0.678473954535635
321073,1912.0,1896.0,100.0,-2.36135624974583
237820,1920.0,20.0,60.0,-6.41686494243863
95989,1884.0,1881.0,44.0,-6.90668656029744
313668,1337.0,1914.0,186.0,-11.0866626751342
323397,1926.0,1883.0,100.0,-9.8680739665767
204208,195.0,13.0,177.0,1.66794461630594
200968,1877.0,1893.0,54.0,-2.64642864207538
335814,544.0,15.0,102.0,3.7367499828612
236237,47.0,1921.0,60.0,24.2175033791246
16117,1881.0,1916.0,3.0,-1.05057757389094
412732,1888.0,1348.0,114.0,4.62497751125333
206888,1925.0,1332.0,177.0,4.84596333038925
340943,1925.0,1903.0,103.0,1.64999858434815
207914,1331.0,15.0,178.0,-7.82143053054186
56240,1875.0,1917.0,9.0,2.64528658025382
90202,655.0,3.0,172.0,-5.25964797352342
65989,1896.0,1348.0,12.0,2.53265185707171
258480,1912.0,1881.0,72.0,1.5942936084366
390960,604.0,1906.0,111.0,-0.337305269376383
68303,1337.0,1883.0,12.0,0.387953437689992
29314,1917.0,11.0,166.0,-2.0945181842909
320315,1332.0,1928.0,99.0,-15.377688213122
417179,1337.0,1430.0,114.0,-15.5030875322892
30291,72.0,1916.0,166.0,-5.11694732683335
216416,1342.0,1892.0,55.0,-8.1381085139824
74531,544.0,1915.0,13.0,2.77122044050948
281245,48.0,120.0,75.0,-8.10928773204995
212010,83.0,1671.0,178.0,-6.38935832334653
182058,1912.0,1911.0,174.0,4.43073361740835
212035,1926.0,1886.0,178.0,-6.67063491443808
334924,1924.0,1875.0,102.0,-1.49241356732513
16427,1347.0,147.0,3.0,-5.6074469790238
218720,1889.0,18.0,56.0,-1.15333931345558
322238,1559.0,195.0,100.0,0.244326192329729
433806,1912.0,1886.0,116.0,2.41610238842976
338620,1898.0,1881.0,103.0,-5.20870053419969
238382,1876.0,1671.0,60.0,-18.214053171546
54381,1883.0,1907.0,9.0,-2.06030683420625
180087,82.0,1880.0,53.0,-3.35953211690481
108071,1878.0,1912.0,45.0,7.69241907310511
329239,83.0,17.0,101.0,-2.04575541511345
175760,1906.0,1912.0,52.0,-1.99862802126198
226889,1925.0,1347.0,57.0,-5.59410915287066
44159,195.0,15.0,6.0,2.21693297797213
32314,14.0,1331.0,166.0,-14.8155274339404
17563,1332.0,1896.0,3.0,1.20931855339663
170014,1915.0,544.0,51.0,2.06344191296843
88986,1915.0,1884.0,172.0,-0.694847537259954
73336,544.0,160.0,13.0,2.59125094547198
174153,1920.0,1908.0,52.0,-2.87130035852441
370938,1430.0,18.0,180.0,2.64798743800294
372994,1900.0,1907.0,109.0,-2.00851983961965
369095,1560.0,15.0,180.0,-3.8694634810792
47644,1924.0,83.0,6.0,3.31147865129703
234925,1899.0,1896.0,60.0,4.84918085333588
413770,120.0,1907.0,114.0,-2.05178501758162
222400,1926.0,1430.0,56.0,0.0180629417796144
88684,655.0,1914.0,172.0,-10.1874152773092
106406,1878.0,1882.0,45.0,-6.72004297618847
86116,1885.0,1886.0,172.0,-8.17422894790277
181336,1332.0,1922.0,53.0,-2.07831006531884
88830,3.0,163.0,172.0,-8.48189388941909
167717,1884.0,1904.0,51.0,1.57201792754809
414770,948.0,1908.0,114.0,5.86808074021467
328669,655.0,82.0,101.0,11.4965790912912
227871,1925.0,1560.0,57.0,5.16549482439738
397894,1897.0,1919.0,112.0,-1.01281625013922
197764,72.0,1882.0,54.0,0.388134804344471
434715,1894.0,1910.0,116.0,0.465209781262548
62614,1919.0,47.0,10.0,-6.76186738645302
56814,1893.0,1881.0,9.0,-4.31657721440883
182521,101.0,1183.0,174.0,3.62350699221455
368991,1905.0,1910.0,180.0,4.74634938715913
181182,1926.0,948.0,53.0,1.07424669742735
338008,1224.0,11.0,103.0,-0.138444228476234
211971,1926.0,1888.0,178.0,3.02614665672032
255078,1924.0,48.0,71.0,19.8195520366963
413542,1900.0,677.0,114.0,2.08853874073174
67867,1894.0,1922.0,12.0,4.44302368168089
103842,82.0,1885.0,173.0,-0.426265928269582
6649,20.0,164.0,1.0,-4.84497255425285
227705,1925.0,120.0,57.0,0.609601060777231
85504,1183.0,1560.0,172.0,9.40200482132084
226417,1919.0,1881.0,57.0,1.83348030019393
202969,1347.0,1911.0,177.0,1.30660123047903
398091,5.0,1890.0,112.0,-0.518832315946058
26065,1347.0,146.0,4.0,-3.28666850561832
257251,1902.0,1337.0,72.0,-3.39105220757392
199704,1903.0,1923.0,54.0,0.0943704751993889
162713,948.0,1899.0,168.0,5.25521808022587
333285,164.0,1916.0,102.0,3.92441587262744
227905,604.0,948.0,57.0,6.27149953214802
329571,1876.0,18.0,101.0,1.91937690142282
73007,1893.0,1908.0,13.0,5.68638791615003
196399,1926.0,147.0,176.0,3.58400370666624
56636,1899.0,195.0,9.0,-4.5892155456723
397613,1895.0,164.0,112.0,-9.98364620997539
335041,1920.0,1912.0,102.0,-2.21701694121926
29661,1183.0,1348.0,166.0,1.16166152791618
282334,85.0,146.0,77.0,-0.896800212175092
101607,136.0,5.0,173.0,0.19926716215449
374012,136.0,1885.0,109.0,-1.95104497906046
311778,1904.0,1916.0,186.0,-3.22199777333261
206356,1876.0,1348.0,177.0,3.18086496399204
172824,1183.0,146.0,52.0,-1.2355092271337
322059,3.0,1347.0,100.0,-0.490195332833203
437240,655.0,27.0,116.0,2.68373464087387
214631,1879.0,1927.0,55.0,-1.8897677170252
303916,1925.0,1889.0,98.0,0.0701001679106684
396755,1886.0,1911.0,112.0,-1.55969604509875
401171,3.0,1886.0,112.0,6.46281795296987
45904,1884.0,1883.0,6.0,1.95585613725317
273519,85.0,15.0,179.0,-1.01024281470619
215188,748.0,1922.0,55.0,2.93797132593404
370075,604.0,82.0,180.0,11.9617987287384
216533,3.0,1884.0,55.0,-4.75989033180414
209796,1878.0,146.0,178.0,6.63879065387253
438351,229.0,1902.0,116.0,-1.97211176081411
5824,5.0,1901.0,1.0,-30.0531224819089
3682,1878.0,1912.0,1.0,-2.9816499520813
191734,1877.0,1337.0,175.0,-0.111456034493424
52335,27.0,544.0,7.0,0.782800504138995
54200,1875.0,748.0,9.0,1.23673347726341
100376,1877.0,85.0,44.0,3.08853363697514
318326,27.0,164.0,99.0,0.808550457626809
255128,160.0,1430.0,71.0,-3.47920628235334
183442,101.0,1878.0,174.0,-1.16639158453918
29505,163.0,1899.0,166.0,13.7816635788072
6111,1347.0,1884.0,1.0,5.3710657014498
198788,136.0,1910.0,54.0,-2.89546443188668
272081,147.0,1903.0,179.0,2.23348064646869
27519,83.0,544.0,4.0,-2.89777922308589
260165,1877.0,147.0,72.0,3.25681136068273
230562,1559.0,1882.0,58.0,-0.314686828425199
182134,1347.0,1887.0,174.0,-2.27155947264919
73641,1877.0,1894.0,13.0,-3.11201965545019
256566,1559.0,1927.0,72.0,-1.62381412294112
99105,1337.0,677.0,44.0,-10.3283016275955
184270,948.0,195.0,174.0,-0.828623167152975
111677,15.0,1914.0,167.0,1.76801322500983
254550,544.0,1891.0,71.0,-0.361649582482118
65884,1917.0,1890.0,12.0,0.432797566715237
216097,82.0,1892.0,55.0,4.83767460403108
301689,1894.0,788.0,98.0,2.60780772290317
186073,1925.0,1888.0,174.0,0.404689417993865
226030,163.0,85.0,57.0,10.3717863763721
370192,20.0,1881.0,180.0,-6.79844014638576
312715,1224.0,1914.0,186.0,-6.70215436618498
242713,47.0,1917.0,69.0,1.13793349269693
226692,1342.0,5.0,57.0,-3.05589999693363
251157,136.0,1331.0,71.0,-6.36862048054036
185082,1906.0,1909.0,174.0,-6.32740438634091
187234,1875.0,1884.0,175.0,0.717966160753127
5675,1348.0,1921.0,1.0,1.56567149849955
241510,1887.0,1889.0,69.0,-0.40127764531937
369102,120.0,1912.0,180.0,9.14874684843358
31860,1875.0,1331.0,166.0,-0.316160193794132
62870,1926.0,1923.0,10.0,-0.831678479613348
201212,48.0,1877.0,54.0,0.184065937447763
68138,1920.0,1883.0,12.0,-0.244617869630166
357576,1881.0,1922.0,108.0,-0.149620555235239
187226,1909.0,72.0,175.0,2.81633760521131
245361,1913.0,1876.0,69.0,4.33564109760044
317313,1671.0,1927.0,99.0,-2.01823826566285
261672,1183.0,1898.0,73.0,1.90079247111497
327964,1911.0,1224.0,101.0,1.58661044692028
202516,1224.0,1882.0,177.0,-3.6307956535788
187568,1894.0,1907.0,175.0,-2.83402420972562
184779,83.0,1907.0,174.0,-0.578421838893535
12856,1877.0,1912.0,2.0,-1.74137098824281
316734,1879.0,1923.0,99.0,-1.08969035296038
50430,136.0,11.0,7.0,-5.76509463018102
72695,1889.0,1911.0,13.0,0.743175213009869
257989,1900.0,1927.0,72.0,1.93678283143751
433713,1888.0,1927.0,116.0,-0.496723090833667
237575,82.0,101.0,60.0,8.71137584337316
61807,1902.0,5.0,10.0,1.81125245258523
257088,1896.0,17.0,72.0,-1.39086014469411
269401,544.0,1919.0,74.0,-6.04633051389729
59299,1342.0,1928.0,9.0,-11.213771002072
400625,604.0,1918.0,112.0,2.33108553718566
316185,1912.0,788.0,99.0,-1.63101140873367
189961,1924.0,18.0,175.0,0.767562968259739
3947,1904.0,677.0,1.0,1.21709134493228
113958,27.0,1892.0,167.0,-8.07567600761354
359504,1919.0,1894.0,108.0,-8.65404548015644
49934,1880.0,13.0,7.0,-5.45856612363367
416925,27.0,1224.0,114.0,4.24019094332162
109665,1913.0,1888.0,45.0,2.77313293471096
203869,85.0,1907.0,177.0,-4.16933318837832
61071,1560.0,1911.0,10.0,3.42376154785522
341441,1904.0,1431.0,104.0,1.06044767637207
367690,27.0,1887.0,180.0,6.16957028160411
227063,14.0,1893.0,57.0,0.412347585329913
426456,1915.0,1914.0,115.0,6.32654285440035
9972,13.0,1224.0,2.0,0.352838385400189
339265,1924.0,72.0,103.0,0.366540441568583
216692,1430.0,1348.0,55.0,-16.044645270113
219459,1671.0,1890.0,56.0,13.8920456041377
262190,1887.0,150.0,73.0,1.05219292990576
228768,164.0,1927.0,58.0,0.64748705632916
162728,1922.0,1927.0,168.0,-4.84399717839264
56038,1183.0,1899.0,9.0,-0.548195670411519
334157,3.0,1881.0,102.0,-2.08989151397768
370802,1920.0,1895.0,180.0,3.68324457114407
423167,1899.0,1904.0,115.0,5.22217865950464
369858,1925.0,1908.0,180.0,-0.407418141003081
372178,1431.0,1928.0,180.0,-6.78301912017378
50871,1917.0,677.0,7.0,-9.28874204095142
178698,47.0,1560.0,53.0,0.944568637183542
170836,3.0,1671.0,51.0,-4.06757055398058
86273,948.0,147.0,172.0,3.48208655283571
259714,604.0,150.0,72.0,12.1263757848827
312615,164.0,1560.0,186.0,1.96285311936057
262998,748.0,1224.0,73.0,-0.673327028680772
108387,83.0,788.0,45.0,-10.3559949875148
48279,1917.0,1902.0,6.0,-2.51784648180663
51548,14.0,164.0,7.0,2.40268867246527
57114,1919.0,14.0,9.0,4.91739774458822
73479,14.0,1894.0,13.0,-6.4568871071647
262100,101.0,1927.0,73.0,-2.91884021796541
45787,136.0,748.0,6.0,-1.84867346496637
414960,1914.0,18.0,114.0,-8.0920499518641
61956,1879.0,1883.0,10.0,4.86544844531691
318600,1905.0,146.0,99.0,4.83920047126765
7694,1913.0,13.0,1.0,3.77335130471988
75673,1919.0,1902.0,13.0,-8.09623180099497
71480,1902.0,1896.0,13.0,1.25230615990817
371822,3.0,1878.0,180.0,-1.55993118987165
223761,1902.0,1431.0,57.0,20.2726195781918
58123,48.0,1918.0,9.0,10.1376508682351
329131,27.0,1892.0,101.0,-8.12422887752038
174527,1915.0,1881.0,52.0,-1.45738496666121
301843,136.0,18.0,98.0,-0.0797836347637888
222423,1430.0,20.0,56.0,-8.68938620525936
310523,948.0,1331.0,186.0,2.08679885095344
166002,1896.0,1928.0,168.0,-1.27971856543167
18408,20.0,15.0,3.0,-14.8666398099538
345211,1926.0,1918.0,104.0,-0.12236503109126
211317,3.0,1893.0,178.0,1.24512474150884
112233,146.0,5.0,167.0,1.07712513872084
224346,677.0,18.0,57.0,-2.92278277939192
231718,1913.0,1907.0,58.0,-0.14928933761891
65540,13.0,15.0,12.0,1.65813911041656
204579,748.0,1901.0,177.0,1.72853981424899
326240,1875.0,1904.0,101.0,-3.05694239385482
109055,1926.0,131.0,45.0,0.342988628736435
388129,1897.0,1560.0,111.0,7.11737803773353
323499,14.0,1875.0,100.0,-6.92002505573198
336275,1904.0,11.0,103.0,-0.851734619334906
249462,27.0,17.0,70.0,-5.2197508531447
228350,1431.0,1928.0,57.0,-4.6794665361966
213865,136.0,11.0,55.0,2.43725557777554
51852,1926.0,1913.0,7.0,6.17880725813066
245925,1894.0,1912.0,70.0,0.894182212043061
426222,655.0,1901.0,115.0,1.05926471303089
24604,1183.0,1879.0,4.0,1.21058110958012
198976,1559.0,1883.0,54.0,4.21677313736532
234870,1559.0,1895.0,60.0,-0.153140119976143
163094,1887.0,13.0,168.0,-0.0792542671722427
358502,136.0,1886.0,108.0,0.845622842920672
255326,14.0,1927.0,71.0,3.5139599789902
173468,1331.0,5.0,52.0,-0.683105348263033
271370,20.0,1921.0,74.0,-12.8297335721585
212099,3.0,1342.0,178.0,-9.58407662281011
343201,1895.0,1903.0,104.0,2.86954080199137
300244,1875.0,17.0,98.0,0.951382932885519
97161,1902.0,948.0,44.0,8.23641629186425
333132,1560.0,1224.0,102.0,4.05128152427263
312393,1909.0,1897.0,186.0,2.36408028782809
115311,1924.0,1882.0,167.0,-6.89733367830256
313052,160.0,1883.0,186.0,-4.85532174550869
342285,1897.0,18.0,104.0,-3.3322484486181
249431,14.0,17.0,70.0,0.481683788278032
11270,120.0,1886.0,2.0,16.5324365215695
50120,1900.0,1224.0,7.0,-0.943976955965757
178903,1896.0,1923.0,53.0,-5.28918598528661
112796,147.0,748.0,167.0,0.280086958281373
221929,1924.0,1895.0,56.0,-0.0213586780280515
88520,655.0,164.0,172.0,3.84333509278741
169662,544.0,5.0,51.0,10.5151782763694
300543,11.0,1890.0,98.0,-0.342612615557707
234172,1895.0,1896.0,60.0,-5.31037369567501
195631,14.0,101.0,176.0,-0.366953662650123
63169,163.0,1914.0,10.0,1.1675177609062
196599,83.0,1927.0,176.0,-2.70712516318441
371999,1913.0,1890.0,180.0,-0.0685589231459137
401450,1926.0,1878.0,112.0,0.0597748218952836
272028,1671.0,1921.0,179.0,8.66577779278e-05
10733,1875.0,1896.0,2.0,1.58266614756045
323212,1183.0,5.0,100.0,1.1584819550715
27508,1913.0,17.0,4.0,-4.67904010678682
17131,1913.0,1879.0,3.0,-8.81435539850141
28214,229.0,48.0,4.0,4.01969835329134
202873,1888.0,1923.0,177.0,-1.73659731334574
282317,1895.0,1901.0,77.0,-2.41077625211121
265164,1913.0,1895.0,73.0,3.07036713448102
164627,27.0,1896.0,168.0,2.74017561830002
328582,1926.0,1883.0,101.0,-7.5551277768107
267744,1347.0,1331.0,74.0,-5.31732105987231
330777,1331.0,1902.0,101.0,-3.74779137784938
47367,544.0,544.0,6.0,1.9177571729661
274754,1905.0,1875.0,179.0,-4.83052808408082
17593,1905.0,18.0,3.0,0.897138626702252
176755,1880.0,1887.0,53.0,-2.19635581855372
4879,1920.0,150.0,1.0,1.49138250746385
324902,1915.0,1671.0,100.0,-15.5445800828677
175701,1877.0,1927.0,52.0,0.4185564215372
163391,1909.0,1331.0,168.0,0.131529113958081
425080,1900.0,1889.0,115.0,-0.592518171391843
185829,1332.0,13.0,174.0,0.310942373603943
220565,1886.0,1903.0,56.0,3.18722919305355
337772,1906.0,1911.0,103.0,7.15981174279564
436439,1430.0,195.0,116.0,-1.44014813332388
195653,655.0,131.0,176.0,1.47683270539646
183729,1889.0,13.0,174.0,2.51115131318919
74426,1876.0,677.0,13.0,1.67405869877373
74387,1926.0,1884.0,13.0,5.81832686971127
205350,1342.0,788.0,177.0,-11.457847696861
423154,17.0,1890.0,115.0,-0.583251890960632
360069,83.0,1880.0,108.0,-0.37549498000907
72478,1902.0,1907.0,13.0,5.20394292994153
111839,136.0,5.0,167.0,-3.3782396491326
285834,1925.0,11.0,77.0,-2.20345069796543
54471,150.0,1914.0,9.0,1.43605226160345
181963,1907.0,5.0,174.0,-0.36383986010047
300689,13.0,1918.0,98.0,6.23766408490333
5960,11.0,1923.0,1.0,-3.1369396779265
210060,1900.0,18.0,178.0,8.55291076892876
8610,131.0,1928.0,1.0,-5.43282700967717
193111,1884.0,1901.0,176.0,1.30700843775522
251351,1898.0,1908.0,71.0,4.92116767742071
367275,1347.0,1892.0,180.0,-12.4346390034444
213631,1183.0,1914.0,55.0,0.117882928412842
177884,1919.0,1887.0,53.0,-1.47749143815472
213497,1912.0,13.0,55.0,-1.16727089828922
317155,1911.0,1882.0,99.0,6.15541598232172
168383,1895.0,1918.0,51.0,4.94028986063816
14588,1893.0,120.0,3.0,11.1592115961224
417392,1332.0,1922.0,114.0,1.03768749231798
63526,1876.0,1879.0,10.0,11.2512597338401
375517,1925.0,1926.0,109.0,5.23773205881742
31917,1920.0,1908.0,166.0,-1.89868203143455
33881,229.0,1878.0,166.0,-2.85697658923654
331522,1900.0,677.0,102.0,-1.02076768957356
367258,1891.0,1890.0,180.0,0.0852285351000152
105008,160.0,1332.0,173.0,0.861787454153454
282431,1898.0,1224.0,77.0,0.0726050455068249
190122,655.0,1926.0,175.0,0.309267374799201
215042,1879.0,1890.0,55.0,7.99287042249122
271381,82.0,788.0,74.0,-5.50390919750773
374973,5.0,1882.0,109.0,-5.04350820480277
244961,160.0,1920.0,69.0,1.39805652724019
101736,748.0,1892.0,173.0,0.903855222969553
280823,1342.0,544.0,75.0,0.0016804824567926
192618,1903.0,1901.0,176.0,-3.48115432547652
265512,1924.0,1920.0,73.0,5.91325822897294
240857,1889.0,1917.0,69.0,3.09735894570549
370674,48.0,1347.0,180.0,-3.10871942564246
33202,20.0,5.0,166.0,1.35748694987615
321302,1915.0,1887.0,100.0,3.82980595258969
271918,1885.0,1887.0,179.0,-4.20110103687627
55937,1903.0,1922.0,9.0,-2.72484495781102
7345,229.0,101.0,1.0,17.8309185420105
32726,1920.0,131.0,166.0,4.19445040832536
26546,1878.0,1891.0,4.0,-0.0110833429329577
249710,229.0,150.0,70.0,7.18477254386141
436344,83.0,1915.0,116.0,-0.574862267242507
46175,160.0,1923.0,6.0,5.64579420184419
258022,1891.0,1923.0,72.0,-1.01437467388866
176089,1915.0,1337.0,52.0,1.46018793773173
184668,1920.0,788.0,174.0,-6.7520697324562
168342,1891.0,131.0,51.0,2.19304450489637
114838,1915.0,1886.0,167.0,-3.58245366954287
397208,85.0,1922.0,112.0,-1.84050045100854
181935,1896.0,72.0,174.0,0.825766697510881
61729,1886.0,1897.0,10.0,-0.472346407535856
16215,164.0,1917.0,3.0,-5.76411816821008
368490,1896.0,1911.0,180.0,-3.52384481579576
311642,1183.0,164.0,186.0,2.0141741121876
631689,147.0,1902.0,58.0,-2.073361950682745
285420,655.0,1914.0,77.0,-3.11436654174988
240982,1183.0,1878.0,69.0,-2.26910816507729
98105,136.0,18.0,44.0,2.47364764955308
261386,1671.0,1908.0,73.0,13.1375314126332
69603,1924.0,1927.0,12.0,5.47732149605419
235755,1885.0,17.0,60.0,-0.270550067736451
312815,1896.0,1917.0,186.0,1.01122727388024
62448,5.0,1922.0,10.0,-0.923133131064201
263342,1559.0,1904.0,73.0,4.09503121587537
633651,1903.0,1902.0,9.0,-1.551868044879232
374628,1885.0,1921.0,109.0,0.262533086648787
12427,3.0,1884.0,2.0,-2.24627112991874
629371,1878.0,1902.0,178.0,-12.088415702487604
53137,229.0,1921.0,7.0,-1.26640864286249
57810,1913.0,1891.0,9.0,-2.40446950692637
331678,1903.0,1927.0,102.0,-1.78291532574605
179213,146.0,1901.0,53.0,-0.0507718571816453
174119,1915.0,47.0,52.0,-0.563598637463869
245402,82.0,1913.0,69.0,1.82288647686862
29649,47.0,1907.0,166.0,-19.4356859502124
192987,101.0,1907.0,176.0,-7.18064645373557
214006,17.0,1901.0,55.0,-2.56029181552046
269349,1906.0,72.0,74.0,4.98200008752352
360774,163.0,1224.0,108.0,-2.4152543748841
11814,1876.0,1331.0,2.0,-4.72062623908634
204121,1899.0,131.0,177.0,-2.17118686185289
49646,1899.0,1917.0,7.0,-9.12842742546699
414722,1885.0,85.0,114.0,7.82283758718916
316954,1879.0,17.0,99.0,-3.72670015473925
168418,136.0,1909.0,51.0,6.30157606820434
248237,1917.0,1901.0,70.0,-7.48684840102768
317122,1886.0,195.0,99.0,0.588297639843387
331174,18.0,788.0,102.0,-0.346898934432787
27789,1905.0,544.0,4.0,3.96749839990744
31964,1342.0,1183.0,166.0,-1.63920968635803
44633,136.0,1671.0,6.0,-2.85313565116819
73868,1926.0,1885.0,13.0,3.89199344046662
171133,544.0,1925.0,51.0,0.0549492136794902
257099,1347.0,5.0,72.0,-3.40794388050107
57613,1913.0,1875.0,9.0,0.0935421559477237
304847,18.0,1928.0,98.0,-9.23632813744746
194592,948.0,1893.0,176.0,1.91269946413992
268385,1891.0,1560.0,74.0,2.41587466268812
235822,1881.0,1560.0,60.0,-14.1784884777654
264010,1926.0,18.0,73.0,-2.93436120532002
45721,120.0,1887.0,6.0,1.55028310471682
253248,1559.0,1918.0,71.0,5.42215610009805
8956,1902.0,83.0,2.0,11.4094384147353
85734,1887.0,1889.0,172.0,9.92200217005517
193181,1337.0,1347.0,176.0,-6.08295944830689
164096,82.0,195.0,168.0,0.0998931552655154
112325,1909.0,1901.0,167.0,-3.45525689767127
252993,748.0,1917.0,71.0,0.195653243681134
51500,1926.0,1919.0,7.0,1.89932659061746
111042,1913.0,1332.0,167.0,-1.36805883647186
6366,1926.0,85.0,1.0,2.53303288752795
221591,14.0,17.0,56.0,-1.13089377968733
642168,1886.0,1902.0,174.0,-0.0727291531714249
101847,85.0,164.0,173.0,-1.06141129648524
276917,1892.0,1901.0,75.0,-0.63169025128577
65975,1894.0,1903.0,12.0,2.83925566623941
398334,13.0,1882.0,112.0,8.14043550652899
344181,3.0,47.0,104.0,-7.29728030955314
177024,1224.0,131.0,53.0,-4.78730379531457
8937,1900.0,15.0,2.0,4.51203568490217
223887,1893.0,147.0,57.0,-1.81529115732202
315751,1881.0,1927.0,99.0,-5.21993340529635
66868,120.0,1887.0,12.0,-1.72992486715212
88497,160.0,72.0,172.0,1.87533739444947
100998,1431.0,17.0,173.0,-2.11665570299762
312781,1347.0,5.0,186.0,-1.81830752014512
105795,1348.0,677.0,45.0,-3.43839412843749
70271,1885.0,1928.0,12.0,-2.4596868114154
424033,788.0,1923.0,115.0,-2.23595788912097
315260,27.0,1911.0,99.0,1.72389317321775
63271,1430.0,1916.0,10.0,2.00731764677249
5670,1899.0,72.0,1.0,-5.65030629922423
185655,604.0,1879.0,174.0,-3.5214008667947
335656,1926.0,1911.0,102.0,-0.764528510470561
252136,85.0,1912.0,71.0,2.66376151260208
197409,164.0,1896.0,54.0,2.48835428978745
28158,48.0,544.0,4.0,3.05726480080292
213685,1347.0,1331.0,55.0,-3.67563707345558
187347,1911.0,1910.0,175.0,1.42252144723206
313982,14.0,544.0,186.0,2.0586209798715
246915,120.0,1882.0,70.0,-2.69725344556643
161152,1898.0,1910.0,168.0,2.86505235732618
166244,748.0,1898.0,51.0,-0.574821318359399
222675,48.0,1876.0,56.0,21.0441385264489
45585,146.0,1893.0,6.0,1.76804373639601
29490,948.0,147.0,166.0,0.458476617099315
204638,146.0,1896.0,177.0,3.20999438571464
61244,1891.0,1560.0,10.0,0.0551188433025025
624443,47.0,1902.0,69.0,-4.84493549534072
46065,1337.0,1894.0,6.0,-11.1734545108352
323874,27.0,1880.0,100.0,-5.97868000992218
14670,1894.0,1896.0,3.0,1.41877444304159
264725,1924.0,1347.0,73.0,2.27138557994733
229406,1897.0,1912.0,58.0,1.19771845829214
311229,748.0,17.0,186.0,9.51229950754841
335364,229.0,1886.0,102.0,-0.854647698027377
412821,1875.0,1911.0,114.0,-3.08438390508452
376833,1920.0,1560.0,109.0,1.91845226430887
368471,195.0,1560.0,180.0,0.0829715727875056
186392,82.0,1560.0,174.0,-4.39017718471385
98326,1919.0,1183.0,44.0,-1.65454506825207
371519,1342.0,83.0,180.0,-7.35312437874074
425092,1878.0,1892.0,115.0,-1.0745436678467
254580,655.0,11.0,71.0,-3.41155885696142
280344,1906.0,17.0,75.0,-1.86610053752686
242050,1891.0,11.0,69.0,1.17959383215777
317444,1917.0,1927.0,99.0,-7.98799991778432
266379,150.0,1431.0,74.0,1.58040544587117
24434,1671.0,1898.0,4.0,0.0180256279224283
113656,48.0,72.0,167.0,0.442613174172193
171094,1342.0,18.0,51.0,-2.01695144832552
414686,1885.0,1224.0,114.0,1.25803208959887
326979,1887.0,1896.0,101.0,1.59939150905881
424455,1348.0,1921.0,115.0,5.87245455727744
320885,1897.0,1892.0,100.0,-4.67724608800573
168977,1919.0,788.0,51.0,-6.20667093023197
183923,136.0,1894.0,174.0,-0.801883249655261
210251,1559.0,1888.0,178.0,2.45312745777344
5443,1895.0,1927.0,1.0,-0.6456627527755
253176,146.0,150.0,71.0,2.57654503066601
97027,1888.0,195.0,44.0,-9.28233459030002
285893,163.0,1884.0,77.0,-2.29442102703994
323941,1876.0,1892.0,100.0,-2.29475559001805
426599,48.0,1893.0,115.0,20.6223645046174
218716,1348.0,131.0,56.0,3.27190437883353
193601,72.0,15.0,176.0,1.12521679998961
6774,1919.0,1331.0,1.0,-17.1366246636983
172376,5.0,788.0,52.0,0.685601738695328
639639,1904.0,1902.0,100.0,5.378066631592458
193096,1908.0,1224.0,176.0,-0.632062941228899
300148,1898.0,195.0,98.0,-0.779456105395914
59900,85.0,1890.0,10.0,-3.76734353448869
207351,14.0,1902.0,177.0,3.05984061366443
275345,1905.0,1884.0,179.0,-1.52882444435011
168663,1883.0,1560.0,51.0,-4.96520744127174
60627,1559.0,1886.0,10.0,9.11474519913549
399177,1885.0,1895.0,112.0,3.63502052471086
318452,48.0,1887.0,99.0,6.28997425675065
226014,1887.0,1911.0,57.0,3.52687267296933
388009,1904.0,18.0,111.0,-7.9980858731134
66907,1183.0,677.0,12.0,-0.241183670937501
87643,150.0,1896.0,172.0,-0.451856364254368
192359,1901.0,1927.0,176.0,-0.395898113552205
222336,1924.0,48.0,56.0,16.4955187415149
416867,1913.0,1888.0,114.0,2.70897443030627
161480,195.0,1560.0,168.0,-0.885760188205134
231124,1876.0,150.0,58.0,-6.17971217464669
30591,1886.0,5.0,166.0,0.456073411413662
433189,164.0,677.0,116.0,4.13867959928395
373942,150.0,1904.0,109.0,15.5412093639106
108534,229.0,1894.0,45.0,4.51916909853654
11925,604.0,1916.0,2.0,1.93870845918509
414525,136.0,1881.0,114.0,-7.64223938790834
220914,1913.0,1894.0,56.0,-11.8843497378747
89970,1926.0,1671.0,172.0,-4.40467655761875
327430,72.0,1911.0,101.0,3.41379647393894
315605,1431.0,1901.0,99.0,-1.03710551814937
357744,1879.0,72.0,108.0,-7.53715674509453
4932,85.0,1917.0,1.0,-1.31468676644595
74492,1919.0,1889.0,13.0,-6.04720196042171
268328,1899.0,1911.0,74.0,1.63108266227848
301109,83.0,1898.0,98.0,-1.1609515202012
230778,1879.0,1895.0,58.0,9.54970667943608
224368,1914.0,1922.0,57.0,-1.2558762810736
315488,1896.0,1927.0,99.0,-1.74849229788213
4366,1895.0,1909.0,1.0,3.0270573373002
299891,27.0,1347.0,98.0,-1.49692169235898
74719,27.0,20.0,13.0,2.98351945199623
67920,1884.0,1889.0,12.0,-1.88351512974404
65659,1883.0,1888.0,12.0,-5.57067097936817
437987,163.0,1882.0,116.0,2.13281937278399
317551,47.0,11.0,99.0,1.02736103611848
247627,1904.0,1896.0,70.0,-1.14886193865073
15543,131.0,18.0,3.0,-10.9722010540737
247241,1880.0,150.0,70.0,-0.369736583608727
50852,1906.0,1898.0,7.0,0.299923533723022
322354,1889.0,164.0,100.0,-4.81561310383172
203164,1912.0,11.0,177.0,1.49394814764306
342728,1559.0,1895.0,104.0,-0.424338923923606
73971,1913.0,1875.0,13.0,6.24399435148654
303689,1913.0,18.0,98.0,-3.97264602780301
187189,147.0,1904.0,175.0,3.44492797417875
271198,1925.0,677.0,74.0,-5.25287671918202
203615,1894.0,1914.0,177.0,-1.51465267252018
55067,1890.0,1927.0,9.0,-0.0285769895479544
370394,1906.0,146.0,180.0,3.8677117511154
31156,748.0,17.0,166.0,-0.079108089086827
390798,229.0,948.0,111.0,10.4304595232334
337056,1902.0,1916.0,103.0,2.29934683253247
201983,1430.0,1900.0,54.0,-4.25420488486695
424812,13.0,1892.0,115.0,0.300262429445141
397607,1907.0,131.0,112.0,1.84224138301872
114446,1926.0,1904.0,167.0,-7.2283206274911
57926,1877.0,17.0,9.0,-5.46944542893187
44961,1879.0,1889.0,6.0,5.16147030685551
243498,604.0,1907.0,69.0,-4.27049156405441
32284,1876.0,1881.0,166.0,-0.228265658612603
427477,655.0,1876.0,115.0,8.04974623224155
200459,1925.0,1909.0,54.0,2.54317999692656
336991,1902.0,11.0,103.0,-3.78988969035829
340565,160.0,1886.0,103.0,-0.307647486067926
45467,1891.0,1923.0,6.0,-4.860442794575
332284,1902.0,18.0,102.0,-3.08170121216144
178971,1183.0,1224.0,53.0,-5.3120602425303
321027,1890.0,1922.0,100.0,-0.624155698886049
198405,1887.0,1904.0,54.0,-0.145560061123605
52717,82.0,1918.0,7.0,3.39314210738643
319835,1877.0,1430.0,99.0,3.37196327890618
357524,147.0,1883.0,108.0,-3.86819575525589
216186,604.0,163.0,55.0,2.37255561427817
327557,1332.0,1911.0,101.0,-7.46245902030781
243296,1921.0,1923.0,69.0,8.63226040045825
281798,1877.0,85.0,75.0,-5.24368064419147
325650,1908.0,1922.0,101.0,-12.4740626241642
317298,15.0,677.0,99.0,2.43404918324151
220091,1894.0,18.0,56.0,3.2231370169883
396921,1897.0,1906.0,112.0,-0.641950382701717
183254,1904.0,1897.0,174.0,2.54516982740834
259910,1919.0,1348.0,72.0,-6.32932468824182
62648,82.0,1923.0,10.0,-13.8605691543167
15090,101.0,150.0,3.0,-7.82734259637758
166161,1898.0,5.0,51.0,5.33355221045921
174664,655.0,1885.0,52.0,4.43984887394915
274389,1559.0,1918.0,179.0,-0.711976472075355
341621,1881.0,1911.0,104.0,-16.1137756148132
199761,1894.0,677.0,54.0,-4.24275421708323
18521,163.0,1882.0,3.0,-2.12974345387863
24879,136.0,1895.0,4.0,-0.538022994096093
48524,3.0,1347.0,7.0,4.4229848477492
71132,1878.0,1893.0,13.0,-1.64968456052913
115080,655.0,1560.0,167.0,0.236608040592317
205236,1877.0,1907.0,177.0,-9.74758170819852
63686,1924.0,1884.0,10.0,1.19714693188685
167346,1895.0,1894.0,51.0,-0.930735326753554
424294,1899.0,1878.0,115.0,-0.685433795676525
268006,1897.0,1893.0,74.0,0.438519860186438
232141,1919.0,17.0,58.0,10.7596925318385
112798,1887.0,13.0,167.0,7.06430993312355
333485,1885.0,1916.0,102.0,-0.0004057310127248
6402,163.0,1183.0,1.0,3.64369169982763
401490,1915.0,85.0,112.0,4.48468766177474
217768,120.0,1928.0,55.0,-5.24423151107477
209032,1904.0,1893.0,178.0,1.94228553299335
313704,83.0,17.0,186.0,-0.499501797206919
167375,1879.0,146.0,51.0,-3.60674246615662
68793,14.0,1914.0,12.0,-4.34136578292631
196463,48.0,1888.0,176.0,-4.36710799970403
187194,136.0,1888.0,175.0,-0.562178174664471
401125,544.0,1888.0,112.0,4.8674531887713
69803,82.0,748.0,12.0,5.18701773661069
253461,1906.0,1889.0,71.0,4.1049887315533
88282,544.0,1883.0,172.0,6.30076439263301
163593,1890.0,1923.0,168.0,0.622191737720714
374575,1879.0,1903.0,109.0,-1.41793293096928
105920,1431.0,1224.0,45.0,5.32480476073824
209683,1879.0,1912.0,178.0,5.74902362321758
245493,655.0,677.0,69.0,-6.31475081170561
50815,136.0,1890.0,7.0,4.90314835320911
197318,948.0,1925.0,54.0,-1.49320207234685
639607,101.0,1902.0,99.0,3.4354442024619845
210776,163.0,72.0,178.0,2.56575370034951
242686,948.0,1910.0,69.0,4.13102789211477
212216,1430.0,15.0,178.0,-6.68000439018465
14532,1902.0,1332.0,3.0,-3.0747133661612
217233,1905.0,1927.0,55.0,-24.1770807635469
33624,3.0,83.0,166.0,-3.813980337313
416833,1919.0,13.0,114.0,7.61408176562316
373207,147.0,1903.0,109.0,3.58110471388728
374052,1905.0,1347.0,109.0,2.78314532678598
101388,1332.0,1347.0,173.0,-0.654864527444709
342884,1892.0,17.0,104.0,-37.4718704779765
310732,1905.0,1332.0,186.0,2.88464057366547
238918,655.0,1925.0,60.0,2.65126705843219
95534,47.0,677.0,44.0,20.4200512357977
9290,1900.0,13.0,2.0,0.0717334321717403
31862,146.0,131.0,166.0,11.9395834426471
189502,1912.0,18.0,175.0,0.342915694725057
187491,1887.0,17.0,175.0,-2.24915364067993
177833,1903.0,1922.0,53.0,-0.0315109547121808
388603,1902.0,1342.0,111.0,-2.54531986247912
17320,83.0,544.0,3.0,-6.28933275210204
330963,195.0,5.0,102.0,-3.63539719374172
272018,136.0,1887.0,179.0,-4.06693566786171
232262,20.0,677.0,58.0,-6.90374238317317
230089,1224.0,17.0,58.0,1.70319193777138
285015,1919.0,72.0,77.0,-3.84976811432749
26926,1924.0,1919.0,4.0,4.62516464471696
310294,1904.0,1892.0,186.0,-8.27610893652424
260079,655.0,1912.0,72.0,9.37909917245953
49668,1431.0,5.0,7.0,4.99727801582952
370562,655.0,146.0,180.0,1.31823978177167
399836,160.0,1898.0,112.0,-2.95770644964473
273672,101.0,1224.0,179.0,-0.559879291682041
97090,1894.0,748.0,44.0,-4.44261359150824
335995,146.0,1928.0,102.0,1.32133068955027
231185,1897.0,1905.0,58.0,-1.67357430792594
310641,1908.0,1922.0,186.0,-17.0259432339455
203005,1337.0,1887.0,177.0,3.47013586056093
217601,655.0,3.0,55.0,-1.94940139323361
271114,163.0,1921.0,74.0,-4.87106053791284
262663,1889.0,1886.0,73.0,1.30580368462136
317966,1884.0,1889.0,99.0,-0.357172356340444
426190,604.0,1881.0,115.0,-0.693950428295808
319857,3.0,1876.0,99.0,3.20003637689829
192729,1903.0,1917.0,176.0,2.55896036456202
320557,1884.0,146.0,100.0,-2.66042248323059
197128,1917.0,1928.0,176.0,0.847925232180623
337357,1883.0,1348.0,103.0,1.86105817452769
334901,1915.0,1348.0,102.0,-3.31169583182368
259495,48.0,1347.0,72.0,-10.094052660664
299879,1898.0,1923.0,98.0,-1.76694096303045
11349,1876.0,47.0,2.0,-8.63171292886955
223686,1900.0,1927.0,57.0,2.53545515181077
387903,150.0,677.0,111.0,6.58977111535714
252246,948.0,1907.0,71.0,-0.630060739721383
11688,1337.0,1906.0,2.0,-4.35021219696357
269518,1924.0,18.0,74.0,-0.974683280303777
89933,544.0,1876.0,172.0,11.867964251554
436733,163.0,1431.0,116.0,2.23949518286208
15898,1904.0,1918.0,3.0,-4.75218871747555
217124,160.0,1888.0,55.0,3.1547968077698
105790,1899.0,15.0,45.0,5.38285928235976
11119,748.0,1560.0,2.0,1.03559556742382
259648,82.0,1884.0,72.0,-3.73225895859613
266771,17.0,18.0,74.0,1.03708689732721
359063,1887.0,1918.0,108.0,8.27380382164109
303681,1925.0,1905.0,98.0,5.87203559922573
175856,1913.0,1671.0,52.0,-30.7808040060598
218384,1894.0,1914.0,56.0,9.63310797591359
205662,655.0,1901.0,177.0,4.38886291699454
67560,1911.0,15.0,12.0,-7.20881796819945
198940,1904.0,1882.0,54.0,-1.08090229329915
264469,604.0,1331.0,73.0,-18.0413105912308
111125,150.0,1890.0,167.0,2.02038891511199
338928,83.0,1919.0,103.0,2.35507306685343
210142,1881.0,1883.0,178.0,-11.8080985502705
254417,544.0,131.0,71.0,-2.57403933135801
109992,163.0,1876.0,45.0,2.47494477723397
181873,1897.0,1901.0,174.0,-6.34918501843208
264144,163.0,1894.0,73.0,-0.722917680936001
258585,1898.0,131.0,72.0,2.14176292722958
104598,1876.0,20.0,173.0,-2.74883739720026
319616,1926.0,1927.0,99.0,-5.00440265965791
277142,1879.0,11.0,75.0,-4.16038760806368
29225,1904.0,1893.0,166.0,2.68862901004074
400516,1919.0,1893.0,112.0,13.7286590593218
25600,1560.0,1348.0,4.0,-1.30953410397237
258797,1926.0,1883.0,72.0,-7.72689154247701
401200,82.0,1882.0,112.0,7.00630327935671
369776,1898.0,1927.0,180.0,-2.83063036430679
226484,1919.0,1331.0,57.0,-5.05678402986362
387905,1917.0,1910.0,111.0,-13.340315507643
262492,1879.0,1331.0,73.0,1.80994602800676
242160,136.0,1900.0,69.0,1.66077336998301
164505,1913.0,17.0,168.0,-2.50332243289853
98976,1919.0,1879.0,44.0,0.185796058240424
17721,3.0,1904.0,3.0,-3.42632984956673
371959,655.0,15.0,180.0,-5.9931934763817
110920,1875.0,85.0,167.0,4.50027945210295
435521,1894.0,1896.0,116.0,1.67735628345302
184186,748.0,1897.0,174.0,10.8965359616613
217682,229.0,1337.0,55.0,-4.06362479248787
30520,17.0,1901.0,166.0,-3.84336074561271
189617,163.0,1922.0,175.0,-1.70299319950927
71187,1902.0,27.0,13.0,5.23203861956528
4143,146.0,1893.0,1.0,0.694536693314384
172980,1891.0,1904.0,52.0,1.43970354044461
112735,1887.0,1896.0,167.0,-3.68722295141642
63189,3.0,1914.0,10.0,3.84923508633724
339658,1919.0,1914.0,103.0,-4.04910946331865
269342,544.0,1907.0,74.0,-6.62185605578507
236050,150.0,13.0,60.0,-3.86730733172517
28093,1905.0,13.0,4.0,0.99220056705242
18809,1347.0,1928.0,3.0,-13.6517945754798
162275,13.0,1224.0,168.0,1.51685205157639
248882,1925.0,195.0,70.0,0.803069630231457
267677,101.0,1921.0,74.0,18.1872884340558
422885,120.0,15.0,115.0,1.61056144821581
58762,1924.0,1342.0,9.0,0.333003166448068
401263,1337.0,1882.0,112.0,7.27930855566105
65329,1559.0,1896.0,12.0,-2.79076774798795
251034,1881.0,677.0,71.0,-2.72191626085683
171190,5.0,1902.0,51.0,8.54487187064069
215480,544.0,1899.0,55.0,8.17711962564578
356913,1891.0,1914.0,108.0,4.02740855849175
284839,1926.0,160.0,77.0,0.95395376394326
95937,748.0,1893.0,44.0,2.16960619263459
374632,1887.0,1908.0,109.0,-1.83217319119251
434684,1891.0,788.0,116.0,-3.37476687881857
169220,20.0,164.0,51.0,-2.63365446855693
13901,11.0,1910.0,3.0,-8.84541366954573
324857,1332.0,1912.0,100.0,-8.52181467080784
328960,1924.0,1916.0,101.0,8.42910945806865
52951,655.0,83.0,7.0,-0.0583136291698713
167956,101.0,1882.0,51.0,-3.9507237203804
256862,1881.0,1917.0,72.0,1.11247549950804
337555,83.0,1911.0,103.0,2.42933584860871
171977,120.0,1890.0,52.0,-3.43588020514001
208108,1879.0,1918.0,178.0,0.325197769781904
46536,82.0,18.0,6.0,-6.44035700158805
45697,1904.0,1348.0,6.0,0.462772557617502
275332,1919.0,1884.0,179.0,2.57109610812521
322585,1559.0,5.0,100.0,3.24879014679481
213453,101.0,1883.0,55.0,3.45353147914443
54957,1885.0,1927.0,9.0,4.60236953414222
243728,82.0,1907.0,69.0,-6.01115453190316
218848,15.0,1922.0,56.0,-0.655016105664592
11710,1342.0,1913.0,2.0,-1.89026249947583
198903,1878.0,1893.0,54.0,0.376630941010905
286049,3.0,1879.0,77.0,-2.79841892700813
113570,14.0,164.0,167.0,-6.81153186987627
71652,85.0,1909.0,13.0,2.5060853165076
232203,1337.0,11.0,58.0,-18.1674326132862
7713,3.0,1889.0,1.0,-2.76297181988523
262743,164.0,1348.0,73.0,-5.35618367075212
400724,160.0,1896.0,112.0,5.36275697693598
198327,5.0,15.0,54.0,3.28353959909914
225903,1900.0,15.0,57.0,-2.33204252446471
205578,1920.0,1881.0,177.0,1.47683259166002
75279,1926.0,1921.0,13.0,-9.66046716882478
232706,1915.0,1918.0,58.0,5.322863229691
318525,14.0,195.0,99.0,-4.34813564285677
28242,14.0,1917.0,4.0,-4.33026994513782
321505,3.0,17.0,100.0,-0.377299961079013
45976,82.0,1921.0,6.0,-4.10257122653281
231557,83.0,1183.0,58.0,-0.167983543102467
233909,1888.0,1921.0,60.0,0.291805754338531
318615,604.0,1913.0,99.0,-5.32129148914032
259414,1925.0,1431.0,72.0,8.02904235368599
4470,1431.0,1896.0,1.0,-1.2230289386927
68675,1876.0,1885.0,12.0,7.38132504643126
191342,160.0,83.0,175.0,6.33861995049836
435828,1559.0,748.0,116.0,3.97061379297553
426282,1877.0,1331.0,115.0,-7.91452036615379
199875,1885.0,1431.0,54.0,-0.234412827380514
329431,1920.0,1891.0,101.0,1.48043209684526
33081,1926.0,1915.0,166.0,-4.01579525001291
369545,1560.0,1901.0,180.0,4.94950431741517
70337,1337.0,1902.0,12.0,0.894050149691686
204331,1560.0,15.0,177.0,-0.772497193094457
98474,1925.0,1898.0,44.0,-4.40613080815971
45356,72.0,164.0,6.0,-1.04797688031164
45749,1881.0,1917.0,6.0,-10.7821440002944
238973,1909.0,1928.0,60.0,-5.48754785237257
162553,1907.0,677.0,168.0,0.796827854564817
271082,1924.0,1671.0,74.0,4.01545509465639
273802,1885.0,1890.0,179.0,-1.7116904555239
174972,655.0,131.0,52.0,7.21745014170397
397278,1894.0,11.0,112.0,-0.911976018961438
232250,1925.0,1892.0,58.0,2.42733284420404
271164,48.0,1911.0,74.0,-11.4679775340905
60374,1885.0,15.0,10.0,1.41504495815509
190649,48.0,150.0,175.0,-4.10372435386234
218111,1907.0,1923.0,56.0,6.89851737932701
281381,82.0,15.0,75.0,-7.91115894235431
58736,1877.0,1886.0,9.0,0.662397611334895
202903,1903.0,1890.0,177.0,2.02645071014647
251852,1885.0,1898.0,71.0,-0.396290260875214
3907,136.0,1331.0,1.0,2.32353267526338
24973,948.0,18.0,4.0,-1.20736776687392
74856,1905.0,1224.0,13.0,-7.14188311126289
162599,1907.0,788.0,168.0,-0.915866944204741
388137,1902.0,18.0,111.0,-8.2754262373561
54152,1431.0,1923.0,9.0,1.95981601062722
203719,1885.0,1921.0,177.0,-6.76857764693098
333106,1889.0,1927.0,102.0,0.233250349684502
230744,1887.0,1881.0,58.0,2.66091404665127
276947,1671.0,1347.0,75.0,10.180575047415
337140,1889.0,18.0,103.0,-1.79057094984528
85508,47.0,677.0,172.0,26.1910419960656
345638,1919.0,1886.0,104.0,4.02817720944541
344786,1915.0,1892.0,104.0,5.66128094666292
236664,47.0,131.0,60.0,-4.04873728930029
48486,1898.0,1911.0,7.0,0.36903092223143
284272,1898.0,1348.0,77.0,-0.602979328363307
108301,229.0,160.0,45.0,1.73010720909429
169706,1430.0,101.0,51.0,3.50075628146419
335300,1905.0,1430.0,102.0,2.96015871351311
26112,1559.0,146.0,4.0,-1.59333296714664
186388,1925.0,1890.0,174.0,4.05762117741459
275291,1915.0,1891.0,179.0,-3.9589086880167
271502,1331.0,1902.0,74.0,-7.87908061702082
11666,1430.0,1883.0,2.0,-3.86845600568539
329323,1876.0,1884.0,101.0,-3.83225422638158
218049,1885.0,1907.0,56.0,-15.5765823894063
329995,1906.0,120.0,101.0,-0.694780459870203
357140,85.0,1901.0,108.0,-1.68006691368055
45933,1920.0,85.0,6.0,3.36997080267477
213059,1920.0,1347.0,55.0,2.21021451850441
163990,1877.0,1894.0,168.0,-2.98509230637
415837,604.0,1880.0,114.0,-1.91533259673583
16967,20.0,229.0,3.0,-7.54950400980256
241528,85.0,1896.0,69.0,2.06113034487695
211449,1919.0,544.0,178.0,4.82193451942352
332177,1904.0,1897.0,102.0,5.78832937435522
310836,1907.0,131.0,186.0,-8.16237690287381
48947,1559.0,1888.0,7.0,1.53959577092189
334186,229.0,1881.0,102.0,3.11510022049938
243363,604.0,1922.0,69.0,7.46084071667231
246733,1888.0,1560.0,70.0,-1.95639635863434
339339,1342.0,1880.0,103.0,-3.22271076794484
189640,82.0,1921.0,175.0,-1.83794952731863
265715,160.0,948.0,73.0,8.4328954967274
270362,1877.0,1875.0,74.0,-0.993958247316225
243662,1919.0,1901.0,69.0,-0.949185718873105
112451,150.0,1900.0,167.0,-1.41701334015282
337397,748.0,1908.0,103.0,5.9308640277989
52596,604.0,1889.0,7.0,7.59908875037718
14458,1904.0,1431.0,3.0,7.29848402531131
18112,1430.0,1912.0,3.0,-8.32846420901858
400285,27.0,17.0,112.0,0.329787396396661
17742,604.0,27.0,3.0,-2.58760013931861
68869,1915.0,11.0,12.0,3.11436903682993
389437,1337.0,1331.0,111.0,-3.33356213262183
45072,948.0,1342.0,6.0,0.624760267215973
187217,1893.0,11.0,175.0,-1.24892496772054
389673,1913.0,1916.0,111.0,-0.551557320845371
75227,14.0,15.0,13.0,-5.86389294131776
56797,1880.0,1884.0,9.0,-7.76656571972999
304205,544.0,120.0,98.0,0.122770291399952
195304,1906.0,195.0,176.0,1.30626730621618
100312,83.0,47.0,44.0,0.92039783870681
29610,1920.0,150.0,166.0,-5.27662913970551
220897,82.0,677.0,56.0,-4.43943751828852
242009,1906.0,1347.0,69.0,-4.17488110447562
66561,1888.0,788.0,12.0,-4.61439676369711
424379,1183.0,1908.0,115.0,0.330121337330871
9985,1875.0,164.0,2.0,-5.753017674034
64740,1920.0,1903.0,10.0,2.68354114587918
60775,1331.0,1901.0,10.0,-0.816474949761202
334176,655.0,1885.0,102.0,3.04214702062381
314132,3.0,13.0,186.0,-0.403233405686183
71564,163.0,1347.0,13.0,3.94939496479909
266746,146.0,18.0,74.0,-0.426787584234744
111733,1897.0,1877.0,167.0,1.35517524874734
266851,47.0,1901.0,74.0,-1.45683737901777
14272,1907.0,1916.0,3.0,-5.0339584335494
391278,1671.0,1902.0,111.0,0.959696442136774
89808,1925.0,83.0,172.0,0.767594536294789
247823,1896.0,18.0,70.0,1.84723092739723
43589,1883.0,1907.0,6.0,-3.9121931435785
252928,1331.0,13.0,71.0,-0.867276195553883
187093,11.0,1892.0,175.0,-5.04215957116851
267858,948.0,1908.0,74.0,-7.08825883283424
7085,1905.0,17.0,1.0,-3.95375275882187
236458,1896.0,1671.0,60.0,-1.03681812542292
358364,1893.0,1895.0,108.0,2.29745373313892
242770,136.0,1923.0,69.0,-7.68307339526006
236520,1898.0,1331.0,60.0,1.19781446906579
276725,1916.0,1902.0,179.0,-5.46680552253991
310813,136.0,1331.0,186.0,-5.84669747254059
51231,655.0,160.0,7.0,8.60073731974803
173312,1891.0,147.0,52.0,1.74189416643913
196503,1876.0,1671.0,176.0,-13.150371670465
206298,163.0,1915.0,177.0,5.57157562394937
43965,1884.0,1560.0,6.0,-0.106764982131006
51990,82.0,1916.0,7.0,6.7724000972475
240702,1431.0,1347.0,69.0,0.138566468776878
227789,1877.0,1886.0,57.0,4.0423857492961
195835,160.0,101.0,176.0,12.1813853408317
200376,544.0,1887.0,54.0,1.26398747344559
51319,655.0,1183.0,7.0,15.743134023156
201427,604.0,1559.0,54.0,1.9918655157172
101207,146.0,1897.0,173.0,-2.96644369761965
238874,163.0,15.0,60.0,11.0128980835539
219530,136.0,677.0,56.0,-3.83241043195016
85454,1912.0,1431.0,172.0,4.6166505348096
359819,1906.0,1331.0,108.0,-0.661837207142625
260431,604.0,1342.0,72.0,-0.976867014217269
67602,101.0,1347.0,12.0,-6.1665380188479
179881,1337.0,146.0,53.0,8.46513713241088
73136,1902.0,20.0,13.0,-2.14123243169136
438039,20.0,1560.0,116.0,-12.3829311177685
277553,120.0,1927.0,75.0,2.71423341397213
47992,544.0,1882.0,6.0,-3.53450401938501
321887,1671.0,677.0,100.0,-1.37173387480882
46926,655.0,11.0,6.0,1.09467826561989
171225,27.0,1928.0,51.0,-3.29523207202645
266216,1921.0,1902.0,73.0,8.33744191266792
273299,85.0,1560.0,179.0,-3.81973425765694
198325,150.0,18.0,54.0,-1.82115921155803
32812,1919.0,1896.0,166.0,-4.47905135066416
272156,1879.0,1884.0,179.0,6.65514545774412
274681,48.0,82.0,179.0,0.348601811031409
316491,1183.0,1560.0,99.0,2.00086811988212
169367,1877.0,1885.0,51.0,3.66716418354114
262151,1224.0,1910.0,73.0,-1.60688660562361
30056,1913.0,1887.0,166.0,4.1388420130856
67250,1919.0,1911.0,12.0,1.0164815659916
235353,1912.0,1911.0,60.0,2.00524815945065
193235,1884.0,1890.0,176.0,7.18705610189862
11957,14.0,146.0,2.0,1.78950986860642
344010,120.0,1895.0,104.0,-2.70428507234626
426738,229.0,20.0,115.0,-0.192665434094321
103924,27.0,1892.0,173.0,4.39356626149801
101036,748.0,17.0,173.0,5.83628045446433
250651,1924.0,1911.0,70.0,4.7695276813486
341487,1879.0,146.0,104.0,-0.960484932851688
371764,229.0,1921.0,180.0,2.10250380037281
181769,120.0,1890.0,174.0,2.09408807484306
8099,48.0,1342.0,1.0,-11.9972564234321
345591,1877.0,1559.0,104.0,1.40557560154508
327286,948.0,1912.0,101.0,3.55309929837922
46713,163.0,1431.0,6.0,7.45379566981033
280317,229.0,1431.0,75.0,0.0584760374773361
170556,544.0,1888.0,51.0,1.27032848315922
208750,1899.0,1895.0,178.0,1.08158823931437
270625,229.0,1917.0,74.0,-2.48065642372331
65974,13.0,677.0,12.0,-1.08367352028486
631426,72.0,1902.0,98.0,2.321790297156935
205657,163.0,1885.0,177.0,6.77057083135546
278890,164.0,1897.0,75.0,0.290035451078733
369566,1906.0,1911.0,180.0,12.6131457019644
337273,146.0,120.0,103.0,6.68950887587206
424711,1897.0,1331.0,115.0,2.92316989304352
66061,1889.0,1882.0,12.0,-1.62740679767916
373432,1900.0,1348.0,109.0,1.63836012832377
181391,1430.0,1560.0,53.0,-8.29428052380535
53509,1332.0,1928.0,7.0,-8.94795937837813
196708,1926.0,1924.0,176.0,6.92270210982401
52718,1342.0,1559.0,7.0,-8.22523874251354
102382,72.0,1907.0,173.0,-0.903255077418472
64001,1926.0,1889.0,10.0,-2.32907137434176
209072,1881.0,18.0,178.0,-5.65486243672215
47918,160.0,1911.0,6.0,5.41309835371904
255827,1916.0,1902.0,71.0,-9.22890163396531
75135,1337.0,1882.0,13.0,-7.04223538583449
415789,1925.0,1887.0,114.0,0.0162675975934315
53087,229.0,1671.0,7.0,17.6122940708687
27900,1924.0,1896.0,4.0,1.61606635086583
234650,101.0,13.0,60.0,-3.0337456746585
208332,146.0,17.0,178.0,2.51323153368656
367934,101.0,1224.0,180.0,13.7445356620529
233140,604.0,1332.0,58.0,4.83480637499997
73108,1916.0,18.0,13.0,5.00841727374113
174591,1919.0,229.0,52.0,-0.790849889588723
426446,1876.0,1914.0,115.0,8.20918588247094
197491,3.0,1332.0,54.0,-2.4954500822415
75059,655.0,1886.0,13.0,4.34753669355117
205394,1877.0,1894.0,177.0,0.58584135369553
167974,1897.0,1920.0,51.0,0.76337758083231
285457,83.0,27.0,77.0,-2.44737098982431
169439,544.0,1885.0,51.0,4.96473888496284
179571,229.0,1894.0,53.0,4.40922419466043
371794,1925.0,1890.0,180.0,1.34686478309488
227601,1915.0,1917.0,57.0,-1.6514435419915
341629,1899.0,1890.0,104.0,-0.251145262739007
30994,47.0,164.0,166.0,9.58847584960693
264943,1906.0,1896.0,73.0,2.92523772400689
32985,14.0,1879.0,166.0,-3.77229156542345
104727,1906.0,1224.0,173.0,-0.418950956023057
642658,1899.0,1902.0,102.0,1.630199805572767
211251,27.0,1884.0,178.0,-3.96282818389827
56485,1903.0,1912.0,9.0,0.982426379573757
100553,1917.0,1918.0,173.0,1.47683404919741
390739,229.0,1332.0,111.0,-1.22577484462591
260713,1926.0,1903.0,72.0,-4.94966688381975
199913,1893.0,1923.0,54.0,0.699350237054958
283906,1905.0,1910.0,77.0,-0.333704811242862
225297,101.0,147.0,57.0,7.69257170802347
106939,72.0,1927.0,45.0,1.70497163306102
174017,136.0,1882.0,52.0,-2.3226240491008
103307,14.0,788.0,173.0,-24.7083968907448
279767,20.0,72.0,75.0,-9.59311389658768
358386,1431.0,1886.0,108.0,-1.99536135322431
197803,1431.0,1927.0,54.0,2.984561654633
188045,47.0,1890.0,175.0,3.35557943200073
109669,3.0,1559.0,45.0,3.96226424626868
108063,1337.0,1347.0,45.0,-4.63679868628938
433881,163.0,1910.0,116.0,-6.48631949718758
61068,1894.0,1927.0,10.0,-5.49995624705648
276106,1919.0,1559.0,179.0,-2.01545475695742
310777,18.0,1921.0,186.0,10.2232803827421
216000,655.0,1885.0,55.0,-0.450083479476001
262531,83.0,1898.0,73.0,-1.18037271312564
59042,48.0,1903.0,9.0,-3.93442130009663
161652,147.0,1888.0,168.0,-4.09777894887938
58537,544.0,147.0,9.0,7.13202273179249
313744,48.0,1347.0,186.0,0.170066211977207
222129,14.0,5.0,56.0,2.6815206586197
43501,1891.0,120.0,6.0,1.53760655074521
376316,3.0,1877.0,109.0,3.13293401196736
316408,85.0,1887.0,99.0,-0.0924806561821484
195763,1342.0,17.0,176.0,-0.742276553499172
106370,1183.0,1886.0,45.0,-0.453026807014406
319374,1913.0,1918.0,99.0,1.78133956385395
196160,1905.0,147.0,176.0,-3.78016062034823
109246,229.0,150.0,45.0,-6.3779524676055
53032,655.0,1560.0,7.0,8.28696243542773
275539,1919.0,544.0,179.0,16.8758480618059
220425,677.0,18.0,56.0,4.99112908943937
310220,1916.0,5.0,186.0,10.3478083186073
55482,1884.0,1918.0,9.0,-0.17727894638434
28481,20.0,1882.0,4.0,-1.55435085606102
114535,1877.0,13.0,167.0,1.67262798050174
101238,13.0,1560.0,173.0,5.7003434647002
205527,3.0,164.0,177.0,2.05618849844819
242869,1878.0,150.0,69.0,3.72401844354131
357861,1559.0,1224.0,108.0,0.365338694070475
227916,14.0,15.0,57.0,6.3747712657354
332450,85.0,1904.0,102.0,1.22279499627649
162575,1895.0,11.0,168.0,-1.63064647677203
315120,1924.0,1925.0,186.0,0.781141161350137
315229,1892.0,1902.0,186.0,1.21465768284858
316458,1904.0,15.0,99.0,2.49397015405395
105130,1925.0,1900.0,173.0,-12.9097822829042
29810,1559.0,164.0,166.0,-5.82308077151249
67245,1903.0,13.0,12.0,-5.84302792348737
186131,229.0,1886.0,174.0,-5.70745736106587
371797,82.0,1560.0,180.0,-3.58313264781415
57568,655.0,1914.0,9.0,1.72731459097906
397224,147.0,1897.0,112.0,-5.89328729724732
334410,1913.0,1885.0,102.0,-2.63528889267616
213140,17.0,1921.0,55.0,2.93476637484684
103447,1913.0,1183.0,173.0,3.7198470083212
54847,1904.0,1901.0,9.0,3.08157273239232
225375,748.0,150.0,57.0,-0.468905684816403
358856,1902.0,17.0,108.0,2.55124966953285
276061,604.0,1920.0,179.0,4.97185164032018
368475,1889.0,1881.0,180.0,-1.71634060037864
332620,1894.0,1896.0,102.0,-3.26916311351135
274820,1913.0,1907.0,179.0,-13.6771981505968
167220,1908.0,1882.0,51.0,-4.89117603363313
287014,604.0,1925.0,77.0,4.86650944092131
17709,160.0,13.0,3.0,-2.9447590494171
195065,544.0,1919.0,176.0,3.52630090943508
335298,160.0,1888.0,102.0,3.73877156970127
270562,14.0,13.0,74.0,6.02767506495314
51525,1332.0,1883.0,7.0,-2.78742090724178
24118,1912.0,1896.0,4.0,-1.10192387918274
46553,1926.0,1913.0,6.0,1.59449903419442
335927,27.0,1928.0,102.0,0.300940687986444
358418,85.0,72.0,108.0,-2.59127654052048
301505,1904.0,1907.0,98.0,0.54587457262066
367350,1886.0,1907.0,180.0,-7.94493436499136
339392,229.0,1881.0,103.0,3.45110903654909
24561,1887.0,1888.0,4.0,0.728535417526228
243220,147.0,1911.0,69.0,9.81593263611793
226358,20.0,164.0,57.0,1.2782355042442
67297,1883.0,1560.0,12.0,0.05046674361675
317175,1671.0,11.0,99.0,-1.76342018317702
62734,160.0,47.0,10.0,6.53583196228666
57841,1915.0,1891.0,9.0,0.453980844230552
335079,1926.0,1912.0,102.0,0.180803201981279
97266,1904.0,1331.0,44.0,1.86749381831246
323862,1920.0,5.0,100.0,4.08204580885313
209986,136.0,1560.0,178.0,8.39656518571264
18014,229.0,48.0,3.0,6.56957798220858
194360,1331.0,1927.0,176.0,-0.908373258264855
223384,748.0,1917.0,57.0,9.13927717140074
175934,163.0,1560.0,52.0,1.94771409558985
179256,1875.0,1910.0,53.0,3.48298911379695
161377,1880.0,1893.0,168.0,1.32072703412145
423478,948.0,1559.0,115.0,2.57921921781174
303630,1924.0,1895.0,98.0,0.948814357439918
217604,48.0,677.0,55.0,-6.3964981228496
323278,3.0,1908.0,100.0,0.117937997585371
181637,160.0,1928.0,53.0,-2.47120651853387
316667,1912.0,1908.0,99.0,0.923026577910724
272853,1893.0,1224.0,179.0,0.42290092141089
57897,655.0,5.0,9.0,9.91447954093203
25455,146.0,131.0,4.0,1.2806376704873
414644,1183.0,677.0,114.0,2.12267843075379
434023,1884.0,1907.0,116.0,1.38894616926687
198242,1559.0,1560.0,54.0,-0.690814617551367
413015,1342.0,1332.0,114.0,-1.56437966752678
344073,1877.0,1922.0,104.0,-1.11712987973136
225598,1919.0,1898.0,57.0,6.09593526549521
283229,1887.0,1898.0,77.0,2.3537488964884
414449,1904.0,1912.0,114.0,1.91205605705627
304147,1877.0,677.0,98.0,-4.51156400807281
310657,82.0,1887.0,186.0,4.29474271527668
88354,1924.0,82.0,172.0,2.0997634967089
330541,1337.0,1908.0,101.0,-1.1192105170275
230610,1880.0,1889.0,58.0,0.513849847035215
68964,655.0,17.0,12.0,6.00042346361428
282485,1348.0,1916.0,77.0,-6.04312665380885
172600,1911.0,18.0,52.0,6.51718727200613
186308,655.0,1671.0,174.0,3.43757148424156
231487,1342.0,1883.0,58.0,-10.4438189676255
48207,1897.0,1928.0,6.0,6.94480556015138
266144,1884.0,1928.0,73.0,-2.68320878083548
33337,544.0,544.0,166.0,5.25912033901874
279526,1919.0,1911.0,75.0,-1.7914519318672
161420,1888.0,1911.0,168.0,1.29046104887168
99165,1332.0,1893.0,44.0,1.81657019047912
260209,3.0,147.0,72.0,0.591629323640877
173020,1671.0,1893.0,52.0,3.06065773769442
173920,1883.0,1907.0,52.0,6.78739124498296
253344,1183.0,195.0,71.0,0.988604573522384
189914,1430.0,1907.0,175.0,-9.09888070936569
27109,48.0,164.0,4.0,0.466186826873238
302588,83.0,1919.0,98.0,6.56256903581494
180028,1920.0,146.0,53.0,2.48396957229114
15103,1431.0,1890.0,3.0,-1.03504370702361
28893,544.0,1337.0,4.0,-0.309338811911574
216975,163.0,1559.0,55.0,1.52095679741406
398488,147.0,1886.0,112.0,0.276962248985764
69461,1926.0,1917.0,12.0,-7.70076288272134
272347,1884.0,17.0,179.0,-3.40289030673519
187581,136.0,748.0,175.0,5.58617028999014
342801,1902.0,1913.0,104.0,1.24882633859924
237357,1430.0,1909.0,60.0,-1.99845596192154
74328,655.0,1891.0,13.0,8.15675143865466
316418,1884.0,1898.0,99.0,1.22737372868176
214801,1331.0,147.0,55.0,-2.78196108029027
54629,1895.0,677.0,9.0,-2.37075356229404
257891,136.0,1897.0,72.0,0.469194409936891
375355,1332.0,1907.0,109.0,-4.26223153235112
376601,1924.0,147.0,109.0,0.586536850859654
188553,1886.0,11.0,175.0,-0.941394410214421
203265,1671.0,1911.0,177.0,1.31447401732795
273180,147.0,1560.0,179.0,-2.47704892529154
189558,146.0,1671.0,175.0,0.554036105320346
434308,1912.0,13.0,116.0,3.77643386873655
70649,101.0,1891.0,13.0,2.67314985031934
276654,1559.0,1928.0,179.0,3.92477505869428
183210,1898.0,1347.0,174.0,-4.67351946081206
361056,229.0,136.0,108.0,-8.09565659337768
179595,1876.0,164.0,53.0,5.4249747579696
254242,1337.0,1880.0,71.0,-12.8439648048619
269374,1925.0,195.0,74.0,-5.26656844060197
250408,1342.0,1886.0,70.0,-0.574704978899664
332960,1875.0,1897.0,102.0,1.35546195344836
336996,1875.0,1911.0,103.0,1.78558806333279
396792,1885.0,1904.0,112.0,2.11693238351989
324070,1926.0,131.0,100.0,1.13607950434521
322153,146.0,1898.0,100.0,-1.20654511671327
217517,82.0,1904.0,55.0,3.10493994094153
213014,1878.0,1889.0,55.0,1.34801822316764
167400,1887.0,1909.0,51.0,5.46535135819174
196226,1906.0,1918.0,176.0,0.693077333498368
109516,27.0,1895.0,45.0,1.59819821372633
434633,1894.0,1897.0,116.0,1.72032181494428
173576,1894.0,15.0,52.0,1.1395813854291
73745,544.0,72.0,13.0,6.82436556154057
340076,1332.0,1348.0,103.0,-0.687879507663826
345744,82.0,1886.0,104.0,-4.48151624850939
328460,655.0,85.0,101.0,-2.59919583502305
108247,1348.0,131.0,45.0,-5.2584481516126
53461,1909.0,1928.0,7.0,-2.83692666622837
254312,1913.0,1914.0,71.0,2.66765845516018
277320,47.0,18.0,75.0,-0.992028902581801
400861,1877.0,1224.0,112.0,6.49857749425738
266395,1881.0,1892.0,74.0,2.36374131294421
166919,1897.0,1877.0,51.0,-5.31430774862916
250034,1926.0,1889.0,70.0,-1.22016196979973
311583,1889.0,1922.0,186.0,-5.6258994632736
186100,604.0,120.0,174.0,-5.82132257063078
199617,1891.0,72.0,54.0,5.21564288640266
73113,1889.0,1901.0,13.0,1.78836160475207
99078,1876.0,1904.0,44.0,2.16872128286876
179993,1905.0,1909.0,53.0,-7.12441101571289
5994,1347.0,1895.0,1.0,0.243040143170584
224343,1912.0,1911.0,57.0,5.00141485327136
263820,1332.0,1898.0,73.0,-4.19335422332882
224192,1917.0,1901.0,57.0,-32.0830836007337
172326,146.0,1896.0,52.0,8.22276028858317
301671,1337.0,1899.0,98.0,-2.01621857440961
326578,1887.0,5.0,101.0,1.92065712015417
104792,1332.0,1886.0,173.0,-9.34081242972126
275229,1905.0,1914.0,179.0,-0.889313858436078
434445,1917.0,1918.0,116.0,4.1117814793002
267805,136.0,1898.0,74.0,-3.48066669500565
30766,1908.0,1922.0,166.0,-14.1522101384501
3592,948.0,1894.0,1.0,7.31246113586217
246865,748.0,1921.0,70.0,-2.53548311364796
376997,14.0,1337.0,109.0,7.07400121049123
426530,1876.0,11.0,115.0,1.15691060693423
209996,1920.0,1911.0,178.0,-5.6708907428434
223024,1876.0,1921.0,56.0,-13.5049771913467
176969,131.0,1923.0,53.0,-0.324873129151846
217345,655.0,948.0,55.0,8.07818913339827
46009,3.0,1183.0,6.0,2.15146188902476
164392,1876.0,131.0,168.0,0.483966643848269
389681,1877.0,1431.0,111.0,10.9671276404386
69360,1913.0,1918.0,12.0,4.03804436565136
15382,146.0,1892.0,3.0,-1.8890164310715
244966,1926.0,1920.0,69.0,-1.5323352195152
325662,1875.0,11.0,101.0,6.05716107043135
260722,1913.0,1908.0,72.0,-7.93748449014499
215245,1909.0,1900.0,55.0,-6.03833985594982
99846,1905.0,1559.0,44.0,-1.16291005681255
25348,1884.0,1883.0,4.0,2.6873298896439
55108,1887.0,17.0,9.0,-2.50290959314018
203315,13.0,1917.0,177.0,-1.78596935939427
417173,1913.0,1927.0,114.0,-23.2176742994268
164649,163.0,1895.0,168.0,4.78956342596529
254220,1876.0,1880.0,71.0,-7.442621984689
45657,1331.0,131.0,6.0,-3.44978775410992
96963,146.0,1901.0,44.0,5.84134803178143
220304,72.0,1224.0,56.0,10.8644440311048
5680,13.0,15.0,1.0,3.30498977671942
173767,1902.0,18.0,52.0,5.00221636127418
110867,147.0,1910.0,167.0,7.74952636351568
263891,655.0,85.0,73.0,-1.19078944573636
111254,1909.0,1904.0,167.0,11.3679142420333
11421,83.0,1923.0,2.0,1.44120221560779
57340,655.0,1898.0,9.0,-2.13324831299002
167733,1893.0,677.0,51.0,-0.470598479611122
207625,1431.0,1923.0,178.0,11.5973892091622
54670,1880.0,195.0,9.0,2.84334610849841
398148,1886.0,17.0,112.0,2.79420150571332
55027,1885.0,150.0,9.0,4.65367715847798
10336,1348.0,1923.0,2.0,-2.19313575452481
345190,544.0,20.0,104.0,-4.57690117123681
412897,1431.0,15.0,114.0,1.17854746985798
251307,1883.0,164.0,71.0,-3.63820080244396
284834,544.0,160.0,77.0,2.83188115298973
233869,948.0,1898.0,60.0,2.27843530847316
99158,1337.0,1893.0,44.0,-15.5696338937767
69197,48.0,1904.0,12.0,-2.37446930872599
323972,1337.0,1892.0,100.0,-8.85506649078892
97735,1890.0,1927.0,44.0,0.633414640117206
176387,1331.0,1928.0,52.0,-5.71476831110776
269321,1924.0,1883.0,74.0,-15.1440818085854
230090,136.0,748.0,58.0,6.44869550332348
104862,544.0,1920.0,173.0,0.174086258129176
166106,1909.0,1890.0,51.0,-0.207402831524655
101357,1881.0,18.0,173.0,-5.4108592857561
67664,1903.0,1881.0,12.0,-0.303914002860592
398545,1891.0,1907.0,112.0,-2.79144416482354
334877,1924.0,13.0,102.0,-1.86872875643698
245211,48.0,1671.0,69.0,-15.0365020273858
112721,1907.0,1911.0,167.0,-2.61735892799351
267280,146.0,13.0,74.0,1.20554594311131
274886,163.0,164.0,179.0,-2.38925641568266
48616,131.0,1923.0,7.0,1.70786955293835
181530,1337.0,1921.0,53.0,6.52343739913952
180182,1430.0,1891.0,53.0,-1.42225806759735
369361,1901.0,1918.0,180.0,-3.32331297320202
197917,1671.0,5.0,54.0,0.963904767787506
336831,195.0,788.0,103.0,1.03886416814782
13076,48.0,136.0,2.0,2.51687409992082
25814,1899.0,1917.0,4.0,-7.34762779966721
253016,101.0,1895.0,71.0,-5.63853020496024
59236,655.0,1902.0,9.0,-0.397523955458273
250566,655.0,1900.0,70.0,0.612149333146691
322395,20.0,1347.0,100.0,0.402835248858491
49440,5.0,131.0,7.0,10.5588530550751
426081,1924.0,164.0,115.0,4.68594763813269
177695,1880.0,150.0,53.0,-2.9542693416998
165593,655.0,1924.0,168.0,7.90304565252582
7214,1332.0,1431.0,1.0,-0.448423640336459
74068,1924.0,163.0,13.0,14.5980405965491
268373,11.0,1901.0,74.0,-23.7552848650466
257028,1894.0,150.0,72.0,8.97039922750456
247039,1899.0,1914.0,70.0,-8.3115818711199
361099,48.0,83.0,108.0,-6.71272209359826
269393,655.0,82.0,74.0,10.04520491529
167490,164.0,11.0,51.0,2.73738486538468
232306,1337.0,677.0,58.0,-11.0906893963389
236609,136.0,1224.0,60.0,0.760008154190686
168714,1878.0,1671.0,51.0,0.938328206677973
272665,11.0,1922.0,179.0,-0.802951186229158
97098,1560.0,72.0,44.0,6.10180797163337
112872,1559.0,1892.0,167.0,-8.35531070088392
274414,1893.0,1910.0,179.0,0.672242630840596
230708,1881.0,131.0,58.0,-4.67398784297084
172760,1886.0,1923.0,52.0,2.61433465383143
12271,229.0,655.0,2.0,4.04347731441589
61099,101.0,195.0,10.0,5.88599353562084
112537,1912.0,147.0,167.0,3.2915922163553
6347,1924.0,85.0,1.0,3.81573791950596
334834,1342.0,1918.0,102.0,-4.35549365305364
325235,3.0,1878.0,100.0,-3.83293255029105
274857,1920.0,72.0,179.0,2.4485946284444
44661,120.0,1896.0,6.0,-3.47923232183937
226043,655.0,1899.0,57.0,4.72453479044234
253355,164.0,131.0,71.0,0.143552104911706
216990,14.0,1224.0,55.0,-2.8839280749817
313247,544.0,229.0,186.0,3.26319338309456
172034,1896.0,1888.0,52.0,-7.84632180727938
336946,1884.0,1909.0,103.0,0.329291236677978
262518,136.0,1883.0,73.0,-0.210229360460464
329890,1915.0,1888.0,101.0,6.38983497698259
324935,160.0,136.0,100.0,-3.40418590473308
51035,1893.0,1890.0,7.0,1.95412901591402
358072,1903.0,1912.0,108.0,1.20756412997182
437454,1876.0,1906.0,116.0,2.23762052285639
301421,1884.0,120.0,98.0,0.748514232427651
321606,1895.0,1910.0,100.0,0.680136480976185
196422,604.0,1927.0,176.0,-1.95384266435528
176369,1906.0,47.0,52.0,-2.37957725842361
242300,85.0,1883.0,69.0,1.10570252412922
314333,1924.0,1224.0,186.0,-0.518397588544739
46549,1924.0,1331.0,6.0,-18.3173610196712
241927,1901.0,1921.0,69.0,-1.77007888882113
255709,544.0,3.0,71.0,2.07563373899917
425416,195.0,1922.0,115.0,4.94831976644186
5807,1348.0,1882.0,1.0,-1.66673283505664
278255,1883.0,150.0,75.0,-2.09928574618844
201871,544.0,1671.0,54.0,-4.95000955842869
224880,748.0,1671.0,57.0,5.58720464671131
51797,1920.0,1909.0,7.0,-7.73749245170777
163764,27.0,788.0,168.0,-1.9569119411886
316604,1884.0,1887.0,99.0,-1.35112552340101
244656,1337.0,147.0,69.0,2.31314360260422
74188,1926.0,1347.0,13.0,3.90451048620281
50870,147.0,1898.0,7.0,-1.3693804822204
245030,1920.0,83.0,69.0,-2.17275246899392
203276,1919.0,1899.0,177.0,10.5435859387998
266579,146.0,1927.0,74.0,0.23664836092291
303766,3.0,13.0,98.0,8.70942946709126
171002,160.0,1906.0,51.0,2.15450313250074
370814,48.0,1891.0,180.0,6.25414046910678
228826,1895.0,1923.0,58.0,-6.64376153532896
62546,146.0,164.0,10.0,-1.86738821508394
360237,20.0,11.0,108.0,1.39952228427902
253611,163.0,1908.0,71.0,-4.55918907981075
114146,1876.0,1884.0,167.0,-5.68124771745659
273408,146.0,1892.0,179.0,0.73069919464653
194958,1920.0,1883.0,176.0,5.27856120871531
266207,18.0,1902.0,73.0,-4.17466389856197
89757,3.0,120.0,172.0,-3.19987480717963
100269,48.0,15.0,44.0,-7.79851260807776
212401,163.0,1903.0,178.0,3.96667362445023
212848,27.0,1347.0,55.0,-5.98407293708744
267840,1885.0,1886.0,74.0,1.56275794805553
339850,1925.0,17.0,103.0,-2.73649438402003
66529,1911.0,18.0,12.0,-5.66065860887276
273355,164.0,1923.0,179.0,-2.24663470084313
193813,1919.0,1887.0,176.0,3.53256151136162
237850,3.0,1918.0,60.0,-3.84133598771331
11790,1342.0,72.0,2.0,-2.32497646238081
333148,85.0,1348.0,102.0,-0.328506109557239
260094,1924.0,1224.0,72.0,1.23155450391177
369960,604.0,18.0,180.0,-0.817714606004848
416934,1919.0,1917.0,114.0,-4.28234946062955
284154,1903.0,1916.0,77.0,-3.38324961615021
333756,20.0,1923.0,102.0,-4.9061923669161
261146,47.0,1904.0,73.0,4.22476342463978
15671,1891.0,131.0,3.0,6.80833814940122
15525,5.0,1910.0,3.0,-1.1944419548721
167595,1898.0,677.0,51.0,0.348680408156502
114674,229.0,1912.0,167.0,-0.594198764787295
181236,1877.0,1890.0,53.0,-4.15089863224091
58390,1332.0,1918.0,9.0,-0.0478365080953466
218034,1559.0,5.0,56.0,-11.495740868535
11555,3.0,1907.0,2.0,-4.11992160343024
222357,1337.0,1224.0,56.0,-7.44415190068888
199408,1332.0,1910.0,54.0,0.0084045452705254
188352,1893.0,1908.0,175.0,12.073162325414
165845,1924.0,1906.0,168.0,3.29533541262776
373607,101.0,85.0,109.0,-0.746253996946036
242899,1881.0,5.0,69.0,4.6583848483007
311268,120.0,1898.0,186.0,3.63974102537052
277023,948.0,85.0,75.0,-1.08602338979424
73440,1913.0,14.0,13.0,6.25399009980039
260710,1876.0,1922.0,72.0,-2.85836137096719
199803,1902.0,1917.0,54.0,2.32045233609959
358639,1889.0,1883.0,108.0,-4.22368786775114
255068,14.0,20.0,71.0,5.82730357036108
248886,160.0,195.0,70.0,-2.97028478256496
246702,677.0,1910.0,70.0,-1.69407800909567
179857,1924.0,1885.0,53.0,-3.0596767205571
170302,544.0,27.0,51.0,8.7169397100071
213648,1899.0,1916.0,55.0,1.82941527515852
344701,1913.0,1875.0,104.0,-5.32255690473506
244382,1337.0,1879.0,69.0,-6.15009890254499
303573,229.0,1884.0,98.0,-4.24307051968866
85869,1902.0,1921.0,172.0,-10.1117518649521
248033,1883.0,1882.0,70.0,0.447434330623984
338451,1888.0,1331.0,103.0,7.09769568009841
268670,1183.0,195.0,74.0,-3.29174858963262
271405,1908.0,1928.0,74.0,-3.72269553229821
47563,83.0,1559.0,6.0,-1.70806306193006
358228,1906.0,150.0,108.0,-1.06372615641652
206047,1342.0,11.0,177.0,-0.603498209561296
220036,1904.0,1910.0,56.0,5.68489775252507
360788,229.0,1224.0,108.0,-1.79623577203057
317512,101.0,18.0,99.0,-1.51760343643535
397751,1909.0,1914.0,112.0,-6.44612920249048
174120,1920.0,18.0,52.0,0.282664588526311
270321,1913.0,18.0,74.0,-3.4778588796059
202086,1925.0,3.0,54.0,15.4773977721058
170143,1920.0,1877.0,51.0,-0.680762649853306
629435,164.0,1902.0,56.0,9.81159881067136
331196,1916.0,18.0,102.0,4.96627341339955
254171,1905.0,146.0,71.0,-0.998385858711988
263383,1893.0,1895.0,73.0,-1.79339567010937
164049,1905.0,1901.0,168.0,-3.42654822511998
99981,604.0,1876.0,44.0,18.3048179216362
369088,1885.0,11.0,180.0,4.33906318026056
69575,14.0,120.0,12.0,-5.74153802262972
190781,163.0,13.0,175.0,6.58314004742989
74676,1920.0,1348.0,13.0,-3.0223406194834
415847,48.0,1880.0,114.0,4.09106896328976
8414,1915.0,1560.0,1.0,-0.476826188158012
336222,1899.0,1895.0,103.0,-8.00039352034127
188401,1875.0,677.0,175.0,3.7794117629311
67460,147.0,164.0,12.0,-4.51944373774006
73344,1920.0,85.0,13.0,3.65629730406297
56743,136.0,1903.0,9.0,-1.01408120691406
274814,1332.0,1881.0,179.0,5.87223984342807
235196,1886.0,164.0,60.0,-1.63620182530311
105524,1889.0,1928.0,173.0,-10.4388274505529
370857,1905.0,1893.0,180.0,-14.6746135612607
172821,1224.0,1927.0,52.0,-0.19960768890086
187258,20.0,150.0,175.0,3.00858712236273
340306,1925.0,1224.0,103.0,0.622866049657431
12883,1925.0,48.0,2.0,6.19512514558896
173599,1183.0,748.0,52.0,-2.75523601437023
241482,150.0,1916.0,69.0,7.81905298414443
230890,948.0,655.0,58.0,-1.25264873333921
338229,1895.0,1909.0,103.0,8.52007590181025
245497,1915.0,1908.0,69.0,-1.67586649460224
325803,1332.0,1910.0,101.0,-0.599793362678689
97408,120.0,5.0,44.0,0.270394629149588
69289,1906.0,5.0,12.0,0.336875345378831
272128,101.0,146.0,179.0,3.54018584127405
339727,20.0,1891.0,103.0,-7.80172177635972
73146,1904.0,1923.0,13.0,-0.598016789350054
216180,1926.0,163.0,55.0,-1.66293003150893
167861,1183.0,1892.0,51.0,-3.21065052840027
214865,1891.0,17.0,55.0,-9.23226643487742
313415,604.0,1885.0,186.0,-0.485094988912684
13993,1183.0,85.0,3.0,0.579177307371346
87652,1894.0,1903.0,172.0,-11.4207280692578
4878,1906.0,1347.0,1.0,5.48333994999236
259021,1913.0,1907.0,72.0,-6.70054471646695
244803,604.0,1559.0,69.0,-0.630471100354525
206042,604.0,1893.0,177.0,30.2745404113708
257423,1897.0,3.0,72.0,0.711737473101533
253620,1926.0,85.0,71.0,4.38556115308294
204673,1886.0,1348.0,177.0,-1.37549403305601
197951,1878.0,1888.0,54.0,-0.19631727249453
107767,1878.0,1881.0,45.0,-3.36724703680997
316669,164.0,11.0,99.0,-1.80549550047715
254839,604.0,1877.0,71.0,0.0231596261473879
223534,85.0,788.0,57.0,-4.44238481611082
263797,27.0,1347.0,73.0,7.61493853241002
187970,1899.0,677.0,175.0,-3.66100911579937
300278,948.0,83.0,98.0,-4.83893539061413
25058,1878.0,1918.0,4.0,-4.20211532557845
313232,544.0,1898.0,186.0,-7.01005082695585
373847,1899.0,1927.0,109.0,2.39417757736665
173812,136.0,1886.0,52.0,0.515810192210188
88664,1332.0,146.0,172.0,1.14604048424205
236797,1906.0,1923.0,60.0,2.84299039839427
228407,147.0,1928.0,57.0,4.14260669243067
115352,1925.0,1906.0,167.0,-0.0494723973361675
282609,17.0,1890.0,77.0,1.37041292736184
197736,1903.0,1431.0,54.0,10.8016946504556
437535,655.0,1430.0,116.0,-2.50803481348877
173537,1347.0,18.0,52.0,-0.721028112485022
207715,1905.0,1332.0,178.0,0.474342898347582
3986,1889.0,13.0,1.0,-5.0910245730303
320703,17.0,1921.0,100.0,-0.675022217403571
339692,83.0,101.0,103.0,2.0512656893052
248023,1875.0,1907.0,70.0,-2.20255515670308
375480,1876.0,1331.0,109.0,-6.80867288900792
202424,1671.0,1918.0,177.0,0.879975621310044
259769,14.0,1889.0,72.0,2.97379678080842
300795,1908.0,1916.0,98.0,0.312315873978099
413426,1875.0,1878.0,114.0,0.007885114201969
58366,1877.0,1917.0,9.0,-4.02238628452454
17570,1906.0,1896.0,3.0,-2.17815702770573
230729,1903.0,1917.0,58.0,0.456027418806267
253911,1906.0,1907.0,71.0,-4.30432316817951
208825,1885.0,150.0,178.0,-6.16656109273825
232570,48.0,1879.0,58.0,0.281198917829564
433336,1911.0,11.0,116.0,-0.34829333182776
417315,229.0,1921.0,114.0,-11.3703331231455
262054,1897.0,677.0,73.0,-4.83721748138869
6136,120.0,1927.0,1.0,1.0292164417196
280775,1906.0,1348.0,75.0,-2.12683267957717
189472,1559.0,1671.0,175.0,0.180380616261304
26201,1882.0,1901.0,4.0,2.12923232012709
300734,150.0,1896.0,98.0,5.84214043766913
315485,1888.0,15.0,99.0,1.5088195883055
109430,604.0,1879.0,45.0,-19.6120797332448
169839,1877.0,17.0,51.0,1.98007458249989
64385,1877.0,544.0,10.0,1.66074769374393
219187,1899.0,1922.0,56.0,-1.87053821688071
202987,150.0,120.0,177.0,-0.582956229417148
248247,150.0,1914.0,70.0,-0.874177009897056
43774,1183.0,1916.0,6.0,-2.37179561827576
232782,1924.0,1224.0,58.0,-11.3717017308369
70329,1902.0,1902.0,12.0,1.64372595691672
260905,1337.0,1902.0,72.0,-2.26315547239949
375111,1924.0,1922.0,109.0,3.89744567671758
14055,948.0,160.0,3.0,-4.51525628675381
48102,229.0,1910.0,6.0,-1.59778569371615
336842,1878.0,1922.0,103.0,-3.08666924271652
361644,1912.0,1902.0,108.0,2.10877524864884
275128,1430.0,1885.0,179.0,-2.55117208579808
71422,136.0,1889.0,13.0,3.72114664230838
29993,948.0,1923.0,166.0,0.345013554986395
73385,27.0,1919.0,13.0,3.2347069601538
334872,544.0,1879.0,102.0,4.06930364619841
342860,1881.0,1914.0,104.0,-8.9925364312998
113132,72.0,1923.0,167.0,0.0466970024984425
99463,20.0,1895.0,44.0,-8.41524197676538
85447,1878.0,195.0,172.0,2.92156321008196
208109,1900.0,1908.0,178.0,4.53341124067903
321485,164.0,18.0,100.0,2.10599365296528
412961,948.0,1332.0,114.0,3.57388460973442
164688,1925.0,17.0,168.0,5.88431992221096
314106,48.0,13.0,186.0,-1.7378023451458
319165,1919.0,1889.0,99.0,-2.23342065937429
223834,1906.0,1898.0,57.0,8.85933683054902
248704,82.0,1921.0,70.0,-4.54806286719927
26097,1899.0,147.0,4.0,1.74925068603637
50074,948.0,1907.0,7.0,10.4119707813008
374154,27.0,1898.0,109.0,5.09590620332529
200462,1924.0,1881.0,54.0,15.6210505930986
251694,1183.0,1899.0,71.0,7.07727164578698
228687,1910.0,1901.0,58.0,-2.6186292844517
196369,1915.0,120.0,176.0,5.69132304408596
263650,1347.0,85.0,73.0,-9.34467415802782
373441,1888.0,1224.0,109.0,1.79107037032066
250023,1920.0,1889.0,70.0,0.0864787717403847
188044,1887.0,47.0,175.0,-0.150766672046049
286323,1332.0,136.0,77.0,-4.12041559121379
275730,48.0,27.0,179.0,4.89006233795812
56152,1909.0,1910.0,9.0,-11.4105109784754
304930,13.0,1902.0,98.0,-5.31845518323316
257530,1877.0,1898.0,72.0,-0.403536705740968
317927,1888.0,1896.0,99.0,-0.714612572867001
401846,160.0,1902.0,112.0,2.20491920628678
44405,1889.0,1890.0,6.0,3.74917315012487
167297,1909.0,1224.0,51.0,1.83422857436558
311916,1671.0,1927.0,186.0,5.14251983984041
58073,1905.0,1896.0,9.0,-3.22008733801782
274926,1430.0,195.0,179.0,-5.55374740908647
26081,1888.0,1911.0,4.0,1.2804669885525
106557,195.0,1900.0,45.0,-3.85242917487916
68284,229.0,788.0,12.0,1.52460321631276
269926,1924.0,1431.0,74.0,2.90313056446328
5043,1884.0,1895.0,1.0,-0.845183640197914
181293,655.0,1878.0,53.0,-1.95625924323614
283091,1903.0,1904.0,77.0,-1.01565128274878
252765,1899.0,150.0,71.0,3.64663412250914
398653,1875.0,1922.0,112.0,-9.28157332326231
274891,1876.0,1331.0,179.0,-19.570915534742
174698,163.0,1909.0,52.0,6.78343609471191
34077,83.0,1921.0,166.0,-6.42772799630623
343874,1879.0,1903.0,104.0,4.020104625785
304288,14.0,1927.0,98.0,11.0631752138223
244691,1915.0,1918.0,69.0,9.09393673453531
95692,1912.0,1886.0,44.0,2.28327548422543
433255,146.0,1923.0,116.0,-1.50206743807392
32026,1919.0,1923.0,166.0,2.12682457200145
13864,1898.0,1918.0,3.0,-2.46253690381218
230976,1891.0,1896.0,58.0,2.81243717925891
226706,1332.0,1904.0,57.0,1.91674355986854
264084,1925.0,195.0,73.0,-3.83162552898129
427529,1905.0,15.0,115.0,-4.96043200871358
342997,85.0,72.0,104.0,-5.15813246076354
389666,48.0,604.0,111.0,9.72632721149641
253351,1348.0,13.0,71.0,-9.97942944367332
205125,1924.0,1908.0,177.0,0.513983108182091
253992,48.0,72.0,71.0,3.25742559926091
201254,1920.0,1430.0,54.0,2.20853204893167
313572,1915.0,1916.0,186.0,-4.06348547035965
4723,85.0,1348.0,1.0,3.23089185122608
95947,1909.0,1882.0,44.0,2.02687655318888
30372,1894.0,1922.0,166.0,-2.32406372224578
108029,164.0,1904.0,45.0,5.5266595971718
391292,229.0,1902.0,111.0,-4.11669131871093
202489,164.0,13.0,177.0,-6.90840279508066
108346,1926.0,1908.0,45.0,1.36135536630148
177195,47.0,1927.0,53.0,2.50696201640151
109652,27.0,1888.0,45.0,6.12183041896062
314571,1924.0,136.0,186.0,-3.81932623352523
435336,748.0,1922.0,116.0,3.56851515450249
103556,1337.0,164.0,173.0,1.83829736850652
335229,14.0,120.0,102.0,-3.28242725875758
211391,229.0,1884.0,178.0,-2.02980572270905
195315,1925.0,1909.0,176.0,13.8534910045094
221261,82.0,1881.0,56.0,3.96450002822985
170109,1877.0,1918.0,51.0,2.00669067747912
99205,604.0,150.0,44.0,15.7267387426093
285701,1877.0,1892.0,77.0,1.84970657089487
342035,1897.0,1927.0,104.0,-1.80642169799635
208001,948.0,131.0,178.0,3.4137875874619
301937,1883.0,1881.0,98.0,-8.38598688107842
62243,146.0,1671.0,10.0,2.73104519209292
320026,1877.0,1882.0,99.0,0.911260260556896
30682,1877.0,1347.0,166.0,-2.05855541303839
26626,1880.0,1918.0,4.0,-2.83175208315339
237783,14.0,544.0,60.0,11.7755705895045
216601,1332.0,1889.0,55.0,-9.52975107599648
389283,160.0,1894.0,111.0,3.73763496167666
220958,1430.0,1875.0,56.0,1.57558465696374
181861,120.0,1907.0,174.0,-3.25028292286202
236288,1900.0,1927.0,60.0,-0.290943699379208
247162,101.0,150.0,70.0,-0.229199373590796
333540,1899.0,1911.0,102.0,-2.69138785020206
272631,150.0,1881.0,179.0,3.64515533632358
69191,655.0,1904.0,12.0,3.0651143018572
44244,1880.0,1903.0,6.0,-0.216608479866037
371061,229.0,1879.0,180.0,3.14389180132089
312184,1912.0,1923.0,186.0,-14.4253116109802
74623,3.0,1877.0,13.0,-1.28057655306585
203915,85.0,17.0,177.0,-8.47654933523598
258853,1342.0,1923.0,72.0,-3.78237949244255
260785,1877.0,1337.0,72.0,-13.1291343408445
9685,748.0,195.0,2.0,-6.37641154332832
254203,1924.0,1331.0,71.0,-17.2949328888639
246108,1224.0,1923.0,70.0,5.0498675418839
75084,160.0,83.0,13.0,0.115860071657903
328168,101.0,1883.0,101.0,2.40391626378407
316679,1560.0,1886.0,99.0,1.81744768826528
228260,1342.0,1337.0,57.0,-27.3530271471292
96313,101.0,1903.0,44.0,10.6770119710787
53069,604.0,948.0,7.0,19.2645347743619
340496,1926.0,1920.0,103.0,-0.687419030611814
14679,1897.0,1911.0,3.0,1.58820233038887
162172,1908.0,13.0,168.0,1.93409657515582
17060,20.0,146.0,3.0,-8.18678917421028
270089,48.0,5.0,74.0,-0.171713026016726
61617,146.0,1923.0,10.0,-4.46891129884882
95731,948.0,101.0,44.0,9.06521244579919
315379,1671.0,1900.0,99.0,2.11794623286205
222693,48.0,948.0,56.0,26.6790949306921
249346,1905.0,1885.0,70.0,-0.768796000628962
58619,160.0,1920.0,9.0,3.42257953854788
284034,1899.0,1909.0,77.0,0.335764256994311
97364,195.0,1890.0,44.0,3.73693382619348
423653,146.0,5.0,115.0,-0.0807349653976724
114112,544.0,1347.0,167.0,-23.5720353559379
234976,150.0,5.0,60.0,4.11564577516285
253407,1337.0,1898.0,71.0,-2.0885581113096
434316,1886.0,1896.0,116.0,1.25551922917144
63628,544.0,17.0,10.0,4.95466364180813
268540,18.0,788.0,74.0,2.35271514986799
284757,1894.0,1431.0,77.0,0.449441735939679
107766,1888.0,1890.0,45.0,0.616315914564751
110059,160.0,1671.0,45.0,3.25201924998953
335684,1332.0,1900.0,102.0,-5.33212115482801
51404,1924.0,1883.0,7.0,-10.9652337210476
340738,48.0,1671.0,103.0,-0.684757019844762
172522,27.0,1899.0,52.0,1.57528965095467
175439,1332.0,5.0,52.0,0.62573311561405
413517,1893.0,131.0,114.0,0.620212994933114
276205,1919.0,1906.0,179.0,-1.35806405988567
174969,160.0,131.0,52.0,0.127891516379355
260998,82.0,1928.0,72.0,14.6161215187546
110486,1903.0,1928.0,45.0,-1.59702185895408
52945,604.0,83.0,7.0,8.00862504452683
50898,1891.0,5.0,7.0,1.59885675665088
240840,1899.0,1904.0,69.0,3.24193284006115
208725,1895.0,1888.0,178.0,6.68664104174411
68359,604.0,1898.0,12.0,-2.11229903886497
319898,1926.0,1671.0,99.0,-0.0675329119556905
285297,1877.0,1916.0,77.0,9.53984853615101
9033,1347.0,5.0,2.0,10.704679620254
183935,1916.0,1922.0,174.0,-0.88658136951911
248860,82.0,544.0,70.0,7.08789810910212
329875,1924.0,1224.0,101.0,-1.85987288151482
26849,163.0,1907.0,4.0,-4.35001286755534
49807,1671.0,1927.0,7.0,1.18582832017692
318907,1906.0,1431.0,99.0,-0.570996879842799
248907,655.0,1923.0,70.0,0.285164306997434
105767,748.0,1331.0,45.0,5.91621441986194
311605,1881.0,1907.0,186.0,-5.08506158281113
49885,948.0,1921.0,7.0,8.46047874639084
182757,1899.0,1907.0,174.0,0.333599948973533
314153,1342.0,544.0,186.0,-0.52224070725267
69419,604.0,1224.0,12.0,-0.842093637008512
303903,1913.0,147.0,98.0,3.5426333580248
246961,1431.0,1890.0,70.0,-3.70103096175736
169601,229.0,163.0,51.0,6.7803731591953
101576,146.0,1909.0,173.0,38.6196974547977
3718,1879.0,1880.0,1.0,5.4304332529425
167865,1904.0,1923.0,51.0,-0.615097173847171
397175,1880.0,1892.0,112.0,-2.86319693667307
215680,1920.0,82.0,55.0,3.3623249846892
204721,1342.0,1899.0,177.0,3.54548334720559
358686,1900.0,147.0,108.0,2.5079827748544
104593,3.0,1430.0,173.0,4.75144202781497
201860,20.0,15.0,54.0,-4.76886154448359
267695,748.0,164.0,74.0,4.80809228124835
370295,1915.0,229.0,180.0,4.54033228393815
205000,1909.0,17.0,177.0,-8.04033365674614
111844,146.0,150.0,167.0,2.47606949507544
278266,85.0,1922.0,75.0,-8.15397042527231
277440,1889.0,150.0,75.0,-1.62871783879088
254730,1913.0,1348.0,71.0,-4.19799121843515
260604,1342.0,1921.0,72.0,-2.10362373963779
200308,1925.0,229.0,54.0,-0.241342959759919
228108,1430.0,1560.0,57.0,-1.64757248965218
96334,1347.0,1183.0,44.0,-4.33134132348011
201593,1926.0,1920.0,54.0,6.15095632520918
114621,604.0,1889.0,167.0,8.09427222284137
97954,1918.0,1927.0,44.0,3.3495314745332
183316,147.0,1897.0,174.0,-3.23550651913166
65332,1559.0,131.0,12.0,3.54587817790285
267351,1908.0,1907.0,74.0,3.38446185707903
214773,1882.0,17.0,55.0,-7.0185042870098
99782,82.0,120.0,44.0,4.27608551277005
225712,1560.0,1892.0,57.0,-2.39963525060957
257358,1881.0,11.0,72.0,8.80150589397063
235576,1560.0,11.0,60.0,1.96399915901513
259304,1876.0,1916.0,72.0,-5.26739923732574
359186,131.0,788.0,108.0,-7.29339113663113
436240,1877.0,229.0,116.0,6.82650719356459
10817,1893.0,1881.0,2.0,3.3040398646045
301003,1916.0,788.0,98.0,1.10011378517057
211711,1924.0,1889.0,178.0,-9.15417874076063
285478,1430.0,1916.0,77.0,3.96966019038868
55499,1900.0,1927.0,9.0,2.87062644689778
68573,1877.0,1881.0,12.0,3.68789460953418
72402,1875.0,85.0,13.0,4.62785760426657
105557,1929.0,1928.0,173.0,-7.98064468429947
247950,948.0,82.0,70.0,1.17742672558545
240690,1894.0,1922.0,69.0,-3.50598742187231
195578,1913.0,1885.0,176.0,-1.66675885801446
274386,18.0,1921.0,179.0,-3.7926415658625
224795,1912.0,13.0,57.0,6.29702136525417
357746,1431.0,1921.0,108.0,-10.1628853557618
207165,1430.0,1560.0,177.0,-2.81352657618759
110242,544.0,1882.0,45.0,8.62544918618486
74544,1342.0,1915.0,13.0,-3.26178258808071
422997,1885.0,1560.0,115.0,1.55096389752517
96553,1560.0,1894.0,44.0,-2.24696498325968
74878,1919.0,120.0,13.0,3.57012015071025
223718,1900.0,13.0,57.0,2.47604478621957
213466,131.0,1923.0,55.0,3.17063163563461
338792,47.0,1923.0,103.0,-1.54802548117082
51303,82.0,14.0,7.0,6.92952856107551
265880,163.0,1882.0,73.0,0.602445188983534
164643,163.0,17.0,168.0,0.633251089324881
179259,1908.0,1224.0,53.0,-10.5018083696389
343542,1560.0,1927.0,104.0,7.09256679483862
61546,677.0,1914.0,10.0,-6.54347122650109
224569,1880.0,164.0,57.0,4.20413226029841
283222,1183.0,1879.0,77.0,-0.382587431945828
190239,1332.0,1916.0,175.0,0.20925555560745
206215,1332.0,1889.0,177.0,-16.9661545769845
237292,604.0,1913.0,60.0,3.47131523579272
337849,85.0,1886.0,103.0,-3.16763974155748
377202,1924.0,14.0,109.0,0.463592036416836
11978,544.0,1331.0,2.0,-7.05488079958447
99280,1876.0,18.0,44.0,4.08325728372233
338129,1347.0,1884.0,103.0,-2.35252853083703
73992,1905.0,1916.0,13.0,-17.4822479741629
417035,20.0,1671.0,114.0,-19.4563771479688
207099,82.0,1908.0,177.0,2.59404125220888
107339,101.0,1895.0,45.0,2.24160111861065
423504,1894.0,15.0,115.0,1.52525728859914
335338,1913.0,748.0,102.0,-0.333656653327542
64478,1926.0,1876.0,10.0,3.21713532985842
101308,1560.0,1910.0,173.0,-6.1699282708527
369285,748.0,1890.0,180.0,-0.691034141901005
174195,20.0,788.0,52.0,-0.76810007593774
55296,131.0,1901.0,9.0,-0.899067962735668
16878,1919.0,1881.0,3.0,-1.46421040610763
256453,131.0,1890.0,72.0,-2.47349334198608
335273,1332.0,1912.0,102.0,-4.75576118017011
427843,1430.0,1921.0,115.0,-10.020963526677
337648,948.0,1907.0,103.0,0.307868602233502
58795,655.0,1332.0,9.0,-0.502017080640272
53552,1877.0,1902.0,7.0,3.30256712446665
240977,85.0,5.0,69.0,-2.11538552837759
269452,1906.0,1883.0,74.0,-5.19166686908246
161911,147.0,788.0,168.0,-1.85277128966605
251791,1894.0,1897.0,71.0,-3.28037300245138
169863,1924.0,1893.0,51.0,18.3432637164691
202390,1895.0,1910.0,177.0,-1.01045782321776
249914,655.0,1896.0,70.0,1.28032049001265
271173,1905.0,1922.0,74.0,-1.68739169456224
320097,1925.0,1903.0,99.0,1.27194544844102
16690,82.0,544.0,3.0,-0.139418357931122
244976,655.0,1888.0,69.0,-1.18655597821571
263660,147.0,1886.0,73.0,0.56097710430763
324485,82.0,1895.0,100.0,0.580492203881648
426674,1906.0,1893.0,115.0,2.79097830114793
336244,748.0,120.0,103.0,3.33290050072281
341237,1918.0,1928.0,103.0,-2.14816100460727
169692,14.0,1914.0,51.0,-2.35436327606217
5907,1879.0,72.0,1.0,1.69353925550284
161159,1889.0,1671.0,168.0,1.38492258892958
197816,72.0,1916.0,54.0,7.26009934201261
6690,1337.0,1901.0,1.0,2.43853288370261
261311,1559.0,1911.0,73.0,-0.469077606226152
335456,1906.0,1878.0,102.0,-3.07131060136449
5853,136.0,677.0,1.0,-0.321107958062506
267718,131.0,1927.0,74.0,-6.64898859506281
251447,1894.0,1927.0,71.0,3.78379845730126
423772,1559.0,1909.0,115.0,0.787177851192537
311008,1894.0,1904.0,186.0,-5.21804026301091
64199,1906.0,120.0,10.0,0.255139214935893
187803,136.0,164.0,175.0,5.6665719601698
253878,604.0,788.0,71.0,-0.66325819817877
197926,1560.0,1922.0,54.0,0.944647336704698
228256,82.0,788.0,57.0,4.39546216433671
258909,544.0,1923.0,72.0,0.619566412674416
261045,1431.0,1928.0,72.0,-4.17459702739504
105861,948.0,1892.0,45.0,13.3439160558112
236472,1224.0,1927.0,60.0,5.27011140278174
390200,655.0,1877.0,111.0,26.1718622523462
208950,1904.0,5.0,178.0,2.01577801935417
193316,1559.0,18.0,176.0,-3.42220255963283
235590,18.0,1918.0,60.0,-1.84589747249706
212963,1889.0,47.0,55.0,-12.0870283248416
338583,120.0,1927.0,103.0,-0.838439624464119
339538,1905.0,1909.0,103.0,-5.8005340381627
8718,604.0,1928.0,1.0,8.04216807285494
624717,1348.0,1902.0,53.0,-3.9159897985718657
31017,1892.0,17.0,166.0,-52.2006673247268
330984,1879.0,1922.0,102.0,-2.35585870151676
325598,15.0,1902.0,100.0,0.93233388643248
26961,48.0,1919.0,4.0,9.30248310935481
67767,1559.0,1886.0,12.0,2.35040602896965
89301,1877.0,1875.0,172.0,-2.42723947521594
175636,1337.0,136.0,52.0,1.7744230507689
8611,14.0,1928.0,1.0,-0.442948458596071
425170,150.0,18.0,115.0,-2.12095928683426
183850,748.0,13.0,174.0,-2.1231226625195
173323,1183.0,1914.0,52.0,1.42437434801404
166202,72.0,1917.0,51.0,1.46381777074403
9416,1887.0,748.0,2.0,3.11477261106185
272114,544.0,72.0,179.0,2.21486164460189
260655,655.0,1911.0,72.0,0.187180640574883
271100,544.0,1900.0,74.0,5.40590985525876
62351,1912.0,18.0,10.0,-0.750787455020888
373563,1889.0,1892.0,109.0,1.17648120813287
168058,1880.0,1903.0,51.0,4.17398498353243
25189,15.0,11.0,4.0,-3.72564758005033
227955,82.0,1878.0,57.0,-0.35838458538156
330189,27.0,748.0,101.0,2.50983721121629
374681,1881.0,15.0,109.0,-7.78091145857307
219267,1875.0,13.0,56.0,4.29086254609893
282261,27.0,1910.0,77.0,-2.60259387799689
339954,3.0,1895.0,103.0,2.948206675173
330624,3.0,1337.0,101.0,6.28307896699198
344563,1924.0,1926.0,104.0,7.03931036467949
275379,1926.0,1893.0,179.0,3.71947995651186
54340,948.0,1911.0,9.0,-2.92049962939402
68623,1915.0,1880.0,12.0,-1.39577667311783
214583,948.0,1920.0,55.0,-0.476772350786884
27252,1925.0,1914.0,4.0,0.0460167226128369
171558,72.0,150.0,52.0,-1.40104388302595
263681,147.0,677.0,73.0,1.8697438788444
26148,1884.0,1893.0,4.0,-1.3216054072103
161850,101.0,13.0,168.0,0.355141403537266
175927,1906.0,1882.0,52.0,4.27414495238779
279805,48.0,1923.0,75.0,26.726440690515
203402,136.0,1894.0,177.0,5.18902111807835
273172,136.0,11.0,179.0,-0.0197401858121169
424572,1348.0,1923.0,115.0,1.74230310917247
70631,948.0,1916.0,13.0,-1.31419468312891
359377,1924.0,160.0,108.0,4.77901295405788
426585,1924.0,150.0,115.0,-3.40215234745803
375453,48.0,164.0,109.0,12.6691897108555
59366,15.0,1928.0,9.0,-5.72045214303648
367374,1917.0,1892.0,180.0,-17.6342447467268
372444,1878.0,1894.0,109.0,3.7110155587606
342037,1896.0,5.0,104.0,1.15150278681184
207797,1894.0,1671.0,178.0,-2.72784420693401
73851,1920.0,1916.0,13.0,-4.44692650973483
359871,1920.0,1881.0,108.0,-8.37878759613327
311587,948.0,655.0,186.0,1.48293805365798
65469,1347.0,1895.0,12.0,0.921683109994495
426531,27.0,1904.0,115.0,-3.29095080105796
284206,1889.0,195.0,77.0,-9.23359108915318
210732,1430.0,1881.0,178.0,3.23189340231376
110775,101.0,1886.0,167.0,4.21634546729206
223346,164.0,15.0,57.0,-2.07921172244667
110718,1431.0,1927.0,167.0,6.95043531872312
194957,14.0,1894.0,176.0,-6.90822331646463
66670,1878.0,13.0,12.0,-0.100981839798373
89601,1905.0,136.0,172.0,-9.06647087184424
49750,1887.0,1431.0,7.0,-1.75595785552455
237860,48.0,1905.0,60.0,-6.18407960083904
14285,5.0,1892.0,3.0,-25.7072032329
310676,47.0,1882.0,186.0,2.54360377544539
230485,131.0,1910.0,58.0,-2.25170973702721
98195,1430.0,788.0,44.0,-1.5443288987775
98286,655.0,1883.0,44.0,3.28297531425685
344034,101.0,1886.0,104.0,0.932427667005075
313044,1342.0,1907.0,186.0,-10.1266560317251
339195,1919.0,1901.0,103.0,5.62574254695238
96633,101.0,1880.0,44.0,14.1948986548511
66811,5.0,1922.0,12.0,1.90812767963928
437432,82.0,1875.0,116.0,-0.967809677263062
232022,1905.0,131.0,58.0,17.9139806216242
435690,1883.0,1892.0,116.0,4.54886602995692
280642,1913.0,1906.0,75.0,7.30733813262647
189685,1920.0,47.0,175.0,-4.80628287002358
202126,655.0,1910.0,54.0,-16.5796583165095
163362,1904.0,1911.0,168.0,0.40792773402618
332535,85.0,1903.0,102.0,0.894902623302851
315008,48.0,3.0,186.0,-6.36080062021683
204658,1347.0,1892.0,177.0,-3.013473407075
318381,160.0,229.0,99.0,2.08050483042899
8025,3.0,1886.0,1.0,-3.13781466330812
329392,1920.0,11.0,101.0,1.87752032136229
412630,1183.0,1927.0,114.0,-0.0980249649385768
249694,1905.0,1893.0,70.0,3.41735916448766
209864,1880.0,72.0,178.0,0.133659299937039
633826,1183.0,1902.0,12.0,0.9897751481268702
233121,1906.0,1882.0,58.0,2.50467717266184
316296,948.0,1337.0,99.0,5.74363722809087
217109,1877.0,136.0,55.0,-0.821263683513805
224969,1886.0,1922.0,57.0,-8.76181826930732
171847,1875.0,1896.0,52.0,-0.753848646492385
163762,3.0,1183.0,168.0,-5.02469652167176
103349,1342.0,47.0,173.0,-1.10698177181964
273740,1894.0,1903.0,179.0,2.71439831255541
246458,11.0,1921.0,70.0,-0.213913627144462
339713,1924.0,1347.0,103.0,-7.52486087834481
236887,3.0,1907.0,60.0,1.40011590293966
320847,1894.0,195.0,100.0,1.37989800409392
34282,948.0,1928.0,166.0,-1.90774015842014
273643,1183.0,13.0,179.0,-1.5952300822868
416214,655.0,131.0,114.0,2.8976096931642
399282,85.0,1886.0,112.0,0.276962248985764
207937,1884.0,748.0,178.0,1.6627777044156
4155,164.0,1927.0,1.0,-0.404345663629154
88555,1919.0,195.0,172.0,4.95995839661263
27190,544.0,1909.0,4.0,4.50384261952479
331999,788.0,1923.0,102.0,2.48392645299006
216596,14.0,1889.0,55.0,-10.4286342916098
71998,136.0,1900.0,13.0,2.28386265995576
401250,1905.0,1882.0,112.0,6.68055382706239
213901,1888.0,1331.0,55.0,3.75976843601109
357767,1926.0,85.0,108.0,0.835148935373061
26542,1887.0,17.0,4.0,-0.229572322755192
634642,146.0,1902.0,173.0,0.2183651594737399
60456,1889.0,1886.0,10.0,-3.42951603086039
315327,147.0,17.0,99.0,1.04521372093195
236737,1342.0,1906.0,60.0,-1.04992990392661
389745,1337.0,1914.0,111.0,-3.2736405277179
111773,1885.0,17.0,167.0,0.0987897917536483
220503,1897.0,1906.0,56.0,4.045861203259
324170,27.0,1896.0,100.0,-2.25141271786009
187098,1885.0,1907.0,175.0,-1.1393636442079
357044,1885.0,748.0,108.0,6.11422098251533
340267,20.0,13.0,103.0,-2.64448567660573
256108,1922.0,1918.0,72.0,17.847649049094
389974,1877.0,1893.0,111.0,7.77800845727635
255894,146.0,1928.0,71.0,-3.13931290010487
33824,27.0,1337.0,166.0,-8.14789952872266
206126,1915.0,1893.0,177.0,7.67890557662677
416665,1877.0,13.0,114.0,4.86451854900743
333925,1905.0,1883.0,102.0,2.01290297258134
284131,136.0,1921.0,77.0,-2.66018809494085
286833,1906.0,1900.0,77.0,-3.93276829595208
360220,83.0,101.0,108.0,21.584292464811
72637,85.0,1892.0,13.0,3.17064845116588
273071,1886.0,164.0,179.0,-1.36073853110161
213213,82.0,1910.0,55.0,5.26260292094443
4224,1560.0,17.0,1.0,2.01240818335417
259756,27.0,544.0,72.0,-0.853890225942126
58882,1926.0,1900.0,9.0,7.66229332569111
248619,1892.0,1923.0,70.0,6.84296965291445
314077,655.0,1915.0,186.0,0.764499816724435
328731,1430.0,1883.0,101.0,3.78419665133834
106002,544.0,1912.0,45.0,17.7339800172673
256504,101.0,1898.0,72.0,-0.889082104161199
265081,1430.0,1348.0,73.0,1.75523527987247
253283,1889.0,1901.0,71.0,0.984133766082093
169670,20.0,17.0,51.0,-1.09103049370686
99073,1924.0,150.0,44.0,15.9410425340028
209203,948.0,1560.0,178.0,3.9541390840805
229783,1897.0,27.0,58.0,-4.09663024298023
56841,1183.0,1898.0,9.0,-3.52940788791082
370103,163.0,195.0,180.0,1.52151016228465
176390,13.0,1928.0,52.0,0.693707981753773
101476,1559.0,1910.0,173.0,1.88558418734298
209756,1875.0,1901.0,178.0,-12.1587357378398
13556,163.0,15.0,2.0,0.81390596872039
336348,1896.0,1910.0,103.0,1.26691686885772
201735,1906.0,1882.0,54.0,1.60388923120232
389459,1913.0,1915.0,111.0,0.684865970856373
97429,1884.0,1890.0,44.0,-4.59463401411842
194584,101.0,1898.0,176.0,0.979557555367079
110596,1559.0,1560.0,167.0,-0.598762047376946
55584,1900.0,1331.0,9.0,-4.6883506949199
324116,1905.0,1431.0,100.0,0.5685338558365
104961,1332.0,1927.0,173.0,-12.5804000266963
304682,229.0,14.0,98.0,1.80106734528136
63108,1332.0,195.0,10.0,-8.74231097425758
9266,1897.0,1927.0,2.0,-0.648323720850611
219315,1884.0,147.0,56.0,-0.908688475656939
75362,1332.0,1922.0,13.0,-0.753568772990785
64130,82.0,13.0,10.0,-4.0506501682403
316668,1894.0,1224.0,99.0,0.116467757387326
33995,82.0,85.0,166.0,2.93344079446111
63558,160.0,1892.0,10.0,2.15619207331198
113189,1331.0,5.0,167.0,0.804414649060217
226583,14.0,1904.0,57.0,-2.24778520104296
179449,14.0,1894.0,53.0,-8.93605590266262
102076,1917.0,1901.0,173.0,-65.4229307098295
340549,544.0,1886.0,103.0,2.43742034214996
205466,1913.0,1907.0,177.0,-5.39816159954304
54165,1897.0,788.0,9.0,0.919120125012711
48724,1891.0,1893.0,7.0,0.80901330472235
31164,1224.0,18.0,166.0,13.6547718001153
211535,48.0,1904.0,178.0,2.38350617657156
44017,1559.0,1183.0,6.0,3.37669314641153
167286,1559.0,1347.0,51.0,-2.72762135311324
194468,1559.0,1914.0,176.0,5.57590095607729
63022,604.0,72.0,10.0,6.13512004986806
265299,544.0,1917.0,73.0,-7.70017440958085
373097,1920.0,1887.0,109.0,6.1964485502751
435139,1899.0,1885.0,116.0,12.6626075843398
279731,160.0,18.0,75.0,-0.351410293538531
216282,1332.0,101.0,55.0,10.2151655880308
257632,1910.0,1901.0,72.0,-5.12828028835872
313980,14.0,1879.0,186.0,-2.44493458993635
322026,150.0,1560.0,100.0,2.52380584524254
371275,3.0,1917.0,180.0,-4.41646395360143
168063,5.0,1917.0,51.0,-33.6339606616702
401353,544.0,748.0,112.0,-8.82685809826518
417219,229.0,1876.0,114.0,12.9763290937081
88053,1912.0,1224.0,172.0,4.18933822614758
332852,1884.0,1908.0,102.0,-0.809892350916532
111534,195.0,1560.0,167.0,-14.1606853206476
14875,1882.0,1892.0,3.0,-17.2386766192791
63160,48.0,1881.0,10.0,7.34463766842673
25542,1885.0,1898.0,4.0,1.28863895380309
398877,1893.0,1918.0,112.0,-0.49898087065319
415111,85.0,18.0,114.0,-3.66679604011114
250285,1906.0,1912.0,70.0,-3.53741225370537
398514,1887.0,15.0,112.0,-5.74391646403844
90356,1910.0,1928.0,172.0,0.654782972084317
320763,1895.0,1907.0,100.0,6.21628565763918
360349,1924.0,1893.0,108.0,16.7044764989279
49401,1879.0,1895.0,7.0,-1.57023092722903
244452,1430.0,1889.0,69.0,-2.32394001894965
9392,1886.0,1911.0,2.0,-2.13003539564713
49654,1904.0,5.0,7.0,3.93541308084507
168852,1897.0,948.0,51.0,-1.43549424345145
319233,604.0,13.0,99.0,-6.36595196464776
248707,14.0,788.0,70.0,-0.114860521385612
65525,1888.0,1892.0,12.0,-4.79692807655733
339298,163.0,164.0,103.0,3.01231020425398
399808,1337.0,1906.0,112.0,9.8707099887094
359869,163.0,1881.0,108.0,-5.69814862864247
5248,1884.0,1888.0,1.0,2.09309628081453
343171,1894.0,15.0,104.0,5.92673021513765
70947,1903.0,1900.0,13.0,6.09987338246023
109064,160.0,1347.0,45.0,-13.3428515161587
277304,1912.0,1331.0,75.0,3.34558180071581
181874,1879.0,1914.0,174.0,0.730498303740798
193683,1913.0,1910.0,176.0,-3.33510307836272
68502,14.0,195.0,12.0,-10.220043191752
249234,83.0,229.0,70.0,-5.95920950089596
397200,1909.0,1882.0,112.0,-1.70827611385536
282751,1895.0,1431.0,77.0,4.46627037561546
52918,163.0,83.0,7.0,10.0060580541369
246743,1895.0,1224.0,70.0,-2.61203126933472
8644,131.0,1902.0,1.0,-1.42848282952138
206245,1877.0,1895.0,177.0,1.75460531414427
53400,1926.0,1337.0,7.0,10.6644146700927
33420,229.0,48.0,166.0,10.3999653417349
49590,948.0,150.0,7.0,3.0053119208751
300054,136.0,85.0,98.0,-1.94886748467892
189399,47.0,1923.0,175.0,-1.5421172915359
236111,1917.0,1901.0,60.0,-26.0974933543534
216873,1342.0,1912.0,55.0,-5.57905127074386
285311,1925.0,1880.0,77.0,-4.10071404077377
29535,11.0,1901.0,166.0,-40.4042683068258
207042,1342.0,1878.0,177.0,-16.8995183529131
322394,1887.0,1889.0,100.0,2.4591420046306
48022,1919.0,1560.0,6.0,-2.87067114178751
279226,1919.0,1899.0,75.0,28.3722780923179
265518,1924.0,120.0,73.0,-0.37625204533508
30133,1879.0,1896.0,166.0,-0.0379785995664693
71919,1907.0,1927.0,13.0,1.81142225085973
205588,1925.0,1909.0,177.0,19.8489844042093
358159,1560.0,5.0,108.0,6.13886964107688
250724,604.0,1882.0,70.0,2.41666791838498
275617,1913.0,1889.0,179.0,-2.04260384285748
262711,1899.0,1892.0,73.0,-5.80570999418776
108100,15.0,1910.0,45.0,0.6160408421529
114103,1876.0,1891.0,167.0,-0.169136349191765
214694,1899.0,47.0,55.0,-2.6573185325111
64911,1877.0,1928.0,10.0,-2.63468858227217
235333,1885.0,1903.0,60.0,2.78937297141579
269360,163.0,82.0,74.0,5.25972082752268
372009,229.0,1910.0,180.0,-0.0887119728165008
199139,1891.0,18.0,54.0,1.88039452595806
191378,229.0,1342.0,175.0,5.30852292526101
434077,1886.0,1910.0,116.0,-10.3372873619677
227943,655.0,748.0,57.0,-0.429340963617744
371793,1877.0,1921.0,180.0,-3.60789393051755
434208,948.0,48.0,116.0,24.6015138138648
206563,1876.0,1888.0,177.0,5.72597598372957
259092,1342.0,164.0,72.0,3.5339830765031
14820,83.0,1332.0,3.0,-5.38680758343805
412764,1897.0,131.0,114.0,3.00371989689678
269415,1926.0,1894.0,74.0,0.331072693460313
437758,20.0,1878.0,116.0,-13.3376346495192
210846,1337.0,229.0,178.0,-14.7431932737663
318940,1906.0,1884.0,99.0,-2.11776187558237
187754,1875.0,1909.0,175.0,3.8339340731002
68183,20.0,1875.0,12.0,-5.15680929631001
375352,1925.0,18.0,109.0,-1.16382310261681
238858,27.0,1908.0,60.0,4.71727312889681
322337,131.0,788.0,100.0,-1.7864254954055
630185,1909.0,1902.0,7.0,-2.9279494462601208
335142,3.0,1559.0,102.0,-2.33078909255907
438244,1891.0,1928.0,116.0,-1.74389143796447
206762,3.0,136.0,177.0,-5.23231273129749
261977,1887.0,1890.0,73.0,3.47749107897011
185727,27.0,1905.0,174.0,4.86335054416874
369492,147.0,1560.0,180.0,-4.8409063101853
320037,163.0,1882.0,99.0,-1.40893277304727
101517,1888.0,1224.0,173.0,-0.219567137599801
369041,1183.0,136.0,180.0,1.05781264874413
372825,1891.0,1909.0,109.0,9.04918900107785
375153,1926.0,47.0,109.0,2.01239415918103
336177,1909.0,131.0,103.0,-20.3246595669554
172750,1904.0,1908.0,52.0,-0.675880212962769
110277,20.0,1908.0,45.0,3.06480496013751
5490,1902.0,1907.0,1.0,-4.31614069986671
335308,1430.0,1671.0,102.0,-1.97160356922123
273594,1884.0,85.0,179.0,0.783247803995876
162966,1908.0,11.0,168.0,0.525014636675846
33996,544.0,1903.0,166.0,13.2001602632996
86772,1904.0,1914.0,172.0,-4.68614200335299
57493,1877.0,1901.0,9.0,3.89621120509025
231907,1332.0,146.0,58.0,-8.42724289474489
225775,1900.0,1895.0,57.0,0.14084260018408
99759,82.0,1224.0,44.0,6.60077121646742
184868,1876.0,1331.0,174.0,-12.6133569336224
357270,1886.0,1917.0,108.0,-2.91830870561909
63688,3.0,1884.0,10.0,-1.77022824300157
427690,27.0,1922.0,115.0,-4.43536923583672
113136,1183.0,677.0,167.0,-0.36196174085242
112276,1894.0,1431.0,167.0,3.38296939599666
340666,229.0,1332.0,103.0,2.78202827802313
301648,1559.0,47.0,98.0,-1.39860162148567
315083,544.0,1337.0,186.0,2.2891293932004
63594,163.0,11.0,10.0,-13.6809692354042
413191,1916.0,1917.0,114.0,-0.213900060433471
100938,1902.0,15.0,173.0,6.40459602407013
32272,1877.0,1906.0,166.0,-0.396759354605953
255399,1877.0,27.0,71.0,-4.30324293133895
110039,1926.0,948.0,45.0,16.1251700192267
166097,1910.0,1928.0,168.0,7.55920135012121
170395,82.0,1918.0,51.0,0.119553139440443
29817,1882.0,1890.0,166.0,-1.68501276670233
267584,1902.0,1907.0,74.0,-5.13010019605589
303803,1342.0,1896.0,98.0,-0.0953773555607884
205750,1430.0,1909.0,177.0,-5.61577051606772
433879,1899.0,1923.0,116.0,-3.94967766120564
323173,1183.0,85.0,100.0,4.22762642731158
434782,150.0,5.0,116.0,2.13415668218486
253597,544.0,85.0,71.0,-2.3193976240504
224056,748.0,1916.0,57.0,-8.34942000547652
340333,48.0,1559.0,103.0,4.4608491885149
339477,83.0,27.0,103.0,-1.41983110348282
4656,1348.0,1914.0,1.0,0.306037953234676
184278,1899.0,1912.0,174.0,2.126419880092
224541,1183.0,1881.0,57.0,-2.09133812003367
31216,83.0,1910.0,166.0,-2.9495048067249
85971,1889.0,1894.0,172.0,-3.60379093068668
71393,131.0,677.0,13.0,-2.21454569288712
268737,1907.0,5.0,74.0,3.51079499970846
330035,1924.0,1927.0,101.0,8.79991972289251
242432,1897.0,1560.0,69.0,1.75758152019981
28110,160.0,1224.0,4.0,1.50629022446881
424833,150.0,11.0,115.0,2.61193110717177
343259,146.0,13.0,104.0,-0.195208986905398
251352,1878.0,1671.0,71.0,0.965316716142901
262696,1892.0,1914.0,73.0,0.206833030602001
435737,1331.0,677.0,116.0,-1.16049076076315
280007,1915.0,1331.0,75.0,3.0117704156091
103528,1332.0,1883.0,173.0,-13.9191668883248
207649,136.0,1922.0,178.0,-4.37422266706935
204986,1897.0,83.0,177.0,5.3950385654824
56562,1887.0,164.0,9.0,0.419699506839981
639613,948.0,544.0,99.0,-2.76403132445696
244147,163.0,131.0,69.0,-1.35174679904417
10762,1916.0,1890.0,2.0,-1.7871954201294
203389,1903.0,1908.0,177.0,-4.39304025081301
164390,20.0,1885.0,168.0,-6.48284086898474
32207,1337.0,1883.0,166.0,-10.3697139513188
639642,1899.0,1902.0,100.0,0.5438696813909419
190721,83.0,677.0,175.0,-2.62665492836788
280952,1925.0,1889.0,75.0,14.5156031852794
630800,1897.0,1902.0,57.0,-1.97990783013641
209261,1902.0,5.0,178.0,2.97004670441618
377093,27.0,1922.0,109.0,0.629477352611311
368953,5.0,1923.0,180.0,5.39857820661432
276243,604.0,1560.0,179.0,-0.455854642312884
74981,48.0,1920.0,13.0,-1.31334115674791
388455,1559.0,1922.0,111.0,4.40795601014862
240763,1899.0,1331.0,69.0,-4.23701431530599
357643,748.0,11.0,108.0,-1.0447134899979
253174,15.0,1918.0,71.0,2.2112673808599
198521,195.0,1910.0,54.0,0.726866178467731
64113,1926.0,1559.0,10.0,-2.91522796228697
415691,3.0,18.0,114.0,7.67568374883749
414647,1879.0,1901.0,114.0,0.164007323638172
50063,101.0,13.0,7.0,5.83917418947744
374794,1896.0,1916.0,109.0,-0.896787004328154
188789,1342.0,1898.0,175.0,-6.9614379597984
70701,1898.0,1881.0,13.0,-1.07546304675061
193674,1879.0,1899.0,176.0,-3.4115274208215
389695,1913.0,1909.0,111.0,-6.90662290955276
280304,20.0,1892.0,75.0,-4.74933423283771
11493,1876.0,1923.0,2.0,-6.28924831901219
223950,1183.0,1891.0,57.0,-0.176796350989957
281336,48.0,1342.0,75.0,8.15878992078472
285900,20.0,1896.0,77.0,-0.84071888536054
424067,1894.0,1911.0,115.0,-3.42812292817669
390466,1906.0,1917.0,111.0,-4.13525321355538
374284,3.0,164.0,109.0,3.31003027235215
209251,1891.0,164.0,178.0,1.12022945940794
180782,229.0,1917.0,53.0,-2.38179617457499
281169,1876.0,1430.0,75.0,9.25861065507164
368858,1891.0,17.0,180.0,-2.47425970442178
189952,655.0,1898.0,175.0,-7.91791319249673
333404,1879.0,1331.0,102.0,1.32814584406842
398031,1909.0,1908.0,112.0,-6.5780973025757
261950,1897.0,14.0,73.0,-6.26265213211091
360818,1430.0,1888.0,108.0,-2.41535963131544
25683,1559.0,1909.0,4.0,0.0101616000616471
109819,82.0,120.0,45.0,1.20127422418635
300988,136.0,1891.0,98.0,-4.26726556297508
60066,1183.0,1878.0,10.0,-4.25167077985862
247108,1559.0,1916.0,70.0,-1.96346080307811
221669,1926.0,1347.0,56.0,-4.80563031552337
18188,604.0,136.0,3.0,-6.90832817342549
198121,1671.0,17.0,54.0,2.68606730044871
427628,20.0,85.0,115.0,4.55932286257798
161373,1875.0,1912.0,168.0,0.152672874837533
222414,1906.0,20.0,56.0,-0.172538175395174
86303,72.0,195.0,172.0,10.6275791058584
188166,1885.0,120.0,175.0,2.42766616809831
210431,604.0,1908.0,178.0,-0.698903649440462
68536,544.0,1916.0,12.0,6.47717166447883
16606,544.0,47.0,3.0,5.54925277455134
58558,1905.0,120.0,9.0,-0.406078774114885
285291,1915.0,1875.0,77.0,-3.55895781339261
315552,1559.0,72.0,99.0,0.85353368012006
635346,120.0,1902.0,179.0,-0.9834798362048048
427750,1925.0,1906.0,115.0,-2.1789025284404
325331,1342.0,1903.0,100.0,-8.13241232844675
112100,1908.0,1916.0,167.0,0.120081197123021
311041,1894.0,15.0,186.0,0.0236455014333155
28617,1877.0,1890.0,4.0,0.467408487587989
55302,150.0,1331.0,9.0,11.5325803610098
7121,1919.0,17.0,1.0,-2.12508433953651
108922,1430.0,1885.0,45.0,0.604504063972679
205176,1926.0,1183.0,177.0,-0.557871226064908
181358,1915.0,1922.0,53.0,-2.13433581646157
65761,1907.0,15.0,12.0,-7.84183220500107
261553,1876.0,1910.0,73.0,10.5486859651645
209493,1894.0,1347.0,178.0,4.95699950131201
356893,1183.0,13.0,108.0,0.0671192331341672
25760,1883.0,17.0,4.0,3.40447893960776
110984,150.0,11.0,167.0,-2.355846978548
285825,1924.0,17.0,77.0,-0.0109105673048192
210264,1898.0,1917.0,178.0,-9.00268972670469
341911,1900.0,1894.0,104.0,1.77864003952285
400525,1926.0,150.0,112.0,0.602171564820642
179952,20.0,1916.0,53.0,-3.79373335599486
4828,1909.0,1331.0,1.0,-7.22118410950002
221148,27.0,1883.0,56.0,0.679679822006284
319742,604.0,83.0,99.0,-4.87552920314951
323932,1919.0,131.0,100.0,-4.44292377770753
189082,1903.0,1897.0,175.0,-2.12395378775767
88432,1430.0,164.0,172.0,3.08851698902426
105926,1888.0,1917.0,45.0,-1.56963318208076
329684,27.0,1348.0,101.0,6.88059509766001
232710,1913.0,13.0,58.0,-4.36542184403817
108428,1906.0,1894.0,45.0,-8.67205530295475
177451,136.0,72.0,53.0,1.53628306280771
64614,655.0,1878.0,10.0,-3.69038000602153
201838,1926.0,1924.0,54.0,1.27769252521388
426727,1913.0,1906.0,115.0,10.0134051175802
57359,20.0,1901.0,9.0,-4.03191364794127
184666,544.0,1919.0,174.0,7.82992270912295
190052,1919.0,229.0,175.0,5.52466831826712
262297,136.0,1891.0,73.0,-4.73217582803567
412626,150.0,1900.0,114.0,-0.200774697352933
180043,544.0,146.0,53.0,15.134755068032
212570,1889.0,1928.0,178.0,-6.85972013478786
211393,655.0,1884.0,178.0,7.03720987265219
328207,164.0,1927.0,101.0,1.19917422690371
29553,101.0,1907.0,166.0,6.90460545307849
342831,1889.0,1914.0,104.0,-0.736477212556622
249586,1430.0,1884.0,70.0,-1.72587738973153
86671,1183.0,1917.0,172.0,-0.825316713370482
340574,163.0,120.0,103.0,-6.13256399085523
412759,1908.0,1910.0,114.0,-0.807010325918543
198233,1897.0,14.0,54.0,2.52862562799261
203864,47.0,1909.0,177.0,5.14201010678909
209161,146.0,1910.0,178.0,0.470769719282791
202901,120.0,1890.0,177.0,-2.0122253974981
280731,1876.0,1889.0,75.0,-4.99635951811976
181176,1342.0,1900.0,53.0,-5.65346454379589
372877,13.0,1890.0,109.0,-0.173802098977578
202180,1885.0,1928.0,54.0,-0.912670883906108
65697,1912.0,748.0,12.0,-2.72701067293424
7512,163.0,544.0,1.0,6.95402658874079
248834,1913.0,1904.0,70.0,0.351336596556767
101773,47.0,1923.0,173.0,0.0982194294375132
176569,1888.0,11.0,53.0,6.64525077322869
46453,655.0,1909.0,6.0,16.5940094320877
630099,1903.0,1902.0,71.0,-1.80743248559026
245581,1895.0,1928.0,69.0,-0.585601739902313
254561,3.0,1893.0,71.0,-1.33489402332394
31636,1880.0,1885.0,166.0,6.24015775002392
401775,677.0,1928.0,112.0,0.527436114276724
303004,1430.0,229.0,98.0,0.571743619447116
75617,1331.0,1928.0,13.0,-5.05875085228007
334739,229.0,20.0,102.0,1.83305683521061
399916,48.0,1887.0,112.0,-3.52146945842894
221361,544.0,1916.0,56.0,5.47832074347624
181521,1430.0,1921.0,53.0,-4.99695821323913
98002,1886.0,1912.0,44.0,3.7059621832938
256243,13.0,1921.0,72.0,6.60865284803494
358825,47.0,1883.0,108.0,-4.73154562877644
339714,1337.0,11.0,103.0,-2.75699286189459
3994,1903.0,1896.0,1.0,12.3643233689097
391065,1925.0,3.0,111.0,1.86809973414754
373925,1559.0,101.0,109.0,0.0267536985049424
250112,1925.0,1917.0,70.0,-2.66244474557945
114252,1920.0,1891.0,167.0,-3.70352007110826
221586,163.0,27.0,56.0,-6.49587739669616
65725,748.0,1916.0,12.0,-0.199499387032079
43781,1889.0,131.0,6.0,-3.95029116650014
327203,1893.0,677.0,101.0,-1.15096605635779
639600,1883.0,1902.0,99.0,-1.191806422053315
283525,1919.0,1332.0,77.0,2.60670652312274
195853,1915.0,1893.0,176.0,-0.17696630299644
242322,1919.0,1332.0,69.0,-2.81894442921828
105748,948.0,1927.0,45.0,15.1347687025778
193371,748.0,1671.0,176.0,-0.390730549464982
67600,1884.0,1900.0,12.0,1.1758250758193
300969,1885.0,1910.0,98.0,2.10810172631396
240670,1893.0,1348.0,69.0,-3.40487563424731
344761,229.0,604.0,104.0,-1.52857947502775
229612,1907.0,1917.0,58.0,-1.25572783624134
359370,1915.0,47.0,108.0,-10.9076267070665
283480,146.0,1911.0,77.0,-0.485420906451376
51948,1915.0,1892.0,7.0,-7.13241398568991
229459,101.0,748.0,58.0,-1.43050449204529
31181,1889.0,1894.0,166.0,6.93625061596434
322647,1890.0,1927.0,100.0,0.932107606206439
389647,1332.0,1904.0,111.0,-2.37592787208998
95846,147.0,1897.0,44.0,23.7929503861471
55679,1878.0,748.0,9.0,-1.15779392438891
18518,14.0,1900.0,3.0,-1.52704656150413
240578,146.0,1892.0,69.0,-4.85473108680188
5141,1895.0,1898.0,1.0,2.33287412875941
338850,48.0,160.0,103.0,-3.41227119983037
372150,3.0,1928.0,180.0,3.56028978874603
183613,1897.0,1893.0,174.0,2.34062857798712
358362,1894.0,1897.0,108.0,4.90743741574769
195656,83.0,101.0,176.0,1.46730566554476
174006,1899.0,72.0,52.0,6.54363730630018
278412,1347.0,1922.0,75.0,-4.73259810602329
225549,150.0,15.0,57.0,-1.3546022219882
284566,1880.0,120.0,77.0,-1.85796379137555
182666,677.0,18.0,174.0,0.750788511853963
50740,1887.0,11.0,7.0,2.09851492528778
255032,160.0,1917.0,71.0,-4.33292677400651
110265,1332.0,1890.0,45.0,-10.0678844186844
270424,1342.0,1875.0,74.0,6.72992492224233
325957,1908.0,1910.0,101.0,0.316443979875011
214009,136.0,1916.0,55.0,-5.6306000539889
52693,1905.0,20.0,7.0,4.04657844408298
179308,604.0,160.0,53.0,3.23778658319183
209621,1559.0,1927.0,178.0,-1.6629016387404
223067,163.0,1337.0,56.0,-5.89819067600464
340049,14.0,1348.0,103.0,-1.11581818058452
72855,748.0,1900.0,13.0,2.20403959611049
57914,160.0,5.0,9.0,8.44953404488393
75071,20.0,1559.0,13.0,-2.92489420561603
182461,14.0,1332.0,174.0,2.929892356013
52928,655.0,1886.0,7.0,6.69988389419318
326939,1183.0,1899.0,101.0,1.74421519706786
103745,655.0,1909.0,173.0,15.0345458677424
16272,1560.0,18.0,3.0,17.3509934698968
15330,1331.0,1916.0,3.0,-10.1904256692574
224045,1560.0,1923.0,57.0,-3.97014277942491
30471,1894.0,5.0,166.0,5.33853241701131
238975,146.0,1928.0,60.0,4.68943176525145
314216,1332.0,1895.0,186.0,0.42523213256685
215863,1915.0,1881.0,55.0,5.57851007875669
377187,1924.0,1906.0,109.0,5.36754267952709
325040,1906.0,1878.0,100.0,2.89009577689172
329142,604.0,163.0,101.0,5.65675098970377
185040,229.0,1913.0,174.0,1.83663426737153
75010,1925.0,1920.0,13.0,-2.01762130599379
177145,1331.0,1892.0,53.0,-7.67750753727231
12774,14.0,13.0,2.0,-7.98384695151558
311935,1224.0,1892.0,186.0,-0.10411152954344
208343,136.0,1882.0,178.0,4.37381700265396
228285,1884.0,1928.0,57.0,-0.632520568439476
176069,1919.0,1337.0,52.0,4.26761050816963
53409,14.0,47.0,7.0,-9.9780312640687
280124,160.0,1916.0,75.0,13.2977433790819
52833,1337.0,20.0,7.0,3.39643179515462
241868,1902.0,948.0,69.0,-0.298112857041802
227178,229.0,1918.0,57.0,3.47721176555171
219547,1331.0,1894.0,56.0,1.91852501117004
304581,229.0,1882.0,98.0,4.23946033110862
390159,160.0,13.0,111.0,1.73679235917702
321569,1903.0,1890.0,100.0,2.11631851308143
195376,1925.0,1914.0,176.0,1.73957753830957
262712,120.0,1922.0,73.0,3.9581285224215
186088,3.0,136.0,174.0,3.43063271218566
108244,136.0,1878.0,45.0,2.5912642882166
269908,83.0,1885.0,74.0,2.21375620438321
178934,101.0,146.0,53.0,27.8549987745167
101706,120.0,1224.0,173.0,-2.98839718704583
31663,146.0,748.0,166.0,-8.1416266040493
109500,1915.0,20.0,45.0,-4.8417653781274
219519,1889.0,1894.0,56.0,-4.62398709734107
196504,1913.0,748.0,176.0,0.331456520804419
44533,1342.0,150.0,6.0,0.166585658348871
223514,101.0,164.0,57.0,25.2364807152994
375681,1332.0,1880.0,109.0,0.865141142165516
63574,1342.0,17.0,10.0,-3.20839933897563
108291,1876.0,47.0,45.0,11.4619459339296
388439,677.0,1922.0,111.0,4.93304444999145
11439,3.0,1183.0,2.0,-4.21315608816519
29478,146.0,150.0,166.0,8.53474365147017
263203,1894.0,1896.0,73.0,1.65608753446677
285646,14.0,101.0,77.0,17.8779781465188
230607,72.0,677.0,58.0,-9.28820699597548
66142,1880.0,1912.0,12.0,-4.6543893175744
228689,1559.0,1893.0,58.0,0.14848124216633
257719,1883.0,1881.0,72.0,6.83842958685814
346393,1332.0,1928.0,104.0,-9.05377725133487
313748,1919.0,1891.0,186.0,2.18578461857923
219106,1885.0,11.0,56.0,2.96308404580499
171916,1895.0,1888.0,52.0,-8.272683056767
311941,1886.0,195.0,186.0,-5.01464409412065
211568,1925.0,13.0,178.0,5.09823631035333
208314,1894.0,1917.0,178.0,-8.88953015758996
108288,1897.0,1877.0,45.0,-5.10292177734023
103561,1915.0,1901.0,173.0,-2.02281871826311
193469,948.0,13.0,176.0,5.37459502838538
326382,147.0,1224.0,101.0,1.48933976790973
256984,1878.0,1885.0,72.0,-0.479290905781275
115529,17.0,1928.0,167.0,-2.64544721012327
321661,1886.0,1883.0,100.0,1.29561202793279
314837,14.0,1903.0,186.0,-11.2133617474569
279487,85.0,1883.0,75.0,1.72174674103111
187765,1224.0,1910.0,175.0,4.50977338629936
166057,1916.0,1928.0,168.0,-14.8759482686344
16336,1893.0,1914.0,3.0,-0.822620254099083
109521,1876.0,1895.0,45.0,11.0444607516056
361615,150.0,1928.0,108.0,17.9717677880536
203742,1878.0,1904.0,177.0,2.98732777095449
325117,1877.0,1560.0,100.0,1.96971770438585
100158,1877.0,1882.0,44.0,-0.284638364953941
284986,1926.0,18.0,77.0,-1.69782724627015
220095,1878.0,1883.0,56.0,-4.093426215062
426920,655.0,27.0,115.0,4.19272564586763
110077,48.0,1900.0,45.0,10.8856919076617
372815,1885.0,1331.0,109.0,-1.8780492638768
264661,14.0,1914.0,73.0,0.864343949804011
220859,27.0,1919.0,56.0,-4.35168364790391
184073,1560.0,1890.0,174.0,2.54757892972715
423524,1883.0,11.0,115.0,-1.15881747244048
228775,195.0,1911.0,58.0,-0.115974465459877
284126,1887.0,47.0,77.0,2.75746943376065
268643,72.0,1917.0,74.0,5.44156745746811
286203,27.0,1918.0,77.0,2.73184905324237
414524,136.0,1893.0,114.0,1.71476620149506
161122,1884.0,120.0,168.0,8.08075218092657
53464,1671.0,1928.0,7.0,-1.13046228221494
271149,1906.0,85.0,74.0,1.30459715579773
242662,1882.0,1910.0,69.0,4.3916071585851
14927,1904.0,1560.0,3.0,-5.63767468481345
74352,163.0,101.0,13.0,14.8735043627768
302440,1897.0,1927.0,98.0,8.37565051633889
162059,1898.0,1896.0,168.0,-24.7544227657654
201987,82.0,1337.0,54.0,-3.26249897044249
58305,1906.0,1895.0,9.0,2.05645625180689
233425,82.0,85.0,58.0,5.94881689218261
49693,101.0,1912.0,7.0,-5.40229037025186
52802,48.0,147.0,7.0,10.7545649706726
172960,677.0,18.0,52.0,2.88982872239405
181904,1671.0,11.0,174.0,3.11955109150965
11502,1342.0,1883.0,2.0,4.24794649990252
28861,655.0,677.0,4.0,-0.0081236948433313
413087,1889.0,1916.0,114.0,-2.05153041774604
316547,83.0,150.0,99.0,1.40198666610619
281951,1920.0,1928.0,75.0,4.94366877945694
69334,1332.0,147.0,12.0,-4.39946114762247
415807,160.0,1887.0,114.0,3.18837432014948
204635,72.0,1893.0,177.0,-0.765688535784544
433344,195.0,1347.0,116.0,-1.57008315597689
229468,1912.0,1914.0,58.0,0.443426441759411
169632,655.0,146.0,51.0,-3.28341290932203
211198,48.0,1347.0,178.0,-12.0445164467737
345067,14.0,677.0,104.0,0.0981599463517981
168713,1331.0,1927.0,51.0,1.2258120464502
105998,1912.0,1908.0,45.0,0.690763645273619
337529,1875.0,1896.0,103.0,-0.932844136450691
173778,1897.0,1560.0,52.0,-0.022923253467268
236738,82.0,1921.0,60.0,-8.05361169966151
203799,1875.0,1560.0,177.0,-1.1555457290181
55381,1430.0,1899.0,9.0,5.28997098604179
182078,85.0,1908.0,174.0,-4.31990535939824
255967,3.0,1910.0,72.0,-2.05629110138049
323398,160.0,1883.0,100.0,-9.0303409570878
209054,1560.0,1888.0,178.0,5.10385744054443
56276,1897.0,82.0,9.0,-9.61696068570384
90227,229.0,14.0,172.0,-18.8533308801968
17478,1926.0,1891.0,3.0,-3.27525170060935
317495,1900.0,788.0,99.0,-0.110863864400013
242883,1895.0,1894.0,69.0,0.369575094067176
62792,27.0,72.0,10.0,-11.5363608537942
231622,163.0,195.0,58.0,-1.14592438642601
111107,1898.0,1560.0,167.0,-0.334037378741744
63165,1925.0,1916.0,10.0,3.31933219194841
227453,1926.0,1224.0,57.0,1.2481446655385
254060,48.0,1880.0,71.0,-6.98062732038949
322724,1880.0,1331.0,100.0,5.01972795800026
33187,1877.0,13.0,166.0,-0.662373227873003
60398,1875.0,1903.0,10.0,5.62814326986507
63642,1877.0,1893.0,10.0,12.9455748672504
14032,1912.0,1896.0,3.0,1.79005423465658
57904,20.0,677.0,9.0,-3.97561559579918
175040,229.0,655.0,52.0,-0.816712829601159
425996,1876.0,1907.0,115.0,-2.89480070008729
316825,15.0,1910.0,99.0,-3.74782761844437
281285,163.0,136.0,75.0,-3.82170796830918
32022,1915.0,1894.0,166.0,-2.62306740533983
252122,120.0,1895.0,71.0,-4.14569605504256
17568,655.0,1895.0,3.0,-0.83383360534493
191635,1913.0,85.0,175.0,-2.25677765628178
30260,1431.0,1331.0,166.0,-0.422264247317524
322625,131.0,1901.0,100.0,-10.7346410255295
343673,1920.0,1911.0,104.0,2.22014210225686
339397,163.0,1914.0,103.0,3.51298106774494
345006,82.0,11.0,104.0,2.08510237142304
89981,229.0,1900.0,172.0,-3.00655467512832
51640,82.0,195.0,7.0,-3.81239000307778
647727,1883.0,1902.0,166.0,-1.584606038933874
7749,604.0,1912.0,1.0,7.41976095328743
346254,1342.0,14.0,104.0,-8.20669019241345
235477,1900.0,1910.0,60.0,0.607536068630683
223934,1887.0,1912.0,57.0,-3.03468502152329
257381,1183.0,1917.0,72.0,-1.23039507678524
88163,20.0,788.0,172.0,-17.4523243538897
324331,1877.0,1905.0,100.0,-1.77783244947299
199558,1887.0,1923.0,54.0,-0.362508840501213
230563,1883.0,1881.0,58.0,6.91920965547619
9327,1902.0,1911.0,2.0,-6.37529556774478
415799,1905.0,1331.0,114.0,-3.33313635007573
357740,1875.0,1898.0,108.0,-8.28554688103045
283487,15.0,677.0,77.0,-1.30133507435779
277522,1907.0,11.0,75.0,-2.26829114490265
337606,1903.0,1916.0,103.0,-8.57443469861721
166886,195.0,1890.0,51.0,1.71347753855051
87542,1888.0,1910.0,172.0,3.13485695424851
257944,1895.0,17.0,72.0,1.13884383502471
71558,948.0,604.0,13.0,-1.09432591725996
282632,1907.0,1892.0,77.0,-4.42856098864506
227207,163.0,1918.0,57.0,4.57770447374949
56417,1183.0,1918.0,9.0,-1.4942764973056
88582,1430.0,229.0,172.0,-25.5374708731097
172048,1337.0,1887.0,52.0,3.04296819334664
221977,544.0,1918.0,56.0,9.81119321026981
369376,1899.0,47.0,180.0,-5.35602879788249
277582,1888.0,788.0,75.0,-3.43318823436249
26306,146.0,1889.0,4.0,0.225217502814529
360742,1924.0,1348.0,108.0,-21.1864526790319
200764,1915.0,1914.0,54.0,-2.76770949576862
313683,1877.0,146.0,186.0,15.768129011168
183419,47.0,788.0,174.0,-1.2530849881906
103659,1926.0,1887.0,173.0,-0.585796543527776
185105,1430.0,1906.0,174.0,15.5571228791904
283251,1886.0,1881.0,77.0,6.88474965843328
247663,1912.0,1923.0,70.0,2.4181375773972
195571,83.0,1879.0,176.0,4.85836845426505
43710,1904.0,1431.0,6.0,3.28398213097995
437901,1876.0,1903.0,116.0,8.87003335717213
338832,146.0,1921.0,103.0,5.41452713738114
248097,1183.0,1907.0,70.0,-4.32013727297849
64823,1920.0,15.0,10.0,5.73263894143474
168011,120.0,1882.0,51.0,-1.86409574511707
343569,1342.0,150.0,104.0,-1.03977182401021
372042,160.0,1925.0,180.0,1.27122756495306
204843,1897.0,1430.0,177.0,4.17036176686468
49320,1183.0,1884.0,7.0,-2.84557220027938
63297,1919.0,1916.0,10.0,2.36298075584447
303238,1925.0,604.0,98.0,3.4324781286679
173089,1902.0,677.0,52.0,1.52884326392894
344330,1926.0,1894.0,104.0,7.65723020171031
277044,1878.0,1898.0,75.0,-4.1013217201783
189000,1183.0,1901.0,175.0,0.218654022022874
221776,1920.0,17.0,56.0,2.30332374835703
177564,1897.0,1923.0,53.0,-1.52562617874903
44617,1899.0,1893.0,6.0,1.38501334918181
217531,48.0,1882.0,55.0,12.6653234876566
326417,15.0,788.0,101.0,1.76082019150125
389065,1925.0,1908.0,111.0,4.1281876563803
111124,1560.0,1889.0,167.0,-1.77007893569903
260512,1920.0,748.0,72.0,-0.376446060562788
5702,1891.0,1917.0,1.0,1.80710231189832
105296,48.0,3.0,173.0,19.6482430023589
373630,146.0,120.0,109.0,-4.24069857747048
326544,1431.0,1922.0,101.0,5.35197767437052
98989,27.0,1891.0,44.0,-7.93805733379723
8677,1925.0,1902.0,1.0,-0.781468164515804
189995,160.0,72.0,175.0,0.849963901532347
302090,47.0,1883.0,98.0,-2.95966550107113
74996,229.0,1888.0,13.0,5.77205717857699
73431,604.0,1183.0,13.0,1.57576599623666
5829,1880.0,1887.0,1.0,-1.07957961904168
89621,1337.0,1917.0,172.0,-24.3677736406231
231587,160.0,1923.0,58.0,4.04733785033901
310701,1890.0,1918.0,186.0,1.50420375430289
210309,1888.0,1927.0,178.0,-1.63782231477823
376926,1925.0,1924.0,109.0,6.75366926107134
398448,1885.0,120.0,112.0,3.22194622584476
103448,163.0,82.0,173.0,11.2093782102708
412712,1879.0,1896.0,114.0,-4.04397281312202
46950,3.0,101.0,6.0,19.7740831681127
254754,160.0,1915.0,71.0,-0.130518865890741
287128,948.0,1902.0,77.0,2.26345274059444
175039,27.0,1884.0,52.0,-3.05592865476532
255312,163.0,1886.0,71.0,1.41970430408094
398972,1879.0,1911.0,112.0,-1.36143808499132
14648,1904.0,1927.0,3.0,-4.15800583919614
312792,1559.0,1914.0,186.0,-8.09653963354953
195932,1915.0,544.0,176.0,-6.72468593146992
367626,948.0,1342.0,180.0,-0.750448733220399
330823,1889.0,1928.0,101.0,-0.355399731133345
31834,748.0,1916.0,166.0,-10.0199214534104
414783,1347.0,677.0,114.0,-3.70339755934775
26273,1560.0,147.0,4.0,-1.92991432160924
67535,164.0,1912.0,12.0,-1.15061004574323
398221,1224.0,131.0,112.0,4.78361044377841
225013,1912.0,1908.0,57.0,-1.81302183403163
425511,1878.0,195.0,115.0,0.151435678487967
66281,163.0,150.0,12.0,8.29279693516227
314145,1915.0,1348.0,186.0,0.894780162761717
243918,604.0,1913.0,69.0,2.85814798718594
278071,1903.0,1901.0,75.0,0.316376558577439
207216,48.0,677.0,177.0,9.42867134590801
259346,1913.0,1916.0,72.0,-3.36644139885439
214129,1915.0,1899.0,55.0,5.70295144725168
105607,1891.0,1904.0,45.0,-2.78213763558793
175751,3.0,1927.0,52.0,1.01743056262502
47187,655.0,1877.0,6.0,13.6542733560518
206992,160.0,1924.0,177.0,15.3801262660727
426387,544.0,163.0,115.0,17.4652047078241
108581,1337.0,1907.0,45.0,-23.2354334837788
236072,1559.0,1896.0,60.0,-0.80734081873988
96824,1915.0,1910.0,44.0,3.69703571885776
190913,1876.0,1905.0,175.0,1.18397630216459
215641,1430.0,1183.0,55.0,1.80030579366624
45406,1898.0,1923.0,6.0,-3.3583416405363
193359,1918.0,1923.0,176.0,-0.43894566206594
276643,1877.0,85.0,179.0,1.30091850122903
12140,1337.0,1914.0,2.0,-4.67042341742101
106459,1893.0,15.0,45.0,2.43717074962716
261378,1905.0,1332.0,73.0,5.64567964064058
322225,1910.0,1901.0,100.0,1.54498348832309
114168,1337.0,1884.0,167.0,-10.1254435828154
236272,150.0,17.0,60.0,-1.97569920401092
369329,1890.0,788.0,180.0,-1.7123965301443
359731,1925.0,229.0,108.0,6.271742733191
286073,229.0,1896.0,77.0,8.46942269748903
110133,1905.0,1337.0,45.0,-26.8569084735458
303948,229.0,1224.0,98.0,0.849276984623696
224926,1917.0,1922.0,57.0,-3.98606502729583
396836,101.0,1894.0,112.0,3.09309019175994
186171,1877.0,1886.0,174.0,-1.94221168239586
331919,1559.0,1875.0,102.0,3.62937529251826
102331,1559.0,195.0,173.0,2.33816270478165
326769,1885.0,1889.0,101.0,4.24119360204342
257439,136.0,1885.0,72.0,-4.23337856823461
315756,150.0,1900.0,99.0,7.52234310715592
171802,1893.0,1907.0,52.0,-7.35659486966742
72572,1897.0,1332.0,13.0,-0.390944888971626
169401,1925.0,1881.0,51.0,4.25533183667943
102625,948.0,1910.0,173.0,8.41291502895171
223224,1876.0,1928.0,56.0,-1.77157942464674
313807,1905.0,1884.0,186.0,4.69360574427795
314941,604.0,1882.0,186.0,0.987003862816725
73709,1430.0,1881.0,13.0,-0.335711409527364
61867,1904.0,1671.0,10.0,-0.0194227532064419
236636,1912.0,1881.0,60.0,-2.44540451956146
436425,48.0,1880.0,116.0,6.19681002352314
110647,748.0,1560.0,167.0,3.87953909288613
223228,5.0,1928.0,56.0,9.35862283861292
330942,1347.0,1882.0,102.0,0.877622537104308
171505,1904.0,1671.0,52.0,1.12844702923056
13818,1892.0,1923.0,3.0,-0.121673653323053
641555,164.0,1902.0,45.0,-3.0161117260590182
232422,160.0,1895.0,58.0,-2.92527634610944
263954,83.0,788.0,73.0,3.64169684837918
282710,1883.0,1882.0,77.0,-1.08389720177758
111883,1912.0,1914.0,167.0,0.240599988526078
318336,3.0,18.0,99.0,0.263054383008671
234393,1881.0,1894.0,60.0,8.6508718316051
286002,163.0,1904.0,77.0,1.07033210824531
199250,72.0,1912.0,54.0,-0.304903545870933
60288,1899.0,1912.0,10.0,-0.264532913266467
174845,1877.0,1431.0,52.0,3.30660448494509
240905,1559.0,5.0,69.0,-6.03798525573025
169997,1905.0,18.0,51.0,-1.11313662194527
216248,20.0,17.0,55.0,-8.24851863403004
206156,604.0,150.0,177.0,-1.21211690800142
398192,1902.0,788.0,112.0,1.6503881551516
334036,83.0,1331.0,102.0,-16.9315291321515
413626,1887.0,677.0,114.0,13.8440275929385
215918,1877.0,1880.0,55.0,-5.12539230519577
243354,3.0,1908.0,69.0,0.966334109977395
415598,1925.0,195.0,114.0,-8.6520561508036
63913,3.0,1877.0,10.0,0.399661930258199
7454,1915.0,18.0,1.0,-2.17869026042971
89531,544.0,544.0,172.0,5.82338790889728
73326,1879.0,1904.0,13.0,7.81093571932247
217581,1920.0,1903.0,55.0,-0.583789259975527
238774,83.0,1908.0,60.0,0.65314180299424
278765,1885.0,1904.0,75.0,-0.283571025988648
170673,1906.0,1927.0,51.0,2.10630336612384
193582,1903.0,11.0,176.0,0.37854822125933
270605,1925.0,1917.0,74.0,-3.63384688999688
315273,1905.0,150.0,99.0,1.99328677886613
178923,1911.0,1921.0,53.0,-11.5062228519664
176735,1896.0,13.0,53.0,1.81147316590383
169767,1430.0,1891.0,51.0,1.291922966806
333628,72.0,18.0,102.0,1.94351754091187
275116,14.0,1885.0,179.0,0.176612810320703
401486,83.0,1560.0,112.0,-5.47356450160339
270698,1915.0,1224.0,74.0,1.58563280316365
90230,160.0,14.0,172.0,-14.5659724644428
248084,1877.0,1911.0,70.0,-2.90896264422579
232233,20.0,1431.0,58.0,-0.862827428733466
200018,82.0,1894.0,54.0,-9.20092505828981
196354,27.0,120.0,176.0,0.0072062127218939
326376,1910.0,788.0,101.0,2.29190684587744
8851,1880.0,1883.0,2.0,-2.6507233053449
302845,20.0,164.0,98.0,-4.77571490855365
192852,1559.0,147.0,176.0,1.39803772776402
435129,1896.0,1895.0,116.0,1.77256222933562
6345,1877.0,1922.0,1.0,1.25263762006242
198826,1884.0,1895.0,54.0,-3.16034626995237
44613,85.0,1900.0,6.0,4.48177795931396
300532,1878.0,1904.0,98.0,3.27374782224464
273096,1916.0,17.0,179.0,0.170277881775577
208991,1895.0,11.0,178.0,-5.49898280192351
435535,1888.0,131.0,116.0,-0.939191040177648
314365,82.0,1875.0,186.0,-3.05102681321426
98012,146.0,1914.0,44.0,-0.728842074539813
192308,1560.0,1882.0,176.0,-1.04561421058426
51976,3.0,5.0,7.0,0.965588886010204
194922,655.0,47.0,176.0,11.9642955870429
396873,147.0,1921.0,112.0,-1.58438798235097
235221,1883.0,1893.0,60.0,3.49498328779001
342233,1895.0,1910.0,104.0,1.51095480030973
325176,229.0,1921.0,100.0,-13.1927949148768
275173,655.0,146.0,179.0,-5.62389892825646
74211,1877.0,1892.0,13.0,-2.36617398600295
282520,101.0,1886.0,77.0,5.37730951023341
12287,1332.0,1884.0,2.0,-8.0672013470487
18612,1906.0,1908.0,3.0,-1.4550346604864
70896,1909.0,748.0,13.0,-8.30303316925599
165155,604.0,544.0,168.0,-1.39056410169421
162663,948.0,164.0,168.0,4.31884723654533
28763,604.0,1903.0,4.0,-3.62145685056892
389505,604.0,1926.0,111.0,8.6924890572674
191191,1430.0,1886.0,175.0,2.38266920070801
195473,14.0,1916.0,176.0,5.23878848857231
321981,1893.0,1900.0,100.0,1.67359891132221
301058,1909.0,72.0,98.0,1.23133438669966
388949,748.0,1927.0,111.0,-0.198431687081403
230401,85.0,1898.0,58.0,-3.87889883937772
228394,1889.0,788.0,57.0,8.04455182071799
193900,72.0,1927.0,176.0,-0.305840217786181
316492,1916.0,5.0,99.0,4.08728596953046
397874,101.0,1921.0,112.0,23.8288455283457
57737,83.0,1879.0,9.0,5.3331415438366
252362,17.0,1921.0,71.0,-4.56797442701555
72360,85.0,1911.0,13.0,-3.40805303818214
67654,1884.0,1911.0,12.0,0.191940137347002
333117,1912.0,1331.0,102.0,0.61913096799147
252215,948.0,1337.0,71.0,4.3520357088464
176539,13.0,1902.0,52.0,0.100233954324803
161621,1881.0,1348.0,168.0,-1.1879365692543
319364,27.0,147.0,99.0,1.34991332515579
314583,544.0,1886.0,186.0,-4.01476145326198
646702,1891.0,1902.0,176.0,2.105683604831105
331651,1885.0,1671.0,102.0,-1.05802199573919
68378,1877.0,72.0,12.0,-3.69532804106102
333662,655.0,1899.0,102.0,9.18121741122182
6218,1331.0,1892.0,1.0,-8.58381961923866
278491,147.0,1881.0,75.0,-2.73557439320017
211395,48.0,1884.0,178.0,10.1350137571672
203996,1897.0,1893.0,177.0,3.3496830837222
266786,1884.0,788.0,74.0,-2.74476864519465
12799,229.0,1912.0,2.0,8.08233954191192
111938,1887.0,1898.0,167.0,3.84919390187928
437370,1924.0,1430.0,116.0,2.50534252215725
187188,72.0,164.0,175.0,-3.54455734446901
175808,1915.0,1671.0,52.0,-31.943745022334
72187,1913.0,1911.0,13.0,0.87180395888347
194959,163.0,1883.0,176.0,4.24824164535703
105633,1883.0,1927.0,45.0,-5.39689621442297
242936,1910.0,1927.0,69.0,-3.58330866604242
313128,655.0,195.0,186.0,-0.0845811276118453
102476,120.0,1881.0,173.0,8.71893351609619
274270,544.0,1901.0,179.0,1.82988179894054
172127,136.0,1907.0,52.0,-4.41723204740837
342452,1915.0,1898.0,104.0,-2.25822055566764
254884,27.0,5.0,71.0,6.28789602112275
113329,1915.0,788.0,167.0,-9.12122280476438
637209,1895.0,1902.0,74.0,-4.563828291786365
176168,1342.0,1882.0,52.0,-6.32671448612972
4221,1896.0,1348.0,1.0,-0.525152813029685
189986,83.0,1915.0,175.0,2.61761889588811
340013,27.0,1889.0,103.0,-0.270647432673301
268595,20.0,1910.0,74.0,-7.57540769906923
54924,147.0,15.0,9.0,-2.09507210407183
200464,14.0,229.0,54.0,-1.32715313249728
184194,1880.0,1923.0,174.0,-12.8213533107083
112734,1900.0,1882.0,167.0,8.37417172716504
334426,163.0,1431.0,102.0,2.05769631380892
223577,1883.0,1900.0,57.0,-2.58992105992359
194529,1894.0,1903.0,176.0,-1.81637260983655
100957,1918.0,1927.0,173.0,2.71532584478185
258414,1431.0,13.0,72.0,2.5745960781882
240754,1911.0,131.0,69.0,0.606810167516075
345958,83.0,20.0,104.0,1.36413971984511
337006,1912.0,1895.0,103.0,2.47381047009396
423063,1912.0,1910.0,115.0,-0.185713918162396
58449,1926.0,1917.0,9.0,-4.35183365463609
400354,1877.0,1892.0,112.0,1.73326123169938
319649,655.0,1920.0,99.0,-1.25904506219091
203166,1347.0,136.0,177.0,-0.975189285432605
262069,1880.0,131.0,73.0,-2.97967036741447
105385,20.0,1921.0,173.0,-8.80910778487162
14093,1889.0,72.0,3.0,0.629278671927684
224110,1909.0,1883.0,57.0,-2.28584759894734
115003,14.0,1927.0,167.0,3.84063002058774
100046,604.0,1924.0,44.0,6.68319050894244
389600,160.0,1913.0,111.0,7.24992239105537
86017,195.0,131.0,172.0,2.11821112685174
300470,163.0,1911.0,98.0,-0.466573685930443
213923,1878.0,1560.0,55.0,4.43754151595449
57373,83.0,1331.0,9.0,-7.07513681062214
210911,1924.0,1914.0,178.0,11.3926451870375
345678,544.0,1927.0,104.0,3.96163252855311
279949,1876.0,1881.0,75.0,1.2415308318862
217443,163.0,1890.0,55.0,-7.59627827786179
326937,1902.0,1896.0,101.0,-17.5344668820723
182771,1900.0,1889.0,174.0,-0.137863504739371
221545,1913.0,1914.0,56.0,-2.01091048284245
71813,948.0,1904.0,13.0,4.91094087217173
311766,1898.0,1914.0,186.0,3.87657037724211
32508,160.0,1331.0,166.0,-13.3608382260961
266076,1926.0,1925.0,73.0,1.47587085714658
9875,1183.0,1921.0,2.0,-0.237291448947392
412866,1889.0,1923.0,114.0,-3.45607819228928
189555,1898.0,1927.0,175.0,1.33799806531925
256080,147.0,1348.0,72.0,7.41725236239274
101688,150.0,15.0,173.0,1.55959694580128
190096,544.0,1909.0,175.0,10.9735160709321
263047,72.0,1893.0,73.0,0.489188854715149
62719,1913.0,788.0,10.0,-6.28131768316605
225616,1883.0,1224.0,57.0,1.10425956788262
231832,1920.0,1881.0,58.0,0.995525444990962
436158,82.0,1879.0,116.0,-11.0452432110309
257331,1905.0,1332.0,72.0,2.60840662419266
4397,195.0,1560.0,1.0,-0.506904222740637
265886,1877.0,1878.0,73.0,2.28230993704169
88314,163.0,1923.0,172.0,-1.45566920656575
234468,1904.0,120.0,60.0,-0.367170307256832
373482,1559.0,1224.0,109.0,-4.69603376371952
207917,1183.0,136.0,178.0,-1.00048996249597
165164,655.0,544.0,168.0,4.79579569300467
234669,1337.0,150.0,60.0,2.61425537960396
414226,1882.0,1927.0,114.0,-4.84359800853206
232470,1915.0,18.0,58.0,2.95124321248161
3872,1347.0,136.0,1.0,-0.941623055667058
176391,1908.0,1928.0,52.0,-7.64970115930786
389210,14.0,72.0,111.0,3.39269450770096
217865,1342.0,1902.0,55.0,-18.6192255415959
232789,82.0,1915.0,58.0,5.86329792315413
71327,1183.0,131.0,13.0,-2.18723216536532
114406,3.0,1905.0,167.0,7.39567488959719
176258,14.0,1890.0,52.0,-1.32330265139082
226201,1430.0,1183.0,57.0,-2.28457813126473
30284,677.0,1901.0,166.0,-3.70082779719614
238426,604.0,83.0,60.0,1.58805727272503
184002,1884.0,1886.0,174.0,4.80705658174524
184907,163.0,1881.0,174.0,-4.27679843588438
196009,3.0,1915.0,176.0,7.40444561358282
376435,1905.0,13.0,109.0,-5.86210085221246
253219,1902.0,82.0,71.0,0.429554512955639
371491,544.0,1920.0,180.0,1.11021033391709
413298,1892.0,1890.0,114.0,-4.96736802916773
279448,11.0,1918.0,75.0,-0.449479755250376
254897,1430.0,1895.0,71.0,5.86554545248321
69556,1877.0,1927.0,12.0,1.03330427777963
315952,1902.0,1920.0,99.0,8.68782371175291
314738,544.0,1876.0,186.0,12.343602018759
33522,82.0,1224.0,166.0,-1.16587044432087
221813,1915.0,1879.0,56.0,-0.714074028787551
272350,83.0,1911.0,179.0,2.90771543983193
399503,1920.0,1922.0,112.0,3.90528440590568
345464,14.0,1918.0,104.0,-0.269543140609979
190394,14.0,1914.0,175.0,-1.51141046178169
326364,101.0,1897.0,101.0,-0.362576997462812
233684,101.0,1928.0,58.0,20.0541266166946
319792,1925.0,1342.0,99.0,-14.2049725118244
13653,14.0,1928.0,2.0,2.34993377631277
231011,146.0,1224.0,58.0,6.82571213638161
434554,136.0,131.0,116.0,-0.979441377780011
264630,544.0,1431.0,73.0,6.03515337469759
107036,136.0,120.0,45.0,-2.97043037357758
310487,1879.0,1897.0,186.0,5.33476638446929
227593,3.0,147.0,57.0,4.41540038455627
219014,1880.0,11.0,56.0,2.03976354523037
241161,1894.0,748.0,69.0,-1.37732346226713
201797,1342.0,677.0,54.0,-5.38457677893213
336479,948.0,1889.0,103.0,5.81440593578027
171575,1891.0,1914.0,52.0,2.61304583642033
388225,1884.0,1671.0,111.0,-3.74074437575536
198505,14.0,1898.0,54.0,-3.27778469970554
250229,1924.0,147.0,70.0,4.25315512321915
217746,1927.0,1928.0,55.0,-4.04025199181881
44634,1875.0,1904.0,6.0,-1.4280308617363
186344,1337.0,15.0,174.0,3.87033776912328
104217,544.0,11.0,173.0,-3.1195716921458
100339,1924.0,1337.0,44.0,-10.7439749797945
278851,150.0,18.0,75.0,-0.0363691382837278
360226,229.0,1347.0,108.0,-1.08904733133071
227231,229.0,1904.0,57.0,1.1407795105121
31084,1883.0,1921.0,166.0,0.230139622925095
323938,48.0,604.0,100.0,6.35568485473168
301025,1337.0,1898.0,98.0,-4.21822360871582
334306,1876.0,1916.0,102.0,3.06051448742825
276939,1888.0,1910.0,75.0,4.50247514113428
67323,1560.0,1890.0,12.0,-2.06077936874069
6055,1559.0,1884.0,1.0,-2.90128491697912
253290,1912.0,1908.0,71.0,-1.89261341243638
200356,604.0,72.0,54.0,2.26147685800393
212503,1926.0,1337.0,178.0,-9.55277180180952
18761,1882.0,1902.0,3.0,-0.457541086428802
269608,1877.0,1909.0,74.0,-3.45858140797684
223548,1919.0,1911.0,57.0,4.54863456540364
170095,655.0,1904.0,51.0,1.2104474251601
220137,1894.0,164.0,56.0,6.18948090383749
187843,164.0,17.0,175.0,0.583614457176394
396967,1878.0,131.0,112.0,-4.76174611161372
64211,655.0,1430.0,10.0,-5.31897452188889
15198,1183.0,47.0,3.0,12.325491540118
304597,160.0,1903.0,98.0,1.87637280820807
313337,82.0,1881.0,186.0,-0.369527856799217
343385,1879.0,13.0,104.0,-2.20763636796771
184597,3.0,1883.0,174.0,2.45625332125682
235382,1878.0,1883.0,60.0,-2.18801704426475
317034,1881.0,1889.0,99.0,3.90395920905263
87093,1880.0,1889.0,172.0,6.87175808626406
374496,948.0,1926.0,109.0,3.89149528251187
251534,85.0,1348.0,71.0,3.39595778805812
95475,748.0,1923.0,44.0,-0.883425892634623
170040,83.0,1348.0,51.0,-6.43522714152889
388319,1910.0,1918.0,111.0,17.0643996922703
202698,85.0,164.0,177.0,-0.77670659333288
370223,1913.0,1901.0,180.0,2.44385724895326
57118,1430.0,1894.0,9.0,-9.97418921637806
251477,1879.0,1897.0,71.0,-1.91360625431675
55995,1916.0,1923.0,9.0,-2.6591768444787
107254,948.0,1893.0,45.0,-1.38759873375991
252601,1908.0,1892.0,71.0,0.460702915002181
209043,1891.0,1881.0,178.0,5.06366946688933
197730,150.0,1892.0,54.0,-0.783904308889823
7539,160.0,13.0,1.0,1.80154415962906
327109,1904.0,5.0,101.0,10.7639263544767
245078,27.0,1927.0,69.0,-12.9151023935035
207901,72.0,1900.0,178.0,-4.31743053676348
436211,1925.0,82.0,116.0,8.34247737783554
426680,1905.0,1893.0,115.0,-0.299479130063702
639714,1909.0,1902.0,186.0,-1.182860678990477
31615,1884.0,1903.0,166.0,-3.91250681556182
191437,1876.0,1878.0,175.0,-3.86166486127976
244113,1913.0,1892.0,69.0,3.15818397851332
55391,120.0,1224.0,9.0,-3.5963619512927
282556,47.0,1224.0,77.0,-3.70003878198902
401027,1915.0,120.0,112.0,6.28388646172343
164286,1919.0,146.0,168.0,-9.26541044495067
630811,85.0,1902.0,57.0,-2.07333728181659
329721,83.0,1895.0,101.0,1.03763178960812
434118,101.0,1899.0,116.0,-5.20788092600504
214183,1559.0,72.0,55.0,-5.71662347360725
330453,20.0,1922.0,101.0,2.38912420808275
286168,604.0,1348.0,77.0,1.94872459698915
321563,1895.0,13.0,100.0,1.27150933495501
272855,1879.0,13.0,179.0,3.21793551630666
8129,1924.0,1332.0,1.0,2.04403279346744
199531,1904.0,1927.0,54.0,1.25400004644222
54746,1896.0,195.0,9.0,-2.4318733265582
335349,3.0,1886.0,102.0,-2.99025755371091
241872,1348.0,788.0,69.0,2.68498435989436
390300,48.0,1889.0,111.0,-8.61087001982531
215368,15.0,1927.0,55.0,3.95795917309641
54271,1909.0,1918.0,9.0,0.0476097103592038
247092,120.0,1927.0,70.0,5.0364811854464
217461,1924.0,1911.0,55.0,3.69783720336832
285760,160.0,1892.0,77.0,2.1198434628271
164006,1915.0,1883.0,168.0,1.16620932967256
27623,160.0,1892.0,4.0,3.08756692469407
16928,1430.0,1331.0,3.0,-33.4950939278789
14574,150.0,1671.0,3.0,3.49150377084221
436703,83.0,1909.0,116.0,1.07672786540203
202137,544.0,1337.0,54.0,1.42986770334547
207910,1885.0,1917.0,178.0,13.7808377548894
258514,948.0,748.0,72.0,-10.141449527188
190852,27.0,1348.0,175.0,-3.25298476572908
204318,101.0,748.0,177.0,0.205874847771879
321429,120.0,18.0,100.0,1.05951233272964
67374,948.0,1879.0,12.0,-0.659615715289796
190890,1337.0,5.0,175.0,11.3243015174674
215935,1877.0,1916.0,55.0,4.074516716723
189165,1331.0,1918.0,175.0,4.18914746943482
423387,1904.0,1900.0,115.0,2.45779509755902
223932,1671.0,1901.0,57.0,-3.34358968936879
238509,160.0,1332.0,60.0,3.51303958044495
229391,1875.0,1886.0,58.0,3.24353747208136
231428,1913.0,1919.0,58.0,13.3791384197662
426482,160.0,131.0,115.0,0.705256969711896
183387,47.0,677.0,174.0,3.45751635949858
371696,229.0,948.0,180.0,11.5763122322758
260083,544.0,1912.0,72.0,9.24681973918418
75592,1917.0,1928.0,13.0,-4.40263044455574
99698,160.0,1430.0,44.0,3.15038723355816
263464,1878.0,1918.0,73.0,-1.66206906484766
216304,544.0,131.0,55.0,-1.61767085788684
203670,1898.0,1881.0,177.0,-6.81435113898343
26584,1896.0,195.0,4.0,0.264159483904897
174814,14.0,1909.0,52.0,7.24343122581876
86878,1876.0,1898.0,172.0,8.79711366089674
230112,1902.0,5.0,58.0,13.7261814240703
15161,1183.0,1911.0,3.0,-4.30142655594021
286611,1926.0,1332.0,77.0,4.97115197207913
66590,147.0,1224.0,12.0,-2.31700315437237
369890,3.0,1922.0,180.0,0.875295084497547
250503,1913.0,1882.0,70.0,-3.31196939270939
163565,1337.0,1347.0,168.0,-6.45004842905775
43298,1885.0,1901.0,6.0,-1.09128801735235
235535,5.0,15.0,60.0,0.175212109942481
58165,229.0,1915.0,9.0,1.23822911079822
16098,136.0,1903.0,3.0,-3.34348489818505
339751,1876.0,1879.0,103.0,-0.987917159761321
17477,1920.0,1893.0,3.0,-2.04130505908484
224464,1888.0,11.0,57.0,3.17895681900645
213849,1886.0,1892.0,55.0,-6.28707670880822
179371,1924.0,1922.0,53.0,6.07531456856403
423625,1183.0,1886.0,115.0,2.30246605577297
163170,1888.0,13.0,168.0,0.0413492044940856
214233,948.0,27.0,55.0,-2.18738597233145
205842,229.0,1431.0,177.0,10.5358887207268
269675,604.0,1926.0,74.0,7.50608631368782
162207,1899.0,1897.0,168.0,4.23246656894649
300367,136.0,1893.0,98.0,0.0525820510663576
251822,1898.0,17.0,71.0,-2.38569782820233
249640,604.0,17.0,70.0,-0.264417013010215
314269,1925.0,1430.0,186.0,-2.31645264741316
376269,229.0,1879.0,109.0,-1.62697222451228
174000,164.0,1923.0,52.0,-1.16257968934427
224929,147.0,1911.0,57.0,5.63602839077744
206426,1919.0,1895.0,177.0,9.09718873141513
333305,101.0,1899.0,102.0,-3.65397691702587
258970,1915.0,1901.0,72.0,-6.59572133570402
273880,1891.0,1904.0,179.0,-1.38184989998565
31867,1224.0,1918.0,166.0,-5.15946607088574
631430,1888.0,1902.0,98.0,0.803316772283125
57549,20.0,146.0,9.0,4.30022284862754
311810,1879.0,150.0,186.0,6.51816384304127
106627,1879.0,1900.0,45.0,-4.080921480869
47030,3.0,1895.0,6.0,0.835999504580065
273697,1348.0,1347.0,179.0,2.1003246651725
400001,160.0,1909.0,112.0,6.69048654970183
228939,1886.0,1921.0,58.0,-10.3262659944108
256133,147.0,195.0,72.0,-5.20639534547136
433750,948.0,1431.0,116.0,2.71542431668128
61439,1914.0,1910.0,10.0,-8.86710957032329
13281,604.0,1924.0,2.0,-0.599142567694583
9524,164.0,1900.0,2.0,2.90084610055174
250597,1919.0,1337.0,70.0,2.30039699280522
60160,1559.0,1921.0,10.0,-0.953514266616911
230760,1911.0,1890.0,58.0,10.137574831772
274434,1876.0,47.0,179.0,-8.53517336730323
87354,147.0,1560.0,172.0,-0.923439139266454
193815,136.0,1909.0,176.0,3.94865799894352
209684,1921.0,1927.0,178.0,-5.92546306464754
190021,604.0,1887.0,175.0,0.148042343222536
162153,85.0,788.0,168.0,0.721411990401152
57883,604.0,655.0,9.0,4.11789514658996
15715,1886.0,677.0,3.0,-3.31213176021388
248322,1902.0,1916.0,70.0,0.0329860861467367
267044,1430.0,1347.0,74.0,0.686888393219696
10199,131.0,677.0,2.0,-3.02698371353015
185570,1925.0,1905.0,174.0,9.05585574052555
189393,948.0,13.0,175.0,3.51808476823659
281251,1876.0,1671.0,75.0,-14.1897070320724
374041,150.0,1922.0,109.0,1.17157252583955
192335,1875.0,13.0,176.0,-1.00460194383499
194259,1331.0,1892.0,176.0,-6.31287170131718
256717,1183.0,1896.0,72.0,-2.67156984585573
226792,1905.0,1892.0,57.0,2.70936947440283
225189,150.0,195.0,57.0,1.76351323315695
70086,1924.0,677.0,12.0,-2.78411259477159
253226,1884.0,1901.0,71.0,3.86540800990904
342054,1878.0,1900.0,104.0,2.11902530726634
169924,1332.0,1893.0,51.0,-7.07034936916505
207936,1879.0,1914.0,178.0,-15.8246196650518
100841,1896.0,1927.0,173.0,3.09522872839057
182470,1909.0,1916.0,174.0,-2.87609286960467
417556,1924.0,1337.0,114.0,-17.8089012937766
320626,1897.0,1876.0,100.0,1.48796224317559
74841,82.0,13.0,13.0,0.50900423296214
338660,1899.0,1884.0,103.0,1.9438433084957
195821,1925.0,11.0,176.0,-2.22045314981574
374993,146.0,1917.0,109.0,-4.45840691132066
65584,1885.0,1914.0,12.0,-1.46760681187023
32282,1877.0,72.0,166.0,-3.85475109261679
278231,120.0,17.0,75.0,-0.62394725494826
301745,1671.0,1923.0,98.0,-0.176121909639154
226239,163.0,82.0,57.0,11.1662833012092
226075,82.0,1921.0,57.0,0.627885119172639
301688,1917.0,1921.0,98.0,-1.0494917483559
185061,20.0,1916.0,174.0,-4.14749394485033
51070,1183.0,1882.0,7.0,3.77489179317151
208569,1348.0,11.0,178.0,-8.19150889204732
71438,1896.0,1347.0,13.0,6.78896140764338
330938,85.0,1892.0,102.0,1.40415347207442
361334,1924.0,1911.0,108.0,-3.43898694951311
320085,1906.0,1560.0,99.0,-3.34616041068969
339014,604.0,1883.0,103.0,-0.301245562789606
414661,948.0,72.0,114.0,4.78273351392261
255724,1925.0,14.0,71.0,-4.30244333794574
201587,1919.0,1912.0,54.0,-0.623639053573405
6292,150.0,131.0,1.0,0.696888880402859
43729,1893.0,1898.0,6.0,-1.26570412251676
205677,48.0,1914.0,177.0,-6.93190295447575
433709,1880.0,1898.0,116.0,2.43494423130755
400619,1876.0,18.0,112.0,4.88775413580997
215127,27.0,1332.0,55.0,-7.48107478104571
14758,164.0,1927.0,3.0,-2.66904221597392
99429,83.0,1895.0,44.0,5.56184349688916
27260,163.0,1885.0,4.0,5.6935721513461
310503,14.0,1911.0,186.0,-1.14169111170862
417301,1337.0,15.0,114.0,-19.032321596086
242456,1891.0,1897.0,69.0,-1.64764507799255
417030,1905.0,1430.0,114.0,2.31525154415992
310470,1896.0,1348.0,186.0,-0.29366984935338
272849,147.0,72.0,179.0,-2.3286358524344
162724,1878.0,146.0,168.0,2.06903120137074
115152,604.0,748.0,167.0,1.63281617503189
235834,13.0,131.0,60.0,0.701558109705858
332022,1922.0,788.0,102.0,0.175145235922205
280963,1905.0,13.0,75.0,7.04835614473756
316166,1897.0,1892.0,99.0,-0.0748447858492743
65832,1560.0,1224.0,12.0,0.218162996487295
200538,48.0,1901.0,54.0,0.0758588772385724
423924,1899.0,1893.0,115.0,0.024403850075347
71746,1917.0,1927.0,13.0,-5.44245857403044
216293,1913.0,11.0,55.0,1.07621264700116
63319,1430.0,1885.0,10.0,-3.00866156642442
232830,82.0,1918.0,58.0,2.65625502806907
109450,48.0,1877.0,45.0,12.2379125028472
267410,1886.0,1923.0,74.0,-4.15180177211675
28946,1909.0,1928.0,4.0,-2.66121455058405
337724,1902.0,27.0,103.0,-1.23504610640713
326137,1331.0,1921.0,101.0,1.84344607747177
388092,1909.0,1671.0,111.0,14.3384863843003
193699,1891.0,1895.0,176.0,-0.412286883208649
6317,1671.0,1910.0,1.0,-1.80937382079433
29007,1901.0,1902.0,4.0,-2.3567260336995
55051,5.0,1918.0,9.0,-2.79896622313736
399470,1876.0,47.0,112.0,2.19722538497932
105736,1888.0,1921.0,45.0,-2.28576153137868
400466,1926.0,1891.0,112.0,3.68490673036581
12227,1924.0,1347.0,2.0,-1.04397923188585
256334,1899.0,1431.0,72.0,5.20908612616728
165861,544.0,15.0,168.0,15.9130685814417
436499,1920.0,1914.0,116.0,-1.2587618794292
88168,1342.0,1183.0,172.0,-7.25703723252976
224185,1903.0,131.0,57.0,-2.41375237284498
310296,1916.0,677.0,186.0,7.86683596238204
61531,948.0,1910.0,10.0,2.07721594428925
63478,1876.0,1891.0,10.0,0.356222242988211
249945,1925.0,1877.0,70.0,11.0091996584774
415346,1878.0,1896.0,114.0,1.20875549532488
235255,1887.0,1927.0,60.0,-4.04830847531837
26089,20.0,1911.0,4.0,1.21618840750976
416634,1920.0,1875.0,114.0,0.770825980152022
183767,5.0,1892.0,174.0,-10.437415445976
170069,83.0,1889.0,51.0,-1.24956415075931
313827,48.0,1892.0,186.0,6.53413339705836
162817,1896.0,788.0,168.0,2.66669554981805
266716,136.0,1224.0,74.0,-1.09719454176266
390561,163.0,1920.0,111.0,4.08799078304407
282502,1880.0,1882.0,77.0,-0.448975554625712
279478,1898.0,17.0,75.0,1.52793201345471
220278,948.0,1882.0,56.0,-1.16839197927518
3882,1902.0,1921.0,1.0,-2.28912124869647
165726,1337.0,1922.0,168.0,-10.2210838855217
241243,1560.0,1907.0,69.0,3.06762411644377
26561,150.0,1916.0,4.0,-4.30968108465896
208244,1902.0,1331.0,178.0,-1.96858706854027
192871,1671.0,1897.0,176.0,6.39516348320309
234145,47.0,1431.0,60.0,3.22430591998242
247504,1559.0,5.0,70.0,3.69344531679687
164478,1877.0,146.0,168.0,0.664013456236038
401617,604.0,14.0,112.0,-6.35569616194782
109592,1924.0,1430.0,45.0,7.33927361466646
114068,1913.0,17.0,167.0,-0.464528641133706
109175,1337.0,677.0,45.0,-21.0348775631157
195122,1905.0,1907.0,176.0,-12.4719539492185
271230,1924.0,1882.0,74.0,1.91364761013337
336877,1894.0,1892.0,103.0,-2.23446635044655
237162,229.0,1880.0,60.0,0.0986933608118164
258189,1916.0,1892.0,72.0,-3.23340709490414
372036,1337.0,1921.0,180.0,-5.48282915282508
170370,655.0,544.0,51.0,-1.16636964155109
338876,163.0,1922.0,103.0,1.38925075609362
114550,48.0,27.0,167.0,3.96119067236608
345459,163.0,1912.0,104.0,6.86954993189108
24379,1909.0,1916.0,4.0,0.437191488125829
256886,1904.0,1918.0,72.0,-2.2185839440774
339054,1877.0,1919.0,103.0,-1.23828074406528
5392,1883.0,677.0,1.0,1.1071072612925
86368,1883.0,13.0,172.0,0.378851019759303
194330,1893.0,1901.0,176.0,-1.65047922611531
203117,1897.0,195.0,177.0,-33.3088962828736
212042,3.0,83.0,178.0,5.17792590133363
340595,1915.0,1927.0,103.0,-23.4641684923389
331185,3.0,1347.0,102.0,-2.26372171658399
188802,1891.0,150.0,175.0,0.178767918374745
89635,1920.0,147.0,172.0,3.85397608139973
102372,1911.0,1892.0,173.0,0.759180621606401
256456,1907.0,788.0,72.0,0.370172196659735
63392,163.0,27.0,10.0,0.107065797307992
238296,1905.0,1886.0,60.0,-4.00932310458695
69221,3.0,1904.0,12.0,-1.68419614253194
50627,1896.0,72.0,7.0,4.91388456895906
103507,3.0,1923.0,173.0,-0.1751340130831
315939,1885.0,1889.0,99.0,2.73136513743174
427086,1430.0,1888.0,115.0,0.642550395844271
248999,1915.0,1907.0,70.0,-6.71703993416392
413249,1880.0,1894.0,114.0,0.315471452928188
413804,120.0,17.0,114.0,2.50689410932427
262745,1903.0,1911.0,73.0,4.55512646936945
426060,1924.0,72.0,115.0,1.52251028537629
202138,1924.0,1337.0,54.0,-0.772790374750586
62637,160.0,1899.0,10.0,-0.974112345658908
27440,83.0,1909.0,4.0,-2.24638768151287
284745,1888.0,1910.0,77.0,-1.05322242984396
370312,163.0,1881.0,180.0,-1.53560673820782
17640,1915.0,1889.0,3.0,0.0119934560782921
357116,85.0,47.0,108.0,-7.61802570198169
29487,163.0,1332.0,166.0,-2.97088927523096
205784,1906.0,1885.0,177.0,3.92471937398449
280906,1877.0,1889.0,75.0,-3.58638929325642
336226,748.0,1671.0,103.0,3.47023184977798
327476,1891.0,5.0,101.0,-1.65320472429778
63880,655.0,1896.0,10.0,3.43486897496941
415712,1924.0,1898.0,114.0,-6.02855314856448
357702,85.0,1889.0,108.0,0.996862599846489
209964,1897.0,1914.0,178.0,-4.59936423647853
48490,1884.0,677.0,7.0,-3.77120887299206
314088,82.0,27.0,186.0,-2.53802353691851
105686,1891.0,1560.0,45.0,-3.77952831332033
346264,604.0,1910.0,104.0,-0.989659151995136
315606,1878.0,120.0,99.0,-2.07565127265191
56675,1891.0,1908.0,9.0,-2.48966586269845
274600,1926.0,1883.0,179.0,1.1895636074383
310605,1901.0,1923.0,186.0,5.20172318277065
630098,1893.0,1902.0,71.0,7.566116952467246
225169,1894.0,1903.0,57.0,-5.1452203606734
438118,1919.0,1908.0,116.0,-2.65571394874435
183172,948.0,1878.0,174.0,-1.28208246921582
277481,1884.0,1331.0,75.0,-3.10044072681039
373573,748.0,1922.0,109.0,0.271219900616051
11868,1924.0,1881.0,2.0,-2.83058848911446
183412,147.0,788.0,174.0,1.308681757986
327034,136.0,47.0,101.0,8.84655883078887
251533,47.0,1914.0,71.0,-9.89534034926572
175799,1430.0,1671.0,52.0,-7.14210405514765
106510,1904.0,1881.0,45.0,6.9298685484105
201564,1905.0,1912.0,54.0,-0.431621423717376
413954,1902.0,13.0,114.0,1.68751630815384
359748,604.0,229.0,108.0,-0.620824714967772
226347,1332.0,1907.0,57.0,-0.744688776828275
103815,1342.0,1331.0,173.0,-8.17252566529767
435197,1560.0,1892.0,116.0,0.208354209093033
213990,146.0,1901.0,55.0,-1.85562177871837
269493,83.0,1883.0,74.0,-8.70157743817435
314243,1342.0,1889.0,186.0,-4.13141092199689
26749,20.0,788.0,4.0,-2.29604600054726
276344,3.0,1900.0,179.0,0.591410267541007
272184,147.0,1889.0,179.0,-4.63262301332202
181667,13.0,1928.0,53.0,-3.13231101278224
436995,1430.0,1879.0,116.0,-8.89593452795744
274368,1893.0,788.0,179.0,2.72456370225356
200689,3.0,163.0,54.0,-2.98549048321121
101061,150.0,131.0,173.0,2.73921419007639
423464,1884.0,748.0,115.0,-1.31181373330086
213243,1886.0,1883.0,55.0,0.899020832216936
265520,3.0,120.0,73.0,4.60262694288643
372114,948.0,1902.0,180.0,1.59117944790756
98334,82.0,544.0,44.0,6.04238561219982
214067,1916.0,1901.0,55.0,-0.378132577556629
106653,1887.0,5.0,45.0,-9.01504725192456
283799,1671.0,788.0,77.0,1.6494254668617
327592,72.0,1904.0,101.0,-5.30341646361535
208341,5.0,1918.0,178.0,-2.84956077626857
327780,948.0,1887.0,101.0,4.08568906292179
246449,1882.0,131.0,70.0,-0.443355076254843
31743,85.0,150.0,166.0,4.67804856202248
414187,85.0,1923.0,114.0,-4.41880134894188
162298,948.0,72.0,168.0,1.22656845830617
256764,948.0,1888.0,72.0,0.830625731672566
416259,1876.0,11.0,114.0,1.32210152931059
48053,544.0,1906.0,6.0,1.66056521726655
6670,1876.0,1907.0,1.0,-7.75936064602336
425680,1924.0,1908.0,115.0,-2.69445908187141
176435,1877.0,1928.0,52.0,0.305957392207677
312697,15.0,17.0,186.0,-6.02280719581832
59059,655.0,1906.0,9.0,-1.60999277352129
47399,655.0,544.0,6.0,4.17314418889329
102215,1342.0,1887.0,173.0,0.485329439878319
371978,48.0,14.0,180.0,6.56993047543242
45907,1887.0,11.0,6.0,-0.643227878468743
6370,1342.0,1908.0,1.0,1.83114423307925
199724,1431.0,1886.0,54.0,-1.52354452188685
217341,48.0,948.0,55.0,19.8936822432047
272662,948.0,163.0,179.0,-0.334171782522717
341323,1559.0,18.0,104.0,1.93992056719572
184757,1925.0,1898.0,174.0,2.88213400083495
189536,1890.0,788.0,175.0,2.0244135340925
435142,1907.0,1892.0,116.0,-1.19672685299685
115057,1926.0,1332.0,167.0,4.66616044362742
314201,27.0,5.0,186.0,13.0246721174127
179869,604.0,1916.0,53.0,2.66293190625458
401609,655.0,15.0,112.0,-0.501637473295892
327734,1892.0,1890.0,101.0,-3.24516224975708
51015,1559.0,1894.0,7.0,-2.10160820354204
233940,1899.0,1893.0,60.0,0.487640403832997
95538,1883.0,1914.0,44.0,0.717808591302889
238477,1925.0,1342.0,60.0,5.71839741392036
336140,1331.0,18.0,103.0,-6.90132424426255
356830,1891.0,1912.0,108.0,9.62272587633195
54850,1898.0,1910.0,9.0,-3.39884151915143
104259,27.0,677.0,173.0,-7.49892530134229
319522,1925.0,48.0,99.0,2.73805794634761
57467,1430.0,195.0,9.0,-2.85242597461491
195440,82.0,1892.0,176.0,-1.92537086441989
52204,160.0,17.0,7.0,15.5009070590121
234224,1671.0,17.0,60.0,-2.08592497303605
389859,20.0,1431.0,111.0,0.294538464983802
170957,48.0,1882.0,51.0,3.29739944138198
64509,163.0,1900.0,10.0,0.150117796873283
184845,604.0,164.0,174.0,-3.01220135019834
261470,1897.0,1890.0,73.0,-1.79959511920941
64571,160.0,1921.0,10.0,-4.36641250771941
205445,1926.0,1898.0,177.0,-11.0742715164925
300840,150.0,1224.0,98.0,-7.14772152545423
71726,1560.0,1882.0,13.0,5.58985421828751
322821,1878.0,1911.0,100.0,3.57031629421441
166200,1888.0,788.0,51.0,-5.80933101291676
280442,14.0,1431.0,75.0,1.02616818773427
423902,1913.0,1887.0,115.0,3.55285637253541
208215,1900.0,1923.0,178.0,0.58122890139222
233245,48.0,748.0,58.0,-3.62045024531721
250405,48.0,83.0,70.0,-14.0311752200292
187348,1894.0,1431.0,175.0,-2.13127873271249
24340,1431.0,1921.0,4.0,-8.40194763530883
229044,47.0,13.0,58.0,6.37885037576666
235390,1897.0,1927.0,60.0,-4.85333465756541
30794,85.0,748.0,166.0,-1.90673031754529
102602,1883.0,1896.0,173.0,15.4682887387364
302620,1332.0,1923.0,98.0,-5.50178909519418
102116,1875.0,1431.0,173.0,-1.30617666020234
54761,13.0,1890.0,9.0,2.62305661049776
250242,1913.0,1224.0,70.0,-3.03550138384051
340546,14.0,1430.0,103.0,3.33962001098017
17395,160.0,655.0,3.0,0.0663349362859977
284385,1880.0,1910.0,77.0,-3.51289879867781
400655,604.0,1915.0,112.0,-6.13366614149424
281814,1342.0,1902.0,75.0,-12.0593138853725
88714,1924.0,1331.0,172.0,-10.3661603619048
60802,1882.0,17.0,10.0,-1.10299751236805
9843,101.0,788.0,2.0,-7.44068923102915
55098,948.0,1901.0,9.0,11.1021181550452
427375,1915.0,1927.0,115.0,-6.35444119707538
300671,11.0,1892.0,98.0,-9.30045277249988
64491,1877.0,1900.0,10.0,-3.57511034891757
316598,948.0,1918.0,99.0,0.193633175486331
183013,1918.0,1927.0,174.0,0.623927012749867
220950,1337.0,1894.0,56.0,-10.5228868497466
178160,948.0,229.0,53.0,-2.11922183136242
343785,1912.0,17.0,104.0,0.314666519260167
71665,1671.0,1560.0,13.0,1.12585289712717
273853,1904.0,5.0,179.0,-2.7655695430726
96832,146.0,47.0,44.0,11.8682722933
88267,160.0,1907.0,172.0,-8.0013801338322
396997,1898.0,1908.0,112.0,-0.166606402898378
330217,1430.0,1882.0,101.0,-3.22274769774346
413386,101.0,1911.0,114.0,1.99970029146057
87593,948.0,136.0,172.0,8.99476978598412
236422,1897.0,1918.0,60.0,-0.879588389585296
193520,1886.0,15.0,176.0,1.02921160924517
98296,20.0,1183.0,44.0,-8.95693603612303
17090,1919.0,146.0,3.0,-7.80152239730471
261099,1894.0,131.0,73.0,0.93162341184632
52349,544.0,20.0,7.0,7.74624727641412
328734,1924.0,788.0,101.0,-5.46347982990191
334829,1920.0,544.0,102.0,-1.64595505669656
67943,47.0,13.0,12.0,-4.16053498412994
176990,948.0,1893.0,53.0,-2.05019814593834
284847,1877.0,1922.0,77.0,-0.867045381240292
204219,85.0,1431.0,177.0,-3.89358904521835
340473,1430.0,1912.0,103.0,3.26316662521178
18571,83.0,1908.0,3.0,0.31791472959971
221548,1337.0,1892.0,56.0,-9.79832079795818
268482,1559.0,1912.0,74.0,-3.88544361547108
254201,1925.0,1331.0,71.0,-14.8999883862774
283004,1898.0,1916.0,77.0,-3.35982476514911
182549,146.0,1901.0,174.0,-3.31604403072256
31550,1899.0,1884.0,166.0,7.13989665286813
229166,164.0,1671.0,58.0,3.79195727019862
227316,3.0,1877.0,57.0,18.0113179301639
173614,18.0,1923.0,52.0,0.524639173953656
229153,1560.0,72.0,58.0,2.29537618581236
254663,655.0,1895.0,71.0,3.81555756477076
344836,544.0,5.0,104.0,5.1496009761157
58843,1342.0,1900.0,9.0,-3.72913655959909
205703,3.0,1331.0,177.0,-6.60109852344778
10603,1879.0,1882.0,2.0,-3.52003377007298
109946,1913.0,1878.0,45.0,-2.02316299138864
24731,1912.0,1909.0,4.0,1.04413908413553
252954,1912.0,1887.0,71.0,8.93599191045877
220716,101.0,1923.0,56.0,4.71976716442903
324199,229.0,17.0,100.0,-7.58379826466982
263745,1331.0,11.0,73.0,2.02196021121057
217450,3.0,1890.0,55.0,-6.87105130872204
260615,1905.0,1337.0,72.0,-4.30983596203897
320184,1913.0,1890.0,99.0,-2.28761674589604
114519,163.0,1896.0,167.0,4.34736456220675
201651,160.0,136.0,54.0,-1.87671644734551
375688,14.0,1916.0,109.0,16.2385644294712
187514,1430.0,1898.0,175.0,0.40634409633195
312984,160.0,1183.0,186.0,5.1492486802305
324136,27.0,1884.0,100.0,-3.86888551085991
221699,1919.0,11.0,56.0,-2.94821580988589
114833,1926.0,147.0,167.0,-4.01830475698308
29584,1913.0,1332.0,166.0,-3.38197576195356
97281,1891.0,1903.0,44.0,7.5737860766027
231531,1332.0,1875.0,58.0,-11.9499440471969
104389,163.0,13.0,173.0,6.47281402097612
437258,20.0,5.0,116.0,9.66044583422481
222002,48.0,1915.0,56.0,11.5762058282926
316071,1431.0,147.0,99.0,-1.21919352566245
276996,131.0,1918.0,75.0,0.0516763124210506
229394,948.0,1887.0,58.0,4.96543020059751
206651,1877.0,1927.0,177.0,2.76244198052283
206213,1342.0,20.0,177.0,-3.54129490010577
375881,1876.0,1891.0,109.0,4.25677133973696
398728,1560.0,1908.0,112.0,0.629072978039932
88234,1430.0,1894.0,172.0,-1.94963108914364
231497,655.0,18.0,58.0,-9.13900616514568
72088,72.0,1904.0,13.0,0.44886288901131
372233,150.0,1918.0,109.0,0.40575535550993
209942,948.0,47.0,178.0,-8.2438212175635
252218,1431.0,788.0,71.0,-4.00473408206751
303644,3.0,20.0,98.0,7.06649852592343
397167,1897.0,1917.0,112.0,-1.56491429890001
31874,1896.0,1347.0,166.0,-1.16818933074736
281050,27.0,136.0,75.0,-6.9019609165342
258320,1879.0,1917.0,72.0,1.33506469455296
60033,1908.0,13.0,10.0,3.13333643759749
164971,1924.0,1877.0,168.0,4.86220366288011
414520,1893.0,1894.0,114.0,10.6962727247474
329566,1920.0,1905.0,101.0,4.13488252708258
52959,1430.0,748.0,7.0,-4.80631200283114
86709,27.0,1887.0,172.0,2.18930144248324
55697,136.0,1918.0,9.0,-4.80642634625033
111475,1886.0,1881.0,167.0,-0.552091235252667
183184,1898.0,1927.0,174.0,-1.16486730468741
163944,1925.0,82.0,168.0,11.345859567805
416610,544.0,1904.0,114.0,3.43144003433225
259612,163.0,11.0,72.0,1.45003251234451
176918,1897.0,1915.0,53.0,-7.10242378504398
202689,1888.0,18.0,177.0,-2.16199993292849
86601,1431.0,1916.0,172.0,0.691333223134595
86897,1880.0,1902.0,172.0,-3.14738263003335
43446,1879.0,1892.0,6.0,-9.41762216811176
214249,1900.0,1918.0,55.0,2.15229745683068
633664,1183.0,1902.0,9.0,0.3028074529797648
337274,1559.0,1909.0,103.0,-1.04562828602437
105742,47.0,1224.0,45.0,1.94016423684212
376621,1926.0,147.0,109.0,0.680325117922459
259181,1926.0,1881.0,72.0,-0.84438941678755
205844,83.0,1879.0,177.0,-3.64167670706177
99340,160.0,1904.0,44.0,1.12374640662154
332738,17.0,1914.0,102.0,0.350286850833952
69266,163.0,1896.0,12.0,-2.62873917487389
342006,1880.0,150.0,104.0,2.51311082659517
198500,1892.0,1918.0,54.0,-1.8742433267612
179278,1884.0,1914.0,53.0,0.408637766724227
301391,1916.0,1923.0,98.0,-0.725070565361201
317772,1893.0,1910.0,99.0,-0.0159001358587925
220736,1880.0,1883.0,56.0,3.91276451318961
48088,83.0,1921.0,6.0,-3.7275771764344
389574,544.0,1901.0,111.0,0.464278928478041
260806,160.0,14.0,72.0,-4.2953690384986
234044,150.0,1916.0,60.0,-0.673278477650535
62925,82.0,72.0,10.0,-11.8614024989209
260160,1924.0,48.0,72.0,1.65455903804636
6789,1926.0,1880.0,1.0,3.25937836332662
46446,604.0,1909.0,6.0,8.96369698528513
48586,1891.0,13.0,7.0,1.68078016890011
195058,1926.0,82.0,176.0,2.91439561482272
344295,1924.0,1894.0,104.0,3.34912493430352
63362,1430.0,1892.0,10.0,-4.11710437338858
227035,1920.0,1891.0,57.0,5.09161869800913
275553,83.0,677.0,179.0,5.52883046347356
437176,1925.0,1896.0,116.0,-0.305476205818865
270251,160.0,20.0,74.0,-4.88667109232182
314945,1915.0,1900.0,186.0,-1.00965497935874
417042,1913.0,1559.0,114.0,-1.93659431723618
3984,1878.0,195.0,1.0,-0.362831563724722
192986,13.0,1921.0,176.0,-1.28184502478419
437814,1925.0,948.0,116.0,2.25774044703139
399945,604.0,1880.0,112.0,-8.61615136572257
197773,1896.0,1671.0,54.0,16.0749529588558
277551,150.0,1921.0,75.0,-7.80617306457802
262215,1880.0,164.0,73.0,0.746837174033324
247720,1880.0,146.0,70.0,-9.09768329629901
317760,101.0,1901.0,99.0,0.688824781649637
248183,1896.0,1917.0,70.0,0.842952192578366
315542,948.0,1925.0,99.0,-1.76033714611599
359143,1908.0,1917.0,108.0,-5.08523844581898
303162,1906.0,1904.0,98.0,-1.85416202785344
74276,1332.0,677.0,13.0,-2.46980403752734
182100,1347.0,1921.0,174.0,-9.66356666965303
165286,1913.0,1917.0,168.0,-7.04007142858164
45538,47.0,788.0,6.0,-2.52914890418885
4668,1875.0,1918.0,1.0,1.37024440852208
374870,146.0,131.0,109.0,0.871755019971521
373418,948.0,195.0,109.0,-2.3079848212698
183847,11.0,1892.0,174.0,-9.7591830957023
33780,83.0,1903.0,166.0,-4.28199161269572
10622,1914.0,1910.0,2.0,-3.99196068705558
231919,1877.0,1881.0,58.0,-2.61598539191983
253850,3.0,82.0,71.0,2.59911515997521
89447,1342.0,1889.0,172.0,0.654292295761469
357634,1893.0,1910.0,108.0,-5.44849029201008
340482,1915.0,1912.0,103.0,2.001900704111
338690,1891.0,85.0,103.0,2.13463375629119
262868,1886.0,1916.0,73.0,-1.87990619096512
266906,1183.0,1890.0,74.0,-0.28710285814826
6344,3.0,85.0,1.0,-1.85162221898926
359065,1894.0,1911.0,108.0,-1.14459068020731
14692,1899.0,1887.0,3.0,-0.479234237794771
257578,101.0,1897.0,72.0,2.89757179733808
191502,655.0,1900.0,175.0,-2.15218581836639
324441,1877.0,1918.0,100.0,2.62007520910705
30795,147.0,1892.0,166.0,-6.99502597205379
178686,136.0,1910.0,53.0,-1.53951437206096
191364,163.0,1342.0,175.0,-10.6034401092177
330976,1887.0,1916.0,102.0,-1.79559271052987
111209,1884.0,1331.0,167.0,-0.587928956651379
437885,1919.0,1337.0,116.0,-9.03950724306494
24797,1560.0,1895.0,4.0,0.0034613774645498
204507,136.0,11.0,177.0,-3.31970465226751
16514,48.0,85.0,3.0,8.70526898158047
245839,147.0,1911.0,70.0,4.41473018600649
330752,1905.0,1928.0,101.0,-1.7990592870917
71655,1886.0,1898.0,13.0,4.3056561644981
272223,47.0,5.0,179.0,1.6316024266598
110824,13.0,1224.0,167.0,-8.7166502574893
109061,1905.0,11.0,45.0,10.4191512074562
258298,1904.0,1431.0,72.0,-1.2442333109858
322584,1880.0,72.0,100.0,-5.0195418437521
51041,1891.0,131.0,7.0,-0.445210889633291
191842,83.0,1928.0,175.0,-8.41691946994971
30818,146.0,1671.0,166.0,-1.63038818923844
229991,1560.0,1901.0,58.0,-1.27544590326753
204319,1902.0,1927.0,177.0,-0.636824429422423
73909,1906.0,146.0,13.0,3.74892085631373
311399,195.0,17.0,186.0,-2.89415813388524
5391,1893.0,1890.0,1.0,-0.930931637048616
265975,229.0,3.0,73.0,0.898647797517629
66403,136.0,1898.0,12.0,-2.5333210662778
268567,1900.0,1331.0,74.0,-5.13096712917972
437384,48.0,1912.0,116.0,7.65213112822869
203750,1903.0,5.0,177.0,-6.05453589978995
58276,160.0,1875.0,9.0,1.09860199635078
390533,655.0,1927.0,111.0,2.56567776417551
256164,1881.0,1890.0,72.0,1.9528985374652
170016,1925.0,20.0,51.0,-3.24802066799093
281088,20.0,1224.0,75.0,-0.459718208097166
71362,150.0,1560.0,13.0,-2.85857065691187
258502,13.0,1927.0,72.0,-1.50304616936486
182398,1885.0,1903.0,174.0,8.9916815136418
113339,82.0,677.0,167.0,1.01473978204499
26463,82.0,1911.0,4.0,-0.488046815421395
188084,1895.0,1917.0,175.0,2.7256708018002
246736,1908.0,1917.0,70.0,-2.39303966474792
64756,1430.0,1908.0,10.0,1.78736310814411
325760,1671.0,18.0,101.0,9.08419955128998
282095,1893.0,1431.0,77.0,4.67753333114299
96721,1909.0,1897.0,44.0,10.2782978020398
200147,14.0,72.0,54.0,-6.91681132514629
58224,604.0,1879.0,9.0,1.45464009818904
301757,1671.0,13.0,98.0,-1.36625154417762
66322,1899.0,1887.0,12.0,0.538025361497239
246554,1911.0,1892.0,70.0,-7.60677155464678
390770,655.0,1876.0,111.0,23.9241229843322
388938,3.0,1911.0,111.0,7.1724573227383
187427,1894.0,1923.0,175.0,-3.7660345336124
25347,1905.0,1347.0,4.0,3.88778296876169
329845,1924.0,1430.0,101.0,1.6064786244943
167553,1902.0,83.0,51.0,2.10805842962947
171464,1907.0,1890.0,52.0,0.568364929777371
98619,1430.0,229.0,44.0,-11.3641027298029
183793,1903.0,1224.0,174.0,-5.20845650640542
72309,1891.0,1890.0,13.0,-0.350390115828749
47336,82.0,136.0,6.0,-2.322273574765
6430,83.0,1894.0,1.0,2.6111052104416
49452,1912.0,15.0,7.0,4.15796566651497
332233,948.0,82.0,102.0,2.86851656655389
373428,1880.0,1898.0,109.0,-0.731861530854302
332613,1915.0,1910.0,102.0,0.607031018216566
4340,120.0,1889.0,1.0,2.26194043660122
189290,1879.0,72.0,175.0,0.728024888182807
210086,1885.0,1889.0,178.0,-0.12633197953425
370099,1915.0,164.0,180.0,7.64439527791088
206667,1913.0,1224.0,177.0,1.88485275793035
215782,1913.0,1881.0,55.0,-3.44317869138751
225313,1332.0,1347.0,57.0,-3.0281828382469
342665,47.0,1903.0,104.0,2.39207491469057
259079,1337.0,1331.0,72.0,-20.3659470048979
330791,1883.0,1928.0,101.0,-7.35083153598168
167542,1893.0,788.0,51.0,2.57942308630547
99533,1342.0,1224.0,44.0,-1.64828836967997
169333,1332.0,1331.0,51.0,-1.70599029198413
325942,15.0,1918.0,101.0,-2.33420870770269
274337,1897.0,1906.0,179.0,4.43189412916309
375473,1332.0,1331.0,109.0,-8.65289166709296
423951,1347.0,1914.0,115.0,0.860126981699672
231424,1925.0,1922.0,58.0,5.11684451446975
246269,1900.0,5.0,70.0,-1.08986296615045
32519,163.0,5.0,166.0,4.73197308062476
217055,14.0,120.0,55.0,-5.90613688653879
66385,14.0,1347.0,12.0,1.91618040374998
359615,229.0,195.0,108.0,-11.2085953039732
95670,1884.0,1560.0,44.0,9.86678138562123
104779,14.0,120.0,173.0,11.6403599504678
370402,1877.0,1881.0,180.0,2.66015956488317
219149,1922.0,1918.0,56.0,32.5278548819241
338769,1884.0,1912.0,103.0,5.36991051887563
72372,1895.0,1927.0,13.0,3.50204903403419
256880,1898.0,15.0,72.0,0.954983108508744
166254,748.0,15.0,51.0,-0.554782359098767
330587,1913.0,1921.0,101.0,-3.79953345221332
194626,1886.0,47.0,176.0,-3.90491238939307
172461,147.0,1917.0,52.0,-0.824836038115136
109866,604.0,136.0,45.0,-4.55021470082568
111908,1431.0,1916.0,167.0,-3.09903631625752
27727,27.0,1893.0,4.0,-1.56459122828806
328618,544.0,1907.0,101.0,3.39474419783299
89976,1926.0,1924.0,172.0,5.4344433588737
213025,1902.0,1332.0,55.0,6.5130703158358
195100,1920.0,195.0,176.0,-0.35825157655231
70672,101.0,1347.0,13.0,-2.70771349319493
9399,1903.0,18.0,2.0,0.411140908371101
227657,82.0,1917.0,57.0,-2.06332654284648
100657,195.0,1560.0,173.0,-0.381966917716687
161523,1884.0,677.0,168.0,2.73855085575481
258263,136.0,1921.0,72.0,6.6286665615216
332766,1559.0,1886.0,102.0,2.08295430088317
302696,3.0,1883.0,98.0,4.93645211488185
104195,1920.0,1893.0,173.0,11.9548284346187
192580,1875.0,1882.0,176.0,0.634763403389089
238541,48.0,1876.0,60.0,-10.634760674875
33481,14.0,120.0,166.0,-1.88051441679089
264181,1430.0,1907.0,73.0,6.60801561255293
44240,101.0,748.0,6.0,0.601646940435093
96814,748.0,11.0,44.0,-0.837591131480112
388085,1896.0,1914.0,111.0,-1.36160491813898
102008,11.0,17.0,173.0,3.85228786005417
27943,229.0,1896.0,4.0,-0.856896842187939
334029,1877.0,72.0,102.0,-1.25707708227261
68947,163.0,17.0,12.0,-5.36495249656597
209908,1875.0,1881.0,178.0,-8.4232474092794
17968,1876.0,1888.0,3.0,0.395086600062285
63828,229.0,1904.0,10.0,4.07193109123928
15517,1431.0,1224.0,3.0,2.95825586408608
182697,1908.0,1911.0,174.0,5.73861616839862
312523,1886.0,1912.0,186.0,2.39199794205408
311196,1882.0,1914.0,186.0,-6.71465827512351
237651,544.0,150.0,60.0,3.48521571293469
342870,120.0,1348.0,104.0,-0.693216776731324
399323,15.0,1918.0,112.0,-6.85939904235989
337050,1431.0,1560.0,103.0,-1.04741446918907
242697,1878.0,120.0,69.0,-5.6361375752963
245074,20.0,748.0,69.0,0.226242814221284
72179,150.0,1910.0,13.0,0.5873893224986
196263,1337.0,1888.0,176.0,-3.34904394565411
103514,1342.0,195.0,173.0,0.548486701246852
328709,163.0,195.0,101.0,-2.33944877765352
113689,1337.0,1331.0,167.0,-21.1232751577583
422971,1889.0,1560.0,115.0,1.53527768534063
359923,163.0,1914.0,108.0,-0.237850590669381
374118,1889.0,1898.0,109.0,1.3048870295728
257931,1893.0,1910.0,72.0,3.49397503324947
225740,1880.0,1901.0,57.0,-2.06460723906675
342005,1892.0,1923.0,104.0,0.133964938923115
49050,1888.0,131.0,7.0,3.2853684169219
319263,604.0,1896.0,99.0,0.599181933288147
173746,1559.0,1909.0,52.0,0.499365514882162
264994,20.0,1889.0,73.0,-2.62632417748536
45991,83.0,1923.0,6.0,6.36139110007496
97718,1337.0,1899.0,44.0,4.69350356802815
60368,1897.0,14.0,10.0,-3.57396532843335
111483,1891.0,17.0,167.0,0.107762532419979
164499,83.0,17.0,168.0,1.99741241597914
416571,604.0,1904.0,114.0,5.7714494910659
112482,1884.0,1908.0,167.0,-4.24642783823284
187151,136.0,1910.0,175.0,-0.154048330754511
417495,27.0,1890.0,114.0,2.39054676073189
400611,27.0,18.0,112.0,4.71596207901174
249324,1906.0,1909.0,70.0,-2.06605875182966
60051,1347.0,1910.0,10.0,-0.76036135619082
433419,1893.0,5.0,116.0,1.35579209842514
303635,1906.0,18.0,98.0,-2.56748078315476
198508,1897.0,1918.0,54.0,0.921945902837513
34225,1927.0,1928.0,166.0,2.15789515247372
324077,1905.0,11.0,100.0,-4.61981582767606
397052,72.0,120.0,112.0,6.63556435361769
64289,1925.0,1888.0,10.0,-0.591286402565715
243616,3.0,788.0,69.0,-5.45097617937244
398889,1183.0,72.0,112.0,9.86835204589449
238162,1926.0,544.0,60.0,3.29420363770714
229613,1891.0,748.0,58.0,1.21209180987617
358828,948.0,163.0,108.0,-4.76324929688011
226809,82.0,1880.0,57.0,0.441359070574466
241045,83.0,150.0,69.0,1.64165104027973
300902,20.0,150.0,98.0,2.17013171671751
72529,1559.0,1882.0,13.0,5.91461370612839
416586,229.0,13.0,114.0,0.723389810753245
64473,82.0,1927.0,10.0,-26.9475865510703
339569,1337.0,1885.0,103.0,-2.85353694563928
203256,948.0,195.0,177.0,2.62297036014078
244831,1332.0,136.0,69.0,-1.29615356635821
174133,163.0,85.0,52.0,1.22874628975319
328413,1891.0,146.0,101.0,2.31833797082318
101997,13.0,1910.0,173.0,0.288381637064433
436312,1913.0,1883.0,116.0,2.1390342492208
311702,1881.0,1895.0,186.0,-2.20018033360159
374244,1880.0,1921.0,109.0,-0.632525853867506
195715,1876.0,1879.0,176.0,-0.0317778089387407
319510,14.0,20.0,99.0,8.25114388050331
186068,655.0,1888.0,174.0,1.76144490241676
29921,5.0,1901.0,166.0,-41.0039353317871
303990,48.0,1917.0,98.0,1.90757276574039
185958,1920.0,147.0,174.0,-0.223357993933952
74806,48.0,544.0,13.0,-3.29094843603012
434714,1431.0,1348.0,116.0,-0.529235029131498
18847,1926.0,1928.0,3.0,1.99587062218126
425040,1922.0,1927.0,115.0,0.273200598371264
214512,1917.0,1890.0,55.0,-3.43676294332831
262082,136.0,146.0,73.0,-4.15349327684529
270891,604.0,83.0,74.0,-3.70960785031557
66669,1897.0,1876.0,12.0,0.461349831855537
63399,1924.0,1431.0,10.0,4.75869754335788
235219,1911.0,18.0,60.0,-0.634624864410594
256410,1431.0,1917.0,72.0,2.56827027559788
417176,1915.0,1882.0,114.0,2.35435724071346
185035,1920.0,5.0,174.0,-1.86518015749861
435694,1879.0,1887.0,116.0,3.39948469725589
232968,1876.0,1912.0,58.0,-12.9794642733932
97580,1917.0,1921.0,44.0,-2.90261716026648
326418,101.0,195.0,101.0,10.8464815585677
423830,1891.0,748.0,115.0,3.05668574817038
330850,1559.0,1909.0,102.0,-4.68108393081527
200282,1337.0,1907.0,54.0,2.41902729780992
263340,1902.0,20.0,73.0,1.93917034437988
16510,1920.0,1908.0,3.0,2.20046679545748
182840,1879.0,1878.0,174.0,-0.451658347199371
239077,17.0,1928.0,60.0,-4.48878200982058
330191,1337.0,1927.0,101.0,-5.5072992937997
637230,195.0,1902.0,74.0,-0.4746909544744251
285868,1430.0,1879.0,77.0,-2.01641634088346
433309,948.0,1918.0,116.0,3.82169337153006
87344,1889.0,1224.0,172.0,-8.5654628076953
5889,5.0,1882.0,1.0,-0.333310443249248
274201,47.0,150.0,179.0,3.51749323732143
262177,1910.0,1901.0,73.0,-3.00052599037811
215246,1559.0,1879.0,55.0,0.0735739404911419
276886,1904.0,1348.0,75.0,0.362033925566057
169332,1906.0,1331.0,51.0,2.22535393051703
377286,1923.0,1928.0,109.0,3.63125472714848
211970,160.0,1888.0,178.0,1.15974867608975
30655,72.0,131.0,166.0,-2.85934162684497
44051,164.0,1914.0,6.0,3.74320945076633
196709,1913.0,1903.0,176.0,-4.72203972941496
359341,1911.0,17.0,108.0,1.44353804558306
205362,48.0,1919.0,177.0,-0.93712382524951
169043,655.0,1883.0,51.0,-6.35590805794097
58401,1926.0,1224.0,9.0,-1.09256400320575
265699,1925.0,1876.0,73.0,5.96608077150416
267821,164.0,1881.0,74.0,4.66863424431581
184926,1925.0,1881.0,174.0,4.87790694771073
202247,195.0,1928.0,54.0,-5.19093846560831
321972,1887.0,1917.0,100.0,-4.45614713409112
368378,1900.0,1918.0,180.0,-4.11715499838348
206458,1926.0,1889.0,177.0,-3.63816388537071
331524,1879.0,1880.0,102.0,0.601981627079031
55271,1878.0,15.0,9.0,-3.08807898081836
368400,195.0,1923.0,180.0,-2.26993676493367
232316,604.0,17.0,58.0,0.457871259402294
327632,1916.0,1918.0,101.0,-0.0190296286913392
160989,150.0,1918.0,168.0,3.30138402558698
170056,3.0,1905.0,51.0,2.12108504702497
328174,1560.0,1922.0,101.0,-0.667668102839651
24548,195.0,1912.0,4.0,-0.0658757480298945
240555,1879.0,1890.0,69.0,1.57629958876879
262375,1879.0,1431.0,73.0,0.4753288819656
46423,1906.0,195.0,6.0,3.2290216088914
255944,13.0,1928.0,71.0,1.95732577289217
336499,1560.0,1910.0,103.0,5.85241316044619
343538,948.0,1919.0,104.0,2.01731466833599
50750,120.0,1896.0,7.0,-6.51046320382601
64374,1915.0,1927.0,10.0,-18.6513164757599
104262,48.0,1884.0,173.0,3.10254265913095
360312,160.0,5.0,108.0,4.87346151598054
324407,604.0,1915.0,100.0,-4.87117171467633
15278,85.0,1903.0,3.0,1.79125187046402
198834,1224.0,1882.0,54.0,-0.472280419226558
301185,131.0,11.0,98.0,-1.96477115137916
16843,544.0,229.0,3.0,0.906291322811991
176763,85.0,1904.0,53.0,11.4022879162965
318212,1924.0,1907.0,99.0,-1.86174304619472
317945,1879.0,1892.0,99.0,-0.393904343728265
280715,1919.0,1889.0,75.0,1.99640649755426
374565,1897.0,1908.0,109.0,-1.64970089975254
282818,1331.0,1224.0,77.0,2.04857036103777
225637,20.0,1911.0,57.0,5.87978314709785
10465,1885.0,1560.0,2.0,0.724860500995131
110708,47.0,120.0,167.0,0.828283216910046
274840,604.0,72.0,179.0,0.179356101777662
166193,1901.0,788.0,51.0,-11.6444010488082
169200,1337.0,1883.0,51.0,-15.9773427945082
357478,1911.0,1917.0,108.0,-10.4762488431228
96757,948.0,1905.0,44.0,13.525366208225
346157,83.0,1900.0,104.0,-3.48407948075536
361560,1332.0,1921.0,108.0,-3.66672532115002
326718,85.0,1348.0,101.0,-0.360025154191832
33596,229.0,136.0,166.0,-5.48283235228302
324536,1920.0,1430.0,100.0,6.79109169253459
319981,48.0,1878.0,99.0,1.45840145601727
434474,147.0,131.0,116.0,3.62333313907137
360178,1876.0,1914.0,108.0,-8.46616558694536
331644,146.0,1907.0,102.0,-1.40697394216054
27761,1430.0,544.0,4.0,1.39150314932769
399201,13.0,1917.0,112.0,-4.1678749991539
390869,1919.0,1903.0,111.0,-21.0564349392514
47001,1906.0,544.0,6.0,0.728544504303771
232448,27.0,544.0,58.0,0.449454304728012
397276,85.0,1911.0,112.0,0.216511924839791
168508,1347.0,1884.0,51.0,-2.07782316226241
276604,1925.0,1337.0,179.0,9.47211306484639
43928,1885.0,1894.0,6.0,9.93660715687744
17463,655.0,17.0,3.0,-4.13779046587193
86953,1912.0,1890.0,172.0,1.42312133320931
310472,1183.0,1897.0,186.0,0.94092435809067
281263,1925.0,1886.0,75.0,4.60846145164877
369012,1904.0,1912.0,180.0,2.05261044144066
187640,677.0,1921.0,175.0,-0.94888698250172
70912,1183.0,1887.0,13.0,3.49418237083535
346262,27.0,1921.0,104.0,-6.43446242959131
182761,1891.0,1898.0,174.0,1.91767198088855
255152,160.0,147.0,71.0,0.46265319689611
254213,160.0,1913.0,71.0,1.71821386462316
167436,1896.0,195.0,51.0,-1.48433358579521
335431,14.0,1882.0,102.0,0.907977129108403
436170,163.0,1919.0,116.0,5.30162991642002
253550,1183.0,136.0,71.0,3.05711862199864
437641,27.0,1671.0,116.0,-15.7902701952059
161949,1893.0,131.0,168.0,-0.592919585520221
73680,1919.0,1901.0,13.0,-3.616649532807
161055,1878.0,1903.0,168.0,1.35327271971959
217097,82.0,1917.0,55.0,-7.94417645403069
320091,229.0,1906.0,99.0,-4.93499549040094
6833,1877.0,1901.0,1.0,-5.07006438570336
400629,1924.0,1918.0,112.0,3.88442831509422
210637,48.0,1919.0,178.0,15.0109977483419
223344,1916.0,1923.0,57.0,-6.3188587244543
304100,1919.0,1886.0,98.0,2.8260736197234
241532,1878.0,1888.0,69.0,5.62458115868496
88626,229.0,1885.0,172.0,6.36677565272383
413941,1559.0,1875.0,114.0,5.43498798197136
241486,1905.0,1910.0,69.0,2.38924709608928
183303,1912.0,1882.0,174.0,-0.114686054828983
375065,604.0,1899.0,109.0,5.85311757933214
401091,1906.0,1912.0,112.0,-4.43041203011632
263592,17.0,1901.0,73.0,-2.02416054930555
226044,1926.0,1899.0,57.0,2.43090867803053
193694,164.0,1908.0,176.0,-0.508152896553786
343046,101.0,72.0,104.0,-0.149131383141736
279014,164.0,120.0,75.0,0.783825194931312
313154,1925.0,82.0,186.0,11.3194383829892
265194,1915.0,1895.0,73.0,3.06288232511491
99139,82.0,1884.0,44.0,0.203191306071256
178021,1886.0,1882.0,53.0,-2.47662724616647
227520,1877.0,1912.0,57.0,1.27279394589813
322967,27.0,1887.0,100.0,2.18788908327306
44773,677.0,1923.0,6.0,1.27518772982608
30996,748.0,1912.0,166.0,-2.36766977447988
189926,1332.0,164.0,175.0,-3.1960734731793
332548,136.0,131.0,102.0,3.03103072214843
164260,1337.0,146.0,168.0,-12.675470890401
110396,163.0,18.0,45.0,-4.03228223676286
66972,1347.0,5.0,12.0,6.76371680692028
18863,1342.0,1928.0,3.0,-13.1236715838223
247651,1879.0,1909.0,70.0,1.11281185863521
312057,1884.0,1560.0,186.0,-1.50729897861408
342434,1224.0,1882.0,104.0,-1.20924501028272
111199,1347.0,677.0,167.0,3.69589218529265
260033,3.0,27.0,72.0,-4.47354163482852
426552,27.0,1884.0,115.0,3.28856474143583
330114,27.0,1559.0,101.0,-7.48982235195082
215950,544.0,1880.0,55.0,-16.1783799105798
32199,1906.0,1883.0,166.0,-3.83361159775995
216558,48.0,1895.0,55.0,2.72522542151233
317949,150.0,1916.0,99.0,-2.83392741734723
12884,82.0,1888.0,2.0,2.9509219019502
109333,163.0,1905.0,45.0,-8.24375043620588
344198,1877.0,1883.0,104.0,0.300671729587521
314433,83.0,136.0,186.0,3.15446926223996
69557,27.0,1917.0,12.0,-8.62015585703707
110426,1906.0,1928.0,45.0,-9.1804227249255
104609,1332.0,1918.0,173.0,1.07179181926008
339897,1926.0,150.0,103.0,2.41124653089395
31236,1899.0,131.0,166.0,-10.2591353622545
310500,948.0,150.0,186.0,0.724636120103874
343965,15.0,1890.0,104.0,0.0949983287060774
358153,13.0,1914.0,108.0,11.1592462325878
215486,1342.0,1922.0,55.0,2.09847009706722
233391,14.0,1560.0,58.0,-2.93011012210624
226379,1876.0,1907.0,57.0,-6.96034035483071
262311,1224.0,17.0,73.0,4.43424694949687
637224,1893.0,1902.0,74.0,4.103198935078806
301140,1224.0,1892.0,98.0,-2.19211430452046
14965,1671.0,120.0,3.0,4.17500332020238
427465,1877.0,27.0,115.0,4.30692741558013
110013,3.0,1560.0,45.0,1.13129260910457
187253,1896.0,1882.0,175.0,-3.72672685603799
108271,1894.0,1347.0,45.0,-0.117515859464793
67710,1903.0,1890.0,12.0,4.95176982213911
316023,47.0,195.0,99.0,4.39269912214954
273302,948.0,1898.0,179.0,-5.75102245191318
45677,1908.0,1917.0,6.0,3.06098400172398
73968,27.0,1880.0,13.0,-0.044789201034611
274205,1898.0,1912.0,179.0,2.56668355471187
281450,160.0,1671.0,75.0,-9.43539548322606
213818,146.0,1910.0,55.0,8.14859892470871
284750,1884.0,1910.0,77.0,0.450441340479093
208539,1913.0,1898.0,178.0,2.65587539246452
178793,136.0,1894.0,53.0,-2.1396703540451
234493,1900.0,1892.0,60.0,-0.735121640202682
415676,1906.0,1883.0,114.0,5.48815489683405
326621,1899.0,1910.0,101.0,4.16367688216859
272297,1893.0,677.0,179.0,-0.65075351412733
246332,101.0,1903.0,70.0,6.51662930810365
322139,1904.0,1431.0,100.0,-1.47020658728015
170209,27.0,5.0,51.0,-1.87466375040684
163404,1894.0,1927.0,168.0,-0.125865582088128
7933,1924.0,1927.0,1.0,-0.810514944282839
247387,1348.0,1902.0,70.0,-11.4964628670322
314779,229.0,1671.0,186.0,-2.97333132784728
283946,1899.0,47.0,77.0,-0.807703373988294
414363,1560.0,1917.0,114.0,2.01810676790725
49979,1893.0,1900.0,7.0,3.21090620025647
426279,1919.0,1880.0,115.0,0.927531106257476
326885,85.0,1431.0,101.0,-0.396653954758501
11310,1431.0,677.0,2.0,-4.12925724932116
358956,1916.0,1914.0,108.0,12.7898014642316
251014,146.0,5.0,71.0,2.31464984861652
327428,948.0,1909.0,101.0,3.35663970807577
253479,101.0,1896.0,71.0,-1.38462108774758
425893,1926.0,1923.0,115.0,1.58127054834684
416498,3.0,20.0,114.0,-1.17538363366169
189965,20.0,1881.0,175.0,-8.50905330279356
371191,1924.0,1348.0,180.0,-2.81854664552561
269826,1919.0,1885.0,74.0,-1.35382390820248
313829,48.0,5.0,186.0,16.0789658367242
17830,27.0,1895.0,3.0,-2.12982061300283
200506,1924.0,1885.0,54.0,11.5423714007425
195721,229.0,655.0,176.0,2.46166935970408
217599,160.0,3.0,55.0,-3.63444045476694
230061,1893.0,11.0,58.0,-0.276799395520886
311285,131.0,1918.0,186.0,-6.39315701725267
217041,1915.0,1917.0,55.0,-2.85898399994691
337083,15.0,1892.0,103.0,-16.1881073983473
222422,27.0,1430.0,56.0,2.72262698326655
375843,1337.0,101.0,109.0,9.05882621005308
7002,1876.0,1885.0,1.0,10.1186989959486
178928,27.0,1347.0,53.0,-3.86327819391053
278711,1183.0,13.0,75.0,-0.339913767960639
86693,1899.0,120.0,172.0,2.60455547099014
245602,655.0,1928.0,69.0,-1.45485520053526
217118,14.0,1671.0,55.0,18.9668647944273
324668,1925.0,1912.0,100.0,8.11516199367497
180256,1925.0,150.0,53.0,33.9817209211116
322966,1348.0,788.0,100.0,-1.08474501657971
220655,1904.0,1900.0,56.0,8.35592015427706
182487,164.0,1927.0,174.0,-1.42834998221236
416609,48.0,1879.0,114.0,-6.76815891565791
196199,3.0,27.0,176.0,0.882727899849619
108992,3.0,1431.0,45.0,7.29679471975085
18451,1430.0,1903.0,3.0,0.975971947202744
345551,655.0,1559.0,104.0,-0.814338589122579
162514,1337.0,150.0,168.0,5.0553731757749
234957,1879.0,1884.0,60.0,-0.587116405011402
214844,85.0,1331.0,55.0,6.54907099304141
12210,14.0,11.0,2.0,-0.664725254124312
102793,1906.0,1332.0,173.0,-2.75388468372871
396968,146.0,1909.0,112.0,15.1676169134097
322217,1881.0,1882.0,100.0,-0.503821023053309
399279,13.0,1918.0,112.0,-0.363455859026102
29696,1912.0,677.0,166.0,-0.681415218845828
115060,48.0,1332.0,167.0,5.60417952681675
178539,5.0,1921.0,53.0,1.52883511774539
241663,195.0,11.0,69.0,1.92315739299254
368669,1880.0,1904.0,180.0,1.00775739510125
300167,1888.0,1560.0,98.0,0.208221751528754
222008,655.0,1915.0,56.0,-3.42712641508852
108507,604.0,1923.0,45.0,22.0054009546794
261385,18.0,1927.0,73.0,1.33622284806521
388904,1875.0,1893.0,111.0,-2.54158051261992
375917,604.0,5.0,109.0,4.50754152846458
252898,1897.0,1431.0,71.0,2.18264239842116
12205,1919.0,1879.0,2.0,0.586667746318712
99233,160.0,20.0,44.0,4.33772070305385
315022,655.0,15.0,186.0,7.17122556637731
106610,1916.0,1911.0,45.0,-2.28486499499499
252331,1431.0,1348.0,71.0,-1.64905168937061
168093,1886.0,1921.0,51.0,-4.16600845601104
64890,164.0,1928.0,10.0,-0.326222742590091
437878,3.0,1921.0,116.0,-9.82387922082551
249526,1915.0,1904.0,70.0,4.20854915184043
389298,1905.0,1883.0,111.0,-12.4027593017802
427062,1926.0,1912.0,115.0,-0.341002211725811
212865,1887.0,1348.0,55.0,-11.2371495318337
237833,163.0,1905.0,60.0,-3.14875029482712
269526,1906.0,1881.0,74.0,1.25599315028478
223875,1904.0,195.0,57.0,2.63307015764285
51554,1337.0,164.0,7.0,-2.99711883389352
361594,1877.0,1928.0,108.0,5.27913912528442
210048,85.0,120.0,178.0,31.3711589751547
87154,14.0,1910.0,172.0,2.5724757134783
424169,1347.0,1887.0,115.0,-3.78284881632223
358248,1891.0,1884.0,108.0,-3.94413508121832
66501,136.0,1878.0,12.0,0.228866898176711
227850,163.0,1876.0,57.0,5.47074591197539
332218,948.0,195.0,102.0,1.22147692434099
368849,136.0,146.0,180.0,3.50891622067425
361509,3.0,14.0,108.0,6.09920995709997
311858,101.0,11.0,186.0,-0.154548412763431
183438,1901.0,1927.0,174.0,-5.76649273670342
44263,1877.0,1911.0,6.0,4.51987056272355
186083,1925.0,1920.0,174.0,0.204104291730595
184204,1887.0,1886.0,174.0,0.306147316866799
329090,1430.0,1909.0,101.0,3.19848472937702
188694,1897.0,1877.0,175.0,-6.54069271374982
104833,27.0,1912.0,173.0,-0.307054597541584
9545,20.0,1898.0,2.0,-2.42023028972097
104111,1337.0,1431.0,173.0,13.7647549649069
165604,604.0,748.0,168.0,1.63276307179308
423530,1897.0,11.0,115.0,-3.3295931990563
232065,1913.0,1914.0,58.0,-6.78392793165415
13378,655.0,1911.0,2.0,-2.54315972683367
44436,101.0,1927.0,6.0,-1.35239284071804
33438,1913.0,1886.0,166.0,-0.0324905583452433
434321,1909.0,1671.0,116.0,0.875182960967086
397723,1901.0,1892.0,112.0,-0.0407409723321641
176451,1895.0,1928.0,52.0,-2.72542124640171
254520,1913.0,1431.0,71.0,-0.100740064832108
437210,82.0,1895.0,116.0,0.622299582955374
59026,1913.0,20.0,9.0,-8.5889583572936
54815,101.0,1879.0,9.0,-1.48600309774248
31888,163.0,1906.0,166.0,2.74899188484506
10111,1900.0,1918.0,2.0,-3.31126345056805
57448,229.0,1880.0,9.0,5.36584955655763
61699,1891.0,1890.0,10.0,1.02918362348811
89881,163.0,1560.0,172.0,-4.64822888871262
315398,1898.0,15.0,99.0,-2.54884643712097
213977,1900.0,788.0,55.0,5.47021054367374
324078,229.0,1347.0,100.0,1.78396804232022
115202,1430.0,1903.0,167.0,16.0281340616566
198045,1899.0,1331.0,54.0,5.26395726445522
424440,1897.0,1923.0,115.0,1.57875922967504
100462,1924.0,1928.0,44.0,1.96599574159096
196173,1920.0,1889.0,176.0,-1.91857465602861
13946,1891.0,1884.0,3.0,1.03555474942255
422905,72.0,1888.0,115.0,-3.17148930377705
645994,85.0,1902.0,13.0,0.7811812300920198
376175,83.0,1348.0,109.0,-9.64540530461293
329699,1342.0,1879.0,101.0,9.90890309631574
280628,163.0,1884.0,75.0,-1.58943954984232
112701,1899.0,147.0,167.0,1.2489945889402
400470,160.0,1891.0,112.0,5.46150990070015
52566,1877.0,1889.0,7.0,-2.10386770013631
285509,1337.0,131.0,77.0,-9.18763342186158
51693,1876.0,229.0,7.0,-4.19514235725734
415754,1430.0,1901.0,114.0,-1.73726542660754
90335,1904.0,1928.0,172.0,-3.52931640124902
13115,1342.0,1886.0,2.0,2.87288669184334
274892,27.0,1331.0,179.0,-26.4448345653727
270752,1332.0,1886.0,74.0,-2.98832394999072
27128,3.0,164.0,4.0,2.61570182038751
302298,164.0,1224.0,98.0,-4.73363536585022
320527,1183.0,120.0,100.0,1.59489332224352
415922,3.0,1885.0,114.0,2.67706789055869
413357,101.0,146.0,114.0,8.03399847713554
331042,1904.0,5.0,102.0,1.81331681647759
315847,1884.0,1431.0,99.0,2.17188306473233
322975,1893.0,147.0,100.0,0.908939234366452
49985,195.0,17.0,7.0,3.99776981284327
302394,101.0,1917.0,98.0,-2.98736322736157
310452,1891.0,1918.0,186.0,0.819990702092712
64042,1906.0,1918.0,10.0,7.12527344589931
369831,1924.0,1899.0,180.0,15.949980367515
4136,1885.0,1927.0,1.0,-0.74990699846281
170687,3.0,1342.0,51.0,-0.196880892640886
437964,1905.0,85.0,116.0,0.123519604707851
275698,163.0,1896.0,179.0,-0.160240272379331
373361,85.0,1893.0,109.0,0.389009073260251
264082,544.0,1894.0,73.0,11.8040080587773
11751,1920.0,229.0,2.0,-3.6045243697815
112204,147.0,1907.0,167.0,-2.80622687669875
165338,14.0,1671.0,168.0,1.32797227151325
202049,1919.0,1560.0,54.0,-2.97368694715522
195816,544.0,17.0,176.0,3.81208891327635
250333,1924.0,120.0,70.0,4.01554211955268
315684,788.0,1927.0,99.0,-2.4948001781384
273622,1897.0,5.0,179.0,1.08215407751117
162370,1431.0,1348.0,168.0,2.27917352847744
162119,1347.0,1892.0,168.0,-13.0144800515297
12503,1337.0,1889.0,2.0,-4.71090594874617
315291,948.0,83.0,99.0,0.712795281971304
330908,1901.0,18.0,102.0,-2.23270735556144
357906,1900.0,1923.0,108.0,1.3214040834084
437351,1905.0,1918.0,116.0,-3.98713117513681
165897,1925.0,1910.0,168.0,6.08966628749134
237416,163.0,146.0,60.0,4.01463783149938
434301,1917.0,1910.0,116.0,-2.02903635928869
377380,131.0,1902.0,109.0,-3.0255220138265
72669,1892.0,1923.0,13.0,3.46005995770285
236387,1895.0,15.0,60.0,-0.795805699294166
229846,1903.0,1560.0,58.0,-5.1527309615507
261912,1183.0,788.0,73.0,2.70400418032348
6768,1877.0,1880.0,1.0,-0.561622691215513
437101,1915.0,1889.0,116.0,-2.07417417373067
181918,1898.0,131.0,174.0,0.688884558237289
15062,1904.0,1912.0,3.0,-5.08113048801365
253267,1919.0,1889.0,71.0,3.52995679458997
88799,20.0,1885.0,172.0,-4.53782573933121
243065,1887.0,72.0,69.0,2.67711700041143
253278,146.0,1914.0,71.0,7.4820336140327
74056,1915.0,1892.0,13.0,-2.66356386655051
47607,14.0,1430.0,6.0,5.44660545357395
71210,1875.0,1895.0,13.0,3.52607817486843
624725,748.0,1902.0,53.0,0.6772202005916855
271268,1430.0,1890.0,74.0,-2.83929844818491
88182,82.0,677.0,172.0,4.83214444022432
14218,1224.0,1917.0,3.0,4.93306037626521
205704,1924.0,1331.0,177.0,-8.75132795806554
415161,1881.0,1908.0,114.0,-8.37344838423836
342737,1907.0,1671.0,104.0,2.0085647581311
57768,83.0,1875.0,9.0,-1.48939740081401
328176,1895.0,1910.0,101.0,-3.73076109522487
633582,150.0,1902.0,180.0,2.4759709294274304
108031,748.0,1910.0,45.0,-11.3894357209608
189708,1342.0,27.0,175.0,-11.0156146503627
313864,655.0,17.0,186.0,-0.074491545868132
182733,146.0,1894.0,174.0,1.97021578824179
95809,1331.0,1901.0,44.0,-7.23002702986191
165179,1877.0,1912.0,168.0,-2.62596629450224
57492,1924.0,1909.0,9.0,8.60150963665102
280801,1337.0,1348.0,75.0,-12.3848723251795
244893,1430.0,120.0,69.0,0.518462354142115
268573,1919.0,1899.0,74.0,15.9937947295226
322285,1909.0,1903.0,100.0,2.99102760621135
61870,5.0,1892.0,10.0,-3.06796722795292
162645,47.0,1910.0,168.0,10.0574758827521
248311,1560.0,1895.0,70.0,0.907551306168007
29908,1560.0,1890.0,166.0,9.42604061651748
43618,85.0,1889.0,6.0,1.11757378064618
367432,47.0,1911.0,180.0,-8.92642725267113
187118,85.0,72.0,175.0,-3.19717816396452
249480,1919.0,101.0,70.0,4.0386616411654
229201,1877.0,1347.0,58.0,-9.86117694596378
10674,1908.0,677.0,2.0,-12.1639707405342
389214,1924.0,1907.0,111.0,-12.2829821280896
57820,1926.0,131.0,9.0,5.44586114774329
170189,83.0,1895.0,51.0,1.00354116630818
253560,1915.0,1898.0,71.0,3.66840678886397
50883,195.0,1881.0,7.0,-5.54427626155471
47813,229.0,1900.0,6.0,3.23955234827835
287145,82.0,1902.0,77.0,4.18426459849597
314665,655.0,1342.0,186.0,-1.11402539546766
44596,948.0,788.0,6.0,9.20773575761633
5039,1916.0,1910.0,1.0,-0.10372240983387
286443,1926.0,1920.0,77.0,2.25696875815729
323449,82.0,164.0,100.0,6.28540577971556
26174,1919.0,1910.0,4.0,4.13014859516985
242896,164.0,1671.0,69.0,3.6376010752118
273695,1881.0,1922.0,179.0,-5.05976522338723
372226,1912.0,1917.0,109.0,-7.75776439727455
30297,1917.0,17.0,166.0,-2.49102359380306
191373,1915.0,748.0,175.0,4.83186794553801
172885,1883.0,1331.0,52.0,3.56622555519371
172314,1903.0,1912.0,52.0,-3.03869610281133
210312,1899.0,1897.0,178.0,-8.62653904525416
279793,1924.0,1894.0,75.0,1.79364187617821
12980,1924.0,1927.0,2.0,-1.31581317323701
331279,1896.0,677.0,102.0,-4.09477289854403
49764,1886.0,1912.0,7.0,1.37640291934382
299981,150.0,13.0,98.0,-6.55394763680059
230521,1915.0,1910.0,58.0,0.150448876035504
31875,150.0,1903.0,166.0,5.17513461334286
301182,146.0,1911.0,98.0,0.663725000012365
179051,1893.0,1896.0,53.0,5.6031055920092
205088,655.0,160.0,177.0,2.63875610297563
166946,1894.0,1560.0,51.0,6.63744445996402
324833,160.0,1927.0,100.0,-7.08481710088612
179897,1924.0,1901.0,53.0,-9.30905946829133
282121,85.0,5.0,77.0,1.28149371141984
168601,1883.0,1671.0,51.0,2.1926935335034
390246,1920.0,1430.0,111.0,0.418699307416748
370475,1332.0,1880.0,180.0,-3.66426745071514
190103,14.0,195.0,175.0,0.881230368059275
63881,1926.0,1896.0,10.0,-3.62616907806724
90418,1560.0,1902.0,172.0,-3.49115511727991
264740,27.0,11.0,73.0,7.31527709904097
30304,1901.0,1914.0,166.0,-1.68807051146773
312630,748.0,677.0,186.0,3.13158565341485
99670,1337.0,1224.0,44.0,-22.3255649593089
31340,1879.0,1671.0,166.0,1.51318597953371
55748,1880.0,17.0,9.0,2.57267765535853
339705,1906.0,11.0,103.0,-2.93224197863426
256085,948.0,229.0,72.0,-3.35200864895465
256613,1902.0,1927.0,72.0,0.410103556633776
31773,146.0,1889.0,166.0,15.4787310665167
315885,1880.0,1901.0,99.0,-1.37713426923524
182559,748.0,1890.0,174.0,0.7540847233002
272833,1887.0,1431.0,179.0,2.08261982870559
285004,1906.0,1183.0,77.0,-1.17586864168272
177540,1896.0,1927.0,53.0,1.86958850490386
647810,1889.0,1902.0,116.0,-1.6805101206688051
61184,948.0,1907.0,10.0,3.08824259573639
216901,160.0,1912.0,55.0,2.91380470546492
413635,1894.0,1923.0,114.0,2.58947609726102
167967,1902.0,1916.0,51.0,-0.7112435480116
286000,1920.0,1918.0,77.0,-0.130411262718331
169141,544.0,1919.0,51.0,-1.61845178005208
225094,1897.0,11.0,57.0,-0.446001384792705
313273,1913.0,1907.0,186.0,-3.15594204407328
299924,1331.0,11.0,98.0,0.0424520091886583
16495,1925.0,85.0,3.0,-4.13585450158224
320529,948.0,1920.0,100.0,0.444404381795696
401748,1908.0,1928.0,112.0,-4.76716148591354
397409,1889.0,1916.0,112.0,0.570553477386982
211607,1924.0,1875.0,178.0,-3.84288427031875
200420,1876.0,229.0,54.0,-4.97862316855446
169424,160.0,1926.0,51.0,4.27589343081144
236707,1926.0,1899.0,60.0,8.82032585379643
315211,1431.0,1902.0,186.0,-2.48876959463479
96748,1559.0,1908.0,44.0,-10.1486426255013
328272,1881.0,1892.0,101.0,-0.859098292719748
336352,1886.0,11.0,103.0,7.87470162053234
373515,1894.0,1898.0,109.0,0.496039488767921
264716,27.0,1891.0,73.0,1.78586720268382
423454,13.0,131.0,115.0,-0.0642406016099778
253721,27.0,14.0,71.0,5.76695663220968
331417,1885.0,13.0,102.0,1.69162265306555
276369,1905.0,1337.0,179.0,4.13820366022173
49587,1887.0,1916.0,7.0,0.28073146704717
398949,146.0,1896.0,112.0,-2.35822540336868
177444,1559.0,72.0,53.0,5.15181752473139
26504,164.0,120.0,4.0,-0.056236251604688
13429,48.0,1882.0,2.0,7.70460140333804
219944,1880.0,1910.0,56.0,-3.61649442344054
26579,1882.0,17.0,4.0,-0.846542269067768
51396,20.0,1183.0,7.0,-6.7250525161008
271459,1921.0,1928.0,74.0,10.487662049475
361135,655.0,1342.0,108.0,-5.93005549370918
182133,948.0,1224.0,174.0,-1.54803794451053
112547,1910.0,1921.0,167.0,3.79298976674866
211091,20.0,1892.0,178.0,-10.1150544604878
228421,1342.0,1928.0,57.0,-12.4416979381858
110185,1430.0,1922.0,45.0,6.86694123340131
427178,1905.0,1917.0,115.0,-7.87561126845685
62949,1337.0,1906.0,10.0,2.8960967279827
183227,1908.0,13.0,174.0,0.220653472605792
197778,1895.0,1898.0,54.0,2.29111898709087
357989,1890.0,1892.0,108.0,-2.51798592093367
320741,15.0,18.0,100.0,1.50885746732798
302320,948.0,101.0,98.0,1.46186644414028
397529,1559.0,1183.0,112.0,12.0830087313532
215186,1895.0,1914.0,55.0,-2.0428546442489
57991,1342.0,1891.0,9.0,4.76277013284364
223825,101.0,1911.0,57.0,3.38853912280628
165302,604.0,1927.0,168.0,-0.720421248410187
7264,1342.0,1892.0,1.0,-1.12910728473949
201244,1926.0,1875.0,54.0,1.5586302496906
437886,604.0,1921.0,116.0,-11.9172215871267
52903,1919.0,1559.0,7.0,5.40234148612377
4301,1897.0,1921.0,1.0,2.64059471336792
52662,1925.0,544.0,7.0,9.19943660301606
319980,544.0,1890.0,99.0,2.12079332857361
27281,160.0,1914.0,4.0,1.44696803503732
3715,85.0,1892.0,1.0,-0.210018444117128
415818,82.0,1881.0,114.0,4.45741129886338
14258,1899.0,11.0,3.0,0.912392991644112
189355,1899.0,120.0,175.0,3.56055270008876
388997,948.0,131.0,111.0,1.21058953157035
186461,3.0,677.0,174.0,-1.59314546698249
229782,1881.0,1348.0,58.0,2.97024562222992
233483,229.0,14.0,58.0,-6.44540514283543
367905,136.0,1908.0,180.0,-11.6768482458011
199527,1671.0,131.0,54.0,2.09860899011756
180934,1430.0,1912.0,53.0,-1.09277733955158
331680,120.0,1331.0,102.0,-2.91221363506281
374984,1878.0,1560.0,109.0,0.0845618296992123
341220,160.0,1928.0,103.0,3.33390819180867
238879,655.0,1910.0,60.0,-2.18541905766415
33519,1430.0,1912.0,166.0,0.796089060086552
208176,748.0,1910.0,178.0,-2.22551869947968
224751,1904.0,788.0,57.0,-1.00369201970034
316935,748.0,788.0,99.0,-0.024904239484645
301313,1878.0,1909.0,98.0,1.13245552723703
165192,1876.0,1906.0,168.0,4.23809482361857
326206,1331.0,18.0,101.0,-4.05124543176276
17305,1906.0,101.0,3.0,8.72401612503225
255605,82.0,1904.0,71.0,4.10034646644729
357222,1900.0,1224.0,108.0,2.08470551141174
103829,48.0,1331.0,173.0,-10.0443436362209
320570,1912.0,131.0,100.0,-0.650082007793997
218412,120.0,1887.0,56.0,-0.718135193610643
86633,1907.0,788.0,172.0,0.458833296679033
326921,1894.0,1892.0,101.0,-0.891429900734663
310602,1883.0,1893.0,186.0,-3.94408455962216
224148,1912.0,1889.0,57.0,3.52304566093195
31746,1559.0,1896.0,166.0,-3.07590227720559
310887,1878.0,1917.0,186.0,12.5434485706002
203127,5.0,1914.0,177.0,1.05549630430492
85556,1907.0,1923.0,172.0,-1.83297259798354
66182,1342.0,1887.0,12.0,-11.8762952791661
208850,82.0,1347.0,178.0,-7.58875712075773
226885,1919.0,1891.0,57.0,4.33708408173148
272368,1875.0,1890.0,179.0,1.82008538536101
164698,1342.0,1891.0,168.0,0.359428063161333
375728,27.0,131.0,109.0,-0.745575320978384
245422,1924.0,677.0,69.0,1.31621811537799
190330,3.0,163.0,175.0,-6.2597920766137
12556,1342.0,13.0,2.0,-2.24707256513035
321201,146.0,1560.0,100.0,3.0097070574719
185837,1430.0,13.0,174.0,1.19817027546419
325027,14.0,1878.0,100.0,-6.61714705327374
204958,1903.0,1923.0,177.0,2.35223991036033
29976,788.0,1927.0,166.0,1.62617337746102
186859,1877.0,1332.0,175.0,-4.29968178293432
369190,1347.0,1887.0,180.0,3.33946658901132
241124,15.0,18.0,69.0,-0.580790760578447
172397,47.0,1431.0,52.0,-1.01342748990022
338450,1888.0,1921.0,103.0,0.173166622003249
261298,1902.0,1914.0,73.0,-2.46444557629494
163938,83.0,164.0,168.0,-4.34144515893972
266399,1899.0,1917.0,74.0,-10.850964598122
26433,1908.0,1911.0,4.0,-6.45281048600663
369166,131.0,677.0,180.0,0.249980652038889
178606,1875.0,1917.0,53.0,-3.92747052097821
359029,748.0,1927.0,108.0,-2.17689243276912
175545,82.0,136.0,52.0,-4.53192796565936
391284,1921.0,1902.0,111.0,15.0509182998436
436843,1906.0,1431.0,116.0,0.630581650461235
51193,1880.0,1348.0,7.0,-3.09230045376292
208229,195.0,1890.0,178.0,-6.13474072748635
330565,1926.0,15.0,101.0,8.02271111218541
255266,1876.0,1559.0,71.0,-1.40167341113006
241573,1910.0,788.0,69.0,2.36258444774222
399695,1342.0,82.0,112.0,-4.68714301576795
176082,229.0,1921.0,52.0,-10.3582959740324
186602,655.0,1910.0,174.0,-4.75167178023035
361627,1671.0,1928.0,108.0,3.43246174127212
52901,1876.0,1671.0,7.0,-10.6737143507945
279315,948.0,131.0,75.0,9.02572264704006
208697,13.0,677.0,178.0,-9.36124629010449
182187,1896.0,1918.0,174.0,-3.39247170999917
246109,1560.0,1883.0,70.0,-1.99117938180923
90009,544.0,1671.0,172.0,1.07386491066363
70071,544.0,1882.0,12.0,-1.75141152937675
282889,748.0,1912.0,77.0,2.82992494117155
170531,1920.0,1888.0,51.0,2.62998748531899
170736,229.0,1560.0,51.0,1.7379862859095
106864,1342.0,1879.0,45.0,-3.66563803118916
88253,229.0,1883.0,172.0,2.05174281877923
209201,1911.0,1901.0,178.0,4.60571930876538
100151,27.0,85.0,44.0,1.44965465902353
340869,14.0,1922.0,103.0,2.41343658410096
71409,1880.0,1889.0,13.0,0.0906465875850735
13210,1913.0,1882.0,2.0,-1.18499916477475
241423,1902.0,18.0,69.0,-2.07476825087884
210395,163.0,1908.0,178.0,-7.76520618871846
43495,948.0,1559.0,6.0,5.55329432832231
337546,1883.0,1911.0,103.0,3.44000580118887
50009,1902.0,1927.0,7.0,1.76536162021078
227681,83.0,1559.0,57.0,-0.104780483905353
12830,1332.0,1888.0,2.0,-1.91672250613391
329502,20.0,1896.0,101.0,-6.13710237441024
225881,1889.0,1904.0,57.0,-1.1118303327326
208478,1879.0,1910.0,178.0,-0.958607913424558
436641,1430.0,1906.0,116.0,2.62218867970051
424874,1183.0,1880.0,115.0,-0.692353765774006
257706,1903.0,1921.0,72.0,3.822742873118
303063,544.0,1916.0,98.0,7.24766161837595
170075,604.0,1915.0,51.0,2.7021760645783
304208,229.0,120.0,98.0,0.43959045470847
99611,1905.0,20.0,44.0,-4.66522253185308
209456,146.0,1927.0,178.0,2.25426842810255
218766,163.0,1898.0,56.0,4.4400041991857
323700,1919.0,229.0,100.0,0.156421489896974
284156,164.0,1912.0,77.0,4.03231703934044
9576,1887.0,677.0,2.0,4.28021243038143
95462,85.0,748.0,44.0,-7.20721100002403
390336,1337.0,13.0,111.0,-6.87491566806919
59027,229.0,1882.0,9.0,4.13091464676466
231097,1907.0,677.0,58.0,-4.19477472489767
203247,1560.0,1894.0,177.0,-1.77635640317536
166047,120.0,1928.0,168.0,-0.0647522400986836
286425,82.0,1917.0,77.0,-3.3870356625178
49536,1898.0,11.0,7.0,-3.69987571509174
10056,1348.0,1916.0,2.0,-3.34307813687652
15688,1875.0,1908.0,3.0,2.89665876573151
205064,1914.0,1892.0,177.0,-2.14842494757483
182256,1891.0,1671.0,174.0,-2.86847369867916
247137,120.0,131.0,70.0,0.0501188598672542
331576,85.0,1907.0,102.0,-0.958244873988018
435084,1886.0,150.0,116.0,-4.18179446086411
375535,14.0,229.0,109.0,3.7597572556959
236336,136.0,1912.0,60.0,-1.64066538083953
334055,82.0,1907.0,102.0,-5.41728209731127
211765,544.0,544.0,178.0,1.89408139556949
25759,1892.0,1927.0,4.0,2.06517652563411
247709,150.0,15.0,70.0,0.5511447231047
29433,1875.0,195.0,166.0,-2.22270137098745
95558,1912.0,1927.0,44.0,-1.59800177793097
269326,1337.0,1183.0,74.0,-10.2451378564771
260665,82.0,20.0,72.0,-5.56302566707582
167685,1887.0,1892.0,51.0,1.36928717568163
375938,3.0,1892.0,109.0,-2.20437862951467
219397,1900.0,677.0,56.0,5.97862821005174
235683,101.0,1895.0,60.0,0.232174951106557
259790,83.0,1348.0,72.0,-2.5715553813776
426314,1332.0,131.0,115.0,5.24364916237338
99848,1342.0,120.0,44.0,3.95962235303943
320326,1893.0,1928.0,99.0,6.93759754760147
374653,1899.0,1907.0,109.0,0.453276484878499
7830,1332.0,136.0,1.0,4.48684779344872
168374,1891.0,85.0,51.0,1.82475442297841
168587,85.0,146.0,51.0,-2.54064511752829
62424,120.0,1923.0,10.0,-5.18446739231692
423457,1431.0,1911.0,115.0,-0.834258833333669
249266,48.0,1331.0,70.0,-9.43164260298795
339486,1913.0,1875.0,103.0,0.747743486475446
222277,82.0,1915.0,56.0,-5.25154338307839
208914,1911.0,1882.0,178.0,5.86522363078761
253737,1905.0,1894.0,71.0,-2.25110209006909
371913,1925.0,1903.0,180.0,-0.926652616157557
214541,1884.0,1331.0,55.0,-11.9827820798952
361212,163.0,748.0,108.0,-10.1923605348509
49328,101.0,147.0,7.0,13.2649871468629
217805,1929.0,1928.0,55.0,-8.07369846293571
163953,1926.0,1919.0,168.0,-1.84528715759345
373203,1888.0,677.0,109.0,-0.833178441491482
60870,136.0,15.0,10.0,-4.70531231674319
328002,1901.0,788.0,101.0,0.839276414238718
111556,1896.0,1901.0,167.0,-0.478678836671573
64638,14.0,85.0,10.0,-2.53360072350415
275118,20.0,1904.0,179.0,-1.69606769213035
114991,1906.0,748.0,167.0,2.85258112276488
168423,1888.0,1923.0,51.0,-4.23947992964218
283472,1880.0,18.0,77.0,-5.78351014370483
71950,1899.0,1903.0,13.0,1.43494958423459
269071,1560.0,1347.0,74.0,-0.881012057953343
175748,1924.0,1927.0,52.0,-3.88799682092875
280860,229.0,1875.0,75.0,-3.37081622263391
328904,1332.0,229.0,101.0,-4.10026800840696
248006,1331.0,1886.0,70.0,-2.83497071114875
268532,1900.0,11.0,74.0,1.26067597554557
207741,1906.0,1347.0,178.0,-2.14417469142564
225525,47.0,1927.0,57.0,2.59488634847715
50790,1890.0,1927.0,7.0,4.40113590757617
324324,160.0,20.0,100.0,1.2383762680107
390047,1926.0,20.0,111.0,-0.284337641428913
107257,85.0,18.0,45.0,-3.3510339507436
70174,1913.0,47.0,12.0,-15.3686436462656
66256,1895.0,1923.0,12.0,-0.881357873118234
197711,1887.0,1883.0,54.0,-1.58785020033524
205544,1919.0,229.0,177.0,1.04113934027035
396887,1878.0,1916.0,112.0,-3.20642877311389
9029,1909.0,131.0,2.0,-7.05986261981164
89239,1926.0,1918.0,172.0,-8.56124626302423
267428,13.0,1560.0,74.0,4.32869775145648
304512,1925.0,1911.0,98.0,-7.37836028967281
99252,1332.0,18.0,44.0,-2.55432206165511
375867,655.0,131.0,109.0,2.00544928054813
229869,748.0,1908.0,58.0,2.61711166159014
342026,1878.0,1431.0,104.0,-1.16805103151091
237566,1877.0,1892.0,60.0,-0.0741915142844115
87466,1878.0,147.0,172.0,2.08342374723865
15146,1559.0,1331.0,3.0,2.30713551504222
104878,48.0,120.0,173.0,-3.90439330637079
388873,11.0,788.0,111.0,-17.4910877314506
224262,1888.0,5.0,57.0,-0.280498141277175
303461,1920.0,1892.0,98.0,1.49644241633319
275771,1905.0,147.0,179.0,4.91347505859749
88504,1926.0,72.0,172.0,3.47899268926495
64238,1876.0,1430.0,10.0,7.55394482029153
106780,136.0,1912.0,45.0,2.19405968896687
390236,1906.0,5.0,111.0,-2.21894756254818
340291,544.0,544.0,103.0,3.21545732112563
204772,1879.0,748.0,177.0,3.77539464523252
114059,20.0,101.0,167.0,7.48175863352736
256879,1347.0,136.0,72.0,-9.90463369530002
222835,1926.0,1911.0,56.0,-1.43105946937075
238926,1920.0,1337.0,60.0,-1.09311675188354
115169,1924.0,1921.0,167.0,1.58488623158327
177047,948.0,1875.0,53.0,-1.80813177661806
302805,1876.0,164.0,98.0,0.806260230761064
205582,1924.0,1926.0,177.0,12.340014807116
115349,1337.0,1908.0,167.0,-9.7948198648532
29310,1885.0,1895.0,166.0,4.52178297670802
192402,1183.0,1897.0,176.0,-2.487607954437
60835,1897.0,1906.0,10.0,-4.43753348172224
178267,1347.0,1908.0,53.0,-4.41241622164871
416845,229.0,1917.0,114.0,-7.09775071142843
415959,604.0,1901.0,114.0,1.37971676877416
229851,1431.0,1914.0,58.0,0.451588036346206
264329,229.0,1880.0,73.0,-3.10357029213948
267089,1906.0,1911.0,74.0,4.3629226485657
209981,1903.0,1923.0,178.0,0.61540921132107
232007,20.0,1909.0,58.0,-7.47408608022708
167316,1885.0,1560.0,51.0,-6.46703866231218
367797,1331.0,5.0,180.0,3.24771708142202
96318,164.0,1912.0,44.0,26.7742844222694
310386,150.0,1908.0,186.0,4.68971738175605
334547,604.0,655.0,102.0,0.252709044329792
101048,1922.0,1923.0,173.0,0.96800670574733
214662,1909.0,150.0,55.0,-6.45442369166441
360708,1337.0,147.0,108.0,-2.30477255968523
264166,1877.0,1894.0,73.0,-0.937406317412951
390275,27.0,1895.0,111.0,-4.62656009217799
388044,1892.0,1922.0,111.0,-7.3073984512338
112048,1887.0,1914.0,167.0,4.87510373231497
75136,1905.0,1878.0,13.0,-2.35489626529599
274036,1897.0,120.0,179.0,2.75383714754929
197924,136.0,748.0,54.0,2.13463597654582
397648,1901.0,1923.0,112.0,-7.45261042401852
370150,20.0,164.0,180.0,2.19749892062915
267108,1911.0,1923.0,74.0,-1.74342633600564
47558,1905.0,1671.0,6.0,-14.7209580300395
303431,1925.0,1892.0,98.0,2.93129394101811
318589,1906.0,146.0,99.0,2.40767124342463
165298,229.0,1927.0,168.0,4.49882998645732
417157,1905.0,1882.0,114.0,3.09351664993993
249980,1915.0,5.0,70.0,14.536296006597
111651,1671.0,1921.0,167.0,3.50285063856633
44023,1899.0,1912.0,6.0,-3.35603571104943
58071,1876.0,677.0,9.0,0.439611514448757
167625,85.0,1917.0,51.0,2.56227392456122
318290,655.0,1919.0,99.0,1.9122357541521
217050,1905.0,120.0,55.0,-0.271310813840474
109589,1906.0,1918.0,45.0,6.07506481769688
229251,1879.0,1923.0,58.0,-8.97694406491848
61165,136.0,1893.0,10.0,0.34670402607607
222054,160.0,1879.0,56.0,1.66842042357075
166954,1906.0,1332.0,51.0,-7.08507650054021
107993,1879.0,1908.0,45.0,-7.02669038845467
17587,48.0,20.0,3.0,-12.7177712219172
221598,82.0,1880.0,56.0,-6.58839257314661
163628,1880.0,677.0,168.0,0.738516033602785
263793,1430.0,1910.0,73.0,7.9478261122222
316871,1895.0,1918.0,99.0,-0.669902051945733
251600,748.0,1901.0,71.0,0.812048076694373
253328,85.0,1893.0,71.0,2.44725726452823
216793,14.0,1895.0,55.0,0.708225303917702
335329,160.0,120.0,102.0,2.67454994071386
186739,1916.0,1928.0,174.0,-3.54973560816675
66514,1889.0,1918.0,12.0,-0.613283232271783
167102,1880.0,1900.0,51.0,3.53087330040952
28100,82.0,136.0,4.0,-0.293453079819488
107797,948.0,1559.0,45.0,9.73056761929157
47050,1337.0,18.0,6.0,-3.40152367456189
318486,655.0,1880.0,99.0,-1.48734382739107
56451,1893.0,120.0,9.0,2.17160970868777
400775,655.0,1875.0,112.0,4.6257656179378
47667,14.0,748.0,6.0,4.92332218937301
259982,1430.0,147.0,72.0,-4.16166346520499
241750,1878.0,1904.0,69.0,-0.162701861341896
180476,655.0,1905.0,53.0,3.72423302228099
313174,1342.0,195.0,186.0,-0.130245193817534
360161,1906.0,17.0,108.0,0.336882337356328
335719,1913.0,1908.0,102.0,0.602299795184673
10017,1183.0,1917.0,2.0,-5.165228291667
340735,1876.0,15.0,103.0,-4.99684397178576
73133,1183.0,5.0,13.0,1.97082229569218
163701,48.0,1899.0,168.0,12.5722088041836
310794,1884.0,788.0,186.0,-0.284141286187634
311212,146.0,1671.0,186.0,-11.8224346123792
436039,1919.0,788.0,116.0,-2.57333011103055
68113,1876.0,1894.0,12.0,-6.78442354858982
255033,48.0,544.0,71.0,10.6806442368299
174438,1877.0,1894.0,52.0,-4.42894531063185
100853,164.0,1917.0,173.0,6.23805441281502
74049,1877.0,1431.0,13.0,4.07140946696696
43218,1923.0,1927.0,6.0,5.08184372561236
390241,1332.0,5.0,111.0,-1.43211993207701
277344,1881.0,1901.0,75.0,3.76468075321477
230543,1907.0,1882.0,58.0,2.63175907106185
111238,1899.0,1671.0,167.0,-5.42503480103588
85443,1875.0,15.0,172.0,-2.31698563669395
284713,1671.0,1347.0,77.0,6.07596087307078
417311,3.0,1900.0,114.0,0.875294526326007
316610,85.0,677.0,99.0,0.874682137533439
65812,1889.0,1903.0,12.0,1.19985986666671
255979,72.0,1560.0,72.0,-3.40291306824971
263976,3.0,47.0,73.0,-5.67982617024613
272812,1559.0,5.0,179.0,1.59979091485129
276664,1348.0,1928.0,179.0,-7.06406552687449
427604,1924.0,1890.0,115.0,6.44861465964276
67632,1891.0,18.0,12.0,2.81071926195963
59114,27.0,1890.0,9.0,1.4545121514119
189178,85.0,1671.0,175.0,0.368276922319653
189198,1889.0,17.0,175.0,5.278214325136
179434,27.0,1923.0,53.0,-4.71157928488186
190005,82.0,195.0,175.0,5.06750802243804
373360,1895.0,1918.0,109.0,2.08004130370738
205505,163.0,72.0,177.0,-3.7429612752019
167007,1918.0,788.0,51.0,17.9177008119196
62025,1902.0,788.0,10.0,1.46087573491866
377095,82.0,1903.0,109.0,0.495162104410844
367726,1884.0,1922.0,180.0,0.523862463883371
323183,101.0,136.0,100.0,-5.31075024482232
61139,146.0,677.0,10.0,0.204265910076772
250075,1906.0,1918.0,70.0,1.40552901388139
310357,1875.0,72.0,186.0,1.13149824252641
63196,1906.0,146.0,10.0,0.987825693462337
101453,1913.0,1332.0,173.0,-0.447841645841558
357788,1893.0,1898.0,108.0,-2.11384465851675
202190,1913.0,1928.0,54.0,-2.37957668543312
233878,1883.0,1898.0,60.0,-0.991428337932391
285013,229.0,1907.0,77.0,-2.19707587342458
195826,1342.0,101.0,176.0,3.05514811503599
71545,1886.0,1918.0,13.0,1.46345298114464
424009,1899.0,11.0,115.0,-0.958711531921089
199972,1924.0,85.0,54.0,-3.54875522898532
199157,147.0,1904.0,54.0,1.60282262736959
191544,229.0,1921.0,175.0,-8.11487634573885
359553,82.0,1896.0,108.0,-5.8215701620826
285931,1876.0,544.0,77.0,0.873606258817828
13463,1924.0,1903.0,2.0,-5.85930267092191
391014,1342.0,1903.0,111.0,-24.2832020777676
15992,146.0,1918.0,3.0,-3.54542588054545
190656,3.0,1884.0,175.0,-2.18289877757345
267947,1887.0,1903.0,74.0,-0.953585859134717
166059,1224.0,1928.0,168.0,5.98145951929254
436363,82.0,195.0,116.0,5.47364596138043
372591,20.0,1910.0,109.0,3.53169273014787
259691,1926.0,150.0,72.0,6.50028037026215
270365,229.0,13.0,74.0,0.415828848994694
202611,136.0,1901.0,177.0,-0.354517160980238
179377,1913.0,1919.0,53.0,-2.40601568325291
367608,948.0,1890.0,180.0,2.43768324630306
398395,1559.0,748.0,112.0,-2.01648782731874
345570,1920.0,1559.0,104.0,0.541578421207723
313039,1920.0,1883.0,186.0,0.973552199928444
285673,83.0,1891.0,77.0,-6.58714442750218
184913,1924.0,1926.0,174.0,2.26592931473629
304291,27.0,748.0,98.0,0.667206210230636
54559,1892.0,1918.0,9.0,0.330530142102651
254747,83.0,1906.0,71.0,7.46215586816718
176729,1883.0,1347.0,53.0,-6.58777155295999
60648,1183.0,146.0,10.0,-3.95664312796773
339259,1926.0,72.0,103.0,0.245438266915706
304125,1332.0,1886.0,98.0,1.03005067025409
15915,1888.0,1918.0,3.0,-1.53717383792225
372177,27.0,1928.0,180.0,-4.5237376404235
340495,1905.0,1671.0,103.0,-15.1231043002562
213082,1909.0,1903.0,55.0,2.1347940656814
11146,1878.0,195.0,2.0,-4.29739223700583
282640,1875.0,1901.0,77.0,-8.37457580561857
69359,544.0,1348.0,12.0,-8.14030788161121
210315,1915.0,1911.0,178.0,-5.97585293422557
30108,1886.0,13.0,166.0,24.8406603257463
28277,48.0,147.0,4.0,4.97367209035223
373332,27.0,1332.0,109.0,-1.79407787103393
12378,1877.0,1891.0,2.0,-2.90200441257223
303018,1905.0,229.0,98.0,1.30756387014272
60710,1912.0,1907.0,10.0,-2.04963093310138
251647,1907.0,1671.0,71.0,2.63405930568656
197797,1559.0,1914.0,54.0,-0.303792221654843
177058,1893.0,11.0,53.0,0.76979429095449
209284,1883.0,164.0,178.0,-1.76038386617619
332541,1183.0,1879.0,102.0,-0.0038294843548116
630779,1887.0,1902.0,57.0,-1.5192908431814298
334865,1430.0,1348.0,102.0,-3.14467313869724
186079,1913.0,1559.0,174.0,-0.871104845457204
360606,1925.0,1904.0,108.0,0.441959344069481
176003,1342.0,748.0,52.0,2.40294222522971
413267,1347.0,1331.0,114.0,-4.15295599700483
368263,136.0,18.0,180.0,-0.476303266272549
184041,1897.0,1876.0,174.0,2.08537395794147
106677,85.0,1918.0,45.0,-3.36360345133141
243516,1906.0,72.0,69.0,1.22233084125066
376483,1925.0,1917.0,109.0,-9.21339084120593
325310,82.0,1913.0,100.0,6.67986515878827
243094,146.0,47.0,69.0,7.75442782241457
71695,1897.0,1347.0,13.0,0.570435127395355
189442,1912.0,1886.0,175.0,5.98954843909959
285862,1876.0,1893.0,77.0,36.3929253600056
226835,83.0,1892.0,57.0,-5.48072325695949
107777,1900.0,1917.0,45.0,-1.66324015162748
25398,72.0,1431.0,4.0,3.30626425609893
243825,544.0,1881.0,69.0,4.85737254124736
267959,1909.0,5.0,74.0,-7.76361169647387
71400,85.0,1348.0,13.0,1.27280764078537
209938,136.0,1887.0,178.0,2.55000531704832
15566,1347.0,1892.0,3.0,-9.26685659389699
254056,655.0,1880.0,71.0,-7.02942993588945
269212,1430.0,788.0,74.0,11.3549604009072
186358,229.0,1921.0,174.0,-3.39697561441888
369339,1560.0,1882.0,180.0,-8.62970131535817
44133,1875.0,164.0,6.0,-1.29092753466648
279740,655.0,1907.0,75.0,0.79526369841846
426316,20.0,131.0,115.0,-5.11289600096799
103184,1878.0,1898.0,173.0,-1.5605513715153
64983,1920.0,1902.0,10.0,-0.862565627774381
435756,1431.0,1882.0,116.0,-0.192401246245616
268097,1903.0,1911.0,74.0,1.89580910523666
300205,164.0,1904.0,98.0,5.99112462213368
199378,1881.0,1914.0,54.0,-8.673876862595
247819,136.0,15.0,70.0,-2.58042226232697
190273,1337.0,1909.0,175.0,-12.3076657219201
193094,1902.0,1890.0,176.0,0.761036489361918
163218,1885.0,72.0,168.0,-0.316228222211544
31514,748.0,5.0,166.0,3.71568974351796
237671,544.0,1893.0,60.0,23.5509366729406
202287,1907.0,1902.0,54.0,-5.49635127773675
370323,544.0,1909.0,180.0,-8.21756734591282
13867,1671.0,1331.0,3.0,0.244567534024836
226056,82.0,1923.0,57.0,-4.76891369890003
203698,1671.0,1914.0,177.0,0.0515720520038548
97453,72.0,1912.0,44.0,3.73755225317932
230992,1886.0,1916.0,58.0,-5.82311807221161
44080,1347.0,788.0,6.0,-7.28040572425617
279217,1912.0,1895.0,75.0,-0.484692859176
45229,1900.0,1907.0,6.0,0.685830562782557
62769,1877.0,1907.0,10.0,-1.88401877633232
254840,1342.0,1875.0,71.0,-2.43907367026099
334639,1926.0,11.0,102.0,6.0949446246655
219423,1888.0,1916.0,56.0,9.23529499727903
196482,1925.0,1920.0,176.0,-2.73373731555
426349,1913.0,1916.0,115.0,-4.79284762232999
231873,1924.0,1916.0,58.0,-6.3267401515742
226959,229.0,1892.0,57.0,4.00279763480832
370762,27.0,1896.0,180.0,-0.110226336623848
227405,1913.0,13.0,57.0,4.32107159663033
197718,1910.0,1890.0,54.0,-0.518302380182923
4615,101.0,1886.0,1.0,-1.18605114921249
222389,27.0,1917.0,56.0,2.00159806555529
345964,604.0,1671.0,104.0,-3.38892871508774
234153,1347.0,5.0,60.0,-0.900279990623056
189019,1347.0,1892.0,175.0,-5.13972157962549
209817,1891.0,120.0,178.0,4.36376239371039
61252,1897.0,1348.0,10.0,7.93966829087798
175520,1924.0,1889.0,52.0,-5.34721914714728
111135,1183.0,1879.0,167.0,-0.57943821430746
375763,544.0,146.0,109.0,1.07358084491333
285768,163.0,1892.0,77.0,-1.71018819239642
228088,604.0,1882.0,57.0,11.7366170215583
389429,604.0,164.0,111.0,0.20035915487628
335083,3.0,1912.0,102.0,-4.41151558371725
58718,1926.0,83.0,9.0,2.81475867572607
97982,1908.0,13.0,44.0,-0.0969674878939187
56815,1875.0,1927.0,9.0,-1.86885485974981
359945,1332.0,146.0,108.0,2.11375250303369
89054,1342.0,11.0,172.0,1.98551836149343
166978,1902.0,1431.0,51.0,23.6596045993029
400155,1430.0,131.0,112.0,-0.0898032529223547
180487,1920.0,1918.0,53.0,0.972300228670311
229836,948.0,20.0,58.0,0.464971965328203
280928,1913.0,1918.0,75.0,2.82389108513288
433469,748.0,5.0,116.0,1.73816843552115
285261,1342.0,72.0,77.0,-10.4643905880127
212046,82.0,1882.0,178.0,4.92398555250783
247684,1331.0,1917.0,70.0,-0.637972739105329
258783,1430.0,1875.0,72.0,-4.2988658906572
333257,1897.0,1927.0,102.0,0.42884449752041
278272,150.0,1918.0,75.0,3.20086747821396
331333,1886.0,1911.0,102.0,-1.93036820866936
231690,1925.0,229.0,58.0,1.70037544072584
25961,1909.0,1907.0,4.0,-0.816887184190534
105916,1886.0,1348.0,45.0,0.756072831718639
301904,1893.0,1900.0,98.0,1.35646681924473
166273,677.0,1890.0,51.0,-0.954984765626561
110883,1884.0,1922.0,167.0,1.32979694646722
358160,1912.0,1331.0,108.0,0.842927438770647
396900,1898.0,195.0,112.0,1.65279745672084
321883,1875.0,1894.0,100.0,0.850644717132789
343001,1900.0,1910.0,104.0,-2.61046051356759
11990,82.0,1892.0,2.0,-5.18251785767993
170391,1915.0,136.0,51.0,0.168035471698815
175333,82.0,27.0,52.0,-4.45029238444458
280143,1877.0,1881.0,75.0,-0.914753064346514
193317,136.0,1671.0,176.0,-1.17331062548434
332110,1331.0,677.0,102.0,-0.811641559306582
253649,229.0,1908.0,71.0,4.60742008834057
105972,1911.0,18.0,45.0,-1.97459962837772
179350,27.0,1919.0,53.0,-1.44357988401044
311510,1900.0,1224.0,186.0,-4.34000062431857
433665,948.0,1348.0,116.0,0.1166499337266
72792,146.0,13.0,13.0,-2.37843171366282
224227,1877.0,1887.0,57.0,4.12935030655464
205312,1925.0,195.0,177.0,-2.39640206303329
75110,1919.0,748.0,13.0,-1.14688093355666
185906,1915.0,136.0,174.0,1.57743227268265
370027,82.0,1879.0,180.0,-4.24921566787965
85639,948.0,3.0,172.0,-3.07967300605748
371596,1430.0,1927.0,180.0,5.95263603019202
115387,1926.0,14.0,167.0,-3.74722778015758
24874,150.0,1923.0,4.0,0.351725147279032
197387,146.0,120.0,54.0,0.500140127229862
303323,1919.0,17.0,98.0,1.76757230721013
26447,1906.0,1887.0,4.0,0.429840075983071
313000,1906.0,1923.0,186.0,-1.29700889245457
327738,1897.0,1893.0,101.0,-2.73137305071205
72270,1908.0,1917.0,13.0,-3.76384836406446
326673,72.0,1348.0,101.0,-3.83416654085138
320133,1926.0,3.0,99.0,-5.36821030179872
314569,1919.0,1671.0,186.0,0.0064166458065866
6364,82.0,1923.0,1.0,-15.1525973981683
256911,27.0,1898.0,72.0,0.326615255150143
336543,1909.0,1923.0,103.0,-0.350190830961202
165645,1877.0,748.0,168.0,-4.32427435271762
231282,1898.0,17.0,58.0,-0.275415329032775
238665,1925.0,1890.0,60.0,4.36739249385605
86283,1560.0,1917.0,172.0,2.26135275969619
319812,1430.0,1878.0,99.0,0.834457777161162
279985,160.0,164.0,75.0,5.5307299549266
217079,655.0,1927.0,55.0,-1.41905467453131
390232,83.0,1895.0,111.0,-6.55559608773275
27203,1920.0,1916.0,4.0,-3.35742554068534
259186,544.0,1916.0,72.0,-5.84739417283879
276250,1913.0,1882.0,179.0,5.72238409030464
356983,1880.0,1896.0,108.0,-11.335134949669
319775,1919.0,748.0,99.0,-1.73551346755598
223179,1891.0,1928.0,56.0,1.93489398781407
180692,27.0,20.0,53.0,-3.08374078913328
195273,1915.0,1875.0,176.0,-3.99709469799832
181854,146.0,147.0,174.0,0.279645084433043
103466,1924.0,1894.0,173.0,-1.3974066083044
18683,83.0,1890.0,3.0,-1.29205393413535
416135,14.0,1892.0,114.0,-4.7954708063118
50317,1880.0,1884.0,7.0,-3.21406241505716
71253,1883.0,1882.0,13.0,3.52931196506687
192179,948.0,1183.0,176.0,5.61985182274019
388582,195.0,1224.0,111.0,3.57096199721638
29669,1907.0,11.0,166.0,-13.5012037996468
217038,20.0,120.0,55.0,-5.81855582999615
437205,655.0,1896.0,116.0,0.223084622664756
397408,1883.0,1431.0,112.0,0.306014394560824
113155,101.0,1224.0,167.0,-6.28418088733534
303254,948.0,146.0,98.0,-0.265866744872788
163959,160.0,1919.0,168.0,-1.17042357033616
318218,1430.0,72.0,99.0,4.38798123767672
27596,27.0,1884.0,4.0,-7.72250536067302
270425,1876.0,1348.0,74.0,3.10160376232666
397523,1893.0,1894.0,112.0,2.41616606205496
373339,1904.0,1910.0,109.0,-6.86624254370912
304047,1913.0,120.0,98.0,-3.18302708598994
13927,1911.0,1921.0,3.0,-2.49543458540107
257452,1893.0,1898.0,72.0,-3.25413176942786
10923,1880.0,147.0,2.0,-5.10288031401821
218431,1875.0,1224.0,56.0,-2.7772705709709
194795,85.0,1886.0,176.0,1.58728950545709
437195,3.0,13.0,116.0,-0.0196498410844703
637214,1894.0,1902.0,74.0,9.432247563563523
326678,1886.0,18.0,101.0,-0.260916060269555
238719,1430.0,1922.0,60.0,1.56221281763749
301075,1896.0,1890.0,98.0,-1.76835281037916
47121,604.0,1904.0,6.0,6.27902155267258
70755,47.0,1671.0,13.0,2.53142932244767
229243,1895.0,1922.0,58.0,5.47658198649275
279386,1559.0,146.0,75.0,1.81290986906596
270883,1906.0,1559.0,74.0,-5.40844229511383
311227,948.0,1914.0,186.0,-4.57062738303821
114447,1905.0,1348.0,167.0,1.69442057586985
311217,1904.0,1927.0,186.0,-1.9787688683612
400886,1877.0,1348.0,112.0,-4.36077226023216
206936,160.0,1876.0,177.0,0.390687454287595
213568,5.0,15.0,55.0,16.3344487821264
199936,20.0,1899.0,54.0,-2.79864695852508
338095,85.0,1893.0,103.0,-1.81875756814859
260229,604.0,147.0,72.0,1.30639623460576
106885,1912.0,1911.0,45.0,-0.311686627595764
323794,1342.0,1909.0,100.0,-2.76720715169878
415483,1906.0,1923.0,114.0,2.97035073219487
14801,72.0,788.0,3.0,0.171087204793064
222712,1877.0,1560.0,56.0,-6.44025242238461
16167,748.0,1893.0,3.0,-0.802062487435038
357785,1902.0,131.0,108.0,4.3386114972002
253309,72.0,1911.0,71.0,-5.88679664293714
192350,1337.0,1898.0,176.0,-1.01408552280077
400484,163.0,1891.0,112.0,2.97979876395997
185211,82.0,1909.0,174.0,-8.27075418972667
59317,3.0,1928.0,9.0,0.523763994276771
34156,163.0,1902.0,166.0,-0.909586614944729
330391,1905.0,1337.0,101.0,3.81496988280049
214189,748.0,1560.0,55.0,0.504658192621156
215032,101.0,1914.0,55.0,10.5217595741796
372014,83.0,1890.0,180.0,2.8581572106539
265248,544.0,1889.0,73.0,4.06066087358903
278428,1904.0,1892.0,75.0,-1.29179774535536
256498,101.0,1560.0,72.0,-2.62771420498689
401849,655.0,1902.0,112.0,0.116282873847093
250759,1925.0,1903.0,70.0,0.471300279012188
109433,1920.0,1877.0,45.0,0.450117087150174
281606,1337.0,1900.0,75.0,-11.7431773954605
45420,1878.0,15.0,6.0,-0.635143044350864
232363,1926.0,101.0,58.0,20.9491376117169
169563,1332.0,1909.0,51.0,-4.05715395656664
322001,1183.0,1331.0,100.0,-4.1262355339004
377346,1926.0,1928.0,109.0,3.61927854749506
300335,150.0,1898.0,98.0,-0.214983814029159
183988,101.0,150.0,174.0,8.31165085592758
277880,47.0,150.0,75.0,0.237752171525985
278688,1899.0,1431.0,75.0,-4.5079743998712
86567,1903.0,1224.0,172.0,-2.37994492267967
203365,948.0,1224.0,177.0,8.99687544092597
427781,604.0,14.0,115.0,-2.69002097095673
164811,3.0,20.0,168.0,-5.89246919903883
259573,229.0,1892.0,72.0,2.39921536568784
374158,1885.0,1892.0,109.0,0.261266696729069
370036,1920.0,1923.0,180.0,2.82446873434462
327699,1898.0,1560.0,101.0,-2.53235049443248
321560,1907.0,1914.0,100.0,-3.11291137886437
436410,1919.0,229.0,116.0,2.90278228100794
67119,1560.0,15.0,12.0,-2.69627779480276
329375,1342.0,17.0,101.0,-11.824339269165
204358,1875.0,1884.0,177.0,-1.46682017064664
31674,1884.0,1671.0,166.0,5.01915498158994
61257,748.0,1927.0,10.0,6.46826695479517
280652,1926.0,20.0,75.0,-0.531659343153628
427136,1430.0,136.0,115.0,-6.28259119699984
96573,11.0,1923.0,44.0,-0.766574007301289
192579,1559.0,1183.0,176.0,-1.16474816879937
285253,1924.0,1887.0,77.0,-0.714342212149282
391033,1925.0,1906.0,111.0,-0.895220026176383
110537,677.0,1902.0,45.0,-6.94220765441499
323618,1332.0,1901.0,100.0,-4.53424869113758
241990,1896.0,1911.0,69.0,6.18484963254176
340444,1915.0,1886.0,103.0,-1.22874300420213
423458,1879.0,1878.0,115.0,0.427034061977443
168661,147.0,1890.0,51.0,1.26792283234019
214070,1912.0,1888.0,55.0,-5.09347873071286
254178,48.0,1914.0,71.0,-6.86139435990098
331035,101.0,1897.0,102.0,-2.33509077051011
414880,677.0,1921.0,114.0,5.4408554941772
203866,1891.0,1909.0,177.0,16.5430196104542
259513,1876.0,1896.0,72.0,-14.7949558500096
168333,1912.0,1894.0,51.0,3.47137306718034
319780,1915.0,748.0,99.0,-2.53722373101717
243863,604.0,1881.0,69.0,1.59223840963955
244605,229.0,27.0,69.0,-2.16620721549798
303354,544.0,131.0,98.0,2.33522314622262
248416,1907.0,1922.0,70.0,-9.0401261303243
286372,1915.0,1917.0,77.0,-2.66548702752694
211942,1906.0,1912.0,178.0,1.79313108887248
205848,82.0,1916.0,177.0,5.96522528559786
17138,1906.0,1880.0,3.0,1.67152046085101
412721,1893.0,13.0,114.0,2.38263769141999
96189,1881.0,1907.0,44.0,4.83064194561554
26778,163.0,47.0,4.0,8.41626713836787
202084,604.0,14.0,54.0,-6.94025970704541
169531,27.0,1909.0,51.0,-2.6521743098978
243076,1897.0,1882.0,69.0,-6.85187564037471
232501,229.0,1905.0,58.0,1.15521604979089
336039,15.0,1902.0,102.0,0.334839397574672
320749,20.0,1332.0,100.0,-4.87118698938847
227865,1926.0,1560.0,57.0,0.0865997916433563
215589,1337.0,1923.0,55.0,-4.91491928553906
236721,1926.0,85.0,60.0,0.959591236929553
423039,1909.0,5.0,115.0,-3.93272143295072
256014,136.0,1878.0,72.0,-2.8401780574301
261027,1882.0,1928.0,72.0,-3.60127911967563
109477,1430.0,5.0,45.0,-2.98950900108318
264489,82.0,1892.0,73.0,-6.16112702742758
367966,1559.0,1882.0,180.0,0.885642253765283
232845,1924.0,48.0,58.0,6.11467867075049
204052,15.0,1923.0,177.0,-5.4790029614532
224700,15.0,788.0,57.0,-7.12408251816301
163716,1342.0,1908.0,168.0,-8.99836708992368
301713,1878.0,788.0,98.0,-9.16685192139227
188989,1875.0,85.0,175.0,4.05384284196637
333281,1893.0,1895.0,102.0,-1.596633440004
276745,1914.0,1902.0,179.0,0.197055991172425
225956,1879.0,164.0,57.0,-3.31583945727601
65932,1899.0,72.0,12.0,-0.958474349682604
316721,13.0,15.0,99.0,0.930473931699664
99185,229.0,150.0,44.0,10.0297927088975
390375,544.0,1917.0,111.0,-7.54895421960406
171913,1896.0,1909.0,52.0,7.64669844725899
67512,1885.0,1224.0,12.0,-3.70956687027069
388185,948.0,1899.0,111.0,9.87363096785967
391296,48.0,1902.0,111.0,-1.30897702820837
10258,1886.0,1560.0,2.0,2.81940249177554
200792,229.0,131.0,54.0,4.5778842314741
43493,677.0,1921.0,6.0,2.02608057521733
287021,229.0,1925.0,77.0,0.188917675088823
648613,147.0,1902.0,54.0,3.304190742380377
175705,27.0,1886.0,52.0,-5.93291533281524
191722,1430.0,1908.0,175.0,-4.98639150920934
218200,1919.0,1910.0,56.0,5.61263823631512
107318,1331.0,1901.0,45.0,-6.01228758293941
435326,1904.0,788.0,116.0,-1.94158784270318
241633,1886.0,1224.0,69.0,-2.04912975757133
401605,160.0,15.0,112.0,3.24047738174855
262032,1885.0,1912.0,73.0,17.1061425437666
339619,163.0,27.0,103.0,-4.21968353708616
315121,1877.0,85.0,186.0,7.23807478000552
172660,1903.0,1896.0,52.0,0.598360546953197
263280,1559.0,1347.0,73.0,19.0069717562456
217796,146.0,1928.0,55.0,3.19977581462301
337730,101.0,1914.0,103.0,-1.47642283429875
10426,1348.0,17.0,2.0,2.610382779406
14695,1183.0,677.0,3.0,-9.35618008919154
71387,1899.0,47.0,13.0,-0.707528904898749
234312,1910.0,1921.0,60.0,1.9091209283335
235358,1899.0,1895.0,60.0,0.0961098197644843
71424,1916.0,1901.0,13.0,3.68456256091087
237790,160.0,20.0,60.0,-1.67682568060367
221370,1342.0,1914.0,56.0,-0.317719091163202
272451,1904.0,120.0,179.0,-0.267334794638623
267137,1883.0,1914.0,74.0,3.13814005872116
262102,72.0,788.0,73.0,-1.07872152641862
360586,229.0,13.0,108.0,-7.41567066458053
9903,136.0,147.0,2.0,14.5226096975199
396881,1875.0,1348.0,112.0,-14.9502005568972
54475,1879.0,120.0,9.0,0.795824031568961
226780,604.0,1431.0,57.0,8.3505667588882
229728,1885.0,1887.0,58.0,-6.64842139026805
217293,163.0,1876.0,55.0,7.22829949043027
65881,1893.0,1896.0,12.0,0.186406711700126
279931,604.0,229.0,75.0,1.18466534219886
52452,1925.0,1904.0,7.0,4.356067028436
102456,1560.0,1892.0,173.0,-5.42973491029799
227474,1342.0,1917.0,57.0,2.46245385044639
209055,1902.0,677.0,178.0,-4.51636493448011
57078,82.0,1183.0,9.0,2.32821922890353
423631,1878.0,1884.0,115.0,1.46534402768502
274185,11.0,1918.0,179.0,3.6221021203004
286720,27.0,1337.0,77.0,-12.5375716405611
331538,85.0,1887.0,102.0,5.89737317054699
72595,1905.0,150.0,13.0,6.45054336182777
211453,1332.0,18.0,178.0,1.87446319750069
60359,136.0,1889.0,10.0,-6.98707903565737
247729,1559.0,1889.0,70.0,-3.10129299802533
66109,101.0,1348.0,12.0,-8.16451079275218
425371,1886.0,1888.0,115.0,-1.02621358047324
318578,160.0,1916.0,99.0,-1.22609969342812
246890,1891.0,1560.0,70.0,5.33395769181884
333228,5.0,1890.0,102.0,-1.94680525231405
271224,1905.0,1560.0,74.0,0.0475479431735354
325098,48.0,948.0,100.0,14.4622095530211
33225,1332.0,1895.0,166.0,-4.60392947628226
202733,101.0,1892.0,177.0,10.619121882163
245201,163.0,1900.0,69.0,1.64303606205135
256487,1878.0,1901.0,72.0,-8.06636459573524
360758,3.0,27.0,108.0,-3.01123971074188
237885,1913.0,1889.0,60.0,-6.85216853853079
283976,1878.0,1917.0,77.0,0.0708228205899143
235377,1909.0,1224.0,60.0,-1.23071167929841
186962,47.0,5.0,175.0,-0.863082406670162
108633,1905.0,1881.0,45.0,2.66786792520495
47911,1925.0,1878.0,6.0,-0.652027055141073
184052,164.0,788.0,174.0,-2.12734383206806
208078,1911.0,1914.0,178.0,-3.21658217238471
268160,85.0,1886.0,74.0,0.504471057866904
318831,1905.0,101.0,99.0,5.68796423298142
217155,160.0,120.0,55.0,-1.94949783900948
388581,1883.0,1927.0,111.0,-6.92874290547703
47576,1906.0,1671.0,6.0,-9.61990004886511
282928,120.0,1887.0,77.0,-1.84497652241092
259768,1337.0,18.0,72.0,-6.77003348787009
319419,1430.0,1918.0,99.0,2.56771504118361
223146,1929.0,1928.0,56.0,-0.160705582645534
272786,1908.0,131.0,179.0,1.25449067653344
31924,1913.0,1430.0,166.0,1.51637633365628
322068,1891.0,1900.0,100.0,0.226095932633963
245183,1877.0,1900.0,69.0,-0.906052265010582
253247,1879.0,1916.0,71.0,-1.59459169827787
62393,1880.0,1912.0,10.0,-0.985932517295427
161386,1559.0,1908.0,168.0,-1.07341026539567
327729,101.0,1923.0,101.0,-3.73381157594256
17698,1342.0,1915.0,3.0,-2.94305783247294
233214,1876.0,15.0,58.0,-12.6171660128203
374800,1919.0,1332.0,109.0,-2.31254324976297
71312,1884.0,1560.0,13.0,-3.81255592226001
276146,1924.0,83.0,179.0,-0.898563734898283
314696,1337.0,1878.0,186.0,-5.47051647281892
277490,1903.0,1431.0,75.0,4.62529702578827
33254,27.0,147.0,166.0,-0.813216813464343
435770,1891.0,164.0,116.0,-1.29366499397674
170390,544.0,1559.0,51.0,2.85033663766332
246465,1903.0,1910.0,70.0,4.5025260745002
103801,1920.0,1331.0,173.0,-4.08783373625969
167448,136.0,1892.0,51.0,1.07586741608756
99576,1925.0,1912.0,44.0,6.74449868174861
192558,948.0,1347.0,176.0,2.35966041914243
16584,82.0,1183.0,3.0,1.39116075005371
342461,1342.0,1887.0,104.0,-3.72222916963392
245588,3.0,1928.0,69.0,-0.787031945264918
256691,1920.0,1899.0,72.0,-1.68122917104319
228818,1919.0,1347.0,58.0,-13.2508319697398
396979,1183.0,1927.0,112.0,0.960469325524099
401869,1183.0,1928.0,112.0,0.891424489228608
370942,1876.0,27.0,180.0,-0.115901948529547
43745,1889.0,72.0,6.0,-5.49459305633261
102658,1907.0,1927.0,173.0,-4.39150454613515
98471,544.0,1898.0,44.0,-18.3379667206915
69915,27.0,1337.0,12.0,3.11956259430984
301052,1879.0,1922.0,98.0,-4.62319250145183
17995,163.0,1559.0,3.0,-2.83544987150251
4737,1912.0,5.0,1.0,8.09795768569396
315233,1924.0,1902.0,186.0,1.59008074054311
221647,163.0,131.0,56.0,1.83025050598502
267794,1875.0,1881.0,74.0,-2.82474656882959
280481,1332.0,1884.0,75.0,-9.49635677865429
195898,160.0,1895.0,176.0,-1.22656195345527
399392,1183.0,1918.0,112.0,-4.10295618451811
210240,1889.0,1896.0,178.0,-4.56269206122283
175397,229.0,1877.0,52.0,-2.39237523439807
68663,20.0,131.0,12.0,-7.54379237720703
215962,1920.0,1881.0,55.0,-6.54317648354804
259059,1920.0,72.0,72.0,-4.6368282277042
269264,1342.0,27.0,74.0,1.21516010323822
46278,27.0,1901.0,6.0,1.04348758280479
34088,82.0,1919.0,166.0,1.76845411794619
103928,229.0,163.0,173.0,3.78256226511347
257468,1897.0,1224.0,72.0,-0.67228204835779
54578,1897.0,20.0,9.0,-2.57811198260293
242798,1899.0,1880.0,69.0,2.71772627278778
357543,1891.0,1888.0,108.0,-3.54427697858761
435097,1880.0,1901.0,116.0,-0.37805504985326
4886,1916.0,11.0,1.0,-2.66906780218001
217354,1919.0,15.0,55.0,1.47148236297054
52236,1342.0,1891.0,7.0,-2.243409579665
181903,1887.0,1907.0,174.0,-2.98880137186291
276501,1924.0,677.0,179.0,-0.0926130977974306
269398,1926.0,1923.0,74.0,-1.94996393295447
272807,1560.0,1894.0,179.0,2.90550662804266
284821,1893.0,1887.0,77.0,0.913793967302281
190165,1920.0,1885.0,175.0,-1.1836178755155
170970,1905.0,1560.0,51.0,-3.83750550319189
235677,1882.0,18.0,60.0,-4.53173044720553
15120,85.0,1882.0,3.0,10.9703665148764
108644,27.0,1881.0,45.0,1.78016555116602
220062,1900.0,1882.0,56.0,-8.38307462531463
176111,1877.0,1921.0,52.0,4.26920037655609
212646,1905.0,1902.0,178.0,3.46465245929878
208521,1886.0,72.0,178.0,-2.36760448713898
47200,544.0,1875.0,6.0,3.32943965395306
397220,147.0,1887.0,112.0,1.83415475346063
97953,85.0,147.0,44.0,-7.43205380954075
18146,655.0,1888.0,3.0,1.64003899782642
217465,229.0,1890.0,55.0,1.71275101665199
231900,160.0,1916.0,58.0,-4.94301104376238
331439,1875.0,1888.0,102.0,-3.5990633567274
46133,1877.0,1919.0,6.0,4.83077605302605
199703,1886.0,1916.0,54.0,0.336307526841821
168182,136.0,1900.0,51.0,-1.18414598820709
256949,1878.0,1907.0,72.0,-2.20206505363335
32867,163.0,11.0,166.0,0.949608411345755
107034,1895.0,1908.0,45.0,-3.27089814087284
89299,48.0,1904.0,172.0,3.38257036514492
182564,1886.0,13.0,174.0,2.37202279196088
248660,604.0,160.0,70.0,4.15569869772656
248748,48.0,1183.0,70.0,5.75298708027475
24358,1878.0,1431.0,4.0,-2.30035090190478
52746,1332.0,1224.0,7.0,6.7372266059176
33345,1924.0,544.0,166.0,7.46367697386181
103982,1337.0,1904.0,173.0,3.08804426800364
70981,72.0,677.0,13.0,9.82296106947399
106276,1878.0,146.0,45.0,0.926622613254244
414780,146.0,1912.0,114.0,8.49583151154895
272908,1879.0,11.0,179.0,-0.0635101822587833
98939,1876.0,17.0,44.0,-0.818647060699169
68872,27.0,11.0,12.0,-0.133207583080931
374222,72.0,120.0,109.0,-2.5052823784916
196748,160.0,1921.0,176.0,-6.20516948494325
390338,82.0,136.0,111.0,2.07883773455907
357839,1884.0,195.0,108.0,-3.15469719544424
324321,655.0,20.0,100.0,-2.20303765097961
74542,160.0,1904.0,13.0,3.46796366255583
210359,47.0,1893.0,178.0,2.18806480742013
260086,1925.0,1912.0,72.0,2.21129793657905
112653,1903.0,1908.0,167.0,-0.587630818452772
221068,163.0,788.0,56.0,-5.7427760771774
205619,48.0,1926.0,177.0,1.06305332595253
198677,72.0,1907.0,54.0,0.959596844603907
52069,1919.0,1879.0,7.0,3.13403603167519
331328,1331.0,1911.0,102.0,-0.550721295557418
8229,160.0,1900.0,1.0,7.37122175750565
54694,1897.0,1919.0,9.0,-1.0153059992123
271513,27.0,1902.0,74.0,-1.17708400027122
109675,82.0,13.0,45.0,5.99385610281317
43535,1183.0,1884.0,6.0,3.34231086094686
203653,1912.0,1910.0,177.0,3.25617574025233
279288,1878.0,1896.0,75.0,1.04151253329928
377081,1915.0,1922.0,109.0,1.28555159088285
417407,1877.0,1878.0,114.0,3.53219981534464
326896,1888.0,1907.0,101.0,1.64786648253872
389873,1926.0,655.0,111.0,3.35393727492188
221381,1925.0,1914.0,56.0,8.34893840936042
210407,655.0,85.0,178.0,-2.77639731889544
50234,1884.0,47.0,7.0,2.66986803938243
245867,1900.0,1908.0,70.0,4.39747556284306
187432,1904.0,677.0,175.0,-3.72205190355687
268597,1891.0,15.0,74.0,-1.74407798244059
218893,1183.0,1923.0,56.0,-6.19107379734059
69596,48.0,1927.0,12.0,-6.63012302717077
272197,1671.0,1922.0,179.0,0.253778823019997
191839,163.0,1337.0,175.0,-2.51102357893693
397029,85.0,788.0,112.0,1.24020144872095
322717,1880.0,1912.0,100.0,-2.22177543342617
280869,1905.0,5.0,75.0,0.780181162720596
370718,1876.0,1884.0,180.0,4.71393974660742
71682,1891.0,164.0,13.0,7.6734000453876
12123,82.0,1889.0,2.0,3.0082948148354
112671,1884.0,1883.0,167.0,1.20046981612794
323166,1886.0,1896.0,100.0,1.05083675952002
328737,14.0,1907.0,101.0,2.11503522946268
369410,1894.0,1918.0,180.0,1.20613355076487
243066,948.0,1916.0,69.0,4.07994444921638
31699,1894.0,1348.0,166.0,8.25744729543411
230840,1895.0,164.0,58.0,-0.996642094333542
233411,1906.0,1560.0,58.0,-0.360811004101391
245346,1877.0,1882.0,69.0,0.069734246756868
67362,1879.0,17.0,12.0,3.6427068204003
57148,48.0,18.0,9.0,8.60910460604785
644585,1889.0,1902.0,60.0,-3.9100835845957738
55358,1559.0,164.0,9.0,3.57949991736831
369413,1904.0,1916.0,180.0,-2.10707265336237
67651,1903.0,1922.0,12.0,4.6536633657913
25917,17.0,1918.0,4.0,-1.64561048496747
272309,1887.0,150.0,179.0,1.28463233952357
222001,604.0,1915.0,56.0,-3.44526706655037
10139,1916.0,18.0,2.0,2.70423809417554
7537,1906.0,1348.0,1.0,-3.47632578098734
44326,14.0,150.0,6.0,3.20854093078855
183924,1879.0,1900.0,174.0,2.72088435809261
359466,229.0,1183.0,108.0,0.571197539879796
425775,1919.0,1923.0,115.0,3.2018098192162
263832,147.0,1917.0,73.0,3.63791127518479
319497,27.0,136.0,99.0,-0.963498728558692
226348,20.0,1907.0,57.0,-9.03122599790684
260152,1920.0,1559.0,72.0,-3.98922552557103
300716,101.0,1911.0,98.0,-1.70850103256999
345260,604.0,1904.0,104.0,0.697010470725243
267994,1880.0,1887.0,74.0,8.12296527915449
334179,48.0,1926.0,102.0,0.643666460479086
234261,1348.0,788.0,60.0,-0.0637521562346845
49754,3.0,1332.0,7.0,0.22718369193411
48799,1887.0,1888.0,7.0,6.52274389700873
10028,1916.0,15.0,2.0,-4.71057671001467
415022,948.0,48.0,114.0,18.9030282262989
110292,1877.0,1337.0,45.0,-21.7272404750625
14058,1885.0,18.0,3.0,4.80176628193371
210152,1896.0,72.0,178.0,-7.68644483289032
389322,1337.0,1883.0,111.0,-18.2522856066632
245938,1907.0,1882.0,70.0,2.19072218141724
323856,229.0,1331.0,100.0,-10.3717715532018
174516,14.0,1881.0,52.0,-0.744229931720381
222198,229.0,1889.0,56.0,-7.59153857713118
178919,1560.0,1347.0,53.0,0.478441485225841
200407,1913.0,195.0,54.0,-14.7774965405391
62743,1915.0,14.0,10.0,1.26577144358377
319625,1337.0,20.0,99.0,6.09025946248564
110852,146.0,1890.0,167.0,6.40486864077673
344801,1906.0,1892.0,104.0,9.78182350992462
87010,1897.0,5.0,172.0,-4.30506680373481
62490,120.0,131.0,10.0,-1.81865456402619
267019,72.0,18.0,74.0,-0.145281352055228
277047,1891.0,1898.0,75.0,1.96780359781881
66558,1878.0,1895.0,12.0,0.389755263558534
10089,948.0,1920.0,2.0,0.105033190977475
109911,48.0,83.0,45.0,-0.726373190580425
318105,229.0,1183.0,99.0,0.993003208869692
281830,1923.0,1902.0,75.0,-2.42172817811775
111783,1883.0,1897.0,167.0,0.222830490969556
251712,195.0,1900.0,71.0,7.37872562939492
177091,1224.0,677.0,53.0,3.87975815205517
7112,1913.0,1892.0,1.0,0.885599580398981
200951,160.0,11.0,54.0,2.86323937958831
213520,1896.0,1927.0,55.0,1.69646873427649
71148,1883.0,1912.0,13.0,3.48002824447798
388180,1915.0,1887.0,111.0,8.0262551087702
5184,146.0,15.0,1.0,3.80571869612189
46847,655.0,5.0,6.0,4.42463889061432
45176,948.0,748.0,6.0,5.47979644973655
321508,1879.0,1921.0,100.0,-5.33804908380829
201811,1926.0,948.0,54.0,-0.593007445403502
169819,1906.0,1884.0,51.0,-4.29659764160253
223204,1906.0,1928.0,56.0,-1.30793942442154
46336,82.0,229.0,6.0,5.94050965404111
224601,1891.0,1914.0,57.0,5.30242695746528
189692,1913.0,788.0,175.0,-3.70463817362223
226647,3.0,1331.0,57.0,-1.50528845296106
325816,1431.0,13.0,101.0,4.13218617627747
102351,1889.0,1892.0,173.0,-0.429770358598218
414333,677.0,1923.0,114.0,-3.46617981117028
193066,120.0,1914.0,176.0,-4.50818618093459
275927,1332.0,136.0,179.0,-7.28398258586246
66228,1903.0,1900.0,12.0,1.44836436485925
376990,20.0,1903.0,109.0,-4.02676435852009
183346,146.0,1886.0,174.0,-0.757500994373861
233308,160.0,1878.0,58.0,-5.51200736616554
337790,1899.0,147.0,103.0,18.787554791841
51536,1430.0,1883.0,7.0,0.114797042471211
360057,14.0,1909.0,108.0,-10.7571615783315
6050,1347.0,146.0,1.0,2.8969807055726
65428,11.0,1890.0,12.0,4.23909224582224
18436,1876.0,1903.0,3.0,-1.04211494333453
188196,1909.0,1890.0,175.0,-0.649573495659581
69432,1925.0,1912.0,12.0,0.399516699839129
67240,1916.0,18.0,12.0,2.80353891554328
184295,1332.0,1910.0,174.0,-4.57757669321624
163027,1889.0,164.0,168.0,-5.34214378975264
67471,15.0,11.0,12.0,-4.07261381129603
208786,1922.0,788.0,178.0,-1.62463548145684
286103,1924.0,1877.0,77.0,21.9665118582749
437849,229.0,1671.0,116.0,6.12176782130098
238508,48.0,1332.0,60.0,-8.79744976764242
204235,1895.0,1914.0,177.0,-0.73716868843907
191064,48.0,544.0,175.0,-3.67780898687076
224967,1224.0,131.0,57.0,2.28112775244707
273686,195.0,1927.0,179.0,0.0004730293295223
174741,604.0,1331.0,52.0,-2.09939511404226
331028,1900.0,13.0,102.0,-0.356720535604403
284527,120.0,11.0,77.0,-4.83169044886485
72573,1894.0,1911.0,13.0,-1.99060521513416
26367,1885.0,1887.0,4.0,0.0268601251081994
250544,1919.0,15.0,70.0,0.582540749225564
202351,1911.0,1892.0,177.0,-6.95746183168613
251845,1912.0,1224.0,71.0,-9.70867026007262
221295,1332.0,229.0,56.0,1.53652885552763
198796,1559.0,1881.0,54.0,9.13571430893392
310761,1915.0,1347.0,186.0,-1.98227229905906
259784,1920.0,1905.0,72.0,2.64760180436194
54867,1894.0,1882.0,9.0,0.938712513986214
336245,1430.0,1910.0,103.0,-1.91445742955881
56103,1899.0,120.0,9.0,-1.11535276616241
265490,229.0,1920.0,73.0,3.59836858393346
265305,1925.0,1224.0,73.0,5.46243055294858
205017,72.0,1927.0,177.0,-6.60179127389401
202517,948.0,1891.0,177.0,6.9090588304084
330474,3.0,677.0,101.0,0.880972447230565
333360,1891.0,1886.0,102.0,0.865991581994145
235052,150.0,1882.0,60.0,10.7087103666259
344163,1913.0,788.0,104.0,-4.89542206482344
26921,229.0,195.0,4.0,-5.71068560137946
373090,1903.0,17.0,109.0,6.41097559738699
271747,1875.0,1910.0,179.0,-1.34365614476116
303349,163.0,131.0,98.0,6.86547241181778
269948,82.0,1909.0,74.0,-4.87312814661084
319156,1926.0,1918.0,99.0,6.46831162007454
261202,1899.0,1884.0,73.0,-5.19850143005943
340476,82.0,1224.0,103.0,3.5966873966758
214959,1916.0,1927.0,55.0,-0.838493183459464
207463,195.0,1928.0,177.0,1.29235572934177
8833,1224.0,1892.0,2.0,-2.49119983006465
4791,1899.0,1918.0,1.0,7.82154853874431
168702,1889.0,1897.0,51.0,1.74853571738104
343394,948.0,1892.0,104.0,-0.376868907885781
110064,229.0,1671.0,45.0,14.0191286426388
29118,1917.0,1927.0,166.0,-10.9651634335713
264895,1905.0,677.0,73.0,-0.247576381451735
58035,655.0,1884.0,9.0,1.91846822790947
104112,1925.0,655.0,173.0,1.60132215219651
167405,1885.0,147.0,51.0,4.63366546084184
371246,229.0,1224.0,180.0,3.86840868130669
322095,1183.0,1875.0,100.0,0.0004844327276894
415748,1877.0,1906.0,114.0,2.82796036856103
244108,83.0,1875.0,69.0,-5.05373076558144
399334,72.0,1671.0,112.0,3.16482209737924
388420,1879.0,1671.0,111.0,7.75789963502115
425381,1904.0,1892.0,115.0,-2.61311280265961
203699,1916.0,18.0,177.0,2.38957648452724
370229,1926.0,72.0,180.0,2.85427133707861
324774,1919.0,1224.0,100.0,-0.860248927064812
215686,83.0,72.0,55.0,-3.92363541739793
339524,1430.0,131.0,103.0,1.35587963116823
211062,1919.0,1892.0,178.0,0.34143481651218
200526,1920.0,1885.0,54.0,-8.31371357864142
358137,1894.0,15.0,108.0,-6.35591245109453
97717,1899.0,1894.0,44.0,6.49164801786897
207703,1903.0,1890.0,178.0,-1.72023781632477
372594,1906.0,1910.0,109.0,4.73466066738688
437642,1915.0,1559.0,116.0,-3.08304312006955
185861,544.0,1917.0,174.0,-2.31745950966313
61049,1560.0,1914.0,10.0,0.874508531729601
169297,229.0,72.0,51.0,3.59221295299245
375208,20.0,1183.0,109.0,-6.45185287173627
322794,1899.0,5.0,100.0,1.05841582489932
174226,1342.0,47.0,52.0,-5.94498848604485
45489,146.0,1909.0,6.0,18.5599437582435
249377,1915.0,1892.0,70.0,-2.02701213335142
369921,1905.0,1923.0,180.0,-9.43426661070175
188875,146.0,1894.0,175.0,1.297094383394
88942,14.0,11.0,172.0,-2.36652804508841
259963,1876.0,1905.0,72.0,1.28233384176855
109769,1332.0,1886.0,45.0,-5.53880587996753
346310,163.0,1337.0,104.0,3.56345513906658
281760,544.0,1337.0,75.0,-7.88902863657948
181839,1886.0,1922.0,174.0,-0.148265279696347
399402,1348.0,1224.0,112.0,1.52567238117013
27748,604.0,1884.0,4.0,2.40406994938249
162227,150.0,1897.0,168.0,3.25057018963272
197568,147.0,11.0,54.0,0.402634267630662
111085,1348.0,1331.0,167.0,-2.41501738704188
198426,1880.0,1331.0,54.0,-7.10409070816796
230317,1884.0,1348.0,58.0,3.55692589207524
190744,1915.0,1889.0,175.0,-3.50735258154062
412930,748.0,1917.0,114.0,-1.26736377920421
375716,1905.0,1885.0,109.0,4.36561192226134
301059,1921.0,1927.0,98.0,8.80927391313668
220169,82.0,150.0,56.0,1.52162465576934
88975,1877.0,131.0,172.0,1.85960672769079
195912,604.0,20.0,176.0,-2.15777644599228
423460,1889.0,1910.0,115.0,-0.90658481651958
267012,1880.0,1923.0,74.0,-3.05880716818471
185228,1430.0,101.0,174.0,19.1205973446714
435564,164.0,1918.0,116.0,2.99098748184296
162183,72.0,1893.0,168.0,-0.401364543927052
49924,1888.0,1923.0,7.0,4.30553977366739
274416,101.0,1882.0,179.0,5.95390203374088
96134,72.0,17.0,44.0,1.08980508167798
250343,544.0,136.0,70.0,-7.03270692582675
337076,147.0,1903.0,103.0,-5.23530171794277
399764,163.0,195.0,112.0,3.17800084734928
199146,1899.0,1560.0,54.0,0.399868570447498
260409,1905.0,1927.0,72.0,-14.4178584409766
167998,1883.0,1912.0,51.0,-2.23653615316422
33207,1876.0,5.0,166.0,4.27562782119458
109851,229.0,120.0,45.0,5.58630653623747
279719,229.0,18.0,75.0,3.18323612492941
254279,229.0,604.0,71.0,-0.476509974034024
190985,1877.0,1224.0,175.0,1.4401647558961
238626,3.0,1671.0,60.0,-19.5785622096944
47961,1913.0,20.0,6.0,0.674202691816984
337438,1559.0,1901.0,103.0,5.43853833127833
45746,1885.0,1887.0,6.0,4.95139428990939
74561,1925.0,1896.0,13.0,2.36426049546463
33352,1925.0,1224.0,166.0,-3.57907147380884
251481,1884.0,5.0,71.0,3.54958488581004
263860,1926.0,160.0,73.0,4.69589499159706
321964,1886.0,17.0,100.0,-1.80520755504223
433369,1884.0,1908.0,116.0,-0.565827112239058
226408,1913.0,1907.0,57.0,-2.71003436389675
357294,147.0,1889.0,108.0,0.968949724629416
427140,1915.0,1430.0,115.0,3.20965849637359
73679,1919.0,1907.0,13.0,-6.52543159933369
435206,1671.0,1897.0,116.0,-1.82412592433493
64928,1900.0,1928.0,10.0,-2.63454532830344
341348,748.0,11.0,104.0,2.22242281001131
286196,604.0,1889.0,77.0,-6.32780798459202
368003,47.0,13.0,180.0,-0.757726705838347
337203,1909.0,17.0,103.0,6.56384612613572
367778,11.0,1901.0,180.0,-22.3626373254556
50523,1886.0,72.0,7.0,0.968614065219418
4721,1883.0,1908.0,1.0,4.76516871960208
26043,948.0,1890.0,4.0,-1.34559523777303
345046,1342.0,1893.0,104.0,3.0659099396613
174537,1919.0,1875.0,52.0,1.23428182132763
214302,150.0,5.0,55.0,-2.34011936561091
4613,1904.0,1560.0,1.0,1.02601858613714
268178,1559.0,1882.0,74.0,4.05712147565935
205635,1925.0,1885.0,177.0,11.7713882019802
344471,82.0,229.0,104.0,9.10460112871484
261260,1885.0,131.0,73.0,0.38445525842539
173712,5.0,1892.0,52.0,-15.8081550927424
310548,1888.0,1922.0,186.0,-5.50722607037852
28048,27.0,147.0,4.0,0.791098457484766
87371,85.0,147.0,172.0,-9.19332820773312
397014,146.0,164.0,112.0,-5.93351998032944
329701,544.0,1875.0,101.0,5.38674023564492
51452,1924.0,195.0,7.0,2.28550034075502
227196,229.0,1905.0,57.0,-2.2377527863254
343984,1878.0,1918.0,104.0,0.23499482289663
11450,48.0,1183.0,2.0,11.6964698219425
434098,1559.0,1224.0,116.0,1.15064483532798
242856,1898.0,1911.0,69.0,-1.00665702143044
60691,136.0,85.0,10.0,8.3382833402656
243528,1920.0,82.0,69.0,-0.863204398259289
330827,1892.0,1928.0,101.0,-3.46925115543375
167761,1902.0,17.0,51.0,1.02180953844122
252847,1901.0,788.0,71.0,3.9117586152355
195222,1926.0,72.0,176.0,-1.18512546556168
273158,164.0,1910.0,179.0,3.06254342024275
33468,1906.0,120.0,166.0,0.279905688849678
100306,1925.0,15.0,44.0,-9.36382192296872
263970,229.0,47.0,73.0,3.64586638946829
243619,1906.0,1883.0,69.0,4.29311432108108
437335,1919.0,1918.0,116.0,0.301702165953937
271125,1342.0,1890.0,74.0,-1.20206582793674
69536,1919.0,1224.0,12.0,-1.24318227965637
255449,1877.0,1560.0,71.0,-0.131369537079869
223059,544.0,1925.0,56.0,4.22502364383989
368917,1183.0,1918.0,180.0,-1.30704960117913
218589,27.0,1910.0,56.0,-7.27359488899758
321347,1896.0,17.0,100.0,-3.14281108355015
422812,1884.0,1889.0,115.0,2.54566233132359
170661,14.0,1927.0,51.0,2.12564249368589
195880,82.0,1893.0,176.0,5.09992577896341
179995,1905.0,1885.0,53.0,-2.04229830195662
218240,1912.0,1887.0,56.0,-5.97994700879447
103909,1919.0,131.0,173.0,7.94297649113612
265499,160.0,1888.0,73.0,2.26072886994256
32298,163.0,1913.0,166.0,4.49100532861479
26661,1909.0,164.0,4.0,9.44312758366185
438202,131.0,1928.0,116.0,-4.6280884893939
70707,1880.0,1560.0,13.0,-7.19946149584508
46517,1926.0,1914.0,6.0,3.47731668689696
172593,1897.0,82.0,52.0,2.3831475483264
377004,163.0,1878.0,109.0,7.25885803193131
425503,163.0,1899.0,115.0,10.1760275145876
223471,948.0,1342.0,57.0,-2.58604595114687
253356,1183.0,1893.0,71.0,-1.26173011348752
57301,20.0,1907.0,9.0,-1.56584172372462
311063,1890.0,1921.0,186.0,19.9433319044643
269065,1893.0,1927.0,74.0,-1.29591102250125
195618,1876.0,17.0,176.0,0.981544213000205
216224,1926.0,1431.0,55.0,3.72701919259419
111007,1880.0,788.0,167.0,-1.84504174061633
336019,1887.0,1928.0,102.0,0.523158818058055
111018,1337.0,1911.0,167.0,-0.791671838503368
373047,1904.0,1671.0,109.0,-0.193229691716993
338305,136.0,47.0,103.0,3.41328173833816
70123,1877.0,1337.0,12.0,1.77398865122436
181846,1559.0,1899.0,174.0,-0.473359402685462
98866,1925.0,146.0,44.0,8.80534649867505
13626,1894.0,1928.0,2.0,18.3754341377842
173944,1878.0,147.0,52.0,2.73376845145968
86895,1898.0,1896.0,172.0,-24.9911291155654
194563,1883.0,1923.0,176.0,-1.94780218908678
434268,1224.0,18.0,116.0,-0.0844052314114474
398747,1224.0,1890.0,112.0,-2.47533334449188
197593,1895.0,1922.0,54.0,4.19240838905511
266512,1347.0,1885.0,74.0,-1.79549338491681
60987,1891.0,5.0,10.0,3.62973270708733
85786,1897.0,1922.0,172.0,-0.214813399937743
357135,1894.0,1560.0,108.0,-7.49876280898688
371483,1925.0,1888.0,180.0,-0.856556073672506
48018,20.0,1890.0,6.0,-5.63756729964211
339912,3.0,1884.0,103.0,0.469148505032084
328279,85.0,120.0,101.0,0.006706958716491
101483,85.0,1882.0,173.0,-1.46406734127586
86276,1183.0,1909.0,172.0,14.2997178563196
282713,1885.0,147.0,77.0,-0.839622940570146
205988,1876.0,1879.0,177.0,-1.12159819930508
342514,1916.0,1890.0,104.0,-2.48167762508922
230165,1909.0,1922.0,58.0,-0.101421443075212
230545,101.0,147.0,58.0,12.2214504445508
343017,1912.0,1910.0,104.0,1.87337499401374
301221,85.0,1224.0,98.0,-1.17785235034224
197023,1906.0,1921.0,176.0,0.0960893996161852
283449,1888.0,1431.0,77.0,-1.69987392891463
269292,1430.0,1875.0,74.0,4.18577642914303
313979,1877.0,5.0,186.0,5.73774770622437
245291,1920.0,1878.0,69.0,1.56601376116666
280319,83.0,1879.0,75.0,-6.13958775960989
18778,1902.0,1902.0,3.0,-5.66884591340015
369284,120.0,195.0,180.0,2.32788601508483
388284,1885.0,1908.0,111.0,-14.7987487727432
216314,604.0,131.0,55.0,-1.17239833982628
172806,1904.0,1224.0,52.0,2.75663970287777
198068,1878.0,11.0,54.0,0.678480601980331
191917,748.0,1928.0,175.0,-6.23719103197147
369237,195.0,677.0,180.0,5.45826569396641
228634,1559.0,1224.0,58.0,6.64344027758239
286502,1925.0,1886.0,77.0,-2.36168235975135
265581,14.0,1906.0,73.0,3.83022259428736
74435,1905.0,544.0,13.0,-2.4225085827506
198262,47.0,1903.0,54.0,-1.42435854254478
211598,1876.0,1348.0,178.0,6.39266378311022
33270,1913.0,13.0,166.0,-3.46398654354806
110044,27.0,15.0,45.0,8.61148139083349
317465,85.0,1348.0,99.0,5.14080791208316
274303,1904.0,677.0,179.0,-2.59324251546379
187875,1898.0,1911.0,175.0,-5.91868289459044
73334,163.0,1906.0,13.0,5.54292170765883
179194,20.0,1899.0,53.0,-2.58537336705392
427672,1877.0,1878.0,115.0,-0.819573820845229
260805,1926.0,14.0,72.0,-6.86149359415765
164222,48.0,1881.0,168.0,14.3614419627625
311561,72.0,1921.0,186.0,0.0652356989211519
236341,20.0,150.0,60.0,1.45860358308417
233360,14.0,1900.0,58.0,2.6652304929222
304283,1877.0,544.0,98.0,0.211299494466004
103325,82.0,14.0,173.0,-3.05665048861091
87881,1901.0,1918.0,172.0,0.789980676520918
261711,948.0,1920.0,73.0,0.116249278919537
54405,147.0,1560.0,9.0,-0.0073932804890188
369374,164.0,1331.0,180.0,1.59267729446789
163365,1908.0,788.0,168.0,-0.534142378839995
190194,604.0,1913.0,175.0,6.9274714598437
224274,150.0,1922.0,57.0,-1.40686324422916
70838,1889.0,47.0,13.0,7.46403374618947
319555,163.0,147.0,99.0,0.246509539951334
27391,1332.0,1885.0,4.0,-2.16381672812081
237623,229.0,1892.0,60.0,2.47449659766293
14394,1560.0,1886.0,3.0,-2.461282692222
284615,1559.0,1900.0,77.0,1.62565495903235
224408,1887.0,1881.0,57.0,-2.86616392323336
173387,1887.0,788.0,52.0,1.94712378139685
642198,120.0,1902.0,174.0,-0.7703611839995474
47129,1905.0,1348.0,6.0,-5.93553782330923
336043,1331.0,1902.0,102.0,-5.87752554990992
73902,3.0,1914.0,13.0,4.57055552012852
18453,1905.0,1337.0,3.0,-12.7746793117102
312311,146.0,150.0,186.0,10.8957605904608
187507,677.0,1910.0,175.0,-3.04019346281145
169118,160.0,195.0,51.0,-8.52740015769391
14935,1348.0,13.0,3.0,-0.861708934211436
377307,1224.0,1928.0,109.0,1.55599334247336
87840,136.0,1884.0,172.0,-4.5279055348725
344269,20.0,72.0,104.0,-9.22740786431035
301887,1899.0,1878.0,98.0,-1.6522880145164
113358,83.0,14.0,167.0,11.8815760830486
339239,1919.0,1881.0,103.0,0.647647821155719
171279,1896.0,1928.0,51.0,2.7944076898566
243496,1926.0,1907.0,69.0,-10.0050086392754
375115,3.0,1922.0,109.0,7.77473288571356
318325,1877.0,1894.0,99.0,-5.13109050737154
322386,1878.0,85.0,100.0,-1.1402726383108
276958,85.0,1901.0,75.0,-1.95122109580876
368028,1183.0,1901.0,180.0,1.93611360765226
203139,1881.0,1888.0,177.0,-3.74268387570746
249130,1876.0,195.0,70.0,4.55665202974341
202092,160.0,14.0,54.0,-6.32096189652764
180248,27.0,1896.0,53.0,-9.71832710424323
87001,1899.0,1431.0,172.0,5.71660326746317
424145,1896.0,5.0,115.0,1.42644753257233
164699,1924.0,11.0,168.0,5.55992676355092
176779,1879.0,72.0,53.0,-1.90961553708516
300646,1881.0,1901.0,98.0,0.80289965696752
215861,83.0,1915.0,55.0,-1.30501737451021
214812,1887.0,1898.0,55.0,-2.66525579727615
336839,1888.0,1918.0,103.0,5.19067894712779
229985,27.0,1887.0,58.0,-6.40409266462647
216647,83.0,1906.0,55.0,-3.52819126828944
174606,48.0,1880.0,52.0,2.08943346710553
266683,1910.0,1923.0,74.0,-2.73395288655375
231293,1888.0,1903.0,58.0,-4.54498139935568
304712,48.0,1910.0,98.0,-7.53594869633947
282944,1559.0,1912.0,77.0,-0.913349328818574
256966,1875.0,146.0,72.0,-0.783332337325078
44312,150.0,1914.0,6.0,-2.41565032803367
313467,1430.0,146.0,186.0,-1.12575049001587
328386,948.0,748.0,101.0,-1.33936364125527
242754,13.0,18.0,69.0,-0.709517487829558
69727,1924.0,83.0,12.0,7.50742973057937
345282,48.0,13.0,104.0,-7.66788205585312
246062,82.0,1332.0,70.0,-6.36743874976909
328767,1915.0,1907.0,101.0,2.48259342942025
269528,20.0,1901.0,74.0,-8.24338165130138
176685,1891.0,1224.0,53.0,-7.16389873918996
372701,1889.0,1903.0,109.0,-0.0257067883650714
48794,27.0,1899.0,7.0,1.31837610381858
414199,1887.0,1890.0,114.0,1.50450640301828
314851,1920.0,1878.0,186.0,0.151136656466102
338853,1926.0,160.0,103.0,-2.22188954157785
230616,136.0,1891.0,58.0,4.47409646972803
67646,1908.0,1914.0,12.0,-2.3119302988502
57090,1332.0,1923.0,9.0,-10.3329118599533
17390,1925.0,655.0,3.0,-0.665828616910732
335582,1924.0,1900.0,102.0,1.29987686020409
225520,1885.0,1900.0,57.0,2.67984947284585
16793,544.0,788.0,3.0,-4.4610971220513
263942,544.0,1183.0,73.0,6.60314829108435
5252,1879.0,1348.0,1.0,-3.86774639455371
106134,1183.0,1910.0,45.0,3.73668309676528
375518,163.0,1881.0,109.0,-10.3301136261985
217284,1337.0,1878.0,55.0,-2.89478082627704
57923,82.0,11.0,9.0,11.4008966948587
398453,136.0,15.0,112.0,2.53905709728763
329160,1906.0,1892.0,101.0,-4.59167145723228
209934,1875.0,195.0,178.0,-4.52468210190417
339777,604.0,1892.0,103.0,3.08513026020711
333716,3.0,1922.0,102.0,-3.52096102578873
51694,1913.0,1915.0,7.0,7.18467552613842
226651,82.0,1885.0,57.0,16.8791709551597
105564,1896.0,1910.0,45.0,-2.78643361290078
171399,1907.0,1224.0,52.0,1.23865136642084
372683,1896.0,1907.0,109.0,-1.24750124842648
311867,1888.0,748.0,186.0,0.143766219995523
18865,1921.0,1928.0,3.0,16.2919110657919
324279,27.0,677.0,100.0,2.32548268899564
7169,1926.0,1347.0,1.0,-3.51203848132584
199427,1903.0,1921.0,54.0,-6.71327288939951
334120,1915.0,195.0,102.0,-3.00902314809418
248782,1915.0,1906.0,70.0,6.46551370849305
54349,1907.0,1901.0,9.0,1.94917272775379
253702,48.0,47.0,71.0,-9.52883291729589
267907,1897.0,1922.0,74.0,-3.98299525065138
326111,1922.0,788.0,101.0,0.797621062389364
96344,1880.0,1884.0,44.0,-0.0386153088779549
186828,147.0,15.0,175.0,-0.237095672043935
184452,655.0,85.0,174.0,-7.0687271834238
210198,1878.0,1921.0,178.0,-0.909509109433743
424447,1875.0,1888.0,115.0,1.11171665791739
344490,655.0,164.0,104.0,8.05853840075075
28179,1877.0,1912.0,4.0,3.098789570289
110949,1886.0,1560.0,167.0,-10.146792638741
249147,1342.0,1880.0,70.0,7.46934554029183
31606,1912.0,1921.0,166.0,3.20904885242623
326093,72.0,1881.0,101.0,2.05615359435171
646717,948.0,544.0,176.0,4.387573009174336
436689,1925.0,163.0,116.0,11.342700860837
169707,1906.0,101.0,51.0,7.26605886721175
45476,1875.0,1895.0,6.0,-3.65766792719474
107419,1912.0,1910.0,45.0,-1.94552762529324
251043,1889.0,1224.0,71.0,-5.67424942052983
43636,1560.0,1927.0,6.0,0.642067122111763
112530,82.0,1911.0,167.0,1.97437259676449
18167,1925.0,136.0,3.0,-7.97670809061223
302243,1883.0,18.0,98.0,9.76115588461827
223451,47.0,1893.0,57.0,1.02721496147599
178634,20.0,1911.0,53.0,-7.44414818047435
201146,14.0,1348.0,54.0,-2.94046752378372
321954,1906.0,1332.0,100.0,-2.59203597588933
319274,48.0,1877.0,99.0,-15.2194646495677
97260,1559.0,1560.0,44.0,18.0127692096406
261078,1894.0,72.0,73.0,-0.277798828422551
433443,1907.0,13.0,116.0,-0.724801918965931
413201,1898.0,1918.0,114.0,-0.936031493093006
424721,748.0,150.0,115.0,-0.380020801610545
284693,948.0,1926.0,77.0,-2.65809662237881
425705,604.0,1908.0,115.0,-0.758048096862851
238422,82.0,1882.0,60.0,3.11352554672393
189690,82.0,1183.0,175.0,6.01610547210748
321895,1878.0,1883.0,100.0,1.62611887753708
251342,1881.0,1347.0,71.0,-7.90295198458834
52768,1905.0,1917.0,7.0,-4.12752671151505
173732,1331.0,1922.0,52.0,1.23818709021552
304441,1430.0,15.0,98.0,14.6660777245982
376856,1876.0,1882.0,109.0,9.63858926729475
221555,1925.0,163.0,56.0,19.5401396949829
325930,1183.0,1908.0,101.0,1.67793099558878
313803,1925.0,1892.0,186.0,-3.62262654519384
112592,15.0,788.0,167.0,-1.51300306347267
264482,163.0,5.0,73.0,1.64034506370899
374589,1875.0,748.0,109.0,-7.0733594666312
398993,101.0,1897.0,112.0,1.20452686911814
57291,1905.0,1907.0,9.0,-4.36634411400022
337736,1878.0,748.0,103.0,5.58650858242515
219502,1431.0,1907.0,56.0,-9.19927389015532
318198,655.0,1907.0,99.0,-3.60771917230245
338807,17.0,1914.0,103.0,2.69989659549712
13163,1919.0,1906.0,2.0,2.35064111624579
389858,1430.0,677.0,111.0,1.76056200486351
320982,1560.0,11.0,100.0,-5.32806602685746
357708,1348.0,1927.0,108.0,1.6854803334388
103372,1876.0,1894.0,173.0,-1.3266524567127
265727,1919.0,15.0,73.0,12.923560979845
267462,1332.0,1910.0,74.0,0.0164132126645186
177354,1903.0,1671.0,53.0,-0.74418770468869
103381,27.0,1923.0,173.0,0.214781271076051
61659,1879.0,1884.0,10.0,-2.21664018302996
359790,82.0,195.0,108.0,-0.60345991400343
185803,1925.0,1889.0,174.0,5.24377472339676
369345,85.0,1927.0,180.0,-9.63034741472563
182577,1903.0,1431.0,174.0,5.40064695555316
263666,948.0,1921.0,73.0,3.21937076274221
249844,1920.0,544.0,70.0,1.47412157934327
44152,1902.0,1907.0,6.0,0.309116832034299
375755,1913.0,544.0,109.0,-7.08604883746781
435212,1892.0,18.0,116.0,-3.29502200637168
358519,1890.0,1923.0,108.0,0.172231589250241
339389,160.0,1881.0,103.0,3.44381448893108
189875,1920.0,1894.0,175.0,-5.05791646893062
225320,136.0,748.0,57.0,10.5643683111209
62316,1881.0,1907.0,10.0,-0.99591404888645
184104,82.0,1332.0,174.0,-5.52739018742147
188757,1891.0,1912.0,175.0,4.8098126332261
44757,1875.0,15.0,6.0,-2.93987361715373
10621,1899.0,1910.0,2.0,0.874747144229966
213311,1896.0,1886.0,55.0,7.73701155309839
412924,136.0,15.0,114.0,-1.78522019060936
252462,1889.0,1907.0,71.0,1.75962945265554
221984,544.0,1905.0,56.0,-0.798591325173418
26291,101.0,13.0,4.0,0.862999881101238
313241,27.0,1901.0,186.0,3.81429711532088
107122,72.0,17.0,45.0,-1.78531022082128
284421,1880.0,1904.0,77.0,-2.06070174486684
203213,1884.0,72.0,177.0,1.31148923770125
54919,1912.0,1889.0,9.0,0.72359691619801
167107,1894.0,1910.0,51.0,2.17541823543588
250442,229.0,1342.0,70.0,-0.906478452250829
235140,1885.0,1887.0,60.0,-1.43203299701071
264620,1925.0,5.0,73.0,5.71322561528343
163292,18.0,1923.0,168.0,1.30393581083219
210756,83.0,1901.0,178.0,1.88657599163561
185011,604.0,1914.0,174.0,-0.791530000216857
101776,1888.0,1916.0,173.0,0.674537615496155
425453,1879.0,1348.0,115.0,3.72332875340235
371917,1924.0,677.0,180.0,0.260884126897775
277979,1559.0,1875.0,75.0,1.97789665408855
57663,1905.0,131.0,9.0,-1.13997129211896
9192,131.0,1901.0,2.0,-30.1606504892527
238304,14.0,1912.0,60.0,-2.52048195509524
251416,13.0,15.0,71.0,6.69869749433409
317899,948.0,47.0,99.0,-4.34268441050966
4216,1559.0,1897.0,1.0,4.82361250455146
102043,146.0,1927.0,173.0,-2.13273661992516
424879,1347.0,5.0,115.0,-1.40504732100329
248823,1332.0,1183.0,70.0,-2.16938962809992
320945,1912.0,1918.0,100.0,-1.49114246740034
317608,1899.0,85.0,99.0,2.87556162527371
104277,1430.0,544.0,173.0,2.33869410210654
13282,604.0,748.0,2.0,-1.61368481321024
196639,1877.0,1430.0,176.0,7.13427596084184
106080,948.0,1904.0,45.0,14.2790156936785
71053,1331.0,1886.0,13.0,-5.67311581004829
400979,1332.0,136.0,112.0,3.02669212406997
196680,1926.0,948.0,176.0,4.26214843269707
6295,1916.0,1882.0,1.0,0.713328383429532
241140,1885.0,11.0,69.0,-0.516851040686677
332786,101.0,146.0,102.0,15.2442511331808
312731,1899.0,1887.0,186.0,3.56083407413367
218578,15.0,131.0,56.0,-6.36378275575461
190059,1913.0,1915.0,175.0,0.354630681901133
323383,1430.0,1875.0,100.0,-3.48455288380686
358748,1671.0,1908.0,108.0,29.3503695697568
263799,146.0,1881.0,73.0,0.641769055703636
170621,1920.0,120.0,51.0,1.3265896591011
242139,1880.0,72.0,69.0,-1.38152957072407
300752,1881.0,1916.0,98.0,2.10168216625931
332441,147.0,1911.0,102.0,-1.75436009992991
258567,1895.0,5.0,72.0,2.93004911707875
212014,544.0,1886.0,178.0,4.38869697148284
301065,146.0,1888.0,98.0,0.446632427032998
6547,544.0,1894.0,1.0,15.1474539246827
170667,1920.0,1342.0,51.0,1.79987234889817
249832,1876.0,1889.0,70.0,-1.37308499632992
318966,655.0,1893.0,99.0,11.0466890060007
252432,1559.0,1907.0,71.0,-3.11622202866827
62513,1875.0,1896.0,10.0,2.36785000095351
376594,1925.0,147.0,109.0,-0.673678897287709
310580,1895.0,1907.0,186.0,2.06772613638336
32669,544.0,5.0,166.0,7.71125938985616
344446,1430.0,1901.0,104.0,1.94593793799888
346280,1926.0,1337.0,104.0,2.74896582205941
370234,1925.0,72.0,180.0,1.20561329310266
413165,1899.0,1224.0,114.0,1.56697111635365
187622,1889.0,150.0,175.0,-16.54298302429
247907,146.0,13.0,70.0,2.41573735729934
248139,1897.0,1923.0,70.0,5.21163402384008
259401,83.0,1879.0,72.0,1.83065669330016
169314,1926.0,164.0,51.0,2.62481156343265
360076,27.0,131.0,108.0,3.27515125761945
223085,1919.0,1902.0,56.0,7.42038603517282
165077,3.0,27.0,168.0,0.732988477804103
60803,164.0,131.0,10.0,1.86786585147619
370386,163.0,1909.0,180.0,11.2521094357457
416749,1913.0,13.0,114.0,3.87108490702506
336893,1885.0,1901.0,103.0,-2.04570214187231
57557,229.0,1901.0,9.0,0.916046295601535
391139,160.0,1925.0,111.0,11.1788647147114
6469,1920.0,1883.0,1.0,0.935375097320992
369719,948.0,20.0,180.0,2.60616506534126
202357,1559.0,1921.0,177.0,5.12532718044281
56480,1912.0,72.0,9.0,-0.482645315066642
190409,1906.0,101.0,175.0,3.45816495679024
340519,544.0,1920.0,103.0,0.735530730290776
231884,163.0,1914.0,58.0,0.80240075187465
11217,948.0,1885.0,2.0,-0.134129640760295
312598,1916.0,1918.0,186.0,6.35840767882788
301645,1884.0,5.0,98.0,0.887414854989588
280160,1925.0,1901.0,75.0,0.53002699225456
103706,20.0,195.0,173.0,2.68833323834815
414237,1899.0,150.0,114.0,-1.46822011306056
196187,655.0,1889.0,176.0,-3.60295998600817
359024,1878.0,1898.0,108.0,-1.05126867306389
87091,164.0,1916.0,172.0,-2.31820477509461
413934,13.0,1901.0,114.0,1.42343484939358
243814,1337.0,195.0,69.0,1.20542895640484
344851,1430.0,17.0,104.0,-4.58227084105447
47385,1906.0,1888.0,6.0,1.82379881882412
256816,1894.0,1914.0,72.0,1.13571331312084
271239,655.0,1906.0,74.0,5.38152941996689
264324,604.0,1880.0,73.0,-0.947778035451763
52293,1920.0,1884.0,7.0,3.02230516955691
169787,20.0,1431.0,51.0,-6.95291399748729
15922,101.0,1900.0,3.0,-5.81389453760602
416531,1919.0,1889.0,114.0,-0.830319867773024
6631,1905.0,1875.0,1.0,-4.47258134220771
57941,1915.0,1896.0,9.0,-7.52811291839912
53375,1342.0,14.0,7.0,8.0640103354441
71189,1915.0,1910.0,13.0,3.53691448975353
321592,72.0,1903.0,100.0,-1.70931926896084
86697,1895.0,17.0,172.0,-0.043369858958727
208603,1908.0,1892.0,178.0,-9.04774042436378
316505,1881.0,1896.0,99.0,-7.5335534838281
252220,15.0,1922.0,71.0,-3.61168690051805
276783,48.0,1902.0,179.0,-7.96297909986821
340810,1906.0,1903.0,103.0,1.9461670706683
435433,1886.0,1908.0,116.0,-0.50039471359192
205060,72.0,1912.0,177.0,-4.08641615141667
44292,1916.0,15.0,6.0,1.50966644597213
97021,195.0,788.0,44.0,0.908298836101256
245848,1897.0,15.0,70.0,-3.3062425527027
246178,1560.0,131.0,70.0,-1.5239018826772
62547,85.0,5.0,10.0,3.02798177796038
334554,3.0,1892.0,102.0,-6.47010329555383
301196,15.0,1927.0,98.0,3.82152103122138
639596,1903.0,1902.0,99.0,-2.5675440659731463
331016,47.0,1921.0,102.0,17.8118986231514
108257,1908.0,1901.0,45.0,2.36553696121949
228358,1927.0,1902.0,57.0,-3.32693047215864
433284,47.0,748.0,116.0,-6.78125611314446
416382,1925.0,11.0,114.0,-8.37225623050424
185960,163.0,147.0,174.0,1.35082138520802
43880,1895.0,1916.0,6.0,2.22512901492424
333915,655.0,1919.0,102.0,-2.02891178478976
425362,150.0,788.0,115.0,1.21992976497613
52777,1919.0,1917.0,7.0,-0.369171988801618
300338,1904.0,1224.0,98.0,-6.56036337864583
4246,1903.0,1890.0,1.0,2.94544286954306
332169,1902.0,1919.0,102.0,3.17671668483874
18779,1912.0,1928.0,3.0,-1.69514529321394
199216,1899.0,1887.0,54.0,-0.584438247580039
225194,1224.0,18.0,57.0,4.99807340549455
273237,544.0,1889.0,179.0,6.45419403595078
369670,85.0,150.0,180.0,-3.80697846796943
69735,48.0,83.0,12.0,-3.0170577148678
214557,1431.0,1890.0,55.0,-5.60767194474566
311910,1896.0,1671.0,186.0,-6.41009902526814
225931,150.0,1900.0,57.0,4.84981444667075
284008,1903.0,1898.0,77.0,0.568563100030225
27473,1906.0,17.0,4.0,-1.45479115548121
359572,544.0,1907.0,108.0,1.07801977852589
66980,1560.0,1916.0,12.0,2.36026085187479
334012,1924.0,18.0,102.0,0.381440398576435
320543,1917.0,1892.0,100.0,-14.8701412299465
369230,164.0,1348.0,180.0,-3.36003253722025
280582,1337.0,1893.0,75.0,-11.840118847842
8312,655.0,1890.0,1.0,1.41672890900585
18656,655.0,677.0,3.0,0.325751244527296
244015,48.0,604.0,69.0,3.60189930489097
192324,948.0,136.0,176.0,4.03282610735539
427972,1224.0,1902.0,115.0,0.623720687327471
217703,655.0,1925.0,55.0,4.983001536993
31407,1875.0,1348.0,166.0,-10.6876225176857
324409,160.0,1915.0,100.0,0.0113144029938518
254999,1926.0,1912.0,71.0,5.64137423357099
95487,1224.0,1890.0,44.0,0.537870171392537
205961,1430.0,1891.0,177.0,5.14922609890612
56609,1887.0,13.0,9.0,-4.32027164681916
264457,604.0,1914.0,73.0,2.01958568145029
369534,136.0,748.0,180.0,14.8335451040982
52817,83.0,1917.0,7.0,-0.645858422301373
162338,1912.0,1881.0,168.0,-0.637582610250238
28771,1430.0,1560.0,4.0,-2.75062958058705
100406,1905.0,1928.0,44.0,-5.49543120291621
258446,1348.0,18.0,72.0,0.991635948725614
373663,1896.0,1918.0,109.0,8.29092002650973
357912,164.0,120.0,108.0,3.35700465114306
259193,1924.0,1885.0,72.0,-0.751898615154055
339186,1430.0,164.0,103.0,6.05841083998326
62824,1877.0,1919.0,10.0,5.81592763109319
245929,1183.0,1886.0,70.0,-1.86118267153449
170721,82.0,15.0,51.0,1.21575292213273
165398,14.0,1559.0,168.0,1.87327726121028
88287,20.0,1875.0,172.0,-0.652938002082566
62390,1879.0,1921.0,10.0,-4.87158159153261
358463,1337.0,1899.0,108.0,-2.99049904116491
101066,1886.0,1911.0,173.0,0.577866597309784
265238,1876.0,1918.0,73.0,6.08291507768597
252456,147.0,1927.0,71.0,8.1812489383483
44392,85.0,1921.0,6.0,-6.23033477700863
26459,1904.0,1910.0,4.0,-0.782002911263114
12130,1905.0,17.0,2.0,-0.0731457742749486
30454,1880.0,85.0,166.0,-8.93294582521113
436989,1919.0,1893.0,116.0,14.9748234436872
261851,1879.0,1922.0,73.0,-1.99717243225747
233211,83.0,1903.0,58.0,-8.0103088876224
114158,1906.0,677.0,167.0,2.59031198269036
624681,1893.0,1902.0,6.0,9.17303320215946
253732,1342.0,1883.0,71.0,-0.522095046544389
213001,1899.0,5.0,55.0,-3.06687857799928
11024,47.0,1921.0,2.0,20.6422770859238
15690,1875.0,1560.0,3.0,-4.12998777285866
162140,1880.0,1886.0,168.0,-4.18111760985799
32211,1925.0,18.0,166.0,-2.30375715077935
214736,72.0,11.0,55.0,6.34380279370433
55626,136.0,1893.0,9.0,-0.97850490532713
272409,1905.0,1332.0,179.0,2.73083445373522
423935,1879.0,1912.0,115.0,-1.37835886075237
416503,1342.0,20.0,114.0,-4.07026118545376
375686,1430.0,1904.0,109.0,-0.532127835372282
226433,1919.0,1875.0,57.0,1.55676690383835
45095,1902.0,1922.0,6.0,-2.84092542819062
397479,1897.0,1431.0,112.0,2.13343969105563
283925,1911.0,18.0,77.0,-0.073706565228091
360540,27.0,1889.0,108.0,0.596810239285991
15878,1886.0,1890.0,3.0,1.06572438712069
183382,1902.0,1560.0,174.0,-0.878168507157385
224418,948.0,1671.0,57.0,-2.45282405961138
48849,85.0,1916.0,7.0,-0.759455629997497
199781,1909.0,72.0,54.0,-1.90321104838139
376995,163.0,1921.0,109.0,-23.3127514618971
340541,27.0,1559.0,103.0,0.776824437044861
424570,1886.0,1881.0,115.0,-0.73106698373755
85386,1903.0,1882.0,172.0,-2.51659753145671
330112,27.0,1671.0,101.0,-14.1977601447127
319334,20.0,1895.0,99.0,-4.24038016615816
176782,1224.0,1921.0,53.0,5.73007374029454
648616,1883.0,1902.0,54.0,0.8727786117868265
330060,163.0,1920.0,101.0,-2.46955749715427
34086,1913.0,47.0,166.0,-4.03577129087554
367823,1904.0,1331.0,180.0,-0.650350203721057
331053,948.0,1924.0,102.0,4.17035689658662
15540,1908.0,1916.0,3.0,-5.89182699317729
435769,1913.0,1898.0,116.0,-0.0451440569770988
357359,1347.0,1908.0,108.0,-7.10876662672224
109621,1924.0,1917.0,45.0,-15.9450546801845
183723,1888.0,11.0,174.0,-0.869515666131765
262541,1431.0,1348.0,73.0,2.88063928336063
110617,1883.0,1347.0,167.0,3.10774815785412
190264,20.0,1909.0,175.0,-9.88570809112196
165708,27.0,85.0,168.0,-0.471232730183109
390329,1342.0,1912.0,111.0,-8.95535535602235
209549,1909.0,1431.0,178.0,14.8512695087697
390476,27.0,1224.0,111.0,-3.95918361134301
186651,3.0,1902.0,174.0,0.962061872506642
346246,163.0,14.0,104.0,4.62965405447853
7290,1337.0,677.0,1.0,9.22259099536164
174076,1887.0,1908.0,52.0,0.908731213491553
199676,1904.0,1560.0,54.0,1.81213546790834
303848,1906.0,1895.0,98.0,-3.25225459996192
244673,48.0,1348.0,69.0,1.69343304209245
232885,83.0,1886.0,58.0,-8.10078206935333
329781,83.0,1918.0,101.0,0.788191287300258
185790,1913.0,147.0,174.0,-1.81722305716064
267047,1886.0,1901.0,74.0,-0.218348374846581
416807,655.0,1912.0,114.0,17.5782376407036
230639,1884.0,748.0,58.0,-0.694540240573965
183448,1560.0,1886.0,174.0,0.405680886658704
48007,1924.0,677.0,6.0,2.14318885399195
166295,13.0,1927.0,51.0,7.18763202674515
89268,83.0,1906.0,172.0,5.35150607381476
256156,83.0,1911.0,72.0,-1.23999045191551
258411,1899.0,195.0,72.0,-0.818329248031659
426579,160.0,1892.0,115.0,5.85309680358744
243395,3.0,1183.0,69.0,-4.18670987241292
302364,147.0,13.0,98.0,5.34653281201986
64543,604.0,748.0,10.0,17.5784676628408
225815,1897.0,13.0,57.0,-2.81863959488853
278113,195.0,1900.0,75.0,-1.3386288061015
238625,1925.0,1671.0,60.0,-5.37713596854316
218624,1879.0,47.0,56.0,-3.57698266681054
256048,748.0,195.0,72.0,-3.75687868972826
178717,1905.0,150.0,53.0,4.13208603996734
328925,163.0,1880.0,101.0,0.471784900090678
270847,1913.0,748.0,74.0,0.981110008354114
186472,604.0,1882.0,174.0,1.80115328404697
225426,146.0,1888.0,57.0,5.13367705555674
282375,1886.0,1907.0,77.0,-1.08061072557896
235467,1881.0,1918.0,60.0,-3.9976547555235
423367,1891.0,72.0,115.0,1.00001128910771
175811,3.0,136.0,52.0,3.83355263793762
245279,20.0,1903.0,69.0,-0.263918314749109
317000,1879.0,1893.0,99.0,-0.435470557975106
210006,1878.0,1882.0,178.0,4.24136378352524
6918,544.0,1901.0,1.0,-6.28925989900857
273381,1884.0,1671.0,179.0,-3.01226900378566
50075,1889.0,72.0,7.0,-0.907708325073081
6808,1337.0,229.0,1.0,7.25043363439312
32094,1430.0,72.0,166.0,2.94501232945321
98998,1924.0,1347.0,44.0,-4.38344003656475
247680,1909.0,1331.0,70.0,15.0759187441336
165451,14.0,748.0,168.0,0.226434472073719
65615,1183.0,150.0,12.0,3.8450859513316
269277,1876.0,14.0,74.0,-5.17547386702828
10610,1875.0,5.0,2.0,4.53548276544161
371737,48.0,748.0,180.0,-4.58539867337352
302335,1183.0,1891.0,98.0,-1.1731207655295
13535,544.0,14.0,2.0,-4.57314015408638
105859,1892.0,1890.0,45.0,-3.96621684635689
14098,948.0,1877.0,3.0,-0.335587653624242
415597,1925.0,1894.0,114.0,8.97990030384095
15871,1891.0,1889.0,3.0,2.57875008088507
221749,229.0,1892.0,56.0,11.4500581986919
175357,1924.0,1879.0,52.0,-15.299624639316
633722,72.0,1902.0,10.0,-5.60413520741878
317723,748.0,1922.0,99.0,-5.56732630927262
389718,83.0,1914.0,111.0,0.790298066671498
59862,1348.0,1908.0,10.0,4.20653987112189
161615,1900.0,1560.0,168.0,-2.2406607840488
331114,101.0,1923.0,102.0,0.936798304838785
213478,948.0,1890.0,55.0,1.16149305229604
33816,1906.0,15.0,166.0,2.27329562298039
223629,1912.0,1917.0,57.0,-14.1349130177888
281234,1925.0,120.0,75.0,5.23060736620913
232471,1906.0,1889.0,58.0,-6.70358161339064
330847,1879.0,1918.0,102.0,-2.77495939243787
254064,20.0,229.0,71.0,-6.76966137216989
105846,1893.0,1911.0,45.0,-2.47007062503159
165202,1915.0,1430.0,168.0,1.29012163173804
214487,1885.0,131.0,55.0,-2.60805511089107
183916,1884.0,1900.0,174.0,3.82067927070115
414882,1331.0,18.0,114.0,-0.452307994893776
374076,136.0,1894.0,109.0,8.86053580775286
197811,748.0,17.0,54.0,3.45197790346528
69174,1920.0,544.0,12.0,-1.58642139697556
277334,1884.0,18.0,75.0,-0.870528431201652
332003,1917.0,1921.0,102.0,2.08917128087131
323309,3.0,1922.0,100.0,2.49609997177421
71295,1559.0,1224.0,13.0,3.62134772746275
267520,1917.0,17.0,74.0,-4.03197571585586
263122,1898.0,1911.0,73.0,-0.770565481703454
438275,1904.0,1928.0,116.0,-1.35705331406039
64817,160.0,1910.0,10.0,-4.67688669694414
260644,604.0,1890.0,72.0,2.07258427839852
101519,1893.0,1889.0,173.0,0.0870071959457037
222128,48.0,27.0,56.0,18.1647669070608
371098,1925.0,1875.0,180.0,2.10875248069618
413856,1224.0,1910.0,114.0,-0.686659431637787
300380,150.0,1900.0,98.0,1.02753712762585
182190,150.0,1923.0,174.0,-1.91369716381887
105876,13.0,1882.0,45.0,5.66293748519675
332626,1912.0,1892.0,102.0,-10.479259527382
104810,1925.0,1927.0,173.0,-6.45308905925814
175448,163.0,1430.0,52.0,4.19316761441067
198621,1908.0,1916.0,54.0,1.33667528210163
105645,1913.0,1898.0,45.0,7.97420752032671
173820,1331.0,1917.0,52.0,4.17588549388286
374172,1907.0,677.0,109.0,-1.19295446582937
56744,1882.0,1921.0,9.0,9.96406841060257
169068,229.0,1907.0,51.0,-2.39953624103452
436942,48.0,1891.0,116.0,11.8342644975953
231160,1913.0,1332.0,58.0,-8.31733109150691
95886,136.0,1889.0,44.0,-6.55446119952162
188177,1183.0,146.0,175.0,-6.0404011564327
324126,1876.0,1884.0,100.0,-1.60428057867397
226672,1906.0,1904.0,57.0,1.62506696021769
259827,160.0,1915.0,72.0,-0.634148674663125
242444,1888.0,1907.0,69.0,-4.08035589236141
327320,1894.0,15.0,101.0,2.17997902024951
102514,1887.0,1224.0,173.0,0.430483674405548
164112,604.0,1887.0,168.0,-1.05971218268464
30732,1889.0,1907.0,166.0,-4.10416605682383
75551,1906.0,1921.0,13.0,-5.6895754048243
216316,83.0,1891.0,55.0,-0.612470638179955
213975,1900.0,1895.0,55.0,9.14059286674699
254755,1920.0,544.0,71.0,-7.98806553930084
251641,1884.0,1903.0,71.0,2.49206252080737
111428,136.0,1889.0,167.0,-3.39468065971145
255804,1882.0,1902.0,71.0,-0.986069718964715
274488,27.0,1919.0,179.0,-0.611613377438552
312000,1671.0,11.0,186.0,5.05377593921124
328971,163.0,1914.0,101.0,-1.02555946455632
109528,229.0,1348.0,45.0,-4.74749029780708
329484,604.0,1884.0,101.0,4.09829402473427
260846,83.0,1890.0,72.0,-1.79810682316534
101218,1904.0,11.0,173.0,4.18447605393612
338538,1917.0,1922.0,103.0,1.75406597859304
246358,1903.0,131.0,70.0,-3.70970509037557
57992,1924.0,11.0,9.0,2.63153552354452
64392,1876.0,748.0,10.0,15.2570811134167
191503,229.0,1900.0,175.0,0.0316860800233748
334340,1430.0,1885.0,102.0,-3.97148923648092
237603,3.0,1892.0,60.0,-11.5511711552607
212279,160.0,1878.0,178.0,-1.70799233607321
189005,1907.0,1224.0,175.0,-0.511463870561319
271838,1896.0,1889.0,179.0,1.25222725755089
172722,1912.0,1908.0,52.0,0.62300284548855
280462,604.0,655.0,75.0,3.35002744243915
98051,146.0,1560.0,44.0,-0.0738679154348859
182405,1878.0,1224.0,174.0,-1.10212776456212
217340,1342.0,748.0,55.0,-2.21533002591054
268175,1900.0,1901.0,74.0,4.67070211870197
424903,948.0,1911.0,115.0,-2.35048472048428
242489,1879.0,1927.0,69.0,-6.80869696417552
227445,1906.0,1918.0,57.0,-1.36876857779824
210506,1337.0,1875.0,178.0,-22.5140972163166
248373,1899.0,1911.0,70.0,-0.559588528489912
11938,83.0,229.0,2.0,2.04543094506666
277264,150.0,1900.0,75.0,2.75236972305417
170509,1924.0,1927.0,51.0,-0.121167928916653
257669,1886.0,13.0,72.0,3.13834808596167
273743,1878.0,677.0,179.0,-2.79531265887882
214146,1559.0,1560.0,55.0,-5.67681368311249
104557,1342.0,1889.0,173.0,0.174097469859761
62570,1909.0,1904.0,10.0,4.07477638287861
13684,1918.0,1928.0,2.0,1.81453405592261
209646,1894.0,164.0,178.0,10.3220333547877
175501,1925.0,1348.0,52.0,-0.478882811866151
226021,163.0,1906.0,57.0,0.163633634279807
200425,655.0,1880.0,54.0,12.3423331938745
198611,1883.0,1918.0,54.0,-1.15535227999405
234539,1884.0,1883.0,60.0,0.863913495809088
106878,1431.0,1887.0,45.0,3.6220010292473
99602,48.0,1917.0,44.0,-9.69084569604783
186098,48.0,120.0,174.0,-13.6358588845506
171533,1559.0,1891.0,52.0,-1.65840274697413
169820,1430.0,1884.0,51.0,-1.47482750596121
178576,1896.0,1348.0,53.0,-4.03228092403602
12909,1913.0,1886.0,2.0,-1.07069479264667
217105,82.0,1559.0,55.0,3.2482149750541
90426,1921.0,1902.0,172.0,6.03662563735106
27025,1924.0,1898.0,4.0,-5.62588023748668
233113,604.0,1342.0,58.0,9.06964648536172
69127,27.0,18.0,12.0,5.60753922346118
182708,1902.0,1882.0,174.0,1.87710557280973
189673,3.0,1183.0,175.0,-0.546317114676799
169501,160.0,1331.0,51.0,-4.8610913163192
398899,72.0,1907.0,112.0,-4.29572914659477
327589,1347.0,1885.0,101.0,-1.04883788731395
198955,1560.0,1883.0,54.0,-0.524303990588299
208985,1890.0,788.0,178.0,-1.23107436840033
375452,1924.0,1887.0,109.0,6.36637846058066
180587,3.0,1875.0,53.0,-1.08502514836378
204283,1895.0,1911.0,177.0,-4.89588825804677
265246,83.0,147.0,73.0,-1.3288353980042
276490,1332.0,1560.0,179.0,-4.82506271636751
252339,1899.0,1914.0,71.0,4.9994718647711
97573,150.0,1911.0,44.0,-8.5176371077533
29052,1923.0,1902.0,4.0,-3.25147627466211
213063,150.0,15.0,55.0,8.89516148631566
242173,1883.0,1916.0,69.0,0.0233459566549607
242027,1431.0,1901.0,69.0,1.23790450509359
226269,604.0,195.0,57.0,-2.87202645556175
205034,1903.0,1911.0,177.0,-4.23866314583579
264471,160.0,1331.0,73.0,-14.2406485252362
424139,948.0,1431.0,115.0,-3.64534983145973
85576,1907.0,1890.0,172.0,2.06851721231785
273447,1332.0,1898.0,179.0,-0.82258399578301
60063,1903.0,1671.0,10.0,1.80292868481296
371924,1876.0,1560.0,180.0,-3.07436762219748
24728,1916.0,11.0,4.0,-0.937204043356895
65825,1912.0,1896.0,12.0,7.37275849085345
102978,1183.0,1910.0,173.0,-0.759951565319298
11374,655.0,1899.0,2.0,6.53782612384624
75304,1920.0,1890.0,13.0,3.77479789145844
203621,101.0,1903.0,177.0,3.89157273441722
372161,1896.0,1928.0,180.0,2.47162932535513
193644,1891.0,1890.0,176.0,1.86221813804338
181886,5.0,1927.0,174.0,-0.425814814733566
34034,604.0,3.0,166.0,-4.67881245685916
32593,229.0,604.0,166.0,1.22438658105698
215169,1879.0,1882.0,55.0,1.8667963139693
275967,27.0,1224.0,179.0,-0.877680830482908
425718,163.0,1183.0,115.0,1.33181728751634
167156,1880.0,1909.0,51.0,5.53174408921396
107162,1881.0,15.0,45.0,-2.60331971547186
342152,948.0,1880.0,104.0,-1.04859111877899
639640,1885.0,1902.0,100.0,0.981287947177746
67461,1337.0,150.0,12.0,5.34568671815108
194708,1875.0,1884.0,176.0,-1.76461241051517
97004,1183.0,120.0,44.0,4.58627906380857
56226,146.0,1923.0,9.0,0.55432761606204
201586,27.0,1912.0,54.0,-1.65596585242603
361329,655.0,1878.0,108.0,22.9666153058425
4770,1885.0,1914.0,1.0,-0.291696628472439
6566,48.0,1923.0,1.0,-1.28049700078087
283993,1881.0,1347.0,77.0,6.26228334960015
220583,47.0,1897.0,56.0,-5.93915626732032
66513,1342.0,1332.0,12.0,-7.52962082651135
263827,47.0,1888.0,73.0,-3.75689795720441
55969,1912.0,1887.0,9.0,-2.98362446495604
436443,163.0,1881.0,116.0,-3.20384808911785
227610,1905.0,120.0,57.0,2.32525579031765
262284,47.0,15.0,73.0,6.1051569789264
55158,1914.0,1892.0,9.0,14.1878338356481
224234,1894.0,131.0,57.0,-0.848033853563637
435008,1348.0,131.0,116.0,2.89859972188039
230104,1908.0,1927.0,58.0,-1.7247821396643
265544,604.0,136.0,73.0,4.32777368695555
89245,83.0,18.0,172.0,-2.31227057677507
58372,3.0,1889.0,9.0,0.400378778902394
33726,1877.0,1430.0,166.0,-0.805662464571337
231523,229.0,1907.0,58.0,-1.00399721044391
241158,1902.0,788.0,69.0,7.21390100902328
177774,748.0,150.0,53.0,-19.414247237869
210890,82.0,1331.0,178.0,-8.94944558715977
222072,604.0,27.0,56.0,6.20780108811408
417728,1876.0,1928.0,114.0,4.64068483737205
184882,1877.0,1916.0,174.0,5.63205479233316
198812,1183.0,1888.0,54.0,-2.16006552485382
161056,748.0,1917.0,168.0,0.834235145796059
315235,1922.0,1902.0,186.0,0.299101155369008
98596,604.0,1880.0,44.0,4.66668961715931
255923,1876.0,1928.0,71.0,4.97038726279552
257678,1922.0,1923.0,72.0,-9.46701977939086
413916,136.0,1878.0,114.0,-1.28064463630965
237015,1915.0,1883.0,60.0,4.87033464387769
323248,1877.0,1922.0,100.0,1.20492581675706
303541,1925.0,101.0,98.0,9.87663227595133
398797,1332.0,1887.0,112.0,-3.42425844464477
26160,1899.0,1914.0,4.0,-0.218319258048433
256985,5.0,131.0,72.0,-1.33467523225947
390616,1876.0,1671.0,111.0,-5.23122736252181
166103,120.0,131.0,51.0,-0.162754438226084
178031,1878.0,1917.0,53.0,1.01944982925138
356867,1881.0,1918.0,108.0,11.3029234460587
223261,1882.0,677.0,57.0,-5.36627362687815
242192,150.0,1918.0,69.0,4.34060981970418
213756,1885.0,1900.0,55.0,-0.790851022434843
171612,948.0,1903.0,52.0,2.11444193578459
14740,1875.0,1348.0,3.0,-8.58528153909453
176669,1888.0,1897.0,53.0,-1.79740148160564
225363,1880.0,1911.0,57.0,-0.20021703876905
32240,83.0,1883.0,166.0,-5.31630800300097
251510,1907.0,1911.0,71.0,0.450043499009823
98753,1920.0,5.0,44.0,2.9160191256019
345257,83.0,1913.0,104.0,3.36085150734725
27063,1906.0,1881.0,4.0,-2.97632832004167
161093,1888.0,1918.0,168.0,-2.37356484030544
435920,1884.0,146.0,116.0,-3.00080874719106
312934,1925.0,1908.0,186.0,1.48950832374493
217824,20.0,1902.0,55.0,-1.01438228261089
312917,163.0,1908.0,186.0,-3.99355560694621
167658,1878.0,85.0,51.0,-1.86375556067204
281726,1924.0,14.0,75.0,-1.70346253009432
434848,1898.0,1431.0,116.0,21.8368604086362
169174,163.0,1894.0,51.0,0.0835830686491131
248688,229.0,85.0,70.0,-3.4912210006273
86437,85.0,150.0,172.0,-7.32270708606932
106257,1880.0,1909.0,45.0,2.62515308461849
319738,82.0,1882.0,99.0,2.37396187095505
397695,1891.0,1431.0,112.0,6.35645390687303
107538,1902.0,27.0,45.0,0.0441472063412682
64653,14.0,1922.0,10.0,1.18714189096987
196402,1906.0,20.0,176.0,5.88657938213047
398446,164.0,1331.0,112.0,-8.7361670043927
340301,1925.0,1917.0,103.0,-4.70555598930843
24280,1887.0,1911.0,4.0,0.998023147396078
344044,146.0,748.0,104.0,-0.66431952519283
63941,27.0,5.0,10.0,2.50018043591412
225812,15.0,1922.0,57.0,-5.43616821290041
89079,163.0,1893.0,172.0,11.7696107774067
104662,48.0,1917.0,173.0,3.52463931558598
425361,1881.0,1907.0,115.0,1.50478155916591
426325,1337.0,131.0,115.0,-1.32322503843555
334500,1906.0,11.0,102.0,6.16472532001791
360201,27.0,101.0,108.0,23.9882857501973
212730,5.0,1922.0,55.0,1.16893417231725
11487,1915.0,1923.0,2.0,-1.21663639557619
168718,1888.0,1898.0,51.0,1.05900570828423
427106,1876.0,1888.0,115.0,0.419112713178862
259499,1919.0,1891.0,72.0,14.7967075908208
45462,101.0,1882.0,6.0,4.60248412646362
30200,1183.0,146.0,166.0,-3.99470960324605
268932,1900.0,17.0,74.0,-4.51268259190278
67446,1331.0,1886.0,12.0,1.17375056371311
175304,160.0,1905.0,52.0,1.25493749092181
193918,1887.0,1922.0,176.0,1.04494280300102
9536,131.0,18.0,2.0,9.37041539515522
25078,1912.0,15.0,4.0,0.418409568579644
204477,948.0,1890.0,177.0,0.246703922809842
369213,82.0,1911.0,180.0,7.23253181834025
248945,1342.0,1894.0,70.0,-3.66388300384789
223999,120.0,1881.0,57.0,3.74605210289966
401180,82.0,1912.0,112.0,4.47239271560937
329114,1905.0,1885.0,101.0,-2.22242098301675
205699,229.0,1331.0,177.0,-7.92042731275923
233998,1560.0,748.0,60.0,-1.77911738010851
194545,1431.0,1917.0,176.0,-4.77136770587833
212210,48.0,1900.0,178.0,16.7733188810663
72615,1902.0,1332.0,13.0,2.61521464455129
216284,1430.0,101.0,55.0,18.9054626742382
238366,3.0,136.0,60.0,-0.288461877803554
320051,3.0,677.0,99.0,-1.42563398521121
323438,1430.0,72.0,100.0,-1.8145024460838
246580,136.0,1917.0,70.0,-4.80316226046805
231336,1909.0,1908.0,58.0,-12.3804695539588
250853,1913.0,47.0,70.0,-10.2921768166548
333805,1915.0,72.0,102.0,-0.475955008331611
17227,1925.0,163.0,3.0,6.66232751125267
240718,948.0,48.0,69.0,5.2665255593125
227301,1876.0,1348.0,57.0,-9.74388172957372
360071,1430.0,1885.0,108.0,-17.3729133558489
172751,1911.0,1224.0,52.0,3.43709013745366
102458,1902.0,1890.0,173.0,-7.25026696329164
64303,1925.0,120.0,10.0,-0.265849231998288
114921,82.0,1886.0,167.0,-0.933264070801207
225380,1886.0,1224.0,57.0,-1.66238706183239
11582,544.0,195.0,2.0,-2.4056318449716
234926,1907.0,17.0,60.0,-2.45084052839027
55747,1901.0,1892.0,9.0,16.7247273438719
74386,229.0,150.0,13.0,6.53017209942396
248424,1875.0,5.0,70.0,2.09870850525258
323789,1920.0,1914.0,100.0,-0.779080650290599
103368,83.0,1904.0,173.0,0.470463819779915
229073,147.0,195.0,58.0,-6.25483526696604
267847,11.0,677.0,74.0,8.07661417144539
330441,27.0,85.0,101.0,2.19312991802687
271921,1331.0,1907.0,179.0,3.50317035727917
330460,163.0,1882.0,101.0,5.44040404369932
332685,15.0,131.0,102.0,0.731208294736752
286534,1342.0,136.0,77.0,-13.2891639108934
312451,1902.0,1917.0,186.0,4.55576464920699
74231,1430.0,677.0,13.0,-1.80747684041853
56521,150.0,1671.0,9.0,-1.18100098540321
24410,1880.0,5.0,4.0,1.77708057916022
274958,604.0,1885.0,179.0,-5.04730593485462
7134,1337.0,101.0,1.0,13.1045006703374
48302,48.0,1902.0,6.0,-11.2882696365411
55959,1894.0,5.0,9.0,0.552671788487398
279260,1886.0,1914.0,75.0,4.03661727559452
195525,1877.0,1431.0,176.0,2.70559216513526
96851,1559.0,1911.0,44.0,-3.16673724261292
279980,1920.0,72.0,75.0,-10.7012326414321
335299,1926.0,1888.0,102.0,2.96803919678641
86269,1431.0,1927.0,172.0,0.307041264073303
74994,1905.0,1430.0,13.0,-0.79485120743202
268962,748.0,1901.0,74.0,-1.7112469795567
200796,83.0,101.0,54.0,0.318640224950543
100670,1878.0,146.0,173.0,-10.0890067005014
68941,1342.0,17.0,12.0,2.21281481732326
270224,1430.0,544.0,74.0,8.52846846049863
176403,1912.0,1928.0,52.0,1.42921147962732
63550,83.0,1431.0,10.0,1.77829539359245
358020,1883.0,1923.0,108.0,7.43803210738827
212732,1896.0,13.0,55.0,-2.51349250682276
426508,544.0,1347.0,115.0,-2.97727455174261
110773,1891.0,1900.0,167.0,-4.88366168553059
212323,1332.0,1922.0,178.0,1.13979510621459
109139,1342.0,1895.0,45.0,1.79244259504745
163864,1919.0,72.0,168.0,-3.27756559828125
177660,1559.0,131.0,53.0,-8.1226283216908
97278,1879.0,1431.0,44.0,11.9227253542392
104302,48.0,20.0,173.0,9.39082788339584
276075,1430.0,1671.0,179.0,11.457245696853
371322,1337.0,136.0,180.0,-3.53024093980336
180551,1926.0,1879.0,53.0,4.43723211867041
66173,150.0,1912.0,12.0,-0.397668273506625
361483,1877.0,1337.0,108.0,-3.09904137914119
642614,1903.0,1902.0,114.0,1.00098897287862
246884,1887.0,1917.0,70.0,-3.20782447531249
223679,1332.0,1911.0,57.0,-5.0450493324961
200883,1926.0,1892.0,54.0,5.74907382858074
181049,604.0,83.0,53.0,3.21115840920918
222594,1919.0,748.0,56.0,2.39270901663977
261285,1895.0,164.0,73.0,-0.0730328501071485
336121,131.0,1918.0,103.0,0.259711288552569
49713,1884.0,1912.0,7.0,0.279241852365673
413772,1348.0,1347.0,114.0,0.945498487713378
50222,11.0,1901.0,7.0,-13.9415479483327
334618,655.0,17.0,102.0,7.25214687199561
67823,47.0,18.0,12.0,-2.04457989817207
236747,1337.0,788.0,60.0,1.70797602426387
318039,1342.0,1922.0,99.0,-4.10079708547385
263407,1906.0,1911.0,73.0,-0.667731195411926
625366,1879.0,1902.0,177.0,-3.0343136968334
302421,101.0,1901.0,98.0,-0.0271886913992777
243660,83.0,1883.0,69.0,2.15690100833286
254655,604.0,150.0,71.0,17.7960688306397
174422,1876.0,164.0,52.0,10.0654182639412
27262,1430.0,146.0,4.0,-0.987828271349899
246435,1875.0,1895.0,70.0,1.66903294335841
435981,229.0,85.0,116.0,-1.30809507600321
280185,1926.0,1913.0,75.0,7.04414392981785
234336,47.0,1922.0,60.0,2.57366931101346
274198,164.0,1897.0,179.0,1.60784882339629
213230,136.0,72.0,55.0,2.12147570061658
264694,1924.0,131.0,73.0,2.85596728791616
11038,101.0,1883.0,2.0,-3.28488883600071
220102,146.0,1671.0,56.0,-5.06419915082568
247074,1904.0,1898.0,70.0,5.56399851869174
334303,1430.0,1904.0,102.0,-2.2149139761148
257341,1671.0,1922.0,72.0,-1.07251637351676
85867,1902.0,1896.0,172.0,-17.5880789364334
317971,1876.0,1347.0,99.0,-4.93515865317042
61206,1431.0,147.0,10.0,-5.95610121044046
433264,101.0,85.0,116.0,-1.59447895495792
211803,48.0,1559.0,178.0,-9.45940575692645
68821,1920.0,131.0,12.0,-0.212761259795887
286806,1876.0,85.0,77.0,5.81855928740755
316832,1893.0,1927.0,99.0,-1.90335907653898
315407,1917.0,1918.0,99.0,-3.90174243630138
250145,160.0,1559.0,70.0,-3.19051014891935
437986,1337.0,1922.0,116.0,-7.11053731837195
214581,1902.0,1913.0,55.0,5.29438200864374
205821,3.0,163.0,177.0,-0.662604150385108
640920,1183.0,1902.0,104.0,0.0756486678621199
204708,1879.0,18.0,177.0,3.49172575269757
110541,1889.0,788.0,45.0,-1.64169451937545
390848,3.0,1921.0,111.0,-12.7933012966983
110487,604.0,1928.0,45.0,1.67919112808952
216401,229.0,1892.0,55.0,5.80771894034321
227186,1919.0,1889.0,57.0,2.18442895075709
201867,1924.0,1671.0,54.0,0.216348241900283
65857,1347.0,13.0,12.0,-1.90875311341631
67353,136.0,85.0,12.0,0.153395758278978
229838,1911.0,5.0,58.0,-2.42488390523063
197355,5.0,1882.0,54.0,5.07146441347057
277460,1878.0,1884.0,75.0,4.37552756587815
51869,1905.0,1880.0,7.0,-6.56305266130967
341524,1879.0,131.0,104.0,5.04977220136546
18273,604.0,1342.0,3.0,-3.27444118260548
96504,1880.0,1431.0,44.0,0.608787706297668
216044,1337.0,146.0,55.0,-1.10594517758047
268451,1899.0,1912.0,74.0,11.2018755072702
49224,1875.0,1901.0,7.0,-7.73389813714484
69078,1877.0,5.0,12.0,-0.926506539495621
27998,48.0,27.0,4.0,3.52960430816854
282858,1331.0,1921.0,77.0,-7.85845684974075
49252,1912.0,1886.0,7.0,2.54045985427057
89585,3.0,1559.0,172.0,-6.55975787876726
225205,1671.0,1890.0,57.0,-0.458976472007
375515,1342.0,1880.0,109.0,1.53252852151561
221553,3.0,163.0,56.0,-0.640191933106258
88070,1891.0,131.0,172.0,6.09307883837285
338067,1921.0,1927.0,103.0,-4.19857524692562
242553,1882.0,1923.0,69.0,1.67978260265171
330606,83.0,1430.0,101.0,8.69362547448575
202668,120.0,1896.0,177.0,-4.49757254854946
387968,1878.0,195.0,111.0,-14.7179602400591
629465,1900.0,1902.0,55.0,-2.172674808986255
185234,83.0,11.0,174.0,4.33690239958061
234222,163.0,1332.0,60.0,7.059462199352
61571,163.0,1910.0,10.0,2.08946940000206
75365,20.0,1922.0,13.0,-4.02237532988036
271652,1891.0,147.0,179.0,-0.706709948864276
17130,1905.0,1880.0,3.0,-1.91294092951107
112232,150.0,1907.0,167.0,16.6922043913641
301115,136.0,1903.0,98.0,-2.09313808181387
255693,1919.0,1890.0,71.0,-3.00977860074459
107082,13.0,1224.0,45.0,-7.14232075802329
303509,1926.0,1891.0,98.0,0.447724682004554
312797,948.0,17.0,186.0,-3.74668199960607
163430,150.0,1900.0,168.0,2.99956200683383
286662,160.0,948.0,77.0,4.17381712517616
268176,1903.0,1918.0,74.0,4.60071836588243
242566,1904.0,1901.0,69.0,0.752929323385693
373987,1887.0,1909.0,109.0,-9.00460984058648
389101,1920.0,1183.0,111.0,-1.2530621882143
244384,1342.0,1884.0,69.0,-6.21412296929494
89959,1919.0,15.0,172.0,-1.19664430640517
196208,1920.0,1912.0,176.0,-2.22705036688919
12686,3.0,544.0,2.0,-4.58340736810473
424474,1922.0,1918.0,115.0,8.76558079393227
55836,1888.0,1908.0,9.0,-1.06948896018764
169607,48.0,163.0,51.0,4.86004992740828
247731,5.0,788.0,70.0,-3.89481938224629
642187,1883.0,1902.0,174.0,0.559025924158405
323746,1905.0,195.0,100.0,-0.0334361017645953
8256,1919.0,1337.0,1.0,14.8042771208756
368950,1224.0,131.0,180.0,6.97748211057221
257374,1875.0,677.0,72.0,6.67234278713703
49752,146.0,1895.0,7.0,-2.03930384343048
13462,1915.0,1560.0,2.0,-2.80387337283535
357475,3.0,150.0,108.0,-6.34086225313256
311847,1431.0,1887.0,186.0,3.10589854149145
249120,27.0,229.0,70.0,-3.66563628586233
231376,48.0,1899.0,58.0,-4.26578733106771
12693,1430.0,1895.0,2.0,-3.06655528427935
412925,150.0,1347.0,114.0,0.878153331265302
265785,160.0,1921.0,73.0,-7.62648905284247
27711,160.0,101.0,4.0,8.93769948067708
179935,160.0,1913.0,53.0,4.42180324522516
54713,72.0,1560.0,9.0,7.70449688255174
437095,160.0,1918.0,116.0,0.943370166849162
300134,1877.0,1899.0,98.0,2.75877968521747
247031,1880.0,1883.0,70.0,-2.71814810652998
216964,544.0,1559.0,55.0,4.51276796831547
390049,655.0,20.0,111.0,4.35626843880617
424950,1885.0,1910.0,115.0,2.54416940424137
44061,1337.0,1910.0,6.0,1.83520530287903
200602,1430.0,1916.0,54.0,5.58353521682921
97199,1430.0,1347.0,44.0,2.37778346668745
14880,1902.0,3.0,3.0,-2.4487466414531
236065,1431.0,1911.0,60.0,0.751406345981889
343626,1880.0,47.0,104.0,-0.383617064423297
46478,544.0,1885.0,6.0,2.64838967294747
250378,48.0,1886.0,70.0,4.26598161350678
255484,544.0,1921.0,71.0,-1.32855011210345
317907,13.0,1914.0,99.0,-2.10975322235902
213389,1559.0,1923.0,55.0,-5.03337410842268
51300,1925.0,1922.0,7.0,7.42637085054456
108467,544.0,1883.0,45.0,-15.6713248404984
5647,131.0,1890.0,1.0,8.26911824061479
57701,544.0,604.0,9.0,3.46199035821138
48785,85.0,15.0,7.0,-0.804391026727899
242179,1903.0,120.0,69.0,-2.62881814125536
317159,1891.0,1909.0,99.0,12.4218414259985
241450,1898.0,1927.0,69.0,0.273438701654264
247895,1902.0,1332.0,70.0,-0.182987536665754
323823,1877.0,1881.0,100.0,-0.0421286666319467
416054,1915.0,1916.0,114.0,-8.68145438514856
340723,82.0,1906.0,103.0,3.97733130031838
108751,948.0,1881.0,45.0,0.68443205482145
210495,1915.0,1894.0,178.0,-8.77927434840732
198428,47.0,1882.0,54.0,0.720546818607672
336743,1890.0,1922.0,103.0,2.50420231381497
375358,1915.0,1883.0,109.0,13.0490711047352
204479,1896.0,1887.0,177.0,3.54575155275522
340880,14.0,1900.0,103.0,1.05100549828139
171403,1183.0,1922.0,52.0,1.04971838349275
17116,48.0,1913.0,3.0,-9.27897083546629
631432,1878.0,1902.0,98.0,-2.9166624656033253
279560,1925.0,160.0,75.0,0.487854617409656
238978,1924.0,1928.0,60.0,-0.654321032324092
320042,20.0,1900.0,99.0,-4.91922749521092
61642,1879.0,1885.0,10.0,5.52809076346565
55706,1912.0,748.0,9.0,3.09973480605522
26493,1876.0,1898.0,4.0,4.00811445444483
217853,1914.0,1902.0,55.0,-8.86912700624781
67530,1888.0,1908.0,12.0,-0.933004059195058
310308,101.0,1899.0,186.0,-1.93003212036668
11159,1183.0,1904.0,2.0,0.636126058236961
17856,3.0,1348.0,3.0,-8.80010617677779
252016,1887.0,1904.0,71.0,35.6188001888927
250246,1913.0,1912.0,70.0,-8.40853477220302
33910,1905.0,85.0,166.0,5.87711054302031
345990,1332.0,15.0,104.0,-7.53698291849453
304607,1430.0,1560.0,98.0,-5.04577710698098
15682,1887.0,1895.0,3.0,-3.26121448141806
414662,1881.0,1917.0,114.0,2.68767072269316
397745,1878.0,1331.0,112.0,-0.213032891720969
624418,1894.0,1902.0,69.0,5.049996295086435
313134,604.0,195.0,186.0,-1.765334574918
388893,948.0,160.0,111.0,-2.31049342844491
226065,544.0,1908.0,57.0,1.82443515236005
16728,1924.0,1919.0,3.0,9.59565258050933
281032,1926.0,544.0,75.0,-1.55277162360365
247290,1910.0,788.0,70.0,-3.51727830062256
220498,948.0,1922.0,56.0,1.63678167184437
111425,1559.0,101.0,167.0,-9.90493288694059
330648,1905.0,1921.0,101.0,-10.2396342242094
224765,1889.0,195.0,57.0,0.627633968837894
102322,101.0,1907.0,173.0,-0.228371853230686
344856,1906.0,1914.0,104.0,-3.58512957852578
4771,1883.0,15.0,1.0,8.83873979060652
361013,229.0,1888.0,108.0,0.229781482635032
217295,1876.0,1882.0,55.0,-2.53252966977098
435988,1925.0,1908.0,116.0,-0.271373175640174
301165,1885.0,1909.0,98.0,14.7750767058233
26658,150.0,1896.0,4.0,3.88865071933855
358434,101.0,1878.0,108.0,-3.32061009871094
169660,163.0,27.0,51.0,-1.5279453240444
89055,1915.0,1896.0,172.0,-0.636013538184321
433402,1560.0,1921.0,116.0,-7.16035638627495
416862,229.0,1559.0,114.0,7.66777945093644
26357,1883.0,1927.0,4.0,-2.89534742579914
54482,1891.0,1909.0,9.0,0.0807686210677093
17332,1919.0,1879.0,3.0,-11.8844771105246
259236,1342.0,1331.0,72.0,-24.3509863093971
202466,1891.0,1895.0,177.0,-1.14290375570344
314902,1919.0,85.0,186.0,1.53902211553193
203549,1895.0,1889.0,177.0,0.875496363826459
6005,1887.0,748.0,1.0,-3.71718064778665
196929,14.0,1890.0,176.0,-2.75614301367782
315133,948.0,1928.0,186.0,0.247398003264225
278920,1224.0,1927.0,75.0,-1.2702017263949
32216,1332.0,1907.0,166.0,0.176924841956349
57160,655.0,1907.0,9.0,2.24067034257938
311595,1431.0,677.0,186.0,4.48410106721153
202321,1901.0,1902.0,54.0,-1.00588795913868
360640,160.0,1877.0,108.0,1.98702560174121
14229,1560.0,1908.0,3.0,4.82026788879638
55909,1911.0,1927.0,9.0,0.215633050902056
251289,1348.0,1882.0,71.0,-2.76654305600939
273502,164.0,1431.0,179.0,14.3953604043644
301480,1559.0,1878.0,98.0,-2.08205538117335
14559,1878.0,1882.0,3.0,-6.49540996980107
111975,1879.0,1888.0,167.0,-1.36908819274027
167654,1886.0,1917.0,51.0,1.63256224911613
189434,1347.0,131.0,175.0,-5.85359628437054
251696,1897.0,788.0,71.0,1.24925658914443
46021,1920.0,47.0,6.0,-6.13523866115289
280311,604.0,1431.0,75.0,3.47872089615766
358095,1897.0,1917.0,108.0,-2.6469851681973
281500,1876.0,1337.0,75.0,-7.36704060798577
173335,147.0,1923.0,52.0,1.83435497286289
416270,1332.0,1431.0,114.0,-1.62413355713051
232046,655.0,163.0,58.0,-11.0296921909766
215590,1915.0,14.0,55.0,-4.00494790555157
280012,1342.0,164.0,75.0,-3.3621916778013
52909,229.0,136.0,7.0,-13.4350603484626
72729,1559.0,1904.0,13.0,4.18811700574364
212857,101.0,1908.0,55.0,-6.64684745916353
10098,1880.0,748.0,2.0,2.48252872528176
252895,1881.0,1224.0,71.0,-5.65043788189846
67372,1895.0,150.0,12.0,-2.10262848698136
167190,1880.0,5.0,51.0,-2.01220184601302
57361,1913.0,1907.0,9.0,-2.55012901887178
112883,1912.0,1883.0,167.0,3.757152505173
185364,160.0,1893.0,174.0,7.266462722191
285918,655.0,20.0,77.0,0.12820905139445
374466,1347.0,1895.0,109.0,8.13326789687084
424891,1912.0,1917.0,115.0,-3.18501475031478
60316,72.0,1881.0,10.0,-4.3368018714019
200037,1876.0,788.0,54.0,-6.03220134837142
33096,14.0,1348.0,166.0,-6.24726205555
247649,1890.0,1918.0,70.0,0.110820261368865
179462,1926.0,1883.0,53.0,-10.7223070797651
195733,1337.0,1884.0,176.0,-0.0991651366481982
112359,1885.0,18.0,167.0,4.77465317590545
47932,1913.0,1560.0,6.0,-3.13198260172447
343182,195.0,1907.0,104.0,-4.97694954910993
194763,195.0,1914.0,176.0,2.31907148679833
426026,1430.0,1901.0,115.0,1.41098390090227
263918,1906.0,788.0,73.0,6.86372225653683
313797,48.0,655.0,186.0,4.07427283399283
169165,160.0,1919.0,51.0,2.24743092188997
252491,1909.0,1348.0,71.0,4.28316606870547
222872,1915.0,1922.0,56.0,3.70923514167963
326766,1912.0,72.0,101.0,3.3885450629457
31833,948.0,1889.0,166.0,-1.25861538185304
231392,1876.0,1919.0,58.0,6.51343016277604
103648,1924.0,1887.0,173.0,0.478258406057394
276091,82.0,1886.0,179.0,7.16765568676171
251954,146.0,1918.0,71.0,-8.84227799164551
275985,1924.0,147.0,179.0,6.40016065444454
312291,1875.0,1890.0,186.0,-0.326015491610854
176029,1926.0,1671.0,52.0,3.54931271237028
426471,1342.0,131.0,115.0,-0.711280811128657
286834,82.0,1904.0,77.0,0.49302913810539
423904,1337.0,1889.0,115.0,-2.78574581175367
300284,1895.0,1903.0,98.0,-1.93649014619656
109818,14.0,1671.0,45.0,8.39358050275728
202675,1559.0,1904.0,177.0,-1.19338979224627
230775,1894.0,1907.0,58.0,-6.19785228641459
26172,120.0,1927.0,4.0,-0.220918462665147
31836,1912.0,1887.0,166.0,-6.23311824050836
53078,1876.0,15.0,7.0,7.76885241280202
397550,14.0,1887.0,112.0,-7.21752424816527
8084,14.0,1927.0,1.0,8.42045590214485
188993,163.0,1899.0,175.0,5.57388367722287
61364,1559.0,164.0,10.0,-1.01610787529154
279554,1920.0,1906.0,75.0,5.5924161410391
10446,1431.0,147.0,2.0,8.15077145840372
184947,655.0,1885.0,174.0,4.53787023385088
186608,83.0,1890.0,174.0,-4.81245769267652
5766,1878.0,1923.0,1.0,-1.97674943603421
415626,163.0,788.0,114.0,-0.918309216115307
413050,1916.0,131.0,114.0,17.9839087501033
258554,1913.0,1347.0,72.0,-3.46704321043886
107711,1347.0,1923.0,45.0,-2.33718899248535
8044,1920.0,120.0,1.0,-1.49444118974081
191133,604.0,1430.0,175.0,3.39109672792726
346321,13.0,1902.0,104.0,-3.51870162447291
246113,150.0,17.0,70.0,1.50071337534015
268986,1904.0,1881.0,74.0,4.27267368329883
399294,1891.0,1671.0,112.0,0.981471320347094
32919,48.0,101.0,166.0,6.15284268219908
389694,1915.0,131.0,111.0,-1.2799245676909
203154,1883.0,1916.0,177.0,-0.60994476688258
267036,1911.0,5.0,74.0,-0.733473519843499
197707,1899.0,788.0,54.0,-2.84528876104965
267853,1910.0,1901.0,74.0,-5.04719725532256
189739,163.0,1883.0,175.0,2.22296735904261
314105,1906.0,1348.0,186.0,-2.6257780025043
338128,164.0,1910.0,103.0,-1.48956399657507
112168,85.0,1883.0,167.0,1.04993595186607
104976,544.0,1342.0,173.0,1.67359279587428
217875,604.0,1902.0,55.0,1.84374221862515
229757,1886.0,1348.0,58.0,0.585316982407556
7666,14.0,147.0,1.0,1.53907894450462
360993,1876.0,1912.0,108.0,-2.02180503693684
67414,101.0,15.0,12.0,-5.3735351819669
229405,748.0,1893.0,58.0,6.12256519976792
310223,164.0,1923.0,186.0,-1.99000083186042
282770,146.0,1916.0,77.0,1.27076343770125
221656,48.0,131.0,56.0,-13.2435773377897
329531,1877.0,1905.0,101.0,-1.08702469356652
193209,150.0,18.0,176.0,1.19805049259332
389512,655.0,1885.0,111.0,6.5596840790663
170528,1342.0,1927.0,51.0,1.21411156421217
401391,1925.0,1921.0,112.0,5.64599732385942
31938,229.0,1922.0,166.0,6.32298664994286
191828,655.0,1925.0,175.0,-1.36057674168224
267779,101.0,1901.0,74.0,3.13072853991563
194933,1876.0,1894.0,176.0,-0.48223785977914
57958,160.0,17.0,9.0,2.0042890744036
437916,1430.0,1903.0,116.0,1.74055594581632
313967,20.0,1896.0,186.0,-9.28915487142796
249096,1337.0,1331.0,70.0,-3.22613169705333
166713,1895.0,788.0,51.0,-0.0978742921144046
230581,1899.0,147.0,58.0,15.2533030487134
266167,1905.0,1928.0,73.0,-2.35918212466234
9447,1883.0,18.0,2.0,3.79681338522875
182974,47.0,17.0,174.0,7.53001093729555
43952,1348.0,788.0,6.0,3.74615866356633
182219,1886.0,1890.0,174.0,2.56045991545417
201843,229.0,1900.0,54.0,3.65765622544852
47793,544.0,748.0,6.0,5.36139771869607
75429,1915.0,1560.0,13.0,-1.16792525070189
164768,1906.0,1896.0,168.0,3.96110055788888
24819,1880.0,1671.0,4.0,-1.12637325913481
367699,1887.0,1909.0,180.0,-17.8010983804056
199280,1903.0,1347.0,54.0,5.23615898838085
336876,147.0,15.0,103.0,4.00799011577213
375889,1915.0,1891.0,109.0,3.89248721104954
372391,1886.0,1901.0,109.0,-1.70342886599504
373891,1347.0,788.0,109.0,0.844622743756899
61399,948.0,1885.0,10.0,-0.562415687646165
197236,1878.0,1923.0,54.0,3.18548988644894
275655,1924.0,13.0,179.0,-0.430390077149543
213462,1889.0,13.0,55.0,-8.09909722147652
367068,1559.0,1917.0,180.0,8.78896203226708
304229,1876.0,1559.0,98.0,-6.3221610539379
327298,27.0,1347.0,101.0,1.32170860588234
9243,1902.0,1881.0,2.0,5.52562566910006
32941,83.0,1893.0,166.0,-0.736984263219383
112467,1183.0,1224.0,167.0,4.72237187607795
414684,163.0,1332.0,114.0,-0.228454098909754
201743,1920.0,1560.0,54.0,-5.81967116934551
112632,1897.0,163.0,167.0,2.32584201808223
206307,1924.0,1879.0,177.0,0.0935343354378036
11637,1924.0,1923.0,2.0,-3.38171941444613
257687,120.0,677.0,72.0,-1.120114854816
13549,1920.0,14.0,2.0,-4.95095327624647
254442,1332.0,11.0,71.0,-0.0497590859618708
33145,160.0,1896.0,166.0,-0.283625158190541
10689,1878.0,1560.0,2.0,-0.789915581244025
283700,1896.0,788.0,77.0,-0.329553857069535
256835,1893.0,13.0,72.0,0.0650962918466563
372460,948.0,18.0,109.0,4.77356921144565
195230,14.0,1331.0,176.0,-32.5527925776469
17250,82.0,1889.0,3.0,-3.042550677304
176344,229.0,1337.0,52.0,0.944159505629781
264773,1925.0,1892.0,73.0,6.10187753748898
11499,604.0,18.0,2.0,-1.97859816155346
412729,1883.0,1917.0,114.0,-2.79236230601239
337954,136.0,677.0,103.0,1.78066110616193
253215,1894.0,1348.0,71.0,-0.548115785883585
374048,1887.0,1881.0,109.0,-0.70832993464575
389703,3.0,163.0,111.0,4.17746118062083
397718,1899.0,131.0,112.0,-11.2402316845783
68616,655.0,1913.0,12.0,8.69843884491503
75229,160.0,1671.0,13.0,3.16351105605424
227161,20.0,1889.0,57.0,0.387447474370985
111906,1885.0,13.0,167.0,-1.18404362120986
43402,1888.0,18.0,6.0,3.37880605567249
188350,1671.0,1347.0,175.0,-0.687802447889226
178756,164.0,1331.0,53.0,-2.58547984030349
217331,544.0,948.0,55.0,5.52185180700292
213722,72.0,1907.0,55.0,1.98474560317798
301788,1907.0,17.0,98.0,-2.09030203813931
56532,1877.0,1347.0,9.0,-1.37161853015128
73774,1430.0,1331.0,13.0,-5.07038292068699
50181,1331.0,1889.0,7.0,-6.27707920093181
178485,1909.0,150.0,53.0,2.65864889349347
110733,83.0,1332.0,167.0,-1.46898816064126
161150,150.0,1907.0,168.0,3.27208116085592
323954,1877.0,1431.0,100.0,5.72437953571035
310251,1883.0,748.0,186.0,4.64815936676665
376051,48.0,101.0,109.0,2.9485942944852
367461,1903.0,1911.0,180.0,-1.94343096136272
191128,1906.0,1224.0,175.0,-0.166433731717555
97917,1348.0,788.0,44.0,-0.265281053630216
328856,655.0,1887.0,101.0,-0.448817782336613
231641,1906.0,1883.0,58.0,-5.65471607701008
12657,1877.0,13.0,2.0,-3.32855936591718
322248,1913.0,17.0,100.0,-0.141450244966197
99571,163.0,1917.0,44.0,-1.53986593037583
258815,82.0,1896.0,72.0,-10.182100215996
358226,948.0,1431.0,108.0,0.989520343159728
24365,1884.0,1923.0,4.0,-2.89055776247107
276074,3.0,1888.0,179.0,-0.702382410870615
17418,1430.0,1884.0,3.0,-1.16950093200818
318879,1337.0,11.0,99.0,-2.77027415807319
7110,1877.0,146.0,1.0,9.96760153320085
226110,27.0,788.0,57.0,1.53482045929018
90146,160.0,1903.0,172.0,1.53745657945944
186350,3.0,1671.0,174.0,-4.34001606081311
168624,1890.0,18.0,51.0,-3.04017284006403
10436,72.0,1348.0,2.0,-9.58196834177624
168202,1875.0,13.0,51.0,-1.9955706685779
340084,48.0,1879.0,103.0,-5.4409462985909
225208,120.0,1331.0,57.0,2.64225462219977
336733,1892.0,1927.0,103.0,-3.89846389545138
238799,20.0,1890.0,60.0,-4.27356651867364
17318,1920.0,131.0,3.0,6.5282115473519
327739,1897.0,1331.0,101.0,-0.655311907180037
401327,544.0,948.0,112.0,12.9059120544373
27177,1337.0,229.0,4.0,-0.451398008074714
624716,147.0,1902.0,53.0,5.731061746769781
200305,1342.0,1913.0,54.0,-6.61137037796697
5712,1332.0,150.0,1.0,-1.03128016588408
236724,655.0,85.0,60.0,1.52667233072173
320573,1893.0,1911.0,100.0,2.1770458621457
257603,85.0,1431.0,72.0,3.8807708720677
98683,1925.0,1885.0,44.0,9.11874060976338
401774,1917.0,1928.0,112.0,-2.6645289926682
101407,1331.0,18.0,173.0,3.96541593983962
13814,1559.0,1183.0,3.0,0.616864515021843
204884,1893.0,1431.0,177.0,1.62566114725579
165005,1919.0,1905.0,168.0,1.7138339003494
424731,85.0,1910.0,115.0,-0.881740625692598
231000,1332.0,1899.0,58.0,-6.48168184856775
28290,27.0,1430.0,4.0,3.87415677635519
373662,1886.0,15.0,109.0,1.66016088421668
210265,948.0,1917.0,178.0,-1.57632116595127
248182,1337.0,1898.0,70.0,1.07595227510894
196728,1906.0,15.0,176.0,9.86018013427987
302268,164.0,17.0,98.0,2.23821153233037
64376,1337.0,748.0,10.0,5.31439505793477
414286,1904.0,1921.0,114.0,-4.99189471740276
110630,1900.0,1917.0,167.0,6.71524563709501
103233,1887.0,1903.0,173.0,-3.37719637289789
224553,1875.0,18.0,57.0,3.46385484282317
341833,1900.0,15.0,104.0,-0.613265711207256
86691,1885.0,1898.0,172.0,8.69131788188335
316430,1908.0,131.0,99.0,-2.9809575405012
327899,1886.0,1923.0,101.0,-1.95939366883711
199916,1342.0,1911.0,54.0,-3.23609652487516
372100,1910.0,1902.0,180.0,1.19275701668917
241951,150.0,1927.0,69.0,2.51044784681237
283565,47.0,1907.0,77.0,-4.90478673186721
375393,160.0,229.0,109.0,-2.09559453035232
73650,1905.0,164.0,13.0,0.217149971483839
165540,1926.0,1876.0,168.0,16.493970197599
182808,1902.0,13.0,174.0,-2.40745707868133
202258,1887.0,1928.0,54.0,1.68495677781439
389755,20.0,1914.0,111.0,-0.0796134927367017
53260,48.0,1903.0,7.0,2.21632829687085
300215,83.0,1911.0,98.0,-2.0197050340121
214378,1875.0,1923.0,55.0,-0.455000457585996
6718,1920.0,1913.0,1.0,8.26269384290964
322302,101.0,1889.0,100.0,2.4591420046306
254236,1876.0,1909.0,71.0,-10.2269275627578
241121,147.0,788.0,69.0,-4.61801199908008
246635,1909.0,1916.0,70.0,-3.02777443612256
183994,1431.0,1922.0,174.0,0.656718985842579
65655,164.0,1904.0,12.0,2.32607388065903
88296,27.0,1183.0,172.0,1.21289243365709
63094,1876.0,195.0,10.0,-6.93694751807765
33209,163.0,1430.0,166.0,0.159413117239587
254265,1915.0,1916.0,71.0,-3.59131842878423
31334,1904.0,5.0,166.0,-0.402242250787626
338702,195.0,1347.0,103.0,-0.2793116343241
247401,948.0,1912.0,70.0,9.72693639144954
97156,101.0,1911.0,44.0,-1.29855332045722
198736,1902.0,13.0,54.0,0.601488290292537
85861,83.0,1910.0,172.0,-2.79278328938764
69349,1919.0,20.0,12.0,0.306339700160104
18837,1913.0,1928.0,3.0,-2.54875207516716
69370,544.0,1430.0,12.0,4.45636594405288
111113,1891.0,1927.0,167.0,-3.29685508986268
28069,1913.0,147.0,4.0,0.846718530632641
89457,3.0,1348.0,172.0,-2.06870162185564
232630,83.0,1895.0,58.0,-1.35363696724621
334376,1924.0,163.0,102.0,14.9793702294555
169050,1920.0,1907.0,51.0,6.66866519415411
368624,1891.0,1898.0,180.0,-2.98467933507974
227581,27.0,1224.0,57.0,8.73930061086724
209898,1885.0,15.0,178.0,-8.14728276954657
326623,1896.0,1888.0,101.0,1.98819947744284
275858,3.0,1912.0,179.0,1.47404461547839
88904,27.0,1914.0,172.0,3.47267222867944
201428,48.0,1559.0,54.0,5.14924246769766
60007,146.0,72.0,10.0,1.32436816691359
58389,82.0,136.0,9.0,-1.21674446752244
333579,1347.0,13.0,102.0,0.317560258873027
416984,1926.0,1927.0,114.0,-3.7827412014474
270756,1337.0,1886.0,74.0,-12.6360528094975
281260,1876.0,1559.0,75.0,4.89630835253862
242235,85.0,1889.0,69.0,0.297690050839706
229519,748.0,1917.0,58.0,-4.00499801921696
235217,1896.0,1890.0,60.0,-0.198389791158939
260313,1924.0,1920.0,72.0,0.745986848711606
194892,3.0,1183.0,176.0,-1.9432495199843
425323,1885.0,1921.0,115.0,-9.79218338893307
252172,1878.0,150.0,71.0,0.669589532474864
256426,1893.0,1895.0,72.0,-2.53188133242001
175089,163.0,17.0,52.0,1.45420110985457
388397,1917.0,1921.0,111.0,13.6140921937196
319115,1925.0,1895.0,99.0,2.64194453155162
194289,1885.0,1900.0,176.0,-1.88085556432377
264207,1924.0,229.0,73.0,-1.36373062788654
71661,1889.0,1903.0,13.0,-11.4104868825222
426255,160.0,1331.0,115.0,-11.6706524581236
261916,1897.0,3.0,73.0,-1.93038308145536
201204,27.0,1348.0,54.0,2.08548684795591
43140,47.0,1900.0,6.0,12.145211689837
325960,1331.0,1892.0,101.0,0.597474068995612
171857,47.0,677.0,52.0,-1.1214602712998
280971,1332.0,1918.0,75.0,1.90213048663479
388869,1331.0,1908.0,111.0,7.16986280157474
281179,1877.0,677.0,75.0,-2.28911652499089
313825,160.0,1892.0,186.0,3.1413892605246
200748,544.0,1913.0,54.0,0.177397299718227
248482,15.0,1927.0,70.0,-2.13799889187249
261541,1671.0,1901.0,73.0,-1.59261478186448
236548,1909.0,1901.0,60.0,-6.55748592980078
266093,3.0,1928.0,73.0,-0.118779152056463
106818,1900.0,147.0,45.0,-5.94870704139129
96025,1900.0,1894.0,44.0,2.75826034289396
33381,83.0,1888.0,166.0,1.15883592045824
73111,1875.0,1903.0,13.0,-1.01634789143939
435172,1903.0,1922.0,116.0,-0.115277472664057
56950,1560.0,1916.0,9.0,4.09055660208008
169989,655.0,20.0,51.0,-0.973724216342398
31200,85.0,1560.0,166.0,2.75945692064069
180941,1877.0,1888.0,53.0,-6.68022062817401
24919,147.0,1895.0,4.0,2.1445872274736
265015,1924.0,1905.0,73.0,-0.847625670257394
115482,82.0,1928.0,167.0,-16.6983408642679
633590,1883.0,1902.0,180.0,0.099389357044195
204322,1907.0,1917.0,177.0,1.57741997904572
177111,1886.0,150.0,53.0,1.25657356652242
188146,1876.0,150.0,175.0,0.813105803037161
237174,1925.0,1880.0,60.0,-3.51486648876432
416798,229.0,1224.0,114.0,4.1750747928943
50565,13.0,15.0,7.0,-4.89885639950837
16750,604.0,1894.0,3.0,-0.520468293839998
323512,655.0,1919.0,100.0,3.18755158069327
230093,1671.0,1908.0,58.0,15.2720584115209
413928,1896.0,1331.0,114.0,1.52701300124411
234950,1885.0,1909.0,60.0,22.5656900902436
389880,1924.0,1892.0,111.0,3.61507744117061
243234,1888.0,1927.0,69.0,-5.69540098605029
46052,1915.0,14.0,6.0,-2.19294973082711
205249,1920.0,1907.0,177.0,-5.81402299350384
100058,1332.0,15.0,44.0,-5.7228919907395
345949,3.0,748.0,104.0,3.45925542386336
15951,1882.0,1901.0,3.0,-27.9949493897474
6528,1332.0,72.0,1.0,0.0447185443623459
71370,11.0,1922.0,13.0,5.08383851437052
414494,1896.0,13.0,114.0,-0.932351542928743
413561,1875.0,748.0,114.0,9.82976196434443
57815,1925.0,131.0,9.0,4.07677862949258
245718,1925.0,1902.0,69.0,0.11988822129534
234894,1878.0,1897.0,60.0,-7.11054543208524
338949,14.0,1923.0,103.0,2.27751522748572
436185,655.0,195.0,116.0,-11.5853341805074
223956,1885.0,17.0,57.0,-5.53535914823313
13284,1430.0,15.0,2.0,-1.47496562755205
332853,164.0,1914.0,102.0,2.8711511296074
210513,14.0,1894.0,178.0,-7.99099621654973
427270,160.0,1920.0,115.0,-1.83828955650012
219741,1331.0,677.0,56.0,-9.03596070209646
88045,101.0,1880.0,172.0,8.7271272357499
303303,3.0,1913.0,98.0,6.00455323721104
161809,1885.0,1916.0,168.0,-1.38146907251377
192072,1907.0,131.0,176.0,2.20054025513195
203535,948.0,1905.0,177.0,8.82542988428386
220400,1884.0,18.0,56.0,-10.3248263450465
88622,48.0,1885.0,172.0,25.8718959677387
273766,1892.0,1922.0,179.0,-2.36183342869092
174808,1906.0,131.0,52.0,-0.348536841493118
334413,544.0,1431.0,102.0,6.13020788750791
376253,3.0,1896.0,109.0,4.53792118411168
95554,1875.0,1882.0,44.0,0.149194006004122
320951,1893.0,1922.0,100.0,-0.0181067492945319
194865,160.0,1908.0,176.0,1.54143028403553
437212,1926.0,1877.0,116.0,9.68714454979092
232999,544.0,1920.0,58.0,-0.396693581862839
229374,1894.0,1431.0,58.0,7.95515975009002
47177,604.0,27.0,6.0,7.49217016938114
231447,1920.0,47.0,58.0,-6.6709435913644
265511,1924.0,1888.0,73.0,9.14352743187284
233977,1891.0,146.0,60.0,-2.70267921246652
325451,1337.0,1921.0,100.0,-6.9422924916374
161933,1671.0,1918.0,168.0,-0.762111017019558
27989,1906.0,5.0,4.0,4.54226839573447
269408,14.0,1875.0,74.0,-0.954078620486187
241542,1897.0,17.0,69.0,3.02231062602028
98562,604.0,164.0,44.0,-0.392923127469225
3641,195.0,1921.0,1.0,5.85504370926476
642663,1909.0,1902.0,102.0,-0.97713194160825
61644,101.0,1891.0,10.0,7.32706014383821
272264,150.0,1911.0,179.0,-3.05954441959622
224254,1875.0,85.0,57.0,5.95554370476381
391073,48.0,14.0,111.0,4.91980130636717
371016,1913.0,1889.0,180.0,1.15140735765021
241373,13.0,131.0,69.0,2.17220312838909
51152,72.0,1881.0,7.0,-1.11574539970082
31183,1183.0,1900.0,166.0,-8.99427038366461
173688,18.0,1910.0,52.0,-3.35545646739306
104153,1342.0,1892.0,173.0,0.0439692461698395
33465,1924.0,147.0,166.0,0.50875059695666
343218,1906.0,1332.0,104.0,-4.29464064458743
4705,948.0,195.0,1.0,2.43339692153163
212475,1913.0,1890.0,178.0,2.33705906523038
280364,27.0,17.0,75.0,0.411563097732391
74893,1876.0,1917.0,13.0,-4.16099227578827
67685,1900.0,677.0,12.0,3.03382562863079
259198,1926.0,1916.0,72.0,-4.69761997209269
300798,1894.0,195.0,98.0,-1.51216139549477
223674,1908.0,17.0,57.0,2.11778196763132
104687,27.0,136.0,173.0,-4.37938383604991
207788,85.0,1431.0,178.0,-0.640813847854027
104325,1915.0,544.0,173.0,5.22520395904965
227306,1925.0,1875.0,57.0,-1.58442491580746
426403,83.0,1885.0,115.0,3.34927796160989
252696,1560.0,1887.0,71.0,3.43790078066745
438181,655.0,1925.0,116.0,3.86636870415072
98145,544.0,1899.0,44.0,8.01769851158565
62582,1431.0,1918.0,10.0,-2.73541717441393
269824,1430.0,131.0,74.0,-0.500621926822005
389005,1915.0,1347.0,111.0,0.0466337592718332
243959,1905.0,1880.0,69.0,-9.37007641873031
359734,160.0,1898.0,108.0,-6.14532079082022
182775,1902.0,1347.0,174.0,0.194839273971606
189144,164.0,1347.0,175.0,-5.10552005882876
359671,1876.0,164.0,108.0,1.64316553893893
163747,1332.0,788.0,168.0,4.04548864432988
267225,1892.0,1927.0,74.0,13.1946674020153
252256,1895.0,195.0,71.0,4.26150545938301
172431,136.0,1881.0,52.0,-4.02719900125258
303943,48.0,1224.0,98.0,-11.7766402631097
166243,948.0,1881.0,51.0,-4.51634292420635
182598,1888.0,120.0,174.0,0.202177227932266
226575,163.0,1914.0,57.0,6.12900925909587
249479,83.0,1896.0,70.0,-1.95374910832303
278254,1884.0,1671.0,75.0,-0.760586440333954
248670,544.0,1899.0,70.0,6.35787170890654
222933,1332.0,1890.0,56.0,-2.9833058396144
388675,5.0,1901.0,111.0,-12.8224618237807
173421,146.0,1916.0,52.0,-1.83903019933002
356988,150.0,164.0,108.0,0.0084500154266936
163679,544.0,160.0,168.0,1.51547077048538
25292,1887.0,1348.0,4.0,-1.98845131402786
266043,1919.0,1921.0,73.0,-4.91737462135583
28748,160.0,1882.0,4.0,0.277133637655479
99987,1925.0,1876.0,44.0,9.12018809040877
89713,20.0,1912.0,172.0,-0.276282099480971
102896,1331.0,1910.0,173.0,7.63050483472888
435201,1912.0,147.0,116.0,0.987471855703876
397565,146.0,17.0,112.0,-5.2082338827961
244866,1919.0,1224.0,69.0,4.00939906247457
232561,604.0,13.0,58.0,-3.74714899877031
68759,1337.0,1904.0,12.0,-1.03913906096426
372153,1929.0,1928.0,180.0,-1.86887527372353
375357,1430.0,1907.0,109.0,-0.557375586302917
324008,1337.0,1904.0,100.0,-1.13711257795986
202210,1919.0,1928.0,54.0,9.85212413603079
252298,164.0,1904.0,71.0,3.00515186487618
331886,15.0,1892.0,102.0,-3.44712380281249
285538,655.0,163.0,77.0,5.58912590282661
167326,1893.0,1908.0,51.0,12.2261488606362
189262,1902.0,1890.0,175.0,-4.5817430154574
302552,1926.0,1922.0,98.0,-1.02066070512902
230201,146.0,72.0,58.0,-2.43070842529678
206698,1924.0,1927.0,177.0,3.02240971365563
215466,655.0,160.0,55.0,0.570591781243342
10998,150.0,1922.0,2.0,1.79759918791111
220165,164.0,1896.0,56.0,-2.23927290434046
301082,20.0,1910.0,98.0,1.77188495648671
47471,27.0,1224.0,6.0,-3.1771226881052
267558,136.0,788.0,74.0,2.02277753414928
30324,1899.0,18.0,166.0,-8.51742700052097
397508,146.0,1881.0,112.0,0.760212761981632
282326,1891.0,1889.0,77.0,1.11042158542517
284359,1893.0,1922.0,77.0,1.71106219292919
193029,101.0,5.0,176.0,-0.537793076384328
331426,164.0,1908.0,102.0,-3.57837457392215
27697,1925.0,11.0,4.0,1.38970678342341
424008,1899.0,1881.0,115.0,-2.65452156093898
6952,83.0,131.0,1.0,0.18432905823014
63378,1926.0,1431.0,10.0,-4.31584537125967
162731,748.0,1348.0,168.0,-1.88570848544104
334524,1877.0,131.0,102.0,0.641521994872198
8795,1884.0,150.0,2.0,0.368543823171896
282705,1331.0,11.0,77.0,-2.37098141810106
191810,160.0,1337.0,175.0,2.02040178833112
57151,1906.0,1183.0,9.0,-2.40260189612473
69771,229.0,1342.0,12.0,4.12844793160557
339686,3.0,131.0,103.0,-3.54960333072351
86799,1895.0,1916.0,172.0,0.770086307688342
325831,1918.0,1927.0,101.0,-0.54613840163306
212500,655.0,1337.0,178.0,-5.58024598184021
228947,1559.0,677.0,58.0,1.98987875203407
245284,163.0,1921.0,69.0,-1.0861655086802
275884,1915.0,1888.0,179.0,3.23663922945585
217448,1877.0,1921.0,55.0,-1.41577369552949
178025,1916.0,1892.0,53.0,-3.29605634072097
327395,101.0,1884.0,101.0,-0.217249231611211
423988,85.0,1917.0,115.0,-2.64306727824866
343557,1889.0,1882.0,104.0,-2.0447986164885
171487,1901.0,1918.0,52.0,-1.47314269962731
370148,1919.0,1883.0,180.0,-0.0233676472115451
324813,14.0,120.0,100.0,-4.46504744268693
114340,655.0,20.0,167.0,-5.82923521430571
425709,1332.0,788.0,115.0,0.639302351121432
109392,1926.0,1904.0,45.0,3.20317199537731
248861,1877.0,1919.0,70.0,1.87221851171864
9820,1904.0,1916.0,2.0,3.49820872632309
31308,1896.0,1921.0,166.0,-1.50171253926413
372910,1883.0,1922.0,109.0,-2.82106172335746
9552,1880.0,1914.0,2.0,7.12974209833068
272449,1878.0,164.0,179.0,-5.88511917998922
367688,1898.0,11.0,180.0,0.0471607899193661
260288,160.0,1920.0,72.0,6.0592525194054
276135,163.0,120.0,179.0,2.55287215563122
4406,47.0,1900.0,1.0,1.94552440588856
424305,1897.0,1912.0,115.0,-0.896501707844981
256896,1902.0,788.0,72.0,5.98126836665973
284674,101.0,1893.0,77.0,4.63179886618647
167918,1332.0,1911.0,51.0,1.06213016701459
254419,1925.0,131.0,71.0,0.228243242329033
97764,164.0,1904.0,44.0,-1.19063474035552
16054,120.0,18.0,3.0,-2.78448148152486
235457,1183.0,1892.0,60.0,-0.661103233164905
302991,48.0,1880.0,98.0,6.4985288638311
311358,1885.0,1431.0,186.0,-2.32559842673112
110363,229.0,1337.0,45.0,-17.3746020574252
185038,1926.0,1913.0,174.0,2.54827956389483
213666,948.0,1894.0,55.0,-6.82062929343527
273694,948.0,1924.0,179.0,-9.95931281880862
200268,1905.0,1875.0,54.0,-3.31592444239719
208160,1878.0,1885.0,178.0,3.92347456890878
339868,544.0,101.0,103.0,26.8859417300293
245936,948.0,1430.0,70.0,-0.994487964363606
389041,1924.0,85.0,111.0,1.77447311033105
279692,27.0,1923.0,75.0,0.43853230980381
104831,1876.0,1912.0,173.0,4.48372455949987
283717,1224.0,1918.0,77.0,2.94049421297757
314233,14.0,147.0,186.0,-3.73032100529558
96108,1899.0,1927.0,44.0,-2.48249764120319
43500,1883.0,1901.0,6.0,5.42788490453302
187213,1671.0,1908.0,175.0,17.2938815369694
279336,1884.0,677.0,75.0,1.7620353089614
5577,1896.0,1927.0,1.0,1.94454469126969
185343,1342.0,1895.0,174.0,-1.1327453936148
33992,1913.0,1922.0,166.0,-1.13500547873058
333671,163.0,1922.0,102.0,-1.95523483599679
330480,83.0,85.0,101.0,1.85273527662131
387937,1337.0,150.0,111.0,3.83533108302049
26593,1883.0,1911.0,4.0,2.51510047106569
33482,1913.0,1912.0,166.0,-4.90602384098654
270436,1924.0,1877.0,74.0,2.15622864992738
373956,1909.0,5.0,109.0,-2.95362535245487
45705,20.0,150.0,6.0,7.85759317882375
180394,1905.0,1879.0,53.0,-3.02496147686113
390394,160.0,544.0,111.0,5.02235064640847
389642,1332.0,1909.0,111.0,-0.392467284621486
271683,1895.0,1898.0,179.0,3.42034769829685
54383,1925.0,1918.0,9.0,1.00140074224555
237495,1919.0,17.0,60.0,-1.71272265999958
416212,48.0,131.0,114.0,-0.546732342534406
261600,948.0,1894.0,73.0,4.03612992170719
278153,1880.0,1888.0,75.0,1.37045301088163
111313,72.0,120.0,167.0,-3.36523191903567
48240,82.0,1928.0,6.0,-1.54844620755432
108882,1332.0,1880.0,45.0,4.79313235463109
74769,48.0,1912.0,13.0,-1.04780689698628
8544,14.0,1921.0,1.0,-4.40705138427801
100860,1900.0,1348.0,173.0,4.74035112851855
57847,1915.0,1904.0,9.0,2.28055559844336
327750,1903.0,1914.0,101.0,-3.40916723926863
277784,72.0,15.0,75.0,1.89718471733951
311038,748.0,150.0,186.0,4.8033410930219
324336,1913.0,677.0,100.0,-1.35599888842654
278657,1559.0,1922.0,75.0,0.958343331027331
106737,1897.0,14.0,45.0,2.39056176761657
193474,1559.0,1901.0,176.0,-0.071622032596017
368021,1896.0,1886.0,180.0,-2.22121272920034
265337,27.0,136.0,73.0,4.44246042656271
318579,604.0,1916.0,99.0,1.79975094702779
99697,3.0,147.0,44.0,-13.9374410421384
310254,1883.0,120.0,186.0,15.587339075131
311469,1888.0,1903.0,186.0,-8.5537166380344
423892,1879.0,1927.0,115.0,-0.931116966232041
69595,160.0,1927.0,12.0,-7.95619909844711
311273,1903.0,1916.0,186.0,1.0885372655939
271865,1917.0,788.0,179.0,3.01116683342479
368934,1893.0,1890.0,180.0,1.19881386477298
425525,72.0,1901.0,115.0,0.699879348038078
5691,1893.0,1907.0,1.0,2.75198618750089
323282,229.0,1922.0,100.0,3.05528112762481
285736,1926.0,655.0,77.0,-0.509085901492992
273751,1909.0,1892.0,179.0,-6.33488172020626
267157,1880.0,1560.0,74.0,3.94062052102176
224811,1909.0,1914.0,57.0,-1.25999793947757
204746,195.0,1911.0,177.0,1.0107768443687
330026,14.0,1886.0,101.0,-5.04607880807844
203665,1347.0,1884.0,177.0,-6.06265065653887
182218,1224.0,1910.0,174.0,0.890812898513963
103980,1913.0,1896.0,173.0,2.61728377177952
317166,1899.0,1671.0,99.0,0.297808822505899
330045,1920.0,1927.0,101.0,-27.3493026823883
253981,83.0,1915.0,71.0,8.44173690448662
58448,160.0,544.0,9.0,-0.282297533004951
261688,1878.0,150.0,73.0,0.650225902723439
104629,229.0,1912.0,173.0,4.54293396838882
166833,1896.0,1927.0,51.0,2.73313660570911
61551,1896.0,1901.0,10.0,1.65733630784411
60512,1893.0,1889.0,10.0,3.02529966194517
218337,1880.0,120.0,56.0,0.975038020056318
301886,948.0,1917.0,98.0,5.01521610759951
315318,1899.0,1878.0,99.0,-1.85301200118654
436009,229.0,1908.0,116.0,0.954327862881123
46988,1925.0,1884.0,6.0,7.29264724254297
323765,655.0,1909.0,100.0,11.6254433277776
368739,1889.0,1914.0,180.0,-5.88911744419639
376289,1920.0,1875.0,109.0,1.08580878102078
192956,1348.0,1923.0,176.0,-0.814037425867002
301638,1431.0,11.0,98.0,-0.243751747485225
87544,1878.0,1922.0,172.0,-0.440210270357145
73951,655.0,1331.0,13.0,-3.47554440645657
178784,1911.0,1927.0,53.0,0.942274964302078
389414,1924.0,72.0,111.0,-0.0544874059428709
304838,1332.0,1928.0,98.0,4.64834087212945
25850,15.0,1910.0,4.0,-0.0825370852187258
63185,160.0,1916.0,10.0,-0.564761084304734
69627,163.0,1920.0,12.0,1.39044837153137
194902,160.0,1183.0,176.0,6.53661695946702
182500,101.0,1883.0,174.0,-1.14201290820986
219451,748.0,150.0,56.0,6.40924012925417
65242,17.0,677.0,12.0,2.79702934870633
424438,1891.0,1895.0,115.0,0.969741138161311
281548,1337.0,85.0,75.0,-15.4162480294246
89010,544.0,1892.0,172.0,2.43789939040294
301742,164.0,677.0,98.0,-3.29879786724805
205400,1905.0,1875.0,177.0,-5.7503945323956
197604,1904.0,13.0,54.0,-3.65545024207589
63696,604.0,150.0,10.0,15.8943393901252
390647,163.0,120.0,111.0,2.87155632077
25702,82.0,1910.0,4.0,5.40921716496756
200045,229.0,1183.0,54.0,1.79433437156814
114556,163.0,1430.0,167.0,6.32648260211536
304696,544.0,15.0,98.0,2.77006115841581
334641,229.0,11.0,102.0,4.39522478500354
11054,1559.0,1896.0,2.0,-1.0491187835704
113468,1920.0,1923.0,167.0,-0.344996179188115
46032,1430.0,1923.0,6.0,2.6269635886426
196979,1925.0,15.0,176.0,11.2114497825182
319863,1924.0,948.0,99.0,1.50638636248715
323077,13.0,1560.0,100.0,2.46303640104996
312880,948.0,1922.0,186.0,-1.17536441463443
66845,150.0,1910.0,12.0,-6.9567215495998
100548,1559.0,147.0,173.0,-2.08028639558366
269804,27.0,1906.0,74.0,4.82940878294585
244218,1924.0,655.0,69.0,5.02227345166964
74133,82.0,131.0,13.0,5.90269299658508
311830,150.0,1898.0,186.0,1.72484370171706
271133,160.0,1878.0,74.0,3.85655450576385
270841,1924.0,136.0,74.0,-7.16531065334943
357521,101.0,1914.0,108.0,-5.26884829362276
56069,1907.0,1923.0,9.0,-2.45326263115983
241565,677.0,1923.0,69.0,-2.42087225328
372267,1899.0,195.0,109.0,3.48872054346392
25390,1902.0,1331.0,4.0,-1.62300253614394
217590,1905.0,1890.0,55.0,-1.11483440195792
370573,83.0,1909.0,180.0,0.283628140889934
7195,1332.0,1891.0,1.0,2.33234359152515
227146,20.0,18.0,57.0,0.0233722233364477
283453,15.0,788.0,77.0,3.51051843332327
219347,1900.0,1927.0,56.0,-4.16646921975589
190047,27.0,1331.0,175.0,-10.7186584022118
32195,1877.0,195.0,166.0,-0.943010233993744
179696,27.0,1875.0,53.0,3.6206252212712
242320,1894.0,195.0,69.0,8.78159373842586
31798,1559.0,1886.0,166.0,-1.88974402981384
356777,47.0,1910.0,108.0,-4.39458718056178
416227,48.0,1347.0,114.0,-3.33295789645532
18114,1906.0,1912.0,3.0,-13.4564938534577
106637,1888.0,13.0,45.0,1.10862272859406
258767,1915.0,1923.0,72.0,2.55161559318988
338654,72.0,17.0,103.0,4.54686435119767
281378,160.0,1332.0,75.0,1.92110205487656
315502,1906.0,1899.0,99.0,0.210090457650311
227874,604.0,1876.0,57.0,-13.7726544234054
108680,1924.0,164.0,45.0,16.1746069415567
371796,48.0,1878.0,180.0,-3.37554349289767
12323,544.0,150.0,2.0,2.35033795345943
115211,1924.0,1890.0,167.0,-3.99932885789694
216751,1920.0,1879.0,55.0,3.57471321949384
204451,1875.0,1894.0,177.0,-0.0288711258919126
425704,1906.0,788.0,115.0,8.87153794791836
320222,14.0,47.0,99.0,-3.36915744842552
86143,1890.0,1918.0,172.0,-5.89029193561249
59334,1914.0,1928.0,9.0,-1.24308619300288
68680,14.0,131.0,12.0,-7.97669132958022
399190,1903.0,164.0,112.0,7.31099900175102
212794,1887.0,1908.0,55.0,-0.407535872795559
260701,1913.0,20.0,72.0,-8.42413890017582
216456,163.0,1893.0,55.0,11.6276249020363
258283,1902.0,1560.0,72.0,1.22844999554886
169862,163.0,11.0,51.0,-0.759316112339079
371363,1913.0,1886.0,180.0,3.85709533329189
227356,1906.0,1895.0,57.0,-1.15030244263778
205971,1876.0,11.0,177.0,-2.56397540839852
224338,1875.0,1914.0,57.0,4.65698037152242
207791,1337.0,1887.0,178.0,-7.65440170504556
218152,47.0,1908.0,56.0,28.100695747414
50312,948.0,1901.0,7.0,3.58072424122372
324527,655.0,1875.0,100.0,3.43174837106907
331870,948.0,1183.0,102.0,-1.69325466482916
66328,1886.0,195.0,12.0,0.496708310882797
209554,948.0,655.0,178.0,3.33621971333553
242609,101.0,146.0,69.0,18.1160796325514
166465,1888.0,18.0,51.0,1.64043585607729
24957,1903.0,1912.0,4.0,-0.226630503923228
414083,101.0,164.0,114.0,3.71938420708959
85485,1891.0,1882.0,172.0,1.95739139863698
203501,1895.0,1890.0,177.0,5.33040280332344
427234,48.0,1927.0,115.0,-3.82063174269121
279224,1885.0,13.0,75.0,0.0730155123742777
326153,1907.0,1890.0,101.0,1.71830532270545
427705,1913.0,1908.0,115.0,-1.35120975546813
183689,136.0,1671.0,174.0,-5.0783042253977
371973,655.0,14.0,180.0,1.24200066439917
299774,20.0,1899.0,98.0,-1.7313970005767
18663,163.0,14.0,3.0,6.55235315097409
173744,1900.0,1560.0,52.0,2.39310406402728
112061,1908.0,677.0,167.0,5.38354609956487
187033,1889.0,1927.0,175.0,-2.69924186561637
190480,1905.0,1431.0,175.0,0.605763646064749
179147,164.0,1910.0,53.0,1.30316180219131
195118,1430.0,1883.0,176.0,4.79539313402699
222270,1924.0,1224.0,56.0,4.48383916721758
390029,1332.0,1896.0,111.0,4.4977188784249
189115,101.0,1886.0,175.0,1.92417156645825
326503,1893.0,1560.0,101.0,1.73252865791131
68803,20.0,101.0,12.0,0.23204566106344
369305,948.0,1900.0,180.0,6.17362716500568
274336,948.0,1923.0,179.0,6.82076342442556
361152,1920.0,1560.0,108.0,-5.1302179298985
357784,1224.0,11.0,108.0,2.42685349366394
17370,1877.0,131.0,3.0,8.14756105840652
173076,1881.0,17.0,52.0,4.05471969990043
255565,3.0,1878.0,71.0,-2.08630895873534
96621,1347.0,1916.0,44.0,-0.824005980309037
46224,1332.0,1883.0,6.0,6.83048449824348
182092,1894.0,13.0,174.0,-0.657688742189237
162525,1883.0,1900.0,168.0,4.43080551974888
17367,1332.0,1891.0,3.0,0.677669214632244
217010,1919.0,120.0,55.0,-6.49793884455075
271091,3.0,1671.0,74.0,-3.75716081415194
323648,229.0,72.0,100.0,2.67264530108092
273685,1878.0,1560.0,179.0,-1.55667325472563
197068,72.0,1928.0,176.0,-2.03616333777737
170710,604.0,1332.0,51.0,1.33869827982353
282129,1899.0,147.0,77.0,2.79868980792242
201284,1920.0,1348.0,54.0,-0.752127924219305
53241,82.0,1337.0,7.0,0.407108779859731
69662,1925.0,1920.0,12.0,3.24857463818764
272815,163.0,1911.0,179.0,3.03841908414767
90352,1183.0,1928.0,172.0,-3.96555931825931
261803,120.0,195.0,73.0,-0.702933470207463
435999,1915.0,1919.0,116.0,4.37041699145095
325085,82.0,1430.0,100.0,9.76857584217821
185406,655.0,11.0,174.0,5.08558019144159
47397,655.0,1917.0,6.0,-4.31735893787178
66547,1875.0,1912.0,12.0,-4.52131340111171
358957,1909.0,120.0,108.0,8.03691560916178
273439,1900.0,677.0,179.0,-0.960164371342785
284146,1884.0,1431.0,77.0,-0.293332096719437
209298,1900.0,1917.0,178.0,-1.20477326286444
175695,1919.0,1917.0,52.0,1.472973855142
375063,48.0,1899.0,109.0,-3.93340209076757
238853,1919.0,1908.0,60.0,2.90230639180744
50045,1342.0,1899.0,7.0,0.241026145643473
25041,1886.0,1916.0,4.0,0.772319027656808
389448,1877.0,1880.0,111.0,-3.46268036497869
194873,604.0,1908.0,176.0,3.40504111168111
256465,147.0,1911.0,72.0,1.25888787153287
50492,1183.0,1898.0,7.0,-2.72197973964176
26474,1892.0,1922.0,4.0,-0.588327091390502
326187,1342.0,1887.0,101.0,-6.37543343726659
52697,27.0,1888.0,7.0,1.67332035899806
424710,1902.0,1912.0,115.0,0.576468434195987
178775,1331.0,788.0,53.0,-3.88493419008863
55674,748.0,1671.0,9.0,1.22926236380835
375727,1876.0,1892.0,109.0,-3.2084709559835
389630,1915.0,1909.0,111.0,-5.94565252307461
248488,13.0,1922.0,70.0,-4.76905485734102
197477,1875.0,1891.0,54.0,-0.0465351930973233
69971,229.0,1878.0,12.0,-0.96110540633226
224685,1912.0,677.0,57.0,-4.35377634956728
283871,1902.0,1914.0,77.0,-1.70265727152427
193202,1886.0,1898.0,176.0,-4.24596617334927
235473,1880.0,15.0,60.0,-1.80647886395506
283677,1183.0,1883.0,77.0,-0.80815095433073
165408,48.0,1886.0,168.0,7.78917435562936
374845,146.0,1911.0,109.0,5.31608376829893
222829,1925.0,1878.0,56.0,-0.430280051792418
259686,1877.0,1884.0,72.0,-5.15541810588889
285482,27.0,1906.0,77.0,8.77720390079441
624684,1348.0,1902.0,6.0,-4.68245725558622
277358,1886.0,1901.0,75.0,-1.51152273690746
245598,160.0,1928.0,69.0,6.05696658831174
192922,1888.0,1916.0,176.0,-0.517505958166152
64746,1430.0,1890.0,10.0,-1.72880990846082
4243,1909.0,1907.0,1.0,-7.48651138927803
316921,1885.0,1331.0,99.0,0.535398890035901
278754,1892.0,1914.0,75.0,-2.72048966768739
30627,101.0,136.0,166.0,-3.08561990672097
325454,1905.0,47.0,100.0,-2.03161548153622
62619,655.0,160.0,10.0,4.91049165019635
425634,1876.0,47.0,115.0,-4.10294779201257
186108,14.0,1430.0,174.0,1.26375893198101
345513,1924.0,544.0,104.0,6.71963161004012
313394,1342.0,1881.0,186.0,-2.25524509102578
215482,655.0,1899.0,55.0,11.72895074093
299875,1896.0,1560.0,98.0,-2.25767572139701
187050,1883.0,677.0,175.0,2.41648701243034
412678,1896.0,1914.0,114.0,2.44605573030871
235593,1903.0,1892.0,60.0,4.59166550289211
337689,1879.0,120.0,103.0,0.537477179135419
98775,1913.0,1879.0,44.0,-7.13196968641022
43468,72.0,1560.0,6.0,0.261515236372016
229748,85.0,146.0,58.0,1.66583978618751
285709,1876.0,1431.0,77.0,5.43837410527651
231426,3.0,1922.0,58.0,-9.40608387945673
399903,48.0,164.0,112.0,5.57081182168394
167303,1879.0,1224.0,51.0,-3.18320433383899
323930,1905.0,1885.0,100.0,-2.8383167636484
330459,1337.0,1922.0,101.0,1.89705948639975
113749,1337.0,195.0,167.0,-12.8835234371859
97457,1905.0,1911.0,44.0,7.69245874551538
89437,1877.0,1889.0,172.0,0.329713450393715
329885,1919.0,13.0,101.0,1.04816770170202
248913,604.0,82.0,70.0,7.49903432727689
176980,1893.0,5.0,53.0,-1.22689524220696
174439,27.0,164.0,52.0,2.73674899626807
374056,1890.0,788.0,109.0,-3.1403605851867
316639,1900.0,1907.0,99.0,0.70019826246205
97769,147.0,1909.0,44.0,18.0758765204673
191416,48.0,1332.0,175.0,6.45354638122564
315468,948.0,1901.0,99.0,-0.119175840355392
264767,48.0,655.0,73.0,14.6042069111089
115123,3.0,748.0,167.0,3.6908935816057
250740,1876.0,1900.0,70.0,1.02515333913641
177404,1894.0,72.0,53.0,3.32770660399437
111364,136.0,1890.0,167.0,6.52602463167524
301720,1875.0,1887.0,98.0,1.92556920423175
268154,18.0,1927.0,74.0,-0.571264171008727
311284,948.0,163.0,186.0,2.89698056197497
213000,164.0,5.0,55.0,6.11977526496036
5124,85.0,1671.0,1.0,1.08008873307841
6359,1920.0,1922.0,1.0,-0.864475868279098
12026,82.0,17.0,2.0,3.09056091897387
200405,1877.0,1880.0,54.0,0.644149982584008
32254,1926.0,229.0,166.0,1.65468971356692
312315,146.0,1900.0,186.0,1.74365222980909
111023,1887.0,72.0,167.0,0.371555639733613
224071,1902.0,1896.0,57.0,-0.14900817245351
215192,1884.0,17.0,55.0,3.12977587210292
207417,101.0,1928.0,177.0,31.3618277085095
340802,14.0,1903.0,103.0,-0.159628775337256
17413,20.0,1884.0,3.0,-6.08420894028887
180924,1924.0,1927.0,53.0,-5.3383623570482
53193,1924.0,1878.0,7.0,7.60212738235274
73848,3.0,1881.0,13.0,-3.80741337765284
389449,1342.0,164.0,111.0,-19.1764441356365
176339,544.0,1910.0,52.0,-5.16068497453569
310857,164.0,1897.0,186.0,-5.1924887727964
248400,47.0,1921.0,70.0,5.8243909107095
310811,136.0,1671.0,186.0,-1.88677030684348
261613,1891.0,1892.0,73.0,4.06509420227732
183740,1430.0,1332.0,174.0,2.64684855885168
106875,1902.0,1905.0,45.0,4.68184038216538
284364,1889.0,1921.0,77.0,1.8870592324417
228609,1912.0,1911.0,58.0,2.36510471257736
320125,1332.0,1908.0,99.0,5.55954582556214
115219,1926.0,1878.0,167.0,3.50487599243014
199454,11.0,677.0,54.0,-0.934279865900604
163420,1905.0,150.0,168.0,8.28729655191388
338854,163.0,85.0,103.0,4.98439834743544
212838,164.0,1908.0,55.0,-1.32054852080986
333377,72.0,11.0,102.0,2.24904963479339
102572,1889.0,1908.0,173.0,-1.35934216417781
230598,1337.0,1887.0,58.0,-8.83387665922035
8451,655.0,3.0,1.0,5.9104077564214
423644,1909.0,15.0,115.0,1.04586101579914
265285,163.0,1917.0,73.0,3.54672648959469
275807,1925.0,1430.0,179.0,3.33613857060239
17836,14.0,147.0,3.0,-6.22944510409543
73207,72.0,1900.0,13.0,-1.73730092540581
269698,1920.0,1914.0,74.0,0.126035916513185
246546,1332.0,1910.0,70.0,-0.276491513990479
30945,1911.0,1892.0,166.0,-4.04897513850551
56260,1901.0,1927.0,9.0,-2.09064160224909
280384,27.0,101.0,75.0,12.7754797164064
223728,1900.0,1889.0,57.0,-13.5305284088566
427167,1430.0,1917.0,115.0,-2.47573965963049
249662,544.0,17.0,70.0,8.8774479406852
218861,11.0,788.0,56.0,-1.54729979382774
50135,1903.0,1927.0,7.0,1.95556221993162
437752,163.0,1560.0,116.0,0.122988602091893
436866,1905.0,1884.0,116.0,-2.45296421317788
361189,655.0,1560.0,108.0,5.47659996111185
89697,1876.0,1430.0,172.0,12.0789619352046
205614,1342.0,1916.0,177.0,-4.39052809054987
203442,1881.0,1897.0,177.0,3.00215579108066
73563,160.0,195.0,13.0,-1.51961739481484
172060,146.0,72.0,52.0,7.9549266859457
43966,1886.0,1918.0,6.0,-3.83460700264223
222115,83.0,1895.0,56.0,0.141456052136291
195620,1919.0,1914.0,176.0,0.826346317941016
211964,14.0,1671.0,178.0,-3.58678526915969
280639,1906.0,1896.0,75.0,4.26784601115411
17253,1905.0,1892.0,3.0,-5.15826258725539
204287,1879.0,1882.0,177.0,1.64710394771117
182861,146.0,1921.0,174.0,2.48851170414306
325641,1916.0,1921.0,101.0,-5.00331641405075
213232,1331.0,788.0,55.0,-5.96919504517056
270475,14.0,1895.0,74.0,-2.5692612091145
31451,14.0,150.0,166.0,-4.16343094007671
237725,14.0,1893.0,60.0,5.19460812339026
74850,1915.0,1430.0,13.0,-0.243366496572466
215352,1900.0,1917.0,55.0,-9.12063521688061
220383,1908.0,1917.0,56.0,-1.75917936881651
237469,1337.0,1914.0,60.0,-4.19924072655301
330479,229.0,1882.0,101.0,3.1847993048871
255168,14.0,1886.0,71.0,1.71660930629606
58264,229.0,27.0,9.0,1.8750384369577
24556,1899.0,1908.0,4.0,0.626765554375871
326257,72.0,131.0,101.0,-3.79063465018958
228932,1347.0,1907.0,58.0,2.02416240899615
230832,1898.0,15.0,58.0,-7.69640802875937
248414,136.0,1916.0,70.0,-2.86565956458877
374896,1886.0,150.0,109.0,-6.20590047394796
228747,1878.0,1894.0,58.0,-3.51579941948808
241393,1880.0,5.0,69.0,0.845161611553649
26456,1331.0,1923.0,4.0,-7.58259412444918
326392,1893.0,1927.0,101.0,-2.45564368917715
183022,1897.0,788.0,174.0,0.367705873549742
281343,1924.0,1342.0,75.0,-4.4940861081793
342846,1893.0,1916.0,104.0,0.32310728340718
427803,1925.0,15.0,115.0,-2.18568184605356
368042,1897.0,1918.0,180.0,-0.629694271604118
426464,1913.0,17.0,115.0,-6.33868838232726
176086,1876.0,1903.0,52.0,7.14700657826991
181737,164.0,1900.0,174.0,1.06565386849865
194301,1894.0,1923.0,176.0,6.57209723816692
227267,1924.0,1904.0,57.0,2.76318128160316
188395,948.0,131.0,175.0,2.43584126071271
300849,1888.0,164.0,98.0,2.37875385438771
161293,164.0,1904.0,168.0,-2.47966992210243
434773,1899.0,1897.0,116.0,-2.37249180792049
414269,1900.0,131.0,114.0,2.57409917414321
8649,1906.0,1902.0,1.0,2.60495830325559
322960,1894.0,17.0,100.0,1.72287018868861
335827,83.0,1430.0,102.0,-1.13630780129148
360725,48.0,1348.0,108.0,-10.2093974695798
285874,229.0,150.0,77.0,6.95362949425935
8639,1911.0,1902.0,1.0,-5.34872160035882
72574,164.0,1908.0,13.0,0.752485900222038
241773,1891.0,13.0,69.0,0.175070057191712
74121,1906.0,17.0,13.0,1.37645430132694
344887,1919.0,101.0,104.0,8.53351700426599
247431,13.0,1560.0,70.0,-0.388780597117662
171765,1899.0,1880.0,52.0,-1.77334193986465
27048,1913.0,1883.0,4.0,5.78244824615086
113118,20.0,1910.0,167.0,-3.02439426858884
166972,150.0,1900.0,51.0,4.10347284799777
310716,72.0,1882.0,186.0,7.47548052417554
184048,1881.0,1922.0,174.0,-1.67742452766671
336838,18.0,1910.0,103.0,4.72072317738918
319750,160.0,83.0,99.0,-4.12385043482052
180049,20.0,1892.0,53.0,-5.49716114390409
102470,1895.0,1907.0,173.0,5.69766530122665
241716,1560.0,1911.0,69.0,11.3254068295594
278123,1886.0,47.0,75.0,-1.71753717542705
416996,1920.0,1927.0,114.0,-18.4569309365219
10684,1902.0,1337.0,2.0,2.72729584475421
212764,150.0,1917.0,55.0,7.82312116956528
86316,1917.0,131.0,172.0,-0.461924641164722
372527,1878.0,1908.0,109.0,-1.05031356367173
251353,101.0,1910.0,71.0,-2.65270229142141
24223,1896.0,1914.0,4.0,-4.84811648244878
14717,1224.0,1922.0,3.0,2.65577107585483
189093,1885.0,1897.0,175.0,-3.37562785320717
237956,48.0,1877.0,60.0,-8.1787750673903
435706,1889.0,1896.0,116.0,0.422557741583873
369456,748.0,1912.0,180.0,-1.48642609815372
66688,1559.0,18.0,12.0,-0.723832154628542
256146,1896.0,1901.0,72.0,0.605476029406569
170094,14.0,1348.0,51.0,-2.26848033027327
214550,1880.0,1896.0,55.0,3.42343790775206
398449,1887.0,1910.0,112.0,6.50278224172646
360478,1905.0,544.0,108.0,-4.17971345153681
218998,1896.0,1916.0,56.0,-9.59266639772512
346020,1915.0,1337.0,104.0,-3.86382322270009
310311,1881.0,15.0,186.0,1.56721946018583
208156,1902.0,1882.0,178.0,6.76319648913698
319394,83.0,147.0,99.0,-0.664846709052641
53507,13.0,1928.0,7.0,0.297740251665512
215592,1915.0,1906.0,55.0,-1.20153061302251
205149,1906.0,788.0,177.0,13.2343801858898
195897,20.0,544.0,176.0,-9.25873107666026
191744,1924.0,3.0,175.0,-3.17759911263848
389014,1879.0,1900.0,111.0,11.1018361733625
165681,1926.0,1890.0,168.0,3.09884684078818
423083,1895.0,1903.0,115.0,-2.11759140755782
67543,1899.0,1910.0,12.0,0.114525985972516
195876,1337.0,1879.0,176.0,-3.77810473934454
267073,1888.0,1910.0,74.0,-2.27392476048064
255271,48.0,136.0,71.0,-7.39292070301619
170134,229.0,1879.0,51.0,1.47446166003567
416618,3.0,13.0,114.0,10.4112322543476
31380,1879.0,748.0,166.0,-7.78554156386356
103878,1915.0,1909.0,173.0,-7.15345987621179
180947,1342.0,1888.0,53.0,-5.79945994267331
304782,1929.0,1902.0,98.0,-5.48019003282998
212577,1900.0,1928.0,178.0,-0.609852221818552
253660,3.0,1922.0,71.0,2.03985321092684
299775,1891.0,150.0,98.0,9.50545736642049
231922,163.0,1331.0,58.0,7.0361189561254
13091,1920.0,120.0,2.0,-6.18736353118444
283369,1671.0,1890.0,77.0,-0.443416282025367
398932,1671.0,1918.0,112.0,-2.73049551168995
243889,1920.0,1885.0,69.0,4.28840110357563
377238,544.0,1337.0,109.0,6.04340611458916
311481,1879.0,120.0,186.0,2.91963803840992
237309,1925.0,1331.0,60.0,-9.37230082386231
336108,1891.0,147.0,103.0,-3.31427039876739
17929,14.0,1888.0,3.0,-0.861981882504752
259298,1905.0,1916.0,72.0,-9.06550985166973
222474,83.0,1559.0,56.0,1.4838765021515
202459,195.0,1671.0,177.0,-1.42323670328286
277758,15.0,18.0,75.0,2.72987554813195
330537,1906.0,1890.0,101.0,-5.02746099952134
228798,11.0,1890.0,58.0,-0.702748737257374
66745,1347.0,1894.0,12.0,-2.30364428448736
247611,948.0,1922.0,70.0,-2.84963622631758
330680,1920.0,1902.0,101.0,3.03684738690256
391058,544.0,1906.0,111.0,-0.088532898885455
315908,1893.0,15.0,99.0,-1.17379772370332
176032,544.0,1924.0,52.0,21.4535764534468
182574,1879.0,748.0,174.0,2.22720806404254
191714,3.0,1906.0,175.0,6.08791936825304
88807,1877.0,1431.0,172.0,4.9547905588621
630141,195.0,1902.0,72.0,5.2133749535307565
85891,146.0,677.0,172.0,2.90713266567587
234671,1885.0,11.0,60.0,0.741631680555451
339662,1915.0,1914.0,103.0,5.58581437062317
200746,1430.0,1914.0,54.0,-2.7772890813387
427131,82.0,13.0,115.0,-0.597982860671694
414962,1559.0,1885.0,114.0,-3.93187174749714
401033,160.0,1430.0,112.0,-1.58837814131297
338297,72.0,1890.0,103.0,0.541673797806317
250065,1920.0,1224.0,70.0,0.458357053596093
205049,150.0,11.0,177.0,-7.40888479918691
217778,160.0,1928.0,55.0,2.52463622528434
233270,3.0,1900.0,58.0,-7.98843856667089
323385,1920.0,1883.0,100.0,2.1118576284367
331831,1889.0,1901.0,102.0,-1.19761174667652
279975,3.0,72.0,75.0,-3.46934606499934
335725,1430.0,1560.0,102.0,-3.7967732389707
175070,48.0,5.0,52.0,3.83872004855826
360455,604.0,1895.0,108.0,-6.18548058099452
13320,1876.0,1903.0,2.0,5.40548349677658
273856,1671.0,1347.0,179.0,1.3422743256451
280824,1919.0,1348.0,75.0,3.02256023844847
109878,1920.0,83.0,45.0,1.24990358705771
210054,1889.0,1927.0,178.0,-4.66097971059996
435916,5.0,1922.0,116.0,2.22653052531199
261056,47.0,11.0,73.0,1.87898578333789
265423,1926.0,1430.0,73.0,-9.5428768153722
186591,1920.0,14.0,174.0,-0.340404249371467
51842,1877.0,1914.0,7.0,-0.243433161722729
217138,1913.0,1559.0,55.0,2.21236690619627
106585,1917.0,131.0,45.0,1.47898765102908
73201,1898.0,1224.0,13.0,4.43157040417837
331285,146.0,1893.0,102.0,1.7148820397475
70872,85.0,5.0,13.0,2.7408475065777
56020,1883.0,13.0,9.0,-3.04199187693015
369082,131.0,1901.0,180.0,-18.6826358912839
184869,27.0,1331.0,174.0,-18.3293463263943
259589,1877.0,17.0,72.0,8.05945601671746
55936,1890.0,1922.0,9.0,-3.36872673167649
198721,85.0,1917.0,54.0,0.0809495587977566
344777,1926.0,163.0,104.0,-0.0437321671547284
223109,1881.0,1902.0,56.0,3.24023939712832
345934,1342.0,748.0,104.0,-3.48244048234206
270383,1925.0,1879.0,74.0,-0.872317081595309
434904,1671.0,1914.0,116.0,3.37404479894679
423214,1875.0,1896.0,115.0,-1.58032934629729
180343,1905.0,1893.0,53.0,5.95583739755261
271042,48.0,1671.0,74.0,-1.292385555481
372747,1893.0,13.0,109.0,1.83261405253353
104102,604.0,5.0,173.0,4.10286985860797
300056,1559.0,1896.0,98.0,-0.310752351370276
225745,1671.0,788.0,57.0,4.14867862298688
262690,147.0,150.0,73.0,4.90067017716677
44467,1886.0,1892.0,6.0,-6.14855412114156
179632,1337.0,1906.0,53.0,7.41062800623054
261111,120.0,18.0,73.0,-1.41968985346956
168126,1893.0,1895.0,51.0,0.182577563215663
235424,1901.0,1921.0,60.0,-3.98871241542508
267619,1431.0,1916.0,74.0,-5.46699815623208
211668,1919.0,1895.0,178.0,-2.65533837236095
27547,1430.0,11.0,4.0,1.12059573438717
253218,1899.0,120.0,71.0,3.7425742626544
369897,83.0,1919.0,180.0,8.31122243514715
46954,229.0,101.0,6.0,20.9971083680788
85548,1886.0,677.0,172.0,3.70201317722242
162950,164.0,1901.0,168.0,-1.28665382060806
220375,147.0,1904.0,56.0,3.82736158815718
89971,655.0,1671.0,172.0,8.23173016352214
163945,604.0,1894.0,168.0,3.53279539357669
8910,1879.0,1898.0,2.0,-3.2999002397448
312804,1904.0,1671.0,186.0,-4.51592265817274
113705,27.0,1331.0,167.0,-15.3948201877506
188685,146.0,1896.0,175.0,4.26717396897784
230461,948.0,146.0,58.0,7.11125614999797
265234,229.0,1889.0,73.0,-0.443994646149388
177390,1898.0,1560.0,53.0,0.772729128395237
370684,544.0,1347.0,180.0,-4.43307930160638
228094,655.0,1903.0,57.0,0.617986297075467
414252,1884.0,1922.0,114.0,-3.76087190379431
67619,1878.0,1908.0,12.0,-1.17224556026133
115286,655.0,1882.0,167.0,-0.235879660736524
222499,3.0,136.0,56.0,5.17616951755631
319906,655.0,1924.0,99.0,5.80060090324064
245377,229.0,1882.0,69.0,1.01677106081242
301157,948.0,1887.0,98.0,-1.20502116368448
103392,1332.0,1894.0,173.0,-8.34708488211289
113679,229.0,164.0,167.0,5.63217685228379
171646,120.0,1886.0,52.0,0.814499500256925
65687,1884.0,72.0,12.0,8.00252172052851
87491,136.0,1922.0,172.0,1.546188954102
317643,1899.0,72.0,99.0,1.41971239572511
6561,160.0,82.0,1.0,6.30500071305734
206217,163.0,20.0,177.0,-2.84045729053957
34113,1906.0,1921.0,166.0,-12.8259342827332
262489,1899.0,85.0,73.0,0.902804681188878
359159,1893.0,1896.0,108.0,7.73511926871047
224998,1878.0,47.0,57.0,-8.14894117118076
176974,748.0,1431.0,53.0,0.445447048726448
321629,1875.0,1904.0,100.0,-0.251816675012179
374242,1897.0,120.0,109.0,6.01559583518898
396749,1881.0,1916.0,112.0,-5.00037497517382
310483,1904.0,1923.0,186.0,-2.94957752615629
51606,1332.0,1901.0,7.0,-3.08553605808107
169379,1342.0,1880.0,51.0,0.129672123514827
344855,1332.0,1914.0,104.0,-3.01552138274394
161934,1889.0,1901.0,168.0,-0.212098602360384
221969,655.0,1918.0,56.0,7.7738402962716
25468,1897.0,1560.0,4.0,1.5170420630623
161510,1896.0,1911.0,168.0,-0.205767455241875
87274,1895.0,748.0,172.0,-4.07536604979248
283455,1912.0,1894.0,77.0,-0.527479596562326
302925,1926.0,72.0,98.0,-3.7139612964371
163478,146.0,1900.0,168.0,3.59018929182373
397494,1889.0,72.0,112.0,-3.96077010481721
6975,1905.0,1916.0,1.0,5.94360090588002
368952,1898.0,1560.0,180.0,-3.27573512229872
62510,1903.0,18.0,10.0,-3.93702964332402
183956,1880.0,1911.0,174.0,4.63039549749176
107113,72.0,1900.0,45.0,4.95006307933811
358778,1906.0,1887.0,108.0,3.06264316829146
3604,85.0,13.0,1.0,1.17695945277182
44118,1892.0,1921.0,6.0,2.38448172532348
60489,1908.0,1917.0,10.0,-2.84091308201686
279152,948.0,14.0,75.0,1.37699887477875
176161,1913.0,1560.0,52.0,-2.96709985383396
346316,1224.0,1902.0,104.0,4.46844257732819
400429,1925.0,150.0,112.0,-0.78196796899322
25480,120.0,1881.0,4.0,3.61207454614951
283635,1875.0,1900.0,77.0,0.939459289921155
47199,1920.0,1896.0,6.0,0.227268477801184
33784,1877.0,1560.0,166.0,-1.46565421710016
169994,604.0,20.0,51.0,-0.254267557130928
275181,3.0,5.0,179.0,4.8088289616803
183009,1895.0,1894.0,174.0,-1.09715572351237
371205,1925.0,1430.0,180.0,-4.20404426538377
276021,48.0,1927.0,179.0,-11.7486904543019
17585,655.0,20.0,3.0,-3.31330985046786
86450,1559.0,1881.0,172.0,3.2519359851359
164933,544.0,13.0,168.0,2.18444693109292
434512,164.0,1897.0,116.0,2.77753147083719
30164,1183.0,72.0,166.0,2.6438183471483
8929,47.0,1907.0,2.0,-0.0868660073843647
190613,3.0,101.0,175.0,3.73286917849789
64343,604.0,1886.0,10.0,1.60687742924536
113396,20.0,1894.0,167.0,-16.2502978838222
425620,164.0,1560.0,115.0,5.01568475812206
183170,1183.0,1909.0,174.0,5.95690084632999
271397,1892.0,1928.0,74.0,-6.31600210053733
396671,131.0,1914.0,112.0,3.7088693860964
219127,1909.0,1904.0,56.0,-6.7503871203111
109126,14.0,1884.0,45.0,2.36841142617133
253103,1896.0,1923.0,71.0,-3.49818692582567
108631,1913.0,1907.0,45.0,-4.47364288595243
346039,1913.0,15.0,104.0,-4.17177499515009
425827,604.0,1907.0,115.0,-4.75394356909809
425293,72.0,1917.0,115.0,-0.122191936870774
11382,1920.0,1922.0,2.0,0.744406619043171
51267,1876.0,1919.0,7.0,16.0657566047648
219191,1347.0,1882.0,56.0,-4.51181698717383
207753,1224.0,1922.0,178.0,1.88125364619506
74571,48.0,1879.0,13.0,4.21294423146828
425236,1893.0,788.0,115.0,2.18213792698796
248820,604.0,1883.0,70.0,12.6776753159441
312246,1899.0,1889.0,186.0,-2.40361555027209
222674,160.0,1876.0,56.0,13.3684410477194
179894,1905.0,1904.0,53.0,-5.66645048509176
324223,229.0,11.0,100.0,-0.363943148601128
171370,1883.0,1348.0,52.0,-4.11571342242787
10746,1899.0,1907.0,2.0,-0.635069697559959
163429,1884.0,18.0,168.0,7.70944502020094
213064,1917.0,11.0,55.0,-6.35109166086363
200371,1924.0,72.0,54.0,1.0702093410243
95800,1348.0,1921.0,44.0,2.97240248251823
8893,1882.0,1918.0,2.0,3.75147704379709
235809,163.0,150.0,60.0,3.18576258812377
49319,195.0,1892.0,7.0,-6.83162747352383
213753,1886.0,1224.0,55.0,2.41585415116364
238784,1925.0,1903.0,60.0,-0.132620149006098
261887,85.0,17.0,73.0,-0.235730251656466
206051,544.0,1891.0,177.0,13.9373826443283
228984,1884.0,1916.0,58.0,-0.711873986079227
190454,1925.0,1347.0,175.0,-3.03526614354881
187848,1908.0,1907.0,175.0,-2.08156225195896
261186,948.0,1881.0,73.0,0.682824645392407
375250,1877.0,82.0,109.0,-2.8321309834652
11524,20.0,1183.0,2.0,-4.96037558625201
227179,655.0,1918.0,57.0,6.47312494657294
10642,1907.0,17.0,2.0,-2.41414556078163
47154,3.0,1879.0,6.0,-9.11961345466093
51634,82.0,229.0,7.0,-5.68901249089363
103587,655.0,229.0,173.0,14.8953011754784
8160,1876.0,1878.0,1.0,1.59509265531193
31981,229.0,1183.0,166.0,0.937409238582618
12131,163.0,27.0,2.0,-1.51952911825882
241242,1900.0,1882.0,69.0,1.80164510686192
235694,1895.0,1431.0,60.0,4.94023940882289
426545,1925.0,655.0,115.0,3.22609873408322
337435,1883.0,1912.0,103.0,-3.03008243667255
178565,1899.0,1887.0,53.0,-2.19635581855372
192520,1891.0,1927.0,176.0,-2.04541623175602
198618,164.0,1897.0,54.0,1.1925492112196
270777,163.0,1927.0,74.0,2.49880766159047
249572,1919.0,1896.0,70.0,-2.9395542236787
114124,1430.0,1891.0,167.0,-11.8059985261813
161026,948.0,1896.0,168.0,-3.45409653115062
313215,1915.0,1883.0,186.0,3.34545365443286
231544,1906.0,72.0,58.0,-2.33132041742364
371092,1342.0,1875.0,180.0,-6.39636288661147
436303,1925.0,229.0,116.0,4.28357771374007
238524,160.0,1560.0,60.0,-1.28596235379784
280256,229.0,604.0,75.0,3.10676761537186
267413,1878.0,1903.0,74.0,5.24586870857544
177198,72.0,1331.0,53.0,-5.76839612191804
71294,1896.0,1910.0,13.0,-1.84735374902775
237330,1337.0,1916.0,60.0,3.87550418403489
55173,1880.0,1882.0,9.0,-1.85738443052835
197412,146.0,1431.0,54.0,-3.40466786078699
328528,1430.0,1923.0,101.0,1.91587843391465
258177,72.0,1347.0,72.0,-5.5124706511395
357442,948.0,1896.0,108.0,-1.51499494679805
398761,948.0,1917.0,112.0,6.46883483775825
183676,1913.0,1347.0,174.0,-2.59369856641518
345388,82.0,1348.0,104.0,-5.98489746684673
5865,1883.0,1912.0,1.0,-1.23244914672715
286519,1920.0,120.0,77.0,0.742166465358915
370912,14.0,1879.0,180.0,-2.86402285133765
26222,1883.0,748.0,4.0,-2.51812443821173
237392,1876.0,1892.0,60.0,7.2966227226526
208354,1908.0,1224.0,178.0,0.265271699798409
208703,1897.0,788.0,178.0,1.41801689309998
324728,1342.0,1559.0,100.0,0.193138130048467
174213,27.0,788.0,52.0,-0.502174652573247
168673,1901.0,1923.0,51.0,-1.05356634243711
217532,27.0,1922.0,55.0,-1.63851205956942
242048,1879.0,1899.0,69.0,-4.84983793477705
31809,1879.0,1909.0,166.0,2.67809178539429
89920,1876.0,1878.0,172.0,-5.3882288486832
216274,27.0,17.0,55.0,-1.10481819271229
299997,146.0,1927.0,98.0,1.34824377008058
63443,1913.0,17.0,10.0,-0.462132112213833
257609,1431.0,1886.0,72.0,6.03298267881603
227330,655.0,1875.0,57.0,-0.350901423834858
162768,1898.0,788.0,168.0,2.49459309608836
324760,1906.0,1224.0,100.0,2.98282029857314
188754,1875.0,1908.0,175.0,-3.57483989387684
204097,1331.0,131.0,177.0,0.583949328371305
312808,1881.0,1911.0,186.0,0.486019104638671
163266,136.0,1890.0,168.0,-3.42225419496257
340344,544.0,1559.0,103.0,-0.207830932861604
260199,1342.0,147.0,72.0,5.06978773764625
413498,1882.0,11.0,114.0,-0.492728263105911
59148,229.0,677.0,9.0,-1.4113730479229
111411,1348.0,1918.0,167.0,-0.811090961738414
206918,27.0,1878.0,177.0,-0.724364310696885
422907,164.0,1914.0,115.0,3.19980988111427
174306,82.0,1896.0,52.0,-6.75921842533552
250464,544.0,1332.0,70.0,0.333624027182351
171136,1332.0,47.0,51.0,-5.77467808207761
181951,85.0,788.0,174.0,-1.73413119221472
320823,1886.0,15.0,100.0,-0.973382378754528
266989,1559.0,1884.0,74.0,1.79664404018803
436188,604.0,1923.0,116.0,10.4656565881232
287124,604.0,1902.0,77.0,6.25191032597269
99729,1913.0,1917.0,44.0,-5.37428692562874
212495,1924.0,1337.0,178.0,-6.15890400331249
302457,1183.0,1900.0,98.0,1.09616639297299
175886,1876.0,1927.0,52.0,-17.5570398242578
201505,1919.0,1917.0,54.0,3.76367650355404
106565,1881.0,677.0,45.0,-12.462318963347
423324,1885.0,18.0,115.0,2.35204586228957
73139,1885.0,1890.0,13.0,7.99730264512152
401446,544.0,1890.0,112.0,6.05965620083566
115511,1917.0,1928.0,167.0,-25.4978670683064
369695,1894.0,1901.0,180.0,-1.39124839354885
169368,20.0,229.0,51.0,-6.40507270683068
303233,1919.0,1892.0,98.0,0.946797654097511
212344,1915.0,1922.0,178.0,2.07508449710691
17436,1342.0,1892.0,3.0,-1.94435205705426
372806,1878.0,146.0,109.0,-1.62076846519461
175389,1926.0,1896.0,52.0,5.34800015496112
434926,1183.0,1878.0,116.0,-2.06113841823098
332430,748.0,1903.0,102.0,-4.89584417326445
273243,1183.0,11.0,179.0,2.48770472105576
14573,72.0,1331.0,3.0,-6.27014004152262
185719,1920.0,1430.0,174.0,2.32085665489806
180791,82.0,1875.0,53.0,-0.116156645140314
434050,195.0,1908.0,116.0,-5.1226949310543
104188,604.0,17.0,173.0,-4.04929030095511
237327,1913.0,1875.0,60.0,-2.07756269506048
315152,1926.0,1928.0,186.0,4.06969416616775
163615,1885.0,788.0,168.0,10.367987672501
202660,11.0,1921.0,177.0,3.26967545544219
63547,20.0,1884.0,10.0,-8.66114187789957
213320,1914.0,1892.0,55.0,3.16442095036538
241913,748.0,17.0,69.0,0.735553731922422
250521,544.0,948.0,70.0,5.65708143379834
110952,1896.0,1882.0,167.0,-2.01678052431169
173707,1888.0,13.0,52.0,-0.0988207181182074
326036,1889.0,1921.0,101.0,-4.08947278438383
211319,544.0,1893.0,178.0,11.3436745826728
340716,1342.0,748.0,103.0,3.33662372168284
30788,147.0,1560.0,166.0,-2.55240564796849
191739,655.0,15.0,175.0,2.88242552230595
59032,27.0,1922.0,9.0,2.99610695722967
228029,1924.0,1878.0,57.0,-1.43622569950932
323409,1906.0,1183.0,100.0,3.4383916011688
8491,544.0,15.0,1.0,15.1605910836598
249086,604.0,1887.0,70.0,-1.52265832578522
197846,1904.0,195.0,54.0,-2.04688212250878
339336,1332.0,195.0,103.0,0.149280314287114
371131,1905.0,5.0,180.0,4.10535543461876
630125,1902.0,1928.0,72.0,-7.9115696302542
246296,13.0,1916.0,70.0,1.76706303090186
197159,163.0,1902.0,176.0,5.96195811146583
283960,1887.0,150.0,77.0,-0.079404442887125
102052,1897.0,1919.0,173.0,0.168039308353224
109797,82.0,1917.0,45.0,-9.01079759828133
433615,1882.0,1923.0,116.0,-0.786505166143335
270129,3.0,1893.0,74.0,-3.43692394296705
231536,1924.0,1907.0,58.0,-5.62489024932751
341809,1878.0,1889.0,104.0,-1.32734371927652
266157,1891.0,1928.0,73.0,2.59880692577178
232328,160.0,1891.0,58.0,-2.26273032368346
329696,604.0,1877.0,101.0,5.51901147901556
222364,1913.0,1886.0,56.0,-3.722872719973
7224,48.0,655.0,1.0,18.1142274113789
162642,948.0,1921.0,168.0,1.60164709289982
314801,160.0,748.0,186.0,-6.08358007247528
108028,1907.0,1914.0,45.0,-0.583126398475867
48693,150.0,1224.0,7.0,-2.60998036975124
34052,1877.0,1903.0,166.0,-1.80227938464302
86829,1902.0,1917.0,172.0,-1.64290670066679
69451,1906.0,1888.0,12.0,2.73128816525591
328359,948.0,1906.0,101.0,0.567538226023689
68664,1332.0,1909.0,12.0,-8.08247664837703
50000,1912.0,1921.0,7.0,10.1116909858802
99319,1926.0,1915.0,44.0,-5.10244439610882
50806,1885.0,1895.0,7.0,-4.15427631392688
217412,163.0,677.0,55.0,-0.707277584589304
328274,1888.0,1347.0,101.0,-0.980207909543117
275532,3.0,1895.0,179.0,1.2313114334642
115325,1915.0,1560.0,167.0,1.357476847656
345511,1924.0,1917.0,104.0,-5.2372480161406
334827,48.0,1915.0,102.0,-4.96098728972702
15807,136.0,195.0,3.0,-1.74923692572404
174014,15.0,1927.0,52.0,-0.525557182403336
234485,1897.0,1431.0,60.0,0.38684512446709
311889,85.0,1921.0,186.0,4.6158649546164
170241,14.0,147.0,51.0,-0.637682209999364
282601,147.0,748.0,77.0,-0.789559949374715
72500,13.0,1921.0,13.0,3.52510990881292
324112,82.0,101.0,100.0,5.6422396983403
245998,150.0,1881.0,70.0,6.54286755707879
255134,27.0,1886.0,71.0,7.02854031683031
170037,48.0,1918.0,51.0,5.48223456491825
107405,948.0,1880.0,45.0,10.9125794212312
204214,164.0,17.0,177.0,8.80607421616216
344967,604.0,655.0,104.0,-0.233608032586595
436857,27.0,1884.0,116.0,-0.966813699618753
222583,14.0,748.0,56.0,-2.3194179046115
391062,544.0,3.0,111.0,-1.38912056329253
210936,163.0,1331.0,178.0,-11.2649885559635
255204,27.0,1912.0,71.0,-7.58211730532895
230969,1183.0,1895.0,58.0,6.70102572328218
242876,1914.0,1927.0,69.0,4.26933474934937
6206,120.0,1560.0,1.0,2.86215863596529
203878,1887.0,1922.0,177.0,-1.20483296125266
241478,1889.0,1907.0,69.0,-0.735026750718836
189203,195.0,1914.0,175.0,-3.97966493639191
356923,20.0,1898.0,108.0,-1.12507946802923
360583,1877.0,1875.0,108.0,-0.0939843109480989
272454,1879.0,1885.0,179.0,2.67245238342116
343550,1894.0,1903.0,104.0,5.68799947696644
198656,150.0,1882.0,54.0,2.15715721911777
177409,1879.0,1908.0,53.0,-0.464198895267002
13718,1906.0,1902.0,2.0,-1.32961050972786
264846,1877.0,101.0,73.0,-0.424918543172615
270966,1337.0,1878.0,74.0,-14.11719481519
254717,1920.0,1905.0,71.0,-1.6226705001431
373886,136.0,1892.0,109.0,-0.0529782376765252
256897,47.0,1892.0,72.0,-2.51670526641575
72537,1430.0,1911.0,13.0,-0.47488244335656
249352,229.0,604.0,70.0,5.57810170360098
228971,131.0,1927.0,58.0,5.97586849673962
388640,788.0,1927.0,111.0,7.1928638105831
206253,48.0,1905.0,177.0,-8.97200606209341
197180,1916.0,1902.0,176.0,-6.88620650234928
280123,48.0,1916.0,75.0,-3.73451092636346
180077,544.0,5.0,53.0,0.740363847422458
73587,163.0,788.0,13.0,0.134111821184524
207382,160.0,1902.0,177.0,5.55660211523563
356964,5.0,1922.0,108.0,-2.46265776254602
414947,1885.0,1927.0,114.0,0.144018816412419
361179,1342.0,1876.0,108.0,0.45208827853046
414299,1897.0,1892.0,114.0,-2.91821145346172
322062,1909.0,164.0,100.0,15.0994160807459
205474,163.0,229.0,177.0,4.20798222616118
359534,229.0,18.0,108.0,-7.03279417499233
299921,948.0,1876.0,98.0,0.12736152859165
332579,1902.0,1915.0,102.0,0.858751939213886
56501,1430.0,150.0,9.0,6.33845466141251
63077,82.0,146.0,10.0,3.12038057154197
111323,1898.0,788.0,167.0,-0.229330012256849
245391,83.0,1922.0,69.0,-0.547843187233688
318920,27.0,1884.0,99.0,1.48127077830658
48959,1879.0,1560.0,7.0,-0.896660773459925
229268,1896.0,788.0,58.0,-0.839928614241512
211488,1913.0,1348.0,178.0,3.00237434586174
228974,1431.0,788.0,58.0,3.28315795911022
274362,5.0,1901.0,179.0,-2.01003175053749
401717,1886.0,1928.0,112.0,-6.43180300890796
111688,131.0,17.0,167.0,22.7828879915791
397311,1348.0,13.0,112.0,-1.20442557611376
224873,1887.0,1916.0,57.0,5.36716660284411
31237,1875.0,1880.0,166.0,5.74362498398175
196579,1877.0,83.0,176.0,3.8328634812449
26220,1899.0,120.0,4.0,-2.71036323590708
184083,1898.0,1900.0,174.0,-0.292211607673007
322462,101.0,1895.0,100.0,0.0724744820972543
238183,544.0,1559.0,60.0,-0.845891646713274
269008,5.0,1921.0,74.0,5.56548837769945
314748,1342.0,1671.0,186.0,-1.54749816089148
416638,1342.0,544.0,114.0,-3.03649013570804
195268,1919.0,1331.0,176.0,-29.7330026970814
97659,1559.0,1910.0,44.0,18.6197396851157
232090,48.0,1431.0,58.0,13.4976282538456
109603,1915.0,13.0,45.0,14.1408682158954
398538,1898.0,17.0,112.0,2.49353301861335
187642,1899.0,1911.0,175.0,-0.0252272729551889
32530,27.0,1880.0,166.0,-2.58481171311274
43903,1895.0,195.0,6.0,3.36500112500097
73963,48.0,1913.0,13.0,-9.95143565848994
12812,1905.0,1888.0,2.0,0.115022103145825
338049,1885.0,677.0,103.0,-1.94253729711041
333071,1913.0,1910.0,102.0,-0.512912861728057
201688,160.0,83.0,54.0,-1.11810853988228
108986,1913.0,1896.0,45.0,1.29476856835717
248171,164.0,195.0,70.0,-5.15077929584566
329855,1915.0,13.0,101.0,-0.162875773690266
371032,1926.0,13.0,180.0,-0.480393536406614
300772,1347.0,1894.0,98.0,-2.09984229520798
242256,1912.0,1887.0,69.0,0.663367898316683
24162,1879.0,1899.0,4.0,1.94731972879014
203552,677.0,1890.0,177.0,0.354000304209728
207159,1913.0,1908.0,177.0,0.649312196857762
333110,1909.0,13.0,102.0,2.43551055241987
338937,229.0,1183.0,103.0,3.79280425747672
71595,1903.0,1917.0,13.0,4.62951891459528
189249,1916.0,1901.0,175.0,2.21862693237165
257722,1916.0,1918.0,72.0,-0.457898577669825
168560,1331.0,5.0,51.0,7.52766705698546
95500,1897.0,83.0,44.0,2.85481880711658
89916,160.0,1560.0,172.0,-3.26345774186928
367675,1918.0,1923.0,180.0,-3.63220265044478
69088,160.0,20.0,12.0,3.92995468146677
214181,1183.0,1431.0,55.0,-1.06288728622878
111338,948.0,1920.0,167.0,1.36887267077109
238019,1332.0,1895.0,60.0,0.129499932891803
54390,1559.0,1909.0,9.0,1.14662937453808
325440,655.0,1337.0,100.0,-0.0851588199884
47259,1342.0,1348.0,6.0,-0.852004986218237
70220,544.0,1925.0,12.0,3.91923562146881
50768,1880.0,1917.0,7.0,0.239121297983241
369680,1903.0,11.0,180.0,0.0811914554306171
240892,1903.0,677.0,69.0,6.71364102002263
230144,1892.0,1918.0,58.0,1.25335515966635
87998,1559.0,1875.0,172.0,-3.24125265792131
58917,1926.0,1921.0,9.0,4.18963512557836
172561,1893.0,1560.0,52.0,-1.99348417742877
412656,748.0,17.0,114.0,1.57047963036992
254811,1926.0,1879.0,71.0,9.4701706621748
642191,1897.0,1902.0,174.0,-0.1030331771485795
312991,82.0,1183.0,186.0,1.37841423835863
163553,147.0,131.0,168.0,1.57460826153642
302616,604.0,47.0,98.0,9.16608681063444
300333,677.0,18.0,98.0,0.584652650072788
437117,229.0,1905.0,116.0,-2.14538184631058
423548,1878.0,1671.0,115.0,-1.81123727013054
90255,48.0,1910.0,172.0,-14.8917166607316
333728,27.0,788.0,102.0,-0.207207765146449
248675,48.0,1899.0,70.0,-13.2092829061022
162940,1431.0,131.0,168.0,-2.87340301771221
345790,163.0,120.0,104.0,0.601523485687338
368013,164.0,1907.0,180.0,-0.861229185718324
331528,85.0,1909.0,102.0,1.75485806035417
52390,1913.0,18.0,7.0,0.504132811820123
4164,1894.0,1917.0,1.0,-3.75511410506634
357002,5.0,1927.0,108.0,0.207543711150142
96604,1875.0,131.0,44.0,-1.74447925242456
329127,1913.0,27.0,101.0,2.59874942394048
233413,83.0,1908.0,58.0,0.276778663452791
399385,1671.0,1923.0,112.0,-2.24814781772705
251057,1891.0,1908.0,71.0,-2.15639628992097
258656,1926.0,1899.0,72.0,1.99600817490499
344462,82.0,1883.0,104.0,2.89774667431253
172598,1875.0,1917.0,52.0,-0.933977087755879
87949,1894.0,1918.0,172.0,-0.330031526543406
359922,604.0,1881.0,108.0,-6.51293227693613
231003,1885.0,1886.0,58.0,-2.20296205988127
52391,160.0,1905.0,7.0,9.78486436881655
248556,1559.0,15.0,70.0,-0.869047114073947
211957,27.0,1912.0,178.0,-3.87007986330023
314699,1926.0,1332.0,186.0,-7.18450169976331
65533,1908.0,5.0,12.0,2.38670330204295
104675,27.0,1888.0,173.0,-2.88953848015438
46721,1332.0,1914.0,6.0,0.0011505378652748
185492,1332.0,544.0,174.0,-7.03270981301384
422861,948.0,1889.0,115.0,6.43037607660302
256448,85.0,1887.0,72.0,3.11824718632724
320686,1875.0,1886.0,100.0,2.51342558747327
255682,14.0,1890.0,71.0,-0.338815036342371
254688,1905.0,18.0,71.0,1.46641879957623
15056,1883.0,11.0,3.0,4.18538736142115
175101,1924.0,1891.0,52.0,1.31456436643961
415369,1920.0,1906.0,114.0,6.01191755085482
48025,3.0,1906.0,6.0,6.84305881961522
339738,1905.0,1891.0,103.0,-19.6278817361468
229357,1885.0,1331.0,58.0,-1.52608252836789
213134,1224.0,131.0,55.0,-1.05263104309537
165141,1925.0,1917.0,168.0,-1.85283447319604
358659,1880.0,1910.0,108.0,6.58301055711561
414145,101.0,1922.0,114.0,-0.63426950092839
282199,1911.0,17.0,77.0,0.871218745667613
268556,1903.0,120.0,74.0,-3.35450427271737
312356,1884.0,1909.0,186.0,-5.04479337866902
12471,1925.0,1895.0,2.0,1.10855473987504
56392,1183.0,1901.0,9.0,-1.34402695663672
4222,1883.0,1901.0,1.0,6.71792867834862
227508,604.0,1917.0,57.0,-7.14294488444298
434219,1895.0,1923.0,116.0,-1.5958308077517
10324,1900.0,1886.0,2.0,14.6203239239377
73728,83.0,1915.0,13.0,2.96816516480327
388896,948.0,1909.0,111.0,-0.248998793910116
51817,1905.0,1904.0,7.0,-3.90745438893932
332361,1897.0,1430.0,102.0,0.0333723690216665
304436,1905.0,1906.0,98.0,5.97290355479075
171779,131.0,1892.0,52.0,-13.3137622166829
247209,1892.0,1921.0,70.0,-3.22401848324465
237298,82.0,18.0,60.0,-14.8878767728639
203367,1913.0,1332.0,177.0,-6.55789299687804
182124,1895.0,1896.0,174.0,-3.23381780025811
278710,85.0,1671.0,75.0,-2.46315188883947
170473,1337.0,120.0,51.0,-13.7231775473053
339135,14.0,1883.0,103.0,1.30962003583851
390625,1876.0,1559.0,111.0,0.0566252290546636
176881,1886.0,1883.0,53.0,0.291406094053194
274449,1342.0,85.0,179.0,15.1617750639185
198974,1902.0,1331.0,54.0,38.4688108205893
99187,229.0,1884.0,44.0,-2.4043199428224
369499,85.0,1894.0,180.0,0.774382544995125
247847,72.0,1902.0,70.0,-2.28610808534394
203723,1894.0,1922.0,177.0,-1.72203390016119
644593,147.0,1902.0,60.0,1.6223745372724736
14783,1895.0,1886.0,3.0,-1.42300214032864
437081,1332.0,1889.0,116.0,-1.84277511453246
222462,27.0,1912.0,56.0,3.31923049632096
182813,1900.0,1921.0,174.0,-6.6815029413761
415877,1925.0,1909.0,114.0,12.1566341509384
426425,82.0,1880.0,115.0,-6.22772579533667
100165,1906.0,1922.0,44.0,-0.964342846199245
201052,1915.0,677.0,54.0,2.11193624907994
377308,1908.0,1928.0,109.0,-2.1712271228255
317496,72.0,1907.0,99.0,1.93820263479611
639645,101.0,1902.0,100.0,2.13107590682511
52064,160.0,131.0,7.0,4.44048249505393
317939,1559.0,18.0,99.0,1.45703663917824
333699,160.0,1908.0,102.0,-0.223907694341102
397966,1880.0,1911.0,112.0,-4.85965224820034
217103,163.0,1888.0,55.0,3.00461955082336
331652,150.0,1911.0,102.0,-5.92598782786721
315661,72.0,677.0,99.0,0.669441130534116
65747,1889.0,150.0,12.0,-1.89162167711537
214504,1909.0,72.0,55.0,-3.8918201812547
319272,1342.0,544.0,99.0,-0.744669320636437
220942,1915.0,1923.0,56.0,0.265666386965308
246286,677.0,1927.0,70.0,2.72708204467428
359402,163.0,1908.0,108.0,-1.6834518867928
249540,1876.0,1431.0,70.0,4.09929467901059
223970,1898.0,1331.0,57.0,2.64915320552519
249177,160.0,1909.0,70.0,4.9146297447668
266631,1347.0,1880.0,74.0,-4.62125495235621
322952,1431.0,1918.0,100.0,1.05712083883323
50024,1879.0,11.0,7.0,-0.538708015646033
315564,1348.0,788.0,99.0,-1.16345286575486
57236,1920.0,788.0,9.0,3.37427038013154
368853,1342.0,1911.0,180.0,5.88046063386037
424044,1912.0,1431.0,115.0,1.47073066558063
202326,1924.0,1902.0,54.0,8.83147571881606
163699,1926.0,1899.0,168.0,4.48413772880997
191974,5.0,1902.0,175.0,-3.87437356792767
205314,3.0,1894.0,177.0,-2.9730446835539
328828,1913.0,1901.0,101.0,-2.98092821426359
426913,1342.0,1896.0,115.0,1.97413621927981
200055,83.0,788.0,54.0,-2.12775727428736
43753,85.0,748.0,6.0,-1.18133715842256
13310,160.0,1921.0,2.0,-4.3826377187064
5552,748.0,1917.0,1.0,2.16459289494294
415842,229.0,1880.0,114.0,-0.95556081556491
67782,1882.0,11.0,12.0,-3.01570538822144
333624,1922.0,1918.0,102.0,24.7840748497322
193589,85.0,1898.0,176.0,-2.38651184372308
168387,1909.0,1914.0,51.0,0.606045785811237
327123,11.0,1927.0,101.0,-0.87505378571781
248844,1905.0,1183.0,70.0,-4.22461168281654
14759,1348.0,1347.0,3.0,-0.126434994041328
367430,1913.0,1347.0,180.0,-3.24726056234138
254447,1924.0,1347.0,71.0,-0.299187708087656
25018,1887.0,1918.0,4.0,0.392505282063775
243013,1875.0,1923.0,69.0,-4.2194149272702
29480,15.0,1923.0,166.0,-1.7407772246186
186594,1913.0,1890.0,174.0,-5.99140383731986
214880,1902.0,13.0,55.0,-1.44381749296164
195901,14.0,1879.0,176.0,4.24442102326466
111184,136.0,120.0,167.0,3.25416893935449
388146,229.0,1875.0,111.0,5.27000018194547
10432,1885.0,1916.0,2.0,-5.27717851305622
168220,1880.0,1895.0,51.0,0.179594016585632
328041,1900.0,1927.0,101.0,1.45837506053123
282335,1903.0,1224.0,77.0,-3.16233199948525
423062,1879.0,1894.0,115.0,1.83480643692622
29968,1880.0,1904.0,166.0,1.36144556119893
25452,85.0,1917.0,4.0,2.19743586057699
181203,1925.0,1924.0,53.0,17.5544276218395
259322,1337.0,131.0,72.0,-3.87837985180188
190839,544.0,13.0,175.0,0.937688667105543
190342,604.0,146.0,175.0,6.66665187309102
375441,544.0,72.0,109.0,2.12280692892877
11500,1332.0,1894.0,2.0,-13.0583850699006
203900,15.0,1918.0,177.0,2.17252992642249
13530,82.0,1922.0,2.0,-1.1936561115844
210927,1337.0,146.0,178.0,-5.64048300539772
414022,150.0,1910.0,114.0,-3.48615005109964
48216,1927.0,1928.0,6.0,-0.687927033835591
359601,544.0,195.0,108.0,-13.8489381888535
200274,14.0,164.0,54.0,-2.46329444225603
208037,83.0,1332.0,178.0,1.43981554323645
97035,1887.0,1895.0,44.0,-9.21051066597141
112903,47.0,1896.0,167.0,0.511891255378297
273184,1888.0,677.0,179.0,1.90661525669487
280501,82.0,11.0,75.0,1.09877142341114
110825,1907.0,1917.0,167.0,4.60029870163631
413890,1883.0,1881.0,114.0,1.14248182479435
333654,1925.0,85.0,102.0,0.178412019202958
57586,604.0,1331.0,9.0,-10.168563525032
69141,604.0,1918.0,12.0,3.92468864302608
272460,13.0,1918.0,179.0,6.77551822910889
97182,163.0,150.0,44.0,6.34852912714706
270477,82.0,1348.0,74.0,4.81272603444131
11230,1342.0,150.0,2.0,0.601113877607325
313025,27.0,14.0,186.0,1.62588292198542
163129,101.0,147.0,168.0,6.61070991996178
85778,1896.0,1901.0,172.0,6.02390779094221
340566,48.0,1886.0,103.0,8.86836051463759
224585,1897.0,1337.0,57.0,-3.56973444240706
25800,1898.0,1922.0,4.0,-6.55981339626586
65278,47.0,1431.0,12.0,-5.02928335711162
9967,1894.0,1927.0,2.0,-3.11894675078503
322063,1880.0,677.0,100.0,-0.0399276862233542
236861,1906.0,1183.0,60.0,3.06188910032005
106545,1891.0,5.0,45.0,-12.9443250467023
414302,1922.0,1923.0,114.0,-2.63686401989209
338394,1880.0,1901.0,103.0,-4.46568789380492
47019,1905.0,1896.0,6.0,1.61073544834159
181672,1875.0,1928.0,53.0,-7.3284992343556
14051,1908.0,1901.0,3.0,5.77797672748691
112214,1909.0,1916.0,167.0,-3.73398333292698
108105,164.0,1671.0,45.0,-11.3768535726677
301184,147.0,72.0,98.0,4.00221909044865
8381,27.0,1922.0,1.0,4.91409788521409
107734,1559.0,1879.0,45.0,-0.168049801380927
54161,1880.0,1916.0,9.0,2.24310651501892
101665,85.0,1898.0,173.0,-4.82474561142256
174499,1337.0,1881.0,52.0,-0.326783785270821
280712,83.0,18.0,75.0,-3.16006128578305
212437,1905.0,1908.0,178.0,-3.83634485689538
224323,1893.0,195.0,57.0,1.0319548910911
173181,1884.0,1923.0,52.0,0.724862488907886
412832,1905.0,1898.0,114.0,2.87414381427818
9255,195.0,1348.0,2.0,4.48081353095841
207720,146.0,72.0,178.0,5.38792170208196
193270,1885.0,1331.0,176.0,3.2412478161047
59190,82.0,1876.0,9.0,-2.45624115773623
314241,160.0,1348.0,186.0,-2.77479836606872
213151,1893.0,11.0,55.0,10.0677900691343
337841,1902.0,1892.0,103.0,2.1908686621444
299843,1885.0,1348.0,98.0,-0.129668286160986
172961,1884.0,85.0,52.0,1.69683085871634
112032,1891.0,13.0,167.0,-1.45300406062508
229062,5.0,11.0,58.0,3.43781039477676
269221,1913.0,1919.0,74.0,3.5794428293206
113585,1332.0,164.0,167.0,-8.14396048441869
107895,1908.0,1910.0,45.0,-4.76001437185648
266393,1917.0,1918.0,74.0,-4.3029430337958
196686,604.0,948.0,176.0,4.15640736116714
401473,3.0,1878.0,112.0,4.66786800322306
73997,14.0,1916.0,13.0,-3.83131648851164
268867,72.0,1923.0,74.0,2.75803195328994
167403,1347.0,11.0,51.0,0.698016558489125
33319,655.0,1224.0,166.0,-0.585797840831875
398243,1347.0,131.0,112.0,-2.81424802936943
397432,1560.0,748.0,112.0,-8.11260025068066
168389,1347.0,1907.0,51.0,1.74122344882236
319618,604.0,1927.0,99.0,-0.118648944949828
397746,47.0,1917.0,112.0,3.02816623006888
51816,1926.0,1914.0,7.0,-1.57281040503339
253892,82.0,72.0,71.0,-2.7555568282049
334660,1920.0,101.0,102.0,11.7528648344902
237182,1342.0,1880.0,60.0,-2.7552908629175
373069,195.0,11.0,109.0,2.5956350998099
115170,1915.0,1903.0,167.0,9.20095530881955
372696,120.0,195.0,109.0,4.22546340678062
317711,1904.0,1431.0,99.0,0.773839362991079
279472,1893.0,1347.0,75.0,7.94877555077585
331539,13.0,1916.0,102.0,5.13277802427295
413387,15.0,1921.0,114.0,6.9896992289098
51355,27.0,1894.0,7.0,-6.73923921286598
99856,1913.0,1671.0,44.0,-27.9953016775828
220891,83.0,1919.0,56.0,3.47216963451409
34248,1875.0,1928.0,166.0,-7.63117482899443
218230,1559.0,1889.0,56.0,5.18640324761535
396746,1878.0,1887.0,112.0,1.83415475346063
86599,1889.0,1921.0,172.0,-6.57520695786699
641550,1889.0,1902.0,45.0,-2.1077919468832587
55321,3.0,1347.0,9.0,0.800267384599442
13580,1430.0,1921.0,2.0,-4.01448216089705
434548,948.0,1882.0,116.0,-1.2761162604504
339185,1877.0,1923.0,103.0,2.50260975954271
55967,1881.0,1883.0,9.0,6.21433213392424
180910,1332.0,1886.0,53.0,0.418774139991711
103847,48.0,1913.0,173.0,2.83448909435619
205693,604.0,1331.0,177.0,-7.41844642071442
338196,1882.0,15.0,103.0,39.0639718311805
336879,1909.0,1922.0,103.0,1.21857949795941
166977,164.0,1901.0,51.0,1.74956533443459
67860,1331.0,677.0,12.0,2.28014515077272
300352,1913.0,1887.0,98.0,1.56312083940116
46693,82.0,1916.0,6.0,13.5177729455596
161395,13.0,1927.0,168.0,0.720266066742221
271050,604.0,1671.0,74.0,6.25559595083822
24798,47.0,1560.0,4.0,-2.43909532592558
342151,164.0,1224.0,104.0,-3.0023606294659
27362,1919.0,1916.0,4.0,0.537172314111399
369433,82.0,1910.0,180.0,4.0972033322067
63153,229.0,1885.0,10.0,3.65638491439287
162072,1909.0,18.0,168.0,-5.92601418883261
210874,160.0,1909.0,178.0,7.529233806021
415191,146.0,1882.0,114.0,4.72789128873603
401165,604.0,136.0,112.0,-5.46049564904086
372320,1348.0,1921.0,109.0,-0.534266773367002
161100,948.0,1882.0,168.0,-3.54085039066184
273808,1560.0,1908.0,179.0,1.78999551577197
391047,1919.0,1890.0,111.0,1.6753033740153
282919,136.0,1881.0,77.0,1.95319874251569
246471,1895.0,1922.0,70.0,2.846026510533
176546,195.0,18.0,53.0,-1.08232910469863
73210,1890.0,1914.0,13.0,-5.85474005901614
86440,1898.0,1923.0,172.0,-3.18038158965009
16484,544.0,160.0,3.0,2.4505984747168
286580,1924.0,1342.0,77.0,5.74616823942898
18103,1924.0,1927.0,3.0,-6.30303294575576
252454,1888.0,1923.0,71.0,-0.185528244561195
202087,1924.0,1906.0,54.0,2.26395707270443
197575,1889.0,72.0,54.0,-1.31088531551958
97496,1898.0,1912.0,44.0,15.4091219863875
224129,1671.0,1900.0,57.0,10.1644649718423
280616,160.0,1884.0,75.0,3.81147843936269
204899,1917.0,15.0,177.0,3.05642427881856
210889,1924.0,1916.0,178.0,4.13365340767104
250490,83.0,1882.0,70.0,-0.112082523097208
249966,1913.0,1895.0,70.0,3.08505118002036
87493,1904.0,131.0,172.0,-3.96404542718251
70785,1877.0,1332.0,13.0,-1.6356154320518
63072,1877.0,1880.0,10.0,-2.7084112202023
342268,1892.0,1910.0,104.0,0.224926999366656
196632,82.0,15.0,176.0,7.34770443647105
333385,1348.0,11.0,102.0,-0.461693455018081
318668,20.0,1880.0,99.0,-0.101507495570286
163667,101.0,748.0,168.0,-4.63637933415318
71585,1671.0,1927.0,13.0,-0.981572901600333
372662,1908.0,131.0,109.0,-1.44783944368153
368605,1881.0,1889.0,180.0,-0.735277387069115
249038,1913.0,1907.0,70.0,-3.33876766722536
11897,1924.0,1916.0,2.0,3.51765824484844
217773,18.0,1928.0,55.0,-1.90179980446753
64340,1905.0,1559.0,10.0,0.0777748857462026
227075,83.0,1893.0,57.0,3.05123024206162
286480,1926.0,120.0,77.0,-0.390869408365697
197215,150.0,1918.0,54.0,6.49896542465956
252545,120.0,1910.0,71.0,-3.64852200895482
180180,1919.0,1431.0,53.0,7.27381495605561
235029,948.0,748.0,60.0,2.57245235053846
374542,1895.0,1911.0,109.0,5.89686816194446
64559,27.0,1337.0,10.0,2.75505216403658
388952,1896.0,1560.0,111.0,0.751543504676102
319661,1905.0,1430.0,99.0,1.09735680149689
266845,15.0,1892.0,74.0,-19.7267161115628
203992,1671.0,1224.0,177.0,-9.52869575277989
269154,1342.0,85.0,74.0,2.4109772783369
103426,604.0,1907.0,173.0,-10.0841588948465
176868,1922.0,788.0,53.0,-2.60054507698778
340483,163.0,1888.0,103.0,2.8621243829961
107750,1894.0,1888.0,45.0,0.828158766850147
106297,85.0,1917.0,45.0,-0.784861995385082
177996,1888.0,1896.0,53.0,4.96699188554683
369790,1900.0,1907.0,180.0,-4.99954402536869
367867,748.0,18.0,180.0,-5.68771836044668
326611,1893.0,1910.0,101.0,3.23456882375575
191653,83.0,85.0,175.0,-1.5303852435754
390084,1906.0,1889.0,111.0,-6.11432838374645
67944,136.0,1560.0,12.0,1.75866633126037
61393,1890.0,18.0,10.0,0.276412295500136
201885,1919.0,1903.0,54.0,2.25465570610765
433472,1893.0,13.0,116.0,0.802525642948893
415166,150.0,1224.0,114.0,-1.69007323453534
274558,1342.0,27.0,179.0,-8.97171521062429
74151,1430.0,101.0,13.0,12.2156922326924
314152,163.0,1875.0,186.0,-1.74659862909105
207663,1896.0,5.0,178.0,6.03778239174464
301858,1224.0,1882.0,98.0,0.345300956812492
86794,5.0,1882.0,172.0,-3.92762917257916
370286,1913.0,1915.0,180.0,1.03621566930916
67153,1912.0,1923.0,12.0,1.57689672266306
219314,1904.0,1892.0,56.0,-0.460821325308544
313459,3.0,1914.0,186.0,-6.36327373843623
71074,1908.0,131.0,13.0,2.61017561015576
269735,163.0,1331.0,74.0,-6.95855143844321
312724,120.0,1895.0,186.0,11.2728965494936
194657,1878.0,1910.0,176.0,0.934545062434575
434822,1910.0,1890.0,116.0,0.901651890262725
323186,146.0,47.0,100.0,17.8827974377279
14849,147.0,677.0,3.0,3.68671391080414
254618,14.0,1893.0,71.0,1.45153825157519
13489,1925.0,1906.0,2.0,1.71494314210534
266713,1879.0,1922.0,74.0,-2.82060164443747
165483,1332.0,1882.0,168.0,3.4676201093297
414100,1559.0,5.0,114.0,-0.841003569616812
98792,1430.0,1904.0,44.0,-4.38668592326628
647815,164.0,1902.0,116.0,-2.907257304365491
12622,1915.0,1348.0,2.0,3.07771546002822
202362,1183.0,1918.0,177.0,0.91680020752516
330987,1898.0,1431.0,102.0,23.0669109327269
62256,1899.0,1886.0,10.0,-0.419273937926635
7439,1876.0,27.0,1.0,11.4650576640822
214211,1891.0,1914.0,55.0,5.22668294114284
209535,1909.0,1900.0,178.0,7.42584602360516
331288,1879.0,1910.0,102.0,-4.993083054218
50556,1560.0,1886.0,7.0,1.04156221239592
315844,1918.0,1927.0,99.0,0.0230518720594131
184131,5.0,17.0,174.0,-5.09706919429335
16113,1348.0,1901.0,3.0,-7.35336404957172
367802,1897.0,1348.0,180.0,-1.65793547506502
278578,1884.0,1881.0,75.0,-0.0093838188209048
212396,1342.0,1903.0,178.0,-0.532885346495732
319961,1332.0,1903.0,99.0,-7.73795674920995
371974,1926.0,14.0,180.0,-4.45237723160529
224088,1224.0,1916.0,57.0,4.22510219146633
341507,1904.0,1896.0,104.0,-2.85092367272938
107493,1882.0,11.0,45.0,-0.158135317169987
332908,13.0,1892.0,102.0,-3.38683033301356
204382,1898.0,15.0,177.0,-1.99805353807734
102255,1909.0,1903.0,173.0,9.03598725374809
424154,948.0,82.0,115.0,9.80503486114234
321272,1331.0,1882.0,100.0,1.02105266178246
52658,1925.0,1912.0,7.0,11.2908545547378
229092,101.0,1883.0,58.0,2.18110731099232
263622,1881.0,1914.0,73.0,-2.92016078114452
423725,1885.0,146.0,115.0,-0.0756584155237321
241105,1899.0,1918.0,69.0,-0.322363581578637
67994,229.0,160.0,12.0,6.22862897502659
416491,20.0,18.0,114.0,-2.71476814704195
256525,1895.0,195.0,72.0,-2.40390615962159
369493,1183.0,13.0,180.0,4.00100702038584
68562,20.0,146.0,12.0,-11.2565402256864
256185,47.0,11.0,72.0,3.14857616355394
167129,195.0,677.0,51.0,1.75932958524254
286838,1337.0,1900.0,77.0,-13.8402647915721
173230,1896.0,1910.0,52.0,-2.29364716160853
315808,1907.0,1671.0,99.0,-2.23886445146498
328725,3.0,788.0,101.0,-4.29007791519207
102967,47.0,1881.0,173.0,-8.74277137833019
322384,1898.0,1347.0,100.0,0.491638886736335
238661,1913.0,15.0,60.0,5.36754319270849
57465,1332.0,195.0,9.0,-3.94388879356964
198723,1885.0,1882.0,54.0,2.657987869702
51820,1924.0,1901.0,7.0,15.3031441725576
112085,1879.0,164.0,167.0,5.62749221661257
114863,1337.0,1912.0,167.0,-4.69266959346306
75439,1913.0,1900.0,13.0,-4.22751645473829
167949,47.0,131.0,51.0,-1.45572198801157
390665,655.0,83.0,111.0,4.53062251879524
225508,1916.0,17.0,57.0,3.64023273807415
179529,1925.0,195.0,53.0,19.7592389545374
13142,1430.0,1927.0,2.0,3.26514850124683
102084,1895.0,164.0,173.0,-1.53794799471428
166410,1559.0,1910.0,51.0,-0.941687416607643
259417,1924.0,5.0,72.0,4.63463280532138
322570,136.0,1884.0,100.0,-2.61667005266516
422886,1911.0,1914.0,115.0,-0.766044731599801
54818,948.0,1889.0,9.0,4.20115789411119
273206,1183.0,1879.0,179.0,2.99289905781928
106906,1891.0,1922.0,45.0,-0.961523912141553
213733,136.0,1914.0,55.0,1.1518000969056
275661,655.0,1879.0,179.0,5.20079046687779
210353,1904.0,1907.0,178.0,-5.18240882790571
222648,1920.0,1876.0,56.0,2.17219984566347
249421,1905.0,1892.0,70.0,0.639530026185053
235983,948.0,147.0,60.0,1.20260894323011
367260,1905.0,1887.0,180.0,15.1679020721083
433545,1893.0,1881.0,116.0,17.8364876017156
47819,604.0,1900.0,6.0,10.0268739450556
303319,1915.0,17.0,98.0,2.88762889146879
375931,604.0,655.0,109.0,2.6040061831354
210519,1342.0,1907.0,178.0,-14.2700489011188
267803,1891.0,1894.0,74.0,9.6666331030749
266566,1913.0,1332.0,74.0,-2.26320964464055
321760,748.0,120.0,100.0,0.477337298194118
375935,229.0,655.0,109.0,0.996951950381528
14275,1880.0,677.0,3.0,-4.9350725408127
190905,1905.0,5.0,175.0,14.3192992832636
245857,147.0,131.0,70.0,1.72053558178086
98529,82.0,1883.0,44.0,-1.10540515434953
210645,163.0,195.0,178.0,-1.39642383009689
208045,1894.0,72.0,178.0,-1.74325144307868
234744,1903.0,1331.0,60.0,-1.88119522087576
11595,229.0,195.0,2.0,-1.55140336089979
56724,147.0,11.0,9.0,-2.07234800738187
370001,1919.0,72.0,180.0,3.39088978454817
168725,1875.0,17.0,51.0,-0.88203341481169
336641,1881.0,1889.0,103.0,-5.78489672710107
31736,164.0,1900.0,166.0,-3.70589500680874
161369,120.0,1892.0,168.0,2.56338982532231
437190,655.0,1879.0,116.0,6.02329636930346
110380,48.0,1925.0,45.0,-1.91415426423462
180220,1919.0,1904.0,53.0,-5.44521359797379
258726,229.0,1183.0,72.0,3.48445206961082
330351,82.0,1878.0,101.0,-2.85083463257138
12971,14.0,1886.0,2.0,4.883690326847
178484,47.0,131.0,53.0,-4.92679311907199
397594,1881.0,11.0,112.0,-18.2458984643473
335774,655.0,3.0,102.0,-2.01539065763805
32016,1876.0,1894.0,166.0,-5.62298419401917
400888,1924.0,1430.0,112.0,-4.12548326987589
57268,14.0,1883.0,9.0,0.589164794503979
58151,1876.0,1889.0,9.0,-0.138083964988621
388450,163.0,1332.0,111.0,0.433433303176809
191086,1876.0,136.0,175.0,-4.41652035094711
272102,1887.0,788.0,179.0,-9.200291632305
367192,136.0,1878.0,180.0,1.58123598687903
414687,1879.0,677.0,114.0,-0.865487380768745
323945,1913.0,1916.0,100.0,6.25284183270521
426848,1906.0,1348.0,115.0,-2.0289429993213
215569,83.0,14.0,55.0,-2.09457821552801
16891,160.0,72.0,3.0,-1.17044510182084
321509,1912.0,1892.0,100.0,2.46197384207679
26994,27.0,164.0,4.0,1.90764394178354
339160,1337.0,1883.0,103.0,0.861848814634688
200745,1877.0,146.0,54.0,7.87745751842885
332217,1899.0,1878.0,102.0,-6.31775653916436
203984,1559.0,1875.0,177.0,-0.723943630073922
341683,1909.0,1922.0,104.0,-2.57384198759513
89278,229.0,1915.0,172.0,-16.8187339238388
254409,1342.0,131.0,71.0,-3.06547212458184
322869,1878.0,1224.0,100.0,-1.80813313838928
225846,1901.0,1914.0,57.0,4.76993497175837
372411,147.0,1927.0,109.0,-5.49978113784642
89909,1342.0,1876.0,172.0,0.777570544546229
370642,83.0,11.0,180.0,2.15248213554322
416305,229.0,1892.0,114.0,2.87724170460058
12678,14.0,1905.0,2.0,-1.83179651251129
343310,1896.0,1921.0,104.0,0.069423021684803
60172,1183.0,1911.0,10.0,5.30897428829279
262095,1904.0,1918.0,73.0,-0.515340560030482
215622,655.0,1883.0,55.0,-3.48001495072722
249042,14.0,1881.0,70.0,-0.818607782562019
437740,1925.0,1342.0,116.0,-3.12489045972122
334225,1920.0,1331.0,102.0,-15.1971187866451
111671,948.0,1891.0,167.0,-8.5672599072548
107227,1891.0,1907.0,45.0,-5.36921145910071
302755,604.0,195.0,98.0,-14.040946825953
345047,1877.0,101.0,104.0,3.66173963436394
45219,1906.0,1887.0,6.0,6.48722904042527
388511,1881.0,1560.0,111.0,3.12153964866585
10149,1903.0,1904.0,2.0,1.91368388796319
172288,1896.0,1882.0,52.0,0.495272245847497
241433,1331.0,1895.0,69.0,1.37441245005417
194621,1888.0,1903.0,176.0,-0.402679758218031
64093,48.0,1917.0,10.0,-1.69038361525138
48918,47.0,1892.0,7.0,7.71152709976538
331694,948.0,1893.0,102.0,4.52596587835668
359672,229.0,788.0,108.0,-4.19591019704565
285419,1905.0,1904.0,77.0,1.35559484321247
190442,229.0,1347.0,175.0,-4.79558383251453
310965,1898.0,1916.0,186.0,-5.31597078185557
300839,1560.0,1922.0,98.0,0.943223083819869
397300,1903.0,1900.0,112.0,-0.120622248664582
99378,3.0,13.0,44.0,7.7187765525011
25193,1896.0,1895.0,4.0,2.83519363484106
345932,1342.0,1900.0,104.0,-6.21631310088361
243800,1924.0,1880.0,69.0,-6.75447443503605
345896,1877.0,1430.0,104.0,-0.752210055201617
177926,120.0,18.0,53.0,-2.77710150208922
181680,1927.0,1928.0,53.0,-6.49535609438693
3916,1431.0,1907.0,1.0,-2.649649571431
276761,1337.0,1902.0,179.0,0.751567502077279
61864,150.0,195.0,10.0,3.9091611841741
101485,1894.0,1348.0,173.0,-0.243626391349872
29765,85.0,120.0,166.0,1.39958146345312
303346,1342.0,131.0,98.0,1.73392578835315
113869,1925.0,1331.0,167.0,-47.660314002651
193684,195.0,1431.0,176.0,8.80182190147262
343045,136.0,1892.0,104.0,1.51710855162802
259596,48.0,1893.0,72.0,-1.00799397254495
67662,1909.0,1914.0,12.0,2.38584214810974
268605,1917.0,1923.0,74.0,-2.92893580700974
283634,146.0,47.0,77.0,7.10975874022822
88970,1430.0,1891.0,172.0,-6.43037149063598
67075,1908.0,1882.0,12.0,-3.04911957169681
178222,1907.0,1923.0,53.0,-3.48145088322021
169912,544.0,101.0,51.0,20.7228850706557
434423,1917.0,1890.0,116.0,-0.355489226209214
199873,1900.0,1911.0,54.0,2.12242246278532
233999,1888.0,1922.0,60.0,0.849441814527691
218294,1331.0,788.0,56.0,4.35754507359634
211799,1876.0,1888.0,178.0,-0.707389876147902
285687,20.0,11.0,77.0,-3.42420880839976
367538,136.0,120.0,180.0,0.841414533155755
199402,1875.0,1914.0,54.0,2.5891581863884
66041,1911.0,1923.0,12.0,1.17825611248272
310775,1890.0,1914.0,186.0,-2.57166160961623
400900,604.0,1912.0,112.0,0.477451279149887
184836,1924.0,1887.0,174.0,3.39219591953648
278869,1920.0,150.0,75.0,-0.161846239449913
208734,1559.0,1898.0,178.0,-9.04888615914317
100879,1899.0,1884.0,173.0,-2.91741694215703
631691,1891.0,1902.0,58.0,-0.3121536409480165
272818,136.0,1916.0,179.0,4.14349313736449
73736,163.0,1913.0,13.0,1.99123358459735
26836,1342.0,1907.0,4.0,-4.09691414305635
330833,1879.0,120.0,102.0,0.772098556787725
227858,1919.0,1878.0,57.0,7.84376449287469
281302,48.0,83.0,75.0,10.6574480503349
217337,1342.0,1671.0,55.0,-7.76968946630562
369977,229.0,18.0,180.0,1.73904942508201
641565,1897.0,1902.0,45.0,-0.5622195877317298
244834,1905.0,136.0,69.0,-3.72768714476733
111474,1880.0,1892.0,167.0,-2.68144608600693
340136,3.0,1877.0,103.0,-5.44936380187048
33289,3.0,1889.0,166.0,-1.23000947549429
311811,47.0,1916.0,186.0,-7.10893210214446
11460,1905.0,1923.0,2.0,-1.05644223458297
185990,1876.0,1886.0,174.0,0.947886475648376
279697,1877.0,1883.0,75.0,-1.97405821357261
176215,1337.0,1560.0,52.0,1.01751996945493
190947,229.0,1348.0,175.0,3.73856070389099
246107,1904.0,677.0,70.0,2.82753965642236
436608,82.0,1914.0,116.0,-3.18135847657886
278106,1904.0,1890.0,75.0,-0.89337024460265
414485,1224.0,1916.0,114.0,1.77652945104417
434382,1331.0,147.0,116.0,1.76066540252419
255686,1906.0,1908.0,71.0,-0.247150694672079
264912,1337.0,1896.0,73.0,7.53702766266544
253601,1924.0,85.0,71.0,3.26662496304862
104924,14.0,1906.0,173.0,0.487314180115924
399927,1915.0,1331.0,112.0,-5.00429887627692
47055,1920.0,20.0,6.0,-1.58830839086466
249498,655.0,131.0,70.0,-2.36546295283804
3713,1896.0,1887.0,1.0,-0.232393089051273
182468,1900.0,17.0,174.0,-3.44231087811928
179880,1430.0,146.0,53.0,3.72311292196865
62663,229.0,1922.0,10.0,8.3773472684584
50527,1908.0,5.0,7.0,-2.1723030024917
387902,229.0,13.0,111.0,1.3841891605402
172420,1911.0,17.0,52.0,4.62698728829461
98307,82.0,1896.0,44.0,3.97853777680042
256753,20.0,1910.0,72.0,0.90531898026524
330573,14.0,1908.0,101.0,-0.928935633522037
257067,1894.0,5.0,72.0,2.66269570182452
179662,1926.0,229.0,53.0,2.26645199042044
27643,48.0,1893.0,4.0,15.9124445259574
169621,1924.0,146.0,51.0,-2.13580963679369
241452,1889.0,1909.0,69.0,-0.727633485151907
54831,1886.0,1916.0,9.0,0.272988675234589
113283,48.0,85.0,167.0,-1.55233310578075
254355,3.0,1431.0,71.0,-1.04242538738221
227191,1877.0,1895.0,57.0,4.40238413202765
259399,229.0,1431.0,72.0,3.37953462116983
180728,1924.0,1430.0,53.0,-1.39192632375939
284257,1912.0,677.0,77.0,0.216661166953051
371646,1920.0,1876.0,180.0,2.61733759668011
247151,1893.0,1882.0,70.0,0.747587086980576
58712,1332.0,1559.0,9.0,-0.344259780948359
193887,1887.0,17.0,176.0,2.06540680152112
329253,1915.0,101.0,101.0,6.4749338364952
87129,1899.0,788.0,172.0,-0.438003279366367
50611,15.0,1922.0,7.0,-6.31880888786265
209039,1879.0,1883.0,178.0,2.19063850194316
342999,1900.0,1921.0,104.0,1.06390988148563
260666,83.0,1560.0,72.0,-4.50904020352757
201376,160.0,1912.0,54.0,4.2932239270608
105718,1887.0,1224.0,45.0,-2.43286467270233
360653,1342.0,1896.0,108.0,-5.89098145260677
247857,1909.0,677.0,70.0,-0.203097017488553
265738,1925.0,1924.0,73.0,4.38738371252124
259606,1925.0,1891.0,72.0,-8.17712528453394
186605,1342.0,18.0,174.0,4.25179578596793
331218,17.0,788.0,102.0,3.90578825790829
345654,229.0,147.0,104.0,5.62217084260826
58088,1876.0,544.0,9.0,1.05384831727541
207089,3.0,1878.0,177.0,1.12818962608877
415627,1920.0,788.0,114.0,2.96124019396396
243160,146.0,1922.0,69.0,3.9034285421051
283273,1889.0,1916.0,77.0,0.0871407983539952
240922,1896.0,1886.0,69.0,12.829566817538
388579,1913.0,1899.0,111.0,-6.19501219204056
315990,1348.0,1224.0,99.0,0.726294803424307
237328,1876.0,1880.0,60.0,-5.84429757457971
251359,1886.0,1922.0,71.0,-0.714777717698069
112378,1899.0,47.0,167.0,-14.0527953650318
425822,1337.0,1183.0,115.0,4.09433503066081
190353,83.0,1879.0,175.0,-4.00046768157948
317256,1337.0,1911.0,99.0,0.833781334646098
271128,1925.0,1890.0,74.0,5.87948000311909
49529,1886.0,1671.0,7.0,2.96506345904666
234025,1893.0,1898.0,60.0,1.12715187332335
105454,14.0,1902.0,173.0,-4.83935242671433
18037,1920.0,147.0,3.0,-0.630195550115461
334919,163.0,1896.0,102.0,-5.07883936440044
103566,1876.0,1883.0,173.0,0.154833206519844
59911,1878.0,1904.0,10.0,-2.55597777291218
179233,1898.0,1918.0,53.0,-4.23347932063797
201050,604.0,20.0,54.0,0.354733301385088
111758,1887.0,1431.0,167.0,-3.76370323726698
316343,1911.0,1927.0,99.0,-0.263004877485032
300458,47.0,1898.0,98.0,-3.4990511840944
74805,160.0,1917.0,13.0,-4.17672747251847
174005,1875.0,1895.0,52.0,2.73922084528155
169591,1876.0,1892.0,51.0,-2.74135316738207
414147,101.0,1918.0,114.0,-0.764722926344245
208559,13.0,1923.0,178.0,-9.79527054991804
326795,1905.0,150.0,101.0,0.399276174649804
62079,1899.0,1671.0,10.0,2.99508965336487
391265,1331.0,1902.0,111.0,-2.98016786851805
246851,1881.0,1890.0,70.0,2.30768740763629
100415,1882.0,1928.0,44.0,2.75921638388053
416869,1915.0,136.0,114.0,-5.90325851909003
334474,83.0,544.0,102.0,0.565099479463765
250914,120.0,1927.0,71.0,-8.90075462992131
269699,544.0,1885.0,74.0,-0.122283417158888
311915,136.0,1909.0,186.0,3.13809879139088
358271,1891.0,1881.0,108.0,7.73080649982608
65760,1884.0,147.0,12.0,2.31992220287091
218141,85.0,1888.0,56.0,-1.02679185621145
300722,1900.0,788.0,98.0,0.478633957536662
108593,1925.0,1898.0,45.0,-1.53692664008759
310579,1891.0,1888.0,186.0,2.38800652826243
270820,1924.0,1920.0,74.0,-0.762272914012155
72724,1183.0,1914.0,13.0,4.1734092985005
175602,160.0,1917.0,52.0,-0.0376392656903071
32406,14.0,229.0,166.0,-3.85479286502651
375016,1903.0,131.0,109.0,1.14647674851735
270286,1430.0,1889.0,74.0,-5.88514240566936
114411,655.0,1905.0,167.0,-1.91295018696168
274670,48.0,195.0,179.0,-3.62840442347109
73234,1896.0,1901.0,13.0,3.87624685764768
30550,1904.0,1922.0,166.0,2.54661880368195
218454,1348.0,15.0,56.0,-2.12565004520825
206034,83.0,1884.0,177.0,4.02757176564398
283059,1560.0,5.0,77.0,1.17391173252899
68939,1877.0,17.0,12.0,0.495813728537058
220389,136.0,1923.0,56.0,7.26443392577856
46543,1877.0,1914.0,6.0,3.50462267071863
301036,195.0,1917.0,98.0,0.892508988294299
61126,1907.0,1916.0,10.0,-1.52844031745915
328537,48.0,47.0,101.0,-0.527132075061965
56684,948.0,1883.0,9.0,-0.0811452190929093
69965,544.0,1890.0,12.0,5.49372326291961
166514,1889.0,1348.0,51.0,3.87967775730817
426176,229.0,1885.0,115.0,4.28413246414433
434584,1885.0,18.0,116.0,3.72967834384517
247642,1916.0,1918.0,70.0,-5.08597893031714
233106,1913.0,1878.0,58.0,-8.88879611579862
188303,1891.0,18.0,175.0,2.42247901725449
326234,1883.0,1903.0,101.0,-1.63144735183334
227974,1919.0,1903.0,57.0,7.3385304807683
252623,136.0,1431.0,71.0,-1.54945813149965
248988,20.0,164.0,70.0,-7.09813942539577
301383,195.0,1907.0,98.0,1.32631988959105
338306,1895.0,1910.0,103.0,-0.358795445056959
303050,655.0,1885.0,98.0,3.89731934002207
236904,1920.0,82.0,60.0,-1.8176503361163
272692,1917.0,1910.0,179.0,10.3290263158047
266088,163.0,1337.0,73.0,3.08721504363213
198998,1913.0,150.0,54.0,0.831842503186156
112523,1883.0,1893.0,167.0,-0.819431675112029
215819,3.0,229.0,55.0,-5.26615866172358
247392,136.0,1885.0,70.0,5.52999409858298
275160,1913.0,1914.0,179.0,0.508702950437887
280270,655.0,163.0,75.0,8.21958243927459
235498,1559.0,5.0,60.0,-0.144874645677022
184586,1924.0,1883.0,174.0,-7.31253623285698
335407,1905.0,1927.0,102.0,-5.53375584894096
211995,544.0,120.0,178.0,4.96248054913651
86961,1884.0,1923.0,172.0,-2.68554701400693
337150,1183.0,1881.0,103.0,3.34962517125941
325315,544.0,1882.0,100.0,1.04270914129631
345767,1876.0,1559.0,104.0,0.097113360928405
45414,677.0,1918.0,6.0,2.23323472724142
272675,1348.0,1911.0,179.0,1.29478470359862
241485,1885.0,748.0,69.0,-1.88025210711145
100991,1898.0,195.0,173.0,3.16381319567686
231327,1899.0,1896.0,58.0,2.49674152813198
184656,229.0,82.0,174.0,9.28624841487651
231382,163.0,1922.0,58.0,-1.98064299545779
244001,1876.0,1885.0,69.0,0.839467705045602
161565,47.0,1431.0,168.0,0.323423362111683
69926,163.0,677.0,12.0,2.40931921612893
631685,146.0,1902.0,58.0,-1.3668658702285457
209843,1920.0,1347.0,178.0,-0.0884793400156045
179824,48.0,1909.0,53.0,-0.94919741659009
24451,1879.0,120.0,4.0,-3.99874173639275
238947,82.0,1902.0,60.0,-7.8009315136638
221736,655.0,5.0,56.0,-1.48852904889829
60763,72.0,1893.0,10.0,-0.467030925833929
436268,3.0,18.0,116.0,1.46480618524363
74018,14.0,1909.0,13.0,-4.05490698942694
337081,1897.0,1921.0,103.0,6.1593001747439
165527,1877.0,27.0,168.0,-3.19910436865546
198742,1903.0,1904.0,54.0,0.457057010322422
99338,1905.0,1348.0,44.0,-20.4364574574069
401326,1924.0,948.0,112.0,10.7258749645244
276357,14.0,1903.0,179.0,2.93600739187578
211267,83.0,1431.0,178.0,10.4775523359879
647778,1893.0,1902.0,115.0,9.247855530246463
168873,14.0,1911.0,51.0,1.40455376069549
238615,82.0,1878.0,60.0,-7.44520016347113
192891,164.0,1671.0,176.0,1.96427515012292
423980,146.0,13.0,115.0,1.42228399900023
26765,3.0,1183.0,4.0,-2.89775634700371
343591,948.0,18.0,104.0,0.24771273854606
13823,72.0,1431.0,3.0,-8.84852348072917
184884,229.0,1880.0,174.0,-0.0112561041763291
244962,48.0,1920.0,69.0,5.59647759032492
187300,1878.0,17.0,175.0,1.01793440917839
370706,1876.0,11.0,180.0,1.29556566686971
226573,544.0,1916.0,57.0,3.06893801659018
198564,1897.0,5.0,54.0,0.0186176408330064
257087,1347.0,1880.0,72.0,-8.83430047412276
225553,1878.0,1900.0,57.0,3.27063720851736
413177,1880.0,1916.0,114.0,0.940560064688252
43725,1896.0,15.0,6.0,-2.12875162102787
60020,1878.0,17.0,10.0,0.350656657312983
279090,1882.0,1914.0,75.0,-0.0303527603152607
339164,1925.0,18.0,103.0,-2.29705642495605
229024,1885.0,1896.0,58.0,-8.23983864120476
373723,1880.0,1331.0,109.0,-1.20453615431173
17396,48.0,655.0,3.0,2.85767726764086
44968,101.0,85.0,6.0,-0.539923307982589
48599,1183.0,1875.0,7.0,-1.82521838233898
265646,163.0,1560.0,73.0,-1.05135798302678
25462,1183.0,150.0,4.0,7.65876827443954
63853,1332.0,1348.0,10.0,-3.69792611517822
388757,147.0,1898.0,111.0,-0.049259750427164
253337,147.0,1923.0,71.0,-2.11830644472802
397989,1894.0,18.0,112.0,-1.48249307533276
244733,1924.0,27.0,69.0,2.78452316029638
282930,146.0,1882.0,77.0,-3.25806533533472
56066,1886.0,17.0,9.0,-0.377905238082717
257081,1899.0,1881.0,72.0,-6.67241245136577
219349,1560.0,1917.0,56.0,-9.38657629395589
387907,1331.0,1927.0,111.0,1.98639451239222
210956,82.0,18.0,178.0,-9.50095055260817
29883,1877.0,150.0,166.0,-0.871984173969799
281700,655.0,15.0,75.0,-15.1006998221171
435124,1896.0,13.0,116.0,-7.88394583692244
252649,1347.0,15.0,71.0,-6.39416326582369
170834,1924.0,1900.0,51.0,5.08653330962688
103701,20.0,229.0,173.0,0.712007238812213
228435,1886.0,1928.0,57.0,-7.94018772312704
277416,17.0,1914.0,75.0,1.78127010000424
319025,1877.0,1891.0,99.0,0.6266366780548
269330,1919.0,72.0,74.0,6.89665003390148
89091,48.0,11.0,172.0,-4.5335043270043
322947,1896.0,1910.0,100.0,-2.61836297167285
265952,1876.0,1560.0,73.0,-3.33037950866075
277542,120.0,1908.0,75.0,-1.39839320739667
187571,1883.0,1917.0,175.0,3.71425220352242
325136,160.0,1924.0,100.0,3.70998773603457
58967,1430.0,85.0,9.0,1.73638912727914
388626,83.0,1899.0,111.0,-0.384129899266826
173180,1885.0,1912.0,52.0,13.2450252658921
257385,1896.0,1910.0,72.0,4.42071986028982
219767,1880.0,17.0,56.0,-9.87608216892036
207461,1922.0,1928.0,177.0,6.88308396631292
238106,1877.0,1348.0,60.0,2.65202657136907
89961,83.0,1903.0,172.0,3.49958303116912
185978,27.0,1917.0,174.0,3.6316421950413
328830,1919.0,1875.0,101.0,-7.74058594431996
371047,604.0,13.0,180.0,0.945890225447503
266033,163.0,15.0,73.0,11.6057300214635
225403,1897.0,1890.0,57.0,-6.05223241222314
326272,1911.0,1882.0,101.0,4.314071484133
433616,101.0,146.0,116.0,9.88082854933116
106604,1883.0,1914.0,45.0,0.670870356080666
401118,83.0,1559.0,112.0,-6.78607152937907
342396,1889.0,1918.0,104.0,0.561624806772795
26342,47.0,1882.0,4.0,1.01368995301508
361389,82.0,1904.0,108.0,-1.45264743085595
102566,85.0,1904.0,173.0,-5.42550976860978
4637,948.0,20.0,1.0,4.11099844176789
249276,1924.0,1331.0,70.0,-2.82767894692208
44119,1183.0,150.0,6.0,2.94943865391174
69129,1919.0,18.0,12.0,4.21797848654145
213859,1903.0,1904.0,55.0,-6.01025316931364
221961,1877.0,1915.0,56.0,-4.70700954178719
339457,82.0,18.0,103.0,-3.14286666972817
233061,544.0,83.0,58.0,-8.15671099626392
222529,160.0,136.0,56.0,-4.71408068502548
102735,136.0,164.0,173.0,-3.30784385875375
251381,1915.0,1910.0,71.0,6.49950371770114
89691,14.0,1886.0,172.0,-2.44683729848006
259582,1924.0,150.0,72.0,9.68600714944852
235968,1183.0,1895.0,60.0,-0.0755151799731543
206593,1430.0,136.0,177.0,-1.03568340607371
360289,3.0,1892.0,108.0,-7.4173593523927
63557,1342.0,1895.0,10.0,-9.51686050795227
220241,1671.0,11.0,56.0,-9.49913472176847
376395,83.0,13.0,109.0,4.31843543215541
24705,150.0,1914.0,4.0,-1.70217245342943
302919,1913.0,1901.0,98.0,-3.45049833494904
225409,1884.0,1918.0,57.0,3.65929092955994
54272,1900.0,11.0,9.0,-0.731609430412326
11680,1332.0,1907.0,2.0,-8.93046145389352
186897,1878.0,13.0,175.0,0.861442497966646
106077,1559.0,1880.0,45.0,7.55994483617773
330032,1926.0,1927.0,101.0,8.14013784659769
389136,20.0,1923.0,111.0,4.50870885207582
401518,82.0,1337.0,112.0,1.95729557431529
274573,1919.0,1923.0,179.0,-3.07313818772663
29777,47.0,195.0,166.0,7.3979914371792
344040,1899.0,1560.0,104.0,2.23287628635949
85934,748.0,1893.0,172.0,-0.487651177722242
400215,3.0,146.0,112.0,0.739273068563941
224471,1880.0,47.0,57.0,-2.45924171285589
52993,1905.0,1878.0,7.0,-1.74012940961318
250291,1342.0,1927.0,70.0,13.5724918546543
33306,82.0,136.0,166.0,-1.92970094465504
334278,83.0,131.0,102.0,1.22317439690023
182438,164.0,1904.0,174.0,3.78386802223046
182089,1895.0,1224.0,174.0,-3.12700494806301
203460,11.0,677.0,177.0,3.86223602006402
165907,1332.0,1921.0,168.0,-5.8763113097277
344407,1925.0,1898.0,104.0,-3.7783205627027
413549,1888.0,1910.0,114.0,0.821524978866866
328204,1884.0,1900.0,101.0,-0.617456473653737
62124,150.0,1927.0,10.0,-2.78014571914146
335191,1920.0,147.0,102.0,-0.867079420820811
416766,1925.0,27.0,114.0,5.23783192000047
413506,1891.0,1560.0,114.0,3.20392184094888
175200,1337.0,544.0,52.0,4.75144564785389
198716,85.0,1900.0,54.0,1.96501049436481
238283,1915.0,1886.0,60.0,-8.96700676506663
234345,13.0,18.0,60.0,-2.0114627226206
57819,655.0,131.0,9.0,5.87525999779397
342637,1896.0,1916.0,104.0,0.870469522821888
75368,1342.0,1882.0,13.0,0.867621435746378
425314,1904.0,1893.0,115.0,3.71152298932999
316341,1899.0,1901.0,99.0,0.565586326055744
189866,3.0,1923.0,175.0,-0.324475140642213
86672,948.0,11.0,172.0,3.30958278260528
89312,544.0,1896.0,172.0,-4.97571144555367
263721,1887.0,17.0,73.0,2.14804661912115
18736,160.0,1902.0,3.0,0.44921649829493
315524,1899.0,1348.0,99.0,-0.209221200519227
192469,15.0,18.0,176.0,9.11062537214888
164229,544.0,1916.0,168.0,5.58908507135625
51666,1337.0,1331.0,7.0,-8.74143539314616
336854,147.0,1671.0,103.0,0.0812108054419181
436817,1915.0,1431.0,116.0,2.26207896178189
274938,1905.0,229.0,179.0,19.0343204302695
398073,1908.0,1914.0,112.0,0.0301376770369818
50375,1908.0,13.0,7.0,-0.0507967756234804
329245,1913.0,17.0,101.0,0.582219878368081
74917,1876.0,1886.0,13.0,-1.50827685502132
174301,160.0,1907.0,52.0,1.65196551378495
272751,1897.0,3.0,179.0,1.90024094295365
281484,1925.0,1921.0,75.0,-1.35912397439138
46937,163.0,1891.0,6.0,4.07107796295029
436470,48.0,1909.0,116.0,1.04408512017894
6208,1559.0,1899.0,1.0,-10.2508296664892
248391,1904.0,131.0,70.0,-0.682836258983144
342400,1909.0,1348.0,104.0,-0.0503598659072585
370135,1905.0,164.0,180.0,4.89054999190969
245511,1926.0,1910.0,69.0,-6.03448621377471
26566,47.0,1671.0,4.0,-0.462394694374789
106753,1888.0,1224.0,45.0,-2.03639434717508
341048,1925.0,1337.0,103.0,0.806713623185934
185855,1925.0,544.0,174.0,-3.68173424298282
100833,1902.0,1920.0,173.0,-1.64138341953927
368493,1183.0,120.0,180.0,-1.28745022813903
435179,101.0,136.0,116.0,-1.58493260356982
45360,1877.0,1899.0,6.0,4.55368119739116
400392,1925.0,1892.0,112.0,5.49798237452104
189509,195.0,13.0,175.0,-4.49227595512327
323086,1885.0,1893.0,100.0,-1.8173200389882
433495,72.0,1671.0,116.0,-0.847444153112293
434207,1889.0,150.0,116.0,-3.11869286400151
198118,948.0,1893.0,54.0,-0.704483074035879
224797,1897.0,1224.0,57.0,2.7874263838477
52628,20.0,1918.0,7.0,4.94837024141156
330440,1876.0,85.0,101.0,4.20428539359353
241472,1902.0,1896.0,69.0,-2.05336006138419
249725,1342.0,1884.0,70.0,2.62626567081543
375504,20.0,229.0,109.0,1.58682412248184
272541,1337.0,1332.0,179.0,-6.98109901263113
282464,1886.0,1896.0,77.0,1.85702231834824
56025,1888.0,788.0,9.0,-0.626187893863825
311067,101.0,1900.0,186.0,7.16973881224967
180316,1925.0,11.0,53.0,6.15424769863612
436405,27.0,1331.0,116.0,-16.9913871108708
372911,1884.0,1893.0,109.0,-1.42319440926594
218178,1886.0,1888.0,56.0,1.43340538905165
164467,1925.0,1913.0,168.0,12.478157386135
262015,72.0,195.0,73.0,-1.77997125470033
213871,1916.0,1890.0,55.0,-6.68084513785536
257832,1881.0,1894.0,72.0,7.11843716684001
227897,160.0,948.0,57.0,12.6036169993783
312395,948.0,1908.0,186.0,3.22481845303779
284108,195.0,1912.0,77.0,1.77268543945931
236445,1895.0,1883.0,60.0,2.17265433293411
436190,48.0,82.0,116.0,-1.82820710709688
51063,1879.0,150.0,7.0,2.24912312385945
263686,85.0,5.0,73.0,0.231823689046562
34216,1900.0,1928.0,166.0,-3.52319869597425
97915,1894.0,1917.0,44.0,-5.77446876088303
210914,160.0,1916.0,178.0,2.01705589094882
330895,1431.0,1224.0,102.0,-0.788638299509926
166241,120.0,11.0,51.0,-4.27968480312124
423253,1887.0,1882.0,115.0,0.760080353934361
95754,1904.0,1431.0,44.0,11.2495189366327
165182,1919.0,136.0,168.0,1.74014166598982
373989,47.0,13.0,109.0,-5.11430097356463
26612,1886.0,1894.0,4.0,-2.21557722562103
166321,1886.0,72.0,51.0,-3.50513903736659
48078,655.0,677.0,6.0,-0.477116907349717
205940,1876.0,1891.0,177.0,-8.67291900456715
234630,1183.0,1886.0,60.0,1.7289068275756
209242,1904.0,1923.0,178.0,6.35267093564222
235056,85.0,150.0,60.0,-2.41641610521131
24213,72.0,13.0,4.0,2.92157908131005
330500,27.0,1900.0,101.0,-4.20505640813261
181430,1925.0,1906.0,53.0,-0.152018393342081
170928,1430.0,1922.0,51.0,2.49974293201639
313320,604.0,1887.0,186.0,0.0827971770744457
45192,1893.0,1914.0,6.0,1.63396352179126
97230,1909.0,1890.0,44.0,3.1908093163663
345180,20.0,18.0,104.0,-8.7947621530226
260475,1342.0,1876.0,72.0,-1.39981981401809
193386,1887.0,150.0,176.0,3.90985555181396
187290,1898.0,1917.0,175.0,0.565744758108198
27084,82.0,1883.0,4.0,2.18033244255364
270110,1913.0,1884.0,74.0,1.72000592763819
372667,748.0,5.0,109.0,1.35875280988922
359436,655.0,1908.0,108.0,-13.7219111744418
312536,1884.0,1923.0,186.0,7.29128452820806
389530,3.0,1885.0,111.0,2.75618170075946
279375,1559.0,195.0,75.0,0.577478545638011
48208,1906.0,1928.0,6.0,0.996049831900588
72878,147.0,164.0,13.0,4.80283710618257
216895,229.0,1224.0,55.0,4.07540528194428
205672,1926.0,1914.0,177.0,-7.27246802409643
303069,1925.0,1885.0,98.0,4.72711916341421
238707,82.0,20.0,60.0,-13.3077018680302
217349,27.0,15.0,55.0,-1.60872833022814
312186,1904.0,1912.0,186.0,18.5981391596283
268803,1560.0,1224.0,74.0,-3.03108809026975
73100,150.0,1671.0,13.0,4.43189742088156
181723,1912.0,72.0,174.0,2.51864369573322
343966,1885.0,1560.0,104.0,-3.77588171933493
29670,1332.0,1911.0,166.0,-3.40215266903443
225788,1912.0,1883.0,57.0,-3.30545028803029
244590,1342.0,1875.0,69.0,-1.14556255612761
397522,1908.0,1923.0,112.0,6.46755931614991
356916,150.0,1893.0,108.0,6.59744504273939
247243,1896.0,1890.0,70.0,5.15007988035417
165669,544.0,1890.0,168.0,5.14729184168973
26885,27.0,1183.0,4.0,-2.69759440782992
180511,229.0,1904.0,53.0,0.281751555059779
60430,948.0,1909.0,10.0,4.11685493595062
62946,1337.0,164.0,10.0,-1.38428564614649
633806,1878.0,1902.0,12.0,-3.447491436162008
45929,229.0,160.0,6.0,0.919282210759203
211536,1342.0,1915.0,178.0,-13.2706482497344
48661,11.0,1927.0,7.0,-0.956006269623694
224102,1899.0,1887.0,57.0,-0.853467492101372
414131,677.0,788.0,114.0,-7.89530702112948
311232,136.0,677.0,186.0,0.186547756002959
340315,604.0,544.0,103.0,1.92798621324214
72679,1884.0,1916.0,13.0,0.815775550667429
334786,1877.0,1915.0,102.0,-2.06439984994786
181536,48.0,1925.0,53.0,1.65054119430057
47685,48.0,1342.0,6.0,3.66772979045611
102802,11.0,1923.0,173.0,0.166704255922882
318077,82.0,1894.0,99.0,-4.78509108460903
164456,544.0,5.0,168.0,9.75178950117357
172298,1902.0,5.0,52.0,0.233001320280567
250003,1919.0,1895.0,70.0,-6.64849303461201
315717,1895.0,13.0,99.0,-2.59093009221249
60855,1884.0,1888.0,10.0,0.304089732514077
317592,1885.0,5.0,99.0,1.16903324744748
52202,48.0,17.0,7.0,15.7086859139234
435087,1897.0,1430.0,116.0,-0.424292451725121
368157,1880.0,1887.0,180.0,6.72805534013982
284336,1875.0,150.0,77.0,-1.8458796210969
200965,1877.0,1891.0,54.0,-3.08157113124902
226226,1430.0,72.0,57.0,2.50879223553447
202840,120.0,1560.0,177.0,2.60928211630452
47980,604.0,1903.0,6.0,-2.06046358567881
57382,163.0,1913.0,9.0,2.46041809615683
164743,48.0,150.0,168.0,-1.84711300883986
435102,948.0,120.0,116.0,-0.508841790945965
32487,655.0,1914.0,166.0,-1.98240994815643
416403,1906.0,1893.0,114.0,6.3464331512215
267292,146.0,1896.0,74.0,-2.72644486872202
202739,1919.0,1347.0,177.0,2.62610927970197
183796,1894.0,1431.0,174.0,-3.58273424263442
105662,1920.0,1898.0,45.0,5.34799610343353
232223,1876.0,11.0,58.0,5.29401826876274
259424,1925.0,1913.0,72.0,2.24387312895706
243809,163.0,1881.0,69.0,-0.586369823964474
325314,1906.0,1560.0,100.0,1.00832041736744
49762,5.0,11.0,7.0,0.574406138467632
367381,146.0,1927.0,180.0,-2.50265290577271
27296,604.0,1331.0,4.0,-18.5092929415283
175169,1877.0,11.0,52.0,3.25557574949795
320855,146.0,1911.0,100.0,1.35464044351071
629391,101.0,1902.0,178.0,-1.168720735831364
54487,1884.0,1887.0,9.0,2.71743562083847
284576,1884.0,1893.0,77.0,-0.458491299429581
51068,1886.0,1907.0,7.0,-2.28690151677372
330298,82.0,1906.0,101.0,0.720819519911144
190063,655.0,1880.0,175.0,-3.10246005920908
16918,1342.0,72.0,3.0,-1.68035795244713
44804,101.0,1885.0,6.0,27.7683562842956
73529,3.0,1907.0,13.0,-5.018728702401
206119,14.0,1893.0,177.0,7.19757793170058
68889,1332.0,1431.0,12.0,1.26140006951256
246154,1899.0,1431.0,70.0,0.650935042635608
230278,163.0,1899.0,58.0,-5.2709967553336
95436,1879.0,1909.0,44.0,6.37618593539198
185200,1430.0,17.0,174.0,2.57573973038312
185640,3.0,1904.0,174.0,-0.252666697118789
269201,48.0,1908.0,74.0,-8.4524070020016
336847,47.0,1897.0,103.0,-7.78488760825138
63186,604.0,1916.0,10.0,-1.01628871640505
401821,17.0,1902.0,112.0,-5.77633995379718
249854,1913.0,1889.0,70.0,1.70090120376758
44566,1879.0,1914.0,6.0,-0.997755416766684
98711,229.0,1901.0,44.0,4.86857219309038
113070,1430.0,1898.0,167.0,1.30723665964391
277975,72.0,1907.0,75.0,-2.75285143774319
49561,1917.0,1901.0,7.0,-5.99051735481344
99591,82.0,1915.0,44.0,3.14185237860241
287039,1923.0,1928.0,77.0,12.998372351474
61449,147.0,11.0,10.0,-3.26419746323276
66885,948.0,82.0,12.0,7.90582998166714
425807,604.0,1883.0,115.0,-5.92253526180764
635332,147.0,1902.0,179.0,-1.365889640249359
228102,1913.0,1908.0,57.0,2.80863955896125
100407,1912.0,1928.0,44.0,-4.11593586072012
222182,82.0,1905.0,56.0,-3.45123658128424
4924,1885.0,1895.0,1.0,-2.00367303508826
103376,1915.0,1906.0,173.0,0.959626007695105
268998,1347.0,1890.0,74.0,-3.22345471329794
232827,1925.0,1559.0,58.0,-8.65460909111376
371084,229.0,1877.0,180.0,15.8000572965543
200136,1337.0,1183.0,54.0,-4.99236409851377
242978,1891.0,1910.0,69.0,2.7027100330492
5930,748.0,1911.0,1.0,1.99415055710886
32764,27.0,1879.0,166.0,-4.70747664368611
190195,1919.0,146.0,175.0,4.86190179777257
338848,544.0,160.0,103.0,-2.59527869565133
222066,604.0,1879.0,56.0,2.39651176668687
59040,229.0,1903.0,9.0,-3.42835436014021
232253,1905.0,1884.0,58.0,-10.4474127676468
64596,1430.0,1903.0,10.0,3.98603140228611
265667,27.0,1882.0,73.0,0.240164369246998
199281,1891.0,1896.0,54.0,-0.0475214536725301
8873,1888.0,11.0,2.0,-2.64758661164288
235915,1887.0,1894.0,60.0,4.67469989807627
339085,229.0,195.0,103.0,-9.78558848287073
275496,1920.0,1884.0,179.0,3.29381393547707
51906,27.0,1916.0,7.0,1.56020989096364
234284,1880.0,1885.0,60.0,-1.73200247349689
192318,1909.0,5.0,176.0,2.28679532375157
237440,3.0,5.0,60.0,-2.08116721056723
29441,1337.0,1899.0,166.0,0.583993442855374
376811,160.0,1342.0,109.0,0.601539236321352
255249,160.0,120.0,71.0,0.946887016727745
24294,195.0,18.0,4.0,-0.268050735794951
208946,1897.0,5.0,178.0,2.92150127432116
210834,1877.0,1885.0,178.0,13.9344883140914
264507,20.0,1916.0,73.0,-7.74300990024869
99776,48.0,1920.0,44.0,-4.20151544126092
198374,1888.0,1904.0,54.0,-2.32212551795536
280525,1920.0,11.0,75.0,0.623415327525909
338215,1885.0,1883.0,103.0,-1.30449803393224
250045,27.0,1918.0,70.0,4.41296874780732
11356,1925.0,160.0,2.0,3.53583293345821
343981,1895.0,1916.0,104.0,1.51132553006702
199537,1887.0,195.0,54.0,0.409099967710479
376284,1926.0,1896.0,109.0,6.70387565051185
234065,147.0,13.0,60.0,1.89460223601769
211384,83.0,1893.0,178.0,6.43961861164578
177033,1891.0,1894.0,53.0,-2.1396703540451
100332,1919.0,1921.0,44.0,-9.30377652253413
304765,1430.0,47.0,98.0,-2.86519738800114
25992,1880.0,1907.0,4.0,-2.2883494467792
281632,1913.0,1908.0,75.0,2.12557220250442
47108,160.0,1915.0,6.0,-0.71143648940155
85396,101.0,1879.0,172.0,8.9487612740463
246004,147.0,1348.0,70.0,-1.21214082462998
5686,1904.0,1890.0,1.0,-0.572057236932616
267846,1879.0,1917.0,74.0,5.19140929975449
400385,160.0,655.0,112.0,6.19495957201455
251432,1348.0,1927.0,71.0,0.262256022770844
217855,1898.0,1902.0,55.0,-21.7343443635138
27510,83.0,1896.0,4.0,0.220164466834754
13297,27.0,1337.0,2.0,-7.40982120125453
434590,47.0,1908.0,116.0,1.36517718859307
344221,1926.0,1883.0,104.0,-4.59647105896596
16292,1889.0,164.0,3.0,3.35172798208604
68160,1876.0,72.0,12.0,1.2493132227061
103598,1337.0,1881.0,173.0,1.82686652524034
437629,1925.0,136.0,116.0,0.723240984983277
246655,1883.0,13.0,70.0,0.726008348831236
44084,1560.0,677.0,6.0,0.858150703348093
62278,1885.0,1896.0,10.0,9.49279584317878
231330,1875.0,1889.0,58.0,3.09446653049938
370397,83.0,229.0,180.0,2.31965320425472
206231,1926.0,1918.0,177.0,4.00634672673213
312443,17.0,1923.0,186.0,11.4545316451678
343869,1886.0,1888.0,104.0,0.225354477300767
260155,20.0,136.0,72.0,-11.8513554011653
181015,1926.0,136.0,53.0,-1.57188521294901
235409,1903.0,1921.0,60.0,5.13496603755684
424600,120.0,195.0,115.0,-3.32605791099213
183194,120.0,1898.0,174.0,-4.28734448955482
213067,1224.0,1922.0,55.0,0.15741658663935
266620,1878.0,1892.0,74.0,0.823071049366186
55385,72.0,164.0,9.0,1.27926589347745
397662,1910.0,788.0,112.0,-7.48343905669013
171032,1919.0,1890.0,51.0,2.48534897352417
438154,1924.0,1910.0,116.0,0.807755103693156
44162,1347.0,15.0,6.0,3.52047261401658
70135,544.0,3.0,12.0,2.00094484613916
73063,1899.0,748.0,13.0,-8.28423507307401
181630,146.0,1928.0,53.0,4.4577195184028
331093,1887.0,1921.0,102.0,-1.96176775142292
217101,1342.0,1927.0,55.0,6.07680998890958
247576,1885.0,195.0,70.0,-0.211030796986954
45223,1895.0,1897.0,6.0,-0.308829028336776
181305,160.0,1890.0,53.0,-5.97004221233535
320232,655.0,1925.0,99.0,-0.0244252516253506
28406,160.0,1886.0,4.0,-0.98980337505805
217163,1876.0,1671.0,55.0,-15.7583490131677
176353,1877.0,14.0,52.0,3.30348503153135
106933,1880.0,1431.0,45.0,-1.03970827330798
315423,1896.0,72.0,99.0,0.199364218848092
29095,82.0,1928.0,4.0,-4.90748837907472
369812,1920.0,1906.0,180.0,4.6749299896973
375649,82.0,1885.0,109.0,11.7494071419129
33287,1925.0,27.0,166.0,-0.601918786739693
50170,1183.0,1923.0,7.0,2.11263725841927
197136,1891.0,1928.0,176.0,0.0008081250961421
171580,1906.0,1332.0,52.0,-2.9935782801991
315443,120.0,1896.0,99.0,-1.62574768303858
8811,1912.0,17.0,2.0,-3.66703388592308
191541,1926.0,1921.0,175.0,-6.0846669937354
115627,1332.0,1902.0,167.0,-31.1264396118972
252659,1882.0,1901.0,71.0,-32.661126173421
433683,1886.0,1911.0,116.0,5.49046147445249
52540,14.0,1895.0,7.0,2.67032762794318
24558,1912.0,1914.0,4.0,0.31062722341628
113041,948.0,1919.0,167.0,3.8986231472812
177449,11.0,1922.0,53.0,-4.52288108363077
198274,85.0,1911.0,54.0,1.24936704747903
218005,1880.0,1902.0,56.0,-0.780437543433324
417334,1430.0,1903.0,114.0,9.73454487140665
229221,72.0,1890.0,58.0,-0.057895773073812
237287,14.0,146.0,60.0,9.13853830902544
332828,101.0,136.0,102.0,-1.9566926653565
368347,948.0,1883.0,180.0,5.75433509670967
204401,1882.0,1918.0,177.0,1.68845404356314
238977,1904.0,1928.0,60.0,-1.73610175784666
8434,1906.0,1890.0,1.0,3.02408814547608
86615,1884.0,13.0,172.0,-1.02490140062307
98758,229.0,1913.0,44.0,1.44556540377823
68807,1430.0,101.0,12.0,25.0423793493677
322342,1902.0,1907.0,100.0,2.31616503777697
268138,5.0,1914.0,74.0,-1.99706795759152
112920,1560.0,1918.0,167.0,1.09556786037209
64214,48.0,147.0,10.0,5.89272892689903
171411,1183.0,195.0,52.0,3.21623872153899
315898,1903.0,5.0,99.0,-3.19897849308532
242343,15.0,1921.0,69.0,-1.18456908397676
62139,1889.0,1918.0,10.0,0.233615160004276
250952,1907.0,15.0,71.0,-2.87822406496522
258478,1882.0,1921.0,72.0,-1.32927710951794
216306,1925.0,131.0,55.0,6.51596894620014
225904,146.0,1900.0,57.0,7.10747457637922
187383,1889.0,164.0,175.0,0.491913675614242
198270,1907.0,1892.0,54.0,-4.33921896451753
339793,1876.0,1904.0,103.0,5.49029246622094
198181,748.0,1347.0,54.0,2.00029575748201
209931,1902.0,1918.0,178.0,-1.5985919771864
268449,150.0,1896.0,74.0,5.01055157335874
327850,1891.0,1894.0,101.0,5.12994741543575
269996,604.0,1347.0,74.0,-1.55434172572297
434079,1918.0,788.0,116.0,2.88463191938621
434844,1431.0,1886.0,116.0,0.0243588488885531
237838,1926.0,1918.0,60.0,1.80001880346763
71383,1878.0,1348.0,13.0,8.80525066790878
267144,1884.0,1914.0,74.0,1.23186402486687
5667,1348.0,18.0,1.0,-3.00618938532648
413398,1559.0,1894.0,114.0,0.315471452928188
89736,48.0,1888.0,172.0,27.1888835517555
9825,1895.0,72.0,2.0,4.53943036646633
644544,1902.0,1928.0,167.0,-9.5563688850551
326731,1880.0,1560.0,101.0,-2.77621567816363
327381,1882.0,1921.0,101.0,1.45025808847305
29116,164.0,1882.0,166.0,-3.94753255260696
311095,164.0,1881.0,186.0,-0.917061547306096
425148,1431.0,1916.0,115.0,2.19280528333843
186563,1925.0,3.0,174.0,0.404860331722423
230168,1903.0,1224.0,58.0,-1.16935257673872
15181,146.0,1348.0,3.0,-5.98955706356249
222817,229.0,1890.0,56.0,4.40530423574551
315745,85.0,748.0,99.0,1.67124060179291
361640,1927.0,1902.0,108.0,-0.366938095962112
208743,195.0,1348.0,178.0,7.94967744767317
416918,1915.0,1224.0,114.0,2.47594245661749
214648,1894.0,131.0,55.0,0.0503520218834473
210037,1671.0,1347.0,178.0,6.95083204592833
368298,1886.0,1903.0,180.0,6.89228159852745
414527,1903.0,1224.0,114.0,-11.9809254978996
206374,1877.0,1879.0,177.0,-1.6246227990839
191565,1905.0,1337.0,175.0,0.587718294443162
318820,83.0,1892.0,99.0,-2.06636111871903
412871,1884.0,146.0,114.0,1.79563869015342
320839,948.0,1889.0,100.0,2.77708890707825
416486,1915.0,27.0,114.0,-0.786260593850653
334369,1924.0,604.0,102.0,3.12256014136298
337243,1891.0,1927.0,103.0,-8.52353830025428
342103,1880.0,1884.0,104.0,-5.23811034894319
320161,82.0,1922.0,99.0,-0.43915837338311
339503,1876.0,1909.0,103.0,-9.98830585558832
342917,948.0,120.0,104.0,0.727890518543772
184696,1905.0,1883.0,174.0,1.84077805382805
371608,544.0,1342.0,180.0,-2.13911620325693
111744,1880.0,1893.0,167.0,3.05003306962658
50795,1887.0,1671.0,7.0,1.45645633101897
284394,1904.0,1910.0,77.0,-6.19950000747483
31417,101.0,1883.0,166.0,0.664271706488797
87666,3.0,1332.0,172.0,1.20510072007116
279895,1332.0,164.0,75.0,-4.70191481465539
69298,48.0,27.0,12.0,0.607608500194075
10368,748.0,1896.0,2.0,-0.0653868777861658
15932,1912.0,1895.0,3.0,-5.0269974100406
61543,1891.0,1918.0,10.0,0.12254934714022
175733,20.0,1886.0,52.0,-5.52019246097993
47490,1919.0,1430.0,6.0,15.2436276296626
427369,1337.0,1559.0,115.0,4.42014178848682
28733,604.0,1906.0,4.0,1.83344297443473
11454,1342.0,47.0,2.0,-1.74902065450952
318642,160.0,1913.0,99.0,-7.87509948703106
64601,163.0,1890.0,10.0,2.40435133215643
202974,120.0,1922.0,177.0,-3.7915621611612
209498,1888.0,1908.0,178.0,-0.44330555170816
29383,85.0,1921.0,166.0,1.9523250434189
87795,1348.0,1347.0,172.0,6.35334825856055
194606,1889.0,1904.0,176.0,-4.66447016703996
368123,1897.0,1560.0,180.0,5.49547393483354
261243,1559.0,1916.0,73.0,1.15817425006986
109397,1342.0,1915.0,45.0,-16.2348618143243
270394,1925.0,13.0,74.0,-2.8902126395011
373456,147.0,1348.0,109.0,-1.67196059986386
303214,229.0,604.0,98.0,3.96481456073651
200876,20.0,677.0,54.0,-4.79914888583115
286081,1926.0,1877.0,77.0,20.0017771285128
90080,3.0,1878.0,172.0,-1.27377632413044
178914,1348.0,1224.0,53.0,-7.19866113337757
232254,1924.0,1892.0,58.0,0.502076564316878
61937,146.0,13.0,10.0,4.80493006267055
330746,1914.0,1928.0,101.0,-3.65141029182837
336083,1919.0,1887.0,103.0,-2.91568521433291
49178,1898.0,1896.0,7.0,-19.7685980506514
190575,82.0,1431.0,175.0,2.9989875405053
324272,1906.0,1879.0,100.0,-11.413287462282
59959,150.0,1910.0,10.0,-1.97474305368041
344464,1920.0,1913.0,104.0,4.15673724785292
190489,1332.0,1431.0,175.0,-2.72308816729638
172164,1896.0,1908.0,52.0,1.99618278909923
225764,1916.0,1910.0,57.0,4.36223178328253
280771,655.0,13.0,75.0,-9.08443265914067
194514,147.0,1895.0,176.0,4.47214450744648
100352,82.0,1876.0,44.0,4.72212289549109
162391,136.0,120.0,168.0,-0.64267957101276
338371,1560.0,1890.0,103.0,3.82656325334499
225017,1347.0,15.0,57.0,-9.14938306051812
302056,14.0,1887.0,98.0,-0.58350548929877
413438,1902.0,677.0,114.0,-3.64739914904551
66235,146.0,1907.0,12.0,-5.25747522246713
17999,20.0,136.0,3.0,-3.68452990588912
204605,147.0,1881.0,177.0,-4.73702422315993
73591,1924.0,82.0,13.0,15.0600081727689
179059,1884.0,1893.0,53.0,-12.6229107860128
437820,1915.0,15.0,116.0,-8.63264638903493
103596,1905.0,1901.0,173.0,-6.85415546999319
387993,146.0,1893.0,111.0,5.90002412894804
278134,1880.0,1887.0,75.0,2.14824081541447
244064,48.0,146.0,69.0,2.44919041423035
96043,195.0,1921.0,44.0,13.8091705938214
301731,1896.0,1348.0,98.0,-0.941200982544858
327753,136.0,85.0,101.0,-1.50693869930397
247221,1912.0,13.0,70.0,2.6614707702473
242089,1886.0,1904.0,69.0,-1.62494977424659
285526,48.0,604.0,77.0,-3.18483873644363
11620,3.0,82.0,2.0,-1.137532964819
4396,1919.0,1898.0,1.0,-0.0223087032139234
163683,229.0,160.0,168.0,4.49101863599659
322263,1880.0,13.0,100.0,-3.54653839218989
331239,136.0,1923.0,102.0,0.923201333823577
369240,748.0,1882.0,180.0,6.2513927124139
207381,655.0,1902.0,177.0,-0.831091591027072
268147,150.0,1911.0,74.0,1.67477784602264
52074,14.0,11.0,7.0,-8.56604177709281
74208,1876.0,1896.0,13.0,-3.87809812920546
335788,229.0,15.0,102.0,2.76073778681391
303426,27.0,1884.0,98.0,-2.03731862855772
206878,1332.0,1882.0,177.0,-2.91711471858392
168399,1909.0,1331.0,51.0,16.0533815832903
226166,1906.0,1894.0,57.0,-4.09694850803271
341097,1926.0,1902.0,103.0,2.23954631517885
33590,1919.0,1559.0,166.0,-2.07096009332014
236247,164.0,677.0,60.0,-0.29397024481168
259579,1913.0,1431.0,72.0,-1.42546097555783
256002,1887.0,1897.0,72.0,2.45413123151575
24923,1888.0,1912.0,4.0,0.340202069847978
275977,83.0,1224.0,179.0,-2.23346855638431
75656,1884.0,1902.0,13.0,-4.10351717335733
314395,1332.0,136.0,186.0,-4.78193992626817
193186,147.0,1911.0,176.0,3.33438432564914
280117,1342.0,1885.0,75.0,1.40445324654054
64152,655.0,48.0,10.0,6.87636975080902
171579,1891.0,1884.0,52.0,-4.63074566552069
371499,1925.0,136.0,180.0,0.851080709997829
60468,14.0,150.0,10.0,5.73630745554054
368793,1887.0,5.0,180.0,22.2454918042333
197493,1882.0,131.0,54.0,-2.44127186055676
181319,229.0,1911.0,53.0,-6.2476950777301
105854,1907.0,1882.0,45.0,1.53908046081431
330308,544.0,748.0,101.0,-0.822521501176642
208482,1887.0,17.0,178.0,14.6478870286986
278020,1893.0,788.0,75.0,13.431249299933
222828,544.0,1878.0,56.0,-3.13268835974582
212000,160.0,120.0,178.0,-3.10563140390692
183620,1894.0,1903.0,174.0,4.8472958601017
340279,1915.0,13.0,103.0,5.37782785079496
435119,150.0,1347.0,116.0,-2.15044066131512
311959,1348.0,13.0,186.0,-4.97812114796006
314357,655.0,1917.0,186.0,1.84064775075568
320692,1894.0,1882.0,100.0,0.179759596836877
105188,1926.0,1911.0,173.0,2.91589559327422
53327,1877.0,18.0,7.0,1.51027593697371
232072,1906.0,1892.0,58.0,-5.75219047801464
89571,48.0,1559.0,172.0,-6.13584172793807
6858,1926.0,1881.0,1.0,-0.796548099354126
341824,72.0,1900.0,104.0,3.13030111748301
372179,1927.0,1928.0,180.0,-0.2313553929148
193070,27.0,150.0,176.0,7.21637578829772
9803,948.0,1883.0,2.0,0.534468312012314
57099,3.0,47.0,9.0,-1.34067050963935
88325,48.0,195.0,172.0,9.01632945530569
10759,1897.0,1923.0,2.0,3.93373957209311
245445,14.0,1890.0,69.0,-4.64274174223926
324719,27.0,136.0,100.0,-5.88763697144502
17473,1877.0,101.0,3.0,8.51502846856081
74156,1913.0,17.0,13.0,-1.26069389633812
169824,1926.0,1892.0,51.0,5.31600297453577
113152,1671.0,1560.0,167.0,-7.00712217037404
252957,948.0,1925.0,71.0,-2.32769677759603
281949,150.0,1928.0,75.0,10.7620492238013
57154,1924.0,1883.0,9.0,3.91586994608688
107379,1906.0,1332.0,45.0,-5.31626673625648
17724,160.0,1879.0,3.0,-2.99744355895654
424546,1560.0,1224.0,115.0,-2.57487882103505
218086,14.0,150.0,56.0,-1.55747325642145
8439,3.0,1906.0,1.0,10.7120520028472
320153,1915.0,1890.0,99.0,-2.49560684188448
230261,1896.0,1927.0,58.0,2.6363860667638
229282,1891.0,1907.0,58.0,3.20303073419966
15067,163.0,1347.0,3.0,3.97527151009681
341463,1884.0,1887.0,104.0,-2.05392902136645
396683,101.0,1911.0,112.0,-3.78847498909573
284690,1348.0,677.0,77.0,2.60610367545775
335945,1224.0,1928.0,102.0,2.11115293003906
209840,20.0,1347.0,178.0,-3.0113369128285
57245,1342.0,788.0,9.0,1.34547121935444
187987,1920.0,1910.0,175.0,-19.7210275499487
360490,1915.0,27.0,108.0,1.16840637391335
173747,1909.0,1431.0,52.0,5.57498187672705
278334,1880.0,150.0,75.0,0.665664214439121
341819,1898.0,1347.0,104.0,-2.14427885447185
185537,83.0,677.0,174.0,-0.680912648049427
375471,1925.0,164.0,109.0,-1.93631007926336
64984,163.0,1902.0,10.0,0.179020304133479
345796,544.0,83.0,104.0,-1.9136150447127
336502,1881.0,1890.0,103.0,-11.663691295106
203763,1559.0,1898.0,177.0,0.207416994609504
32591,655.0,604.0,166.0,0.965139562173959
246606,1897.0,5.0,70.0,-1.64285554652594
98590,1877.0,1909.0,44.0,-2.3865630025664
269805,1332.0,1880.0,74.0,-6.32980698763209
163770,1926.0,1183.0,168.0,3.16929364184835
331933,948.0,1916.0,102.0,0.314510432327359
376281,604.0,27.0,109.0,5.67275521129937
399388,47.0,131.0,112.0,-5.96188706073196
203148,1559.0,1882.0,177.0,10.2659443653434
339148,1877.0,195.0,103.0,-1.53705319858209
375260,163.0,1923.0,109.0,5.68141548507588
200787,544.0,131.0,54.0,5.82980573582438
204852,147.0,1887.0,177.0,-2.79339894349732
11573,1342.0,1923.0,2.0,-0.984127192429933
397417,1912.0,1909.0,112.0,11.3593302971466
65836,195.0,1910.0,12.0,2.57310550531957
343938,1891.0,1895.0,104.0,-1.16626289705122
194876,20.0,788.0,176.0,-0.812103845827187
54753,1920.0,1347.0,9.0,-1.34262342147006
164527,1926.0,131.0,168.0,4.40866447506535
370584,82.0,1916.0,180.0,-0.92585120148282
260830,83.0,1430.0,72.0,-1.66102246646202
234223,1885.0,1886.0,60.0,0.116369886124921
45986,655.0,1908.0,6.0,3.99489937158803
326619,1899.0,1896.0,101.0,19.1382981802959
329983,1915.0,120.0,101.0,1.44571307320271
3761,1883.0,748.0,1.0,-0.53964900036448
326171,1909.0,1888.0,101.0,-3.65777596610002
375612,1905.0,146.0,109.0,2.01410421317607
251372,101.0,1908.0,71.0,1.62051984009856
249606,83.0,1884.0,70.0,-2.50543073195378
368130,120.0,1886.0,180.0,4.21291535883865
322031,1878.0,1910.0,100.0,-5.59252804209751
246617,1885.0,1881.0,70.0,-4.21575110105589
313437,544.0,1916.0,186.0,2.35747081177391
55821,131.0,677.0,9.0,2.22872254812797
358188,85.0,1348.0,108.0,-2.90841353734423
206187,14.0,18.0,177.0,1.97597806510614
249518,20.0,11.0,70.0,-5.68936877936347
15539,1888.0,1881.0,3.0,4.33048229460185
319822,655.0,1332.0,99.0,-5.27783322525919
279531,1883.0,1912.0,75.0,-0.0323519107751535
401071,14.0,1886.0,112.0,-0.950180995086119
399463,1894.0,1923.0,112.0,1.13385041234114
624422,1889.0,1902.0,69.0,-4.143630218180945
43503,1879.0,146.0,6.0,-1.65782971503649
255194,1877.0,1888.0,71.0,3.67142582663399
234123,1881.0,131.0,60.0,6.61819934446483
231264,1875.0,1897.0,58.0,-0.772296956824408
186275,1877.0,1900.0,174.0,-4.25690634202055
12596,3.0,1904.0,2.0,-3.3567540383608
335897,948.0,1902.0,102.0,2.86765744941367
204059,1347.0,1331.0,177.0,-3.65718908961476
172902,1903.0,1900.0,52.0,8.64905720068909
435639,1897.0,1906.0,116.0,-1.87969674300963
274487,655.0,1922.0,179.0,2.8903636751474
108601,3.0,229.0,45.0,7.53541756731613
180717,544.0,27.0,53.0,7.58614515404889
327462,1348.0,18.0,101.0,2.23383351128818
401095,1332.0,1912.0,112.0,-0.581103721072616
204123,1899.0,1431.0,177.0,-8.96833198728594
341247,150.0,1928.0,103.0,6.81102177215773
279442,85.0,1890.0,75.0,-2.30580176125449
326671,195.0,1923.0,101.0,-1.47828214311333
335535,14.0,15.0,102.0,0.429433760736162
101923,1879.0,1907.0,173.0,-2.27624088761421
336310,1347.0,1894.0,103.0,-0.717032377479521
264387,48.0,1885.0,73.0,10.509359685566
273379,1881.0,1896.0,179.0,-4.35164916160702
74498,3.0,1905.0,13.0,-4.54483375538368
184548,1876.0,1923.0,174.0,-5.90634491801341
105007,48.0,1332.0,173.0,5.48411251010387
207685,150.0,1912.0,178.0,4.70446380848063
414504,1875.0,146.0,114.0,-1.05390108576383
167915,1905.0,1332.0,51.0,-1.3047024950887
438189,1920.0,1337.0,116.0,-8.5133293246491
357268,748.0,1347.0,108.0,-3.13565258497765
318295,1924.0,1923.0,99.0,-0.316137901316794
8864,748.0,1331.0,2.0,7.21581701944779
24475,1916.0,1927.0,4.0,-0.408875300932067
190019,1905.0,1331.0,175.0,-3.133032292784
279170,13.0,1890.0,75.0,1.18859321447702
193596,1888.0,18.0,176.0,-0.228483138384904
214572,1917.0,17.0,55.0,-11.5788556927147
113592,1876.0,1901.0,167.0,0.498362579770794
273811,150.0,1893.0,179.0,-0.106883176389438
173331,1183.0,1878.0,52.0,1.42240706365891
192414,1902.0,27.0,176.0,1.6850715223164
370834,1924.0,11.0,180.0,4.08879334257989
256341,748.0,1671.0,72.0,2.40711124002908
103293,1924.0,1908.0,173.0,4.81292484448382
251348,1875.0,1224.0,71.0,-0.303555624989207
45373,1888.0,5.0,6.0,-1.63765364543868
68538,163.0,1914.0,12.0,-1.48146065340712
32975,229.0,1895.0,166.0,-2.04049998931687
86347,1903.0,11.0,172.0,2.93346717034368
246889,1882.0,1901.0,70.0,-6.56671790945903
109566,1925.0,27.0,45.0,10.1137723202207
198648,47.0,1918.0,54.0,10.0551129333721
302190,1909.0,1883.0,98.0,0.696635680400415
268457,1884.0,164.0,74.0,5.8835910898954
344355,1876.0,164.0,104.0,-0.84821430697602
220055,1875.0,1890.0,56.0,9.02181434824175
322814,1671.0,1897.0,100.0,-1.01335640361844
232890,544.0,147.0,58.0,-4.23913608812578
5200,47.0,1914.0,1.0,-2.89142284550496
9861,1875.0,150.0,2.0,-0.846186413839215
425286,147.0,1897.0,115.0,-2.72680985717969
57772,1430.0,1914.0,9.0,-0.912819062762236
72277,1883.0,1431.0,13.0,1.88013145283843
367066,146.0,1908.0,180.0,-4.38970987752923
95496,1671.0,1921.0,44.0,-4.08178716019418
375531,1905.0,195.0,109.0,2.95634335384156
195533,83.0,1916.0,176.0,3.36719057885178
255021,1925.0,1224.0,71.0,-0.534889998916058
425857,1920.0,82.0,115.0,8.7160729347378
320328,1875.0,1928.0,99.0,0.0727007534016324
335107,20.0,1888.0,102.0,-7.48402866182296
264805,82.0,11.0,73.0,10.901250784429
59177,544.0,1337.0,9.0,8.7607587449463
86183,748.0,677.0,172.0,-4.55766238773492
199966,1342.0,85.0,54.0,-6.14366296415873
63287,82.0,17.0,10.0,-1.04136241072472
230170,1183.0,1894.0,58.0,3.95095484731598
33799,229.0,1924.0,166.0,12.7512947730261
187133,1878.0,1912.0,175.0,3.52578744096068
100137,544.0,1878.0,44.0,5.82327062408201
338809,1880.0,1917.0,103.0,4.04056608382038
272769,948.0,147.0,179.0,-2.55078898202034
312202,1880.0,1908.0,186.0,8.24556307268448
108552,1920.0,195.0,45.0,0.805756036617728
194918,1906.0,1923.0,176.0,-2.5399678885437
196772,1430.0,1903.0,176.0,-2.33111533880281
268494,948.0,1909.0,74.0,4.92158390491583
27116,1342.0,72.0,4.0,-3.34086775892952
29806,1559.0,1899.0,166.0,-17.4585687333135
25945,1879.0,1881.0,4.0,-5.93277899860435
236198,1183.0,1923.0,60.0,-3.86488771392144
213235,1909.0,17.0,55.0,-2.43417862435317
244881,83.0,1224.0,69.0,-0.224031513117116
193416,1875.0,1881.0,176.0,-5.81454240162049
110182,1905.0,1900.0,45.0,7.04548907271615
204292,1331.0,1916.0,177.0,-2.60516945332815
360599,604.0,13.0,108.0,-2.52504217015492
47733,82.0,83.0,6.0,2.26889221460939
18099,655.0,1927.0,3.0,-1.06420106136488
180990,544.0,120.0,53.0,-6.67059802713751
259820,83.0,1906.0,72.0,0.401406915412331
629379,1903.0,1902.0,178.0,0.1110964117157695
15757,1879.0,1901.0,3.0,-2.83117502412293
226516,1430.0,195.0,57.0,2.27269579688412
227655,1906.0,1912.0,57.0,3.55233783789936
6910,1924.0,1901.0,1.0,-1.90584040418321
196082,1342.0,1875.0,176.0,-9.72340933866186
269254,604.0,47.0,74.0,0.536008893355844
59892,1331.0,788.0,10.0,-3.19505391967244
68390,82.0,1883.0,12.0,3.04697150685016
425369,1559.0,101.0,115.0,0.913107896453558
264463,27.0,146.0,73.0,8.81257791978057
241894,1183.0,146.0,69.0,2.65852988774306
31313,1888.0,1898.0,166.0,-2.87370262632895
417454,3.0,1903.0,114.0,5.16334654008233
326343,1885.0,146.0,101.0,-0.340652347605041
329496,604.0,150.0,101.0,3.69214214487719
217567,1925.0,1903.0,55.0,-3.36870183832986
171506,1331.0,17.0,52.0,-2.60996022073793
88126,604.0,85.0,172.0,-3.0531413331594
29426,1883.0,1917.0,166.0,-2.92451574658516
327422,146.0,1904.0,101.0,-0.568480249272282
186195,1905.0,1882.0,174.0,5.73348893265116
70826,1875.0,18.0,13.0,-2.50408215184671
167713,1895.0,18.0,51.0,2.50749098720212
75449,1906.0,1890.0,13.0,1.76833298513884
205802,604.0,163.0,177.0,9.65224098401492
268545,948.0,195.0,74.0,-3.71192705718105
185979,20.0,120.0,174.0,-5.44081787890027
376782,1920.0,1886.0,109.0,2.7485263891704
415742,604.0,229.0,114.0,5.47300838491352
169371,1925.0,1880.0,51.0,1.5815175364869
69000,1342.0,1891.0,12.0,-2.99444053717889
172527,1875.0,1560.0,52.0,3.64360292707264
334226,1877.0,1881.0,102.0,-0.231304829188587
199364,1898.0,1331.0,54.0,-5.70280170733637
425182,1903.0,1882.0,115.0,-0.749786533342559
166437,1889.0,1892.0,51.0,5.50630774108972
229815,147.0,1916.0,58.0,-6.79811409423367
261332,1912.0,1917.0,73.0,-5.69635044722032
178859,948.0,1915.0,53.0,0.0903738918246878
13725,1908.0,1902.0,2.0,-1.05795931839028
436362,82.0,1907.0,116.0,-2.75699190328375
50128,1881.0,1882.0,7.0,5.72880353868783
260553,229.0,1900.0,72.0,0.326517516499686
7990,544.0,1920.0,1.0,3.1486287548373
28528,229.0,1560.0,4.0,-1.50686768503205
251413,1904.0,1908.0,71.0,1.85568190738601
105162,544.0,1890.0,173.0,12.550725950702
315337,1880.0,1886.0,99.0,-1.32826781245015
47709,1925.0,1332.0,6.0,-0.524173337504955
221345,655.0,1926.0,56.0,0.62734015634501
69092,1915.0,677.0,12.0,4.35064327858673
263506,1898.0,1912.0,73.0,-3.20491117868589
331846,136.0,1899.0,102.0,-1.20920818965483
11096,1905.0,1887.0,2.0,6.9868256210172
260596,544.0,1900.0,72.0,-0.141630726269018
56146,1183.0,164.0,9.0,-0.442413473161407
333295,948.0,1877.0,102.0,0.738823462648091
374416,948.0,1879.0,109.0,0.412783184873023
372902,1183.0,1914.0,109.0,1.02241732541899
339013,1920.0,1907.0,103.0,-3.82158568160316
397946,1916.0,17.0,112.0,-3.8269845954761
625381,1903.0,1902.0,177.0,0.854109206795286
399605,1915.0,1906.0,112.0,3.30628080939815
329608,48.0,1915.0,101.0,3.21105838202519
166725,136.0,1921.0,51.0,-3.23396423144604
368037,150.0,1671.0,180.0,-0.563520562434926
373758,1881.0,1908.0,109.0,2.85579037120073
256075,1911.0,788.0,72.0,2.87998360943751
221781,163.0,1895.0,56.0,-0.206976240870997
238414,1430.0,1559.0,60.0,-0.708606534778642
25356,1913.0,1910.0,4.0,0.50243159443265
70377,163.0,1902.0,12.0,24.7772320439846
230479,1902.0,1431.0,58.0,14.7424799459797
268800,1559.0,72.0,74.0,6.99028555483344
170891,1430.0,85.0,51.0,0.525667176131981
186386,1924.0,1890.0,174.0,0.573300063693554
312832,1875.0,1881.0,186.0,3.00610302557595
642254,1888.0,1902.0,1.0,2.25091896586032
191406,1924.0,1332.0,175.0,11.9715128698615
278932,1879.0,1904.0,75.0,2.71880701516908
319117,1876.0,544.0,99.0,-1.95864330747462
98384,163.0,788.0,44.0,-0.959076463365141
50294,150.0,1914.0,7.0,0.518958077775817
45247,1878.0,1883.0,6.0,-3.11807381685887
165904,160.0,1337.0,168.0,-1.56270023108444
336675,1897.0,83.0,103.0,-2.33716075553567
390541,1925.0,1927.0,111.0,-3.37267186360214
193530,1560.0,788.0,176.0,-3.01210282848357
249485,1915.0,101.0,70.0,-1.44446263114077
31524,1879.0,195.0,166.0,1.60592082551892
194287,1331.0,1887.0,176.0,-14.9484244916284
435308,1895.0,1916.0,116.0,4.41087051385148
164023,544.0,1898.0,168.0,-1.51114289156987
230819,1894.0,1909.0,58.0,1.62571757553207
189753,1915.0,72.0,175.0,-5.60361088053663
205829,229.0,146.0,177.0,2.32052554744474
413785,1559.0,1880.0,114.0,1.35837992787899
57530,1924.0,1885.0,9.0,-1.38056915825196
370418,3.0,1901.0,180.0,-2.1309862132959
7366,1906.0,1879.0,1.0,-12.5358912079419
86643,82.0,1347.0,172.0,-0.197335335149296
436796,83.0,1891.0,116.0,-2.20065288869103
257660,47.0,1923.0,72.0,-5.14706621721126
225438,1891.0,1224.0,57.0,1.43921370198758
278789,1900.0,13.0,75.0,-1.64066117056995
33496,27.0,1430.0,166.0,1.67041881135113
274713,229.0,1919.0,179.0,-2.56049155029478
4536,1885.0,1911.0,1.0,0.919115562115808
215737,544.0,1923.0,55.0,0.575175028145876
58978,1925.0,1878.0,9.0,6.77155661704577
624449,1879.0,1902.0,52.0,-4.9920251575437895
345357,1877.0,1904.0,104.0,-1.00948685666819
437330,604.0,1889.0,116.0,0.679401944996369
18577,1926.0,1906.0,3.0,0.724690978017759
105234,14.0,1560.0,173.0,-2.28975868520531
242659,164.0,1897.0,69.0,-0.519620580760812
191812,1906.0,1921.0,175.0,-2.49504975878365
278911,101.0,1894.0,75.0,1.59323953331785
314672,3.0,1342.0,186.0,-19.4888319704909
191436,655.0,1560.0,175.0,0.672543125462684
50640,948.0,1917.0,7.0,6.06344170797666
281296,1342.0,136.0,75.0,-6.34305095709599
164753,1342.0,1884.0,168.0,-9.0450314648254
71978,1885.0,1348.0,13.0,17.9583710063529
110484,72.0,1928.0,45.0,-10.840415648308
261981,1183.0,1891.0,73.0,0.91299379629735
337661,1906.0,1899.0,103.0,1.29448196568751
182913,85.0,13.0,174.0,1.32369225654132
282804,1897.0,1907.0,77.0,-13.2612167196074
59306,163.0,1928.0,9.0,0.869792984732789
104800,1905.0,1886.0,173.0,-18.831525078413
335328,1926.0,120.0,102.0,1.60025633603976
220499,1887.0,150.0,56.0,-5.01214628455896
231004,1879.0,1916.0,58.0,-4.7465896948058
415924,1924.0,1885.0,114.0,7.10632278616763
220387,1899.0,131.0,56.0,-7.37077868337398
193988,1342.0,1910.0,176.0,-0.32379422210102
202013,1924.0,1882.0,54.0,14.9878312655609
226402,1430.0,1881.0,57.0,2.60671314336678
371997,1342.0,15.0,180.0,-7.17628854027471
282863,85.0,1881.0,77.0,2.43259085597622
43497,18.0,788.0,6.0,-0.834345377396353
47242,27.0,1905.0,6.0,-1.53617249059259
274213,1903.0,195.0,179.0,-3.71740875083058
233382,229.0,1882.0,58.0,-8.50738322351159
283348,1897.0,1877.0,77.0,-11.7655021420736
56466,5.0,131.0,9.0,-1.44854698877767
107433,47.0,1923.0,45.0,-1.31651541852429
221634,1337.0,101.0,56.0,-6.63467176780999
105327,1876.0,1908.0,173.0,1.79002197427999
202462,1183.0,1898.0,177.0,-3.52535983363367
11222,1887.0,11.0,2.0,1.51963186540259
337371,1891.0,1918.0,103.0,14.3112625340317
47807,1905.0,15.0,6.0,5.26341040043541
276262,1925.0,1876.0,179.0,13.7134509370523
227729,544.0,1886.0,57.0,2.54456445808216
98661,655.0,1926.0,44.0,3.67284219612704
165936,1913.0,1902.0,168.0,-2.21689676547868
319646,1919.0,1912.0,99.0,4.78155688356267
396960,17.0,1922.0,112.0,0.675647252629707
221694,1915.0,11.0,56.0,2.30262090989279
74229,1430.0,1431.0,13.0,0.193900901261026
336274,948.0,27.0,103.0,0.188067030941554
234757,948.0,1909.0,60.0,7.61212856134443
255617,160.0,1882.0,71.0,3.19436125871649
167543,1671.0,1897.0,51.0,3.37669163062646
435431,47.0,1903.0,116.0,2.35966796232194
329980,1876.0,1917.0,101.0,3.42403335273149
58156,163.0,1918.0,9.0,0.041802808206107
75143,1915.0,1882.0,13.0,3.04499989615439
340518,1337.0,1671.0,103.0,-1.03525621168045
248226,1893.0,1894.0,70.0,4.21740644536751
374838,1889.0,1909.0,109.0,-0.0812739823772047
647791,101.0,1902.0,115.0,9.460023757147006
7649,1332.0,1895.0,1.0,0.256777542111259
200321,1905.0,1901.0,54.0,-3.70977434633274
225756,1671.0,1910.0,57.0,-2.63054145351528
338600,1886.0,1909.0,103.0,4.57378528877501
258010,1887.0,788.0,72.0,6.61321211323717
214337,1886.0,1908.0,55.0,-1.72443994712097
311393,1559.0,1899.0,186.0,-8.07544609463462
329020,14.0,146.0,101.0,4.91171745943818
324466,229.0,1879.0,100.0,3.4688854005312
27502,83.0,17.0,4.0,-1.31267058326837
271376,1905.0,1921.0,74.0,-3.67432229397255
256965,5.0,1923.0,72.0,-0.27180878634268
15429,1907.0,1910.0,3.0,1.0693553915454
234489,1560.0,1927.0,60.0,3.09805733123509
311418,1348.0,1916.0,186.0,-2.16875986155086
413582,1431.0,1900.0,114.0,4.71127681877205
202375,1888.0,1921.0,177.0,-2.90505720306528
256007,1881.0,1889.0,72.0,-0.205479499715616
166551,85.0,1911.0,51.0,-2.25482017288101
219853,1896.0,788.0,56.0,2.16813059550849
206686,1430.0,20.0,177.0,6.88831440786362
205605,1926.0,1909.0,177.0,19.2482406719178
319529,1926.0,48.0,99.0,1.27902224808576
251713,85.0,147.0,71.0,8.26421078574412
243630,1913.0,1881.0,69.0,-2.36905556824752
56074,13.0,18.0,9.0,-2.13136042354663
266950,1879.0,72.0,74.0,-2.90355114660051
68621,160.0,1913.0,12.0,10.0684335291666
173409,1893.0,1917.0,52.0,-0.689526592551629
374952,1224.0,1910.0,109.0,-3.26815537992508
220697,1431.0,1894.0,56.0,3.57997402837127
101902,1183.0,195.0,173.0,8.83013999266687
323261,1920.0,1908.0,100.0,1.33812205121756
312163,1896.0,1347.0,186.0,10.2531695605094
49919,1900.0,1921.0,7.0,-4.92355920041753
311894,1889.0,1908.0,186.0,5.47025471435094
190690,14.0,1896.0,175.0,-4.84347453851513
216711,229.0,1879.0,55.0,-3.34168114262013
51935,1876.0,131.0,7.0,0.54602265194853
427493,163.0,748.0,115.0,2.11482267728809
336171,1431.0,1922.0,103.0,-1.68341679487231
86869,1878.0,11.0,172.0,-3.80477490952751
245699,1889.0,788.0,69.0,-3.42753384245337
112144,1879.0,1910.0,167.0,-1.0836063717344
312711,1911.0,11.0,186.0,5.98546505660455
63213,229.0,1914.0,10.0,2.35280129698388
113573,1430.0,1907.0,167.0,-14.1382521858242
185303,1430.0,1431.0,174.0,0.937200812333317
642593,47.0,1902.0,112.0,-2.539140988174537
267699,1916.0,1882.0,74.0,-1.73260179622446
359948,163.0,1885.0,108.0,-7.83322238975198
114793,27.0,1224.0,167.0,-1.09902686851835
249894,160.0,1879.0,70.0,0.923770451289134
172834,948.0,48.0,52.0,15.4719275345498
213458,1893.0,1898.0,55.0,3.50852307768827
422965,1559.0,1911.0,115.0,1.07127507993803
180134,1915.0,101.0,53.0,-4.02078907830136
314641,27.0,1927.0,186.0,-6.0941961578566
229949,1906.0,1910.0,58.0,0.720631758930661
316612,1883.0,17.0,99.0,4.76120813692116
232012,1919.0,1885.0,58.0,-2.19253590391443
195498,20.0,1904.0,176.0,-6.84904623848033
105520,1915.0,1928.0,173.0,-27.1587115691073
325403,1925.0,15.0,100.0,0.446729069026927
343214,27.0,1887.0,104.0,-0.510395165940391
243702,1877.0,72.0,69.0,-1.9563598890748
205452,1905.0,1901.0,177.0,-2.28221575900845
65685,1883.0,120.0,12.0,2.54639933995333
341602,164.0,1348.0,104.0,1.04225099851565
176621,146.0,1331.0,53.0,2.01594261220337
47963,83.0,85.0,6.0,3.92121947077918
276990,1879.0,1923.0,75.0,-3.03890345909374
397157,1431.0,1916.0,112.0,-1.7170035356287
105952,948.0,14.0,45.0,4.67459526037038
205065,1559.0,1347.0,177.0,6.34448723279998
303041,604.0,1885.0,98.0,5.4739265616103
187296,1917.0,131.0,175.0,-4.60363746225694
164840,1924.0,1905.0,168.0,8.8150920689774
236092,1903.0,1224.0,60.0,2.73348182569468
216626,1924.0,1918.0,55.0,1.06373193858249
343657,1896.0,1887.0,104.0,1.53445029159903
67668,1887.0,1431.0,12.0,-4.41328681042041
299958,1875.0,1671.0,98.0,0.522851006742953
180539,1925.0,1879.0,53.0,7.2845711980908
333076,1879.0,1883.0,102.0,1.28389492738089
229609,1431.0,1907.0,58.0,-5.54769744948922
228151,1332.0,1908.0,57.0,1.88293890581332
210297,47.0,18.0,178.0,0.621018500714148
107953,1902.0,1906.0,45.0,2.82966302230221
275918,1342.0,1559.0,179.0,-1.18514175529106
272401,164.0,1901.0,179.0,1.83294259832124
29123,1884.0,1918.0,166.0,-1.40356685452362
208833,1905.0,1911.0,178.0,-3.16624575487221
313552,14.0,1916.0,186.0,0.184777540449221
31126,1887.0,47.0,166.0,-0.917958292528892
371132,1876.0,5.0,180.0,6.81407577397303
57419,1925.0,164.0,9.0,0.266834902239288
322930,101.0,1891.0,100.0,17.3709331311252
249241,48.0,1901.0,70.0,0.469394841844881
227509,1876.0,1888.0,57.0,1.42803181441354
44559,1559.0,72.0,6.0,-0.732404827478637
67648,1875.0,17.0,12.0,0.332248431002909
175090,1920.0,17.0,52.0,1.0733633852729
58820,3.0,1560.0,9.0,-6.51470982768939
220691,1347.0,1901.0,56.0,4.2279969098635
327300,136.0,1904.0,101.0,-2.79522116377133
55115,1925.0,72.0,9.0,5.12120649966547
265308,1906.0,1888.0,73.0,3.06561993958478
236791,1913.0,1894.0,60.0,-2.99050385273223
266810,146.0,5.0,74.0,0.512880662751955
376132,1905.0,18.0,109.0,-2.65456878981115
221956,1342.0,1905.0,56.0,-7.10363285212374
30502,150.0,17.0,166.0,3.12973977964352
371478,655.0,1888.0,180.0,2.58168802465646
268210,1909.0,1888.0,74.0,-3.0374978689527
224529,948.0,1912.0,57.0,13.1962651719839
312169,1880.0,1224.0,186.0,-7.94565746398191
174752,1924.0,1331.0,52.0,-7.51129631243928
388592,195.0,1914.0,111.0,5.61330981310109
273825,1331.0,1892.0,179.0,-6.24345435600479
173303,1886.0,1892.0,52.0,-5.27538854421131
229616,1884.0,1881.0,58.0,2.03849121626924
413789,47.0,1917.0,114.0,-2.02455624097758
259629,163.0,1893.0,72.0,3.77232841796708
62417,1885.0,1671.0,10.0,-0.629186297116803
277169,1902.0,1224.0,75.0,0.877606670083795
415678,544.0,788.0,114.0,-2.45423152311738
377013,82.0,1560.0,109.0,-2.52981302955493
357978,748.0,1897.0,108.0,5.88627208997213
46860,229.0,1892.0,6.0,8.08682730738522
177931,1889.0,195.0,53.0,-6.07921915516354
285258,1905.0,1331.0,77.0,-15.177020687765
103235,85.0,150.0,173.0,2.85673771236512
8828,1671.0,1927.0,2.0,0.828428594962609
47809,1913.0,1903.0,6.0,-2.84241606264138
374590,1893.0,11.0,109.0,1.15138019939392
108635,14.0,1881.0,45.0,9.62968753308504
58946,1913.0,15.0,9.0,3.01473239707084
199489,1897.0,163.0,54.0,-1.59826142014869
9605,5.0,1882.0,2.0,-2.361357094404
24393,150.0,1901.0,4.0,-0.507786136596596
415276,1901.0,1923.0,114.0,-2.67957562657983
211735,20.0,1918.0,178.0,-11.2136114109062
213360,1898.0,1914.0,55.0,0.125258982858446
427305,3.0,136.0,115.0,-2.27574923174918
426242,3.0,1901.0,115.0,0.710246888375158
274191,948.0,101.0,179.0,2.18098361226396
246914,1910.0,1921.0,70.0,-3.50505558411145
304849,85.0,1928.0,98.0,-5.69174429957267
229011,147.0,1917.0,58.0,0.129619604841586
183631,1888.0,1347.0,174.0,2.48579709750431
226682,27.0,1906.0,57.0,2.16813055696461
368646,1893.0,195.0,180.0,3.77079063245576
176377,163.0,18.0,52.0,-0.194243790338446
235413,147.0,15.0,60.0,-0.0186443228723131
423195,3.0,1898.0,115.0,6.45095431930021
256875,1183.0,1897.0,72.0,-4.02110194292948
388927,1348.0,1911.0,111.0,-8.84637234038804
391193,1894.0,1928.0,111.0,15.6838459740807
227507,229.0,544.0,57.0,1.72398099425423
197267,146.0,164.0,54.0,1.35408868479014
425020,3.0,1332.0,115.0,-0.579845462158144
337410,1888.0,1914.0,103.0,-7.57294014856668
8433,27.0,1560.0,1.0,1.0922685191681
165027,163.0,1348.0,168.0,-15.0059000298409
629394,120.0,1902.0,178.0,1.87670997253824
252007,27.0,1889.0,71.0,4.62656488395529
257206,146.0,13.0,72.0,3.23424131430973
330212,3.0,1342.0,101.0,-6.08834985163111
274019,11.0,1890.0,179.0,1.32270581894904
74685,1905.0,147.0,13.0,-2.65596044268983
341297,1922.0,788.0,104.0,20.7850125565623
106810,1895.0,1918.0,45.0,3.45463080024507
260899,1912.0,1902.0,72.0,-6.987536772319
322071,1904.0,677.0,100.0,-2.79898724275545
324060,1913.0,1891.0,100.0,-0.319925226689036
368847,1907.0,1224.0,180.0,2.45780009600062
198235,1879.0,1910.0,54.0,4.937452139469
373569,1883.0,1901.0,109.0,9.31168349272221
427538,160.0,1900.0,115.0,1.69377395443704
302622,20.0,1923.0,98.0,5.63236529041741
102589,120.0,1921.0,173.0,-8.6531665078084
427552,20.0,15.0,115.0,-6.90934861764028
358252,1875.0,1884.0,108.0,1.60339410847088
162262,120.0,1911.0,168.0,1.06092993371025
244883,3.0,147.0,69.0,1.16690847091212
248026,85.0,1907.0,70.0,2.04988075787882
399826,1919.0,1901.0,112.0,7.55260149340485
167712,1887.0,47.0,51.0,-5.34732286975589
334788,48.0,1918.0,102.0,8.49889490909657
111571,1897.0,1560.0,167.0,1.55738763885845
211163,1337.0,101.0,178.0,-9.14562069350856
172521,120.0,1911.0,52.0,1.1384885654151
243563,1925.0,1919.0,69.0,10.0724137035203
236844,1906.0,1875.0,60.0,-1.27285166263007
109491,1919.0,1905.0,45.0,-1.37155749462194
248464,1875.0,1898.0,70.0,5.56275805371712
369785,1885.0,1914.0,180.0,-5.81620430181072
114392,229.0,1918.0,167.0,11.9145279712248
437238,3.0,1877.0,116.0,-0.382947574464361
100386,15.0,1928.0,44.0,4.24673393936479
98428,48.0,788.0,44.0,-0.046250206799965
262129,1885.0,677.0,73.0,-3.20930157482856
60680,146.0,18.0,10.0,0.325138805866331
251397,1879.0,1671.0,71.0,-6.76479603670233
319804,163.0,1560.0,99.0,-3.14420449254426
33857,83.0,15.0,166.0,-0.502760957211199
57597,1924.0,1331.0,9.0,-7.40511158328795
25659,1888.0,1882.0,4.0,-0.514977470576219
237455,1905.0,1892.0,60.0,4.71621165806521
397204,120.0,1896.0,112.0,-3.03760506499069
316433,1883.0,1881.0,99.0,2.18693823472053
303480,1342.0,11.0,98.0,0.965653836045123
216214,1332.0,1892.0,55.0,1.66472460847504
266659,1431.0,1922.0,74.0,3.11118537052952
187272,150.0,1911.0,175.0,-1.47433089992959
75549,160.0,1337.0,13.0,-6.04101445439453
243370,1926.0,1908.0,69.0,-2.52308270806226
108718,1925.0,1880.0,45.0,-5.00038838874316
227239,1924.0,1896.0,57.0,4.46068586391209
344204,1332.0,1894.0,104.0,-7.63775935335288
197783,748.0,1914.0,54.0,0.716852384998933
266436,47.0,1560.0,74.0,0.476464253938621
169425,48.0,1926.0,51.0,-5.79375418066874
14520,15.0,1921.0,3.0,-16.0418109263638
282649,1908.0,11.0,77.0,-0.680400820601068
5931,3.0,1347.0,1.0,3.43238519860695
270846,1876.0,1671.0,74.0,-14.1572696563973
196671,1877.0,1900.0,176.0,-6.08131392005746
437859,1926.0,1900.0,116.0,1.48988384139421
49787,1337.0,1898.0,7.0,-3.57959323341857
201972,163.0,1882.0,54.0,-2.83853610458604
227851,82.0,15.0,57.0,3.47189777996451
218897,120.0,1890.0,56.0,-2.0616761667236
324882,160.0,1888.0,100.0,0.116958713165083
98306,48.0,1907.0,44.0,-10.88871572551
264852,229.0,1891.0,73.0,0.357184508055603
8062,1926.0,83.0,1.0,-1.19219258038993
388842,1887.0,1907.0,111.0,-11.0525729215811
109261,1337.0,544.0,45.0,-20.6904375811543
189192,1896.0,1348.0,175.0,-4.88257183373284
195180,1337.0,1881.0,176.0,-1.91348483590135
31737,1880.0,1896.0,166.0,1.28183119250262
246422,748.0,1893.0,70.0,4.62676725538868
320096,1913.0,1922.0,99.0,-0.582944102756803
338923,1913.0,1919.0,103.0,10.5518258331041
105209,1920.0,1882.0,173.0,-4.66061779780354
180620,1905.0,5.0,53.0,14.4457411106724
423006,1875.0,85.0,115.0,-1.36032466877474
87278,1885.0,1224.0,172.0,-4.04164982386785
75526,82.0,1919.0,13.0,9.12951586417109
303582,1925.0,1884.0,98.0,-2.5094513962017
195806,160.0,1891.0,176.0,-2.84480311787472
359658,604.0,1919.0,108.0,-0.637010571913449
370452,1915.0,1880.0,180.0,-2.01031889872437
256135,101.0,1348.0,72.0,-1.45973729155739
286559,14.0,1927.0,77.0,-1.27882785169532
55447,1905.0,1911.0,9.0,1.39471379342542
7908,160.0,147.0,1.0,3.79023975126276
162801,136.0,788.0,168.0,-4.23110624319575
389456,27.0,195.0,111.0,-10.7935331388284
313186,655.0,788.0,186.0,-0.806277096579922
230039,1894.0,1927.0,58.0,0.751416986349139
283277,1878.0,17.0,77.0,-0.357083542934925
169534,1906.0,1904.0,51.0,1.78183126189561
225878,1900.0,1331.0,57.0,-7.04962766925505
55501,136.0,1923.0,9.0,-2.97095619998342
27917,1332.0,1348.0,4.0,-1.98808014153204
221092,1924.0,1923.0,56.0,5.41706595301552
185753,1332.0,147.0,174.0,-0.463520254576288
182233,1878.0,1431.0,174.0,-2.42509277910138
7954,1920.0,1888.0,1.0,0.225351290220053
284942,83.0,1894.0,77.0,-6.32003055822255
257635,47.0,788.0,72.0,2.58675473619342
184789,1430.0,1881.0,174.0,-5.45451084185924
45340,948.0,604.0,6.0,0.734969719321737
87665,1891.0,1903.0,172.0,6.84366563207309
105641,1671.0,1348.0,45.0,-1.53244687411428
95759,1891.0,195.0,44.0,19.6379518468217
214131,1559.0,1911.0,55.0,0.565194998075968
108408,544.0,47.0,45.0,2.26498154139125
68191,1430.0,72.0,12.0,1.95197681416089
5988,1884.0,11.0,1.0,-0.724636273330958
182011,1896.0,1888.0,174.0,0.130078268299438
72421,20.0,150.0,13.0,3.44617070904193
275281,160.0,1347.0,179.0,0.77300211502144
274462,1342.0,1922.0,179.0,9.97054071198675
208529,136.0,195.0,178.0,5.10688133589735
71213,120.0,1916.0,13.0,-0.230535258321812
416359,604.0,1891.0,114.0,0.391402443083038
302471,1431.0,1907.0,98.0,-0.268101898281428
4687,1883.0,1892.0,1.0,4.70214338526625
50863,1879.0,1918.0,7.0,0.785282799242188
14825,195.0,1908.0,3.0,2.16952771705522
360250,1919.0,1431.0,108.0,3.95824553243339
194347,1880.0,17.0,176.0,-2.18813687107906
172495,1881.0,677.0,52.0,-3.39578705338995
90383,1919.0,1928.0,172.0,4.83973837298269
423059,1912.0,788.0,115.0,-1.03754000937085
59145,1925.0,15.0,9.0,5.51374086562769
323570,1915.0,1901.0,100.0,-2.54775557898725
630176,195.0,1902.0,7.0,2.914185731814375
229079,1902.0,1908.0,58.0,-2.70425289156067
11596,1913.0,72.0,2.0,-1.2208497049264
50030,1880.0,1911.0,7.0,1.06147576489914
213636,1878.0,1910.0,55.0,16.6259736422656
32750,160.0,1347.0,166.0,4.46329801246242
423074,1917.0,15.0,115.0,0.330564683950595
343338,1875.0,1890.0,104.0,0.0301175726319465
43641,1893.0,120.0,6.0,4.34597256625784
185096,1915.0,1916.0,174.0,0.444027523916395
200433,20.0,229.0,54.0,-2.94129033751134
166610,1891.0,1224.0,51.0,0.0385343790807412
30578,136.0,5.0,166.0,3.6758356909002
437640,604.0,120.0,116.0,0.258697947191519
368221,120.0,1431.0,180.0,15.2165070412796
244447,1342.0,20.0,69.0,-7.91282200384395
373108,1887.0,1918.0,109.0,2.9668262000343
360494,1430.0,18.0,108.0,-3.7737878192206
267317,1885.0,150.0,74.0,4.83922157184507
175999,1920.0,748.0,52.0,3.86806221966108
43232,1902.0,1342.0,6.0,3.80341360009602
412761,1875.0,1912.0,114.0,3.61568463890763
13820,85.0,1890.0,3.0,2.23497219493746
321034,1907.0,1918.0,100.0,2.29297502060441
74307,163.0,11.0,13.0,-2.14045456860455
87235,1909.0,17.0,172.0,-0.71786955591089
216114,1332.0,1916.0,55.0,0.329115188632756
389438,1430.0,1331.0,111.0,-1.78593903954817
423590,1897.0,1893.0,115.0,-0.387160421896863
247006,1915.0,1887.0,70.0,9.47768904064347
202350,15.0,1914.0,177.0,-3.38786103610359
388962,1916.0,1892.0,111.0,-1.89062580970901
242772,1880.0,1908.0,69.0,1.03617635966961
25966,1183.0,85.0,4.0,1.46880682168476
44906,1897.0,1922.0,6.0,-10.3250791332298
438019,229.0,1903.0,116.0,2.1607769296998
113044,1885.0,1912.0,167.0,2.90373200709039
174463,544.0,18.0,52.0,1.14467510708765
242498,1894.0,1431.0,69.0,3.14172240694496
435574,1885.0,1884.0,116.0,0.67750048550703
52077,655.0,1347.0,7.0,-4.29668326884371
376288,82.0,1895.0,109.0,0.0428263765633846
285515,20.0,1904.0,77.0,-0.778169022538879
356883,1904.0,1224.0,108.0,3.75283294606331
255392,83.0,1882.0,71.0,6.81646032005787
231135,147.0,1901.0,58.0,10.0435264714992
161036,1881.0,1910.0,168.0,-2.25510728463535
202597,1881.0,1916.0,177.0,-12.9441169975092
197838,1902.0,1347.0,54.0,38.3606036500807
63927,655.0,1875.0,10.0,-4.36412046591159
47967,27.0,1922.0,6.0,-3.35426360067366
374144,1878.0,1431.0,109.0,-6.24587960230613
275690,83.0,5.0,179.0,2.32317357966621
323964,544.0,604.0,100.0,7.81346990242827
437822,48.0,948.0,116.0,5.43882786487674
343159,1895.0,1889.0,104.0,-0.574046558241114
162963,1890.0,788.0,168.0,1.11385119586874
259672,1906.0,1893.0,72.0,-2.44322110697932
371756,3.0,1671.0,180.0,0.828503275301544
214524,1884.0,1893.0,55.0,0.0218443522213784
187660,1331.0,1892.0,175.0,-7.20314796907779
103484,655.0,1923.0,173.0,-2.15732529167895
629442,195.0,1902.0,56.0,0.8507639520423351
412798,195.0,1908.0,114.0,-12.2293916423832
12962,1430.0,1886.0,2.0,3.45187508986655
162584,1671.0,1927.0,168.0,-3.38810225910335
164115,655.0,1887.0,168.0,3.75210860756979
426500,27.0,1891.0,115.0,-3.85129588950839
55220,1906.0,1347.0,9.0,-3.42533360988728
6632,1913.0,1881.0,1.0,-0.667233560833662
53206,82.0,1908.0,7.0,7.9866778192056
272399,85.0,748.0,179.0,-6.19196535256805
236502,85.0,1671.0,60.0,19.4329328010659
111031,1898.0,195.0,167.0,0.623363322595733
164481,544.0,1913.0,168.0,12.1023600499486
247900,150.0,1224.0,70.0,-6.2803715956086
9385,1891.0,1895.0,2.0,-6.77948381502329
435077,1897.0,1914.0,116.0,3.66032853521236
427583,1915.0,1337.0,115.0,3.97356377663459
166982,1183.0,1898.0,51.0,0.568191344643585
248569,1183.0,13.0,70.0,-0.235262928541868
194292,1899.0,1916.0,176.0,-0.109188714992576
344749,1876.0,1885.0,104.0,-2.68636610676058
195913,14.0,18.0,176.0,0.350085284745628
170715,229.0,1332.0,51.0,1.00588214304043
24928,72.0,1922.0,4.0,-4.48497309306827
271900,136.0,1908.0,179.0,-5.68713944242794
8889,1914.0,1927.0,2.0,1.15499812354929
185468,604.0,1884.0,174.0,-0.189122267342791
427297,1337.0,1671.0,115.0,4.84090477774182
301933,1895.0,1914.0,98.0,-2.90724956939961
319167,1925.0,1918.0,99.0,5.21674657936121
69093,1905.0,18.0,12.0,5.59277751679964
4074,13.0,1224.0,1.0,-0.164690971174843
316215,1894.0,1914.0,99.0,-2.86765457247218
43949,1917.0,17.0,6.0,4.06931575540973
345788,1920.0,120.0,104.0,2.21779030940995
221595,1337.0,1914.0,56.0,-17.2362432336033
390330,1337.0,1918.0,111.0,-4.44997671364191
60195,1907.0,1671.0,10.0,2.3815605070849
46086,229.0,18.0,6.0,-0.59971678777787
185072,82.0,1914.0,174.0,-3.90619691198635
96676,1885.0,1560.0,44.0,7.69192600729767
11942,1920.0,1331.0,2.0,-4.61817018432308
303110,1924.0,1901.0,98.0,-2.28703932394085
436548,3.0,1901.0,116.0,-0.332607892108839
434635,1898.0,13.0,116.0,-6.41521039138763
204876,1896.0,1922.0,177.0,2.16379901550272
311874,1896.0,1888.0,186.0,-2.77368967408905
232598,229.0,1877.0,58.0,12.3512646083272
282101,1895.0,195.0,77.0,-6.08013367907938
115313,82.0,1913.0,167.0,7.12793197556956
75208,160.0,948.0,13.0,4.89943941609777
67852,147.0,1882.0,12.0,1.46868869518
30484,1880.0,1909.0,166.0,-1.35569637106697
183661,1888.0,1898.0,174.0,-3.9513722007706
373439,1897.0,788.0,109.0,-2.00991295337075
313182,604.0,788.0,186.0,-5.53468359498026
331481,147.0,1887.0,102.0,3.9293411217656
5776,147.0,1895.0,1.0,-1.88946687639159
261837,1876.0,150.0,73.0,5.1550184313236
190943,1905.0,147.0,175.0,-6.16431656132344
168458,1879.0,1907.0,51.0,-0.715219999712351
254609,655.0,101.0,71.0,14.2988830881794
416857,48.0,1559.0,114.0,3.2831584975689
263046,1899.0,1900.0,73.0,-1.60644104604694
227323,604.0,1875.0,57.0,0.129651641294283
51044,120.0,1882.0,7.0,-1.35983756083877
204152,1875.0,748.0,177.0,-5.35350512447041
285336,3.0,1909.0,77.0,-4.57713727277667
226144,1925.0,47.0,57.0,15.2173792954553
32015,1924.0,47.0,166.0,8.23398498305428
340269,1332.0,13.0,103.0,-2.48500513424812
73363,1920.0,1922.0,13.0,-0.891600220045274
424588,1875.0,1922.0,115.0,-7.92766287009404
217066,1913.0,1917.0,55.0,-4.68558561608955
255884,147.0,1928.0,71.0,-6.92400040658515
74163,1342.0,131.0,13.0,-2.05456741278326
24765,1881.0,1224.0,4.0,-1.42540117499017
3792,1883.0,1921.0,1.0,0.812330334247552
435088,1224.0,677.0,116.0,1.48932701856249
257554,164.0,1912.0,72.0,8.22754543037513
66694,47.0,1671.0,12.0,-11.4025253087845
70115,655.0,3.0,12.0,3.77693574686798
199634,1888.0,1921.0,54.0,-15.5651320590095
250269,655.0,1927.0,70.0,-7.19563264089029
14779,1917.0,17.0,3.0,-14.0248353834915
180807,1925.0,1559.0,53.0,-2.70168172339517
283858,1889.0,1888.0,77.0,0.871780714313739
257311,1898.0,1560.0,72.0,1.39775791710826
234091,1885.0,1671.0,60.0,-1.94667619990551
15771,1888.0,1907.0,3.0,-5.46027970751834
208047,1909.0,131.0,178.0,-9.7077057753329
168536,146.0,13.0,51.0,-1.05303857961735
190212,3.0,1331.0,175.0,-11.5119685867944
18124,82.0,1559.0,3.0,-5.92323020838149
88455,229.0,1898.0,172.0,-7.73975788498806
319022,1342.0,1891.0,99.0,-3.39805613741656
283392,1880.0,1923.0,77.0,-3.41589936111804
302621,655.0,47.0,98.0,8.94903910015732
261268,1431.0,1887.0,73.0,-2.22878253847451
416886,1915.0,1430.0,114.0,3.41104496160013
73783,163.0,164.0,13.0,-0.0512411444378408
369298,1897.0,120.0,180.0,0.0564614041639077
277842,47.0,1348.0,75.0,0.913496019221209
29201,1431.0,13.0,166.0,25.294943162378
321033,1891.0,1911.0,100.0,-0.475753705224907
264616,655.0,1431.0,73.0,0.715117660754696
114410,229.0,1905.0,167.0,3.1148685191366
206343,82.0,1895.0,177.0,-0.708688529996092
5426,1908.0,1907.0,1.0,1.08190062584386
245978,1914.0,1922.0,70.0,1.49082399493399
281375,229.0,1332.0,75.0,4.31836781541059
200871,14.0,1884.0,54.0,-3.03747359637473
111378,1891.0,120.0,167.0,4.54726064118624
195920,1876.0,544.0,176.0,-6.77920682728733
323743,1342.0,1881.0,100.0,-2.85242570475162
224297,1885.0,1560.0,57.0,-5.86059140225662
333563,1885.0,1882.0,102.0,3.75659131940747
257163,1894.0,1431.0,72.0,-3.36639091477712
244279,1915.0,1896.0,69.0,0.774240490294645
261669,72.0,164.0,73.0,-4.20218324047853
230442,1904.0,1917.0,58.0,2.31202748509211
433637,147.0,13.0,116.0,2.37960497131581
63917,1926.0,27.0,10.0,3.1493396030099
269284,1337.0,1894.0,74.0,-12.2325198389608
374102,1224.0,1882.0,109.0,0.661465457027744
50340,1902.0,1892.0,7.0,-0.846298538303731
376127,160.0,20.0,109.0,2.43137062000959
61819,1331.0,5.0,10.0,0.336221983747158
316750,1879.0,748.0,99.0,-0.390950327945246
322712,1888.0,1897.0,100.0,-2.0132022082487
361441,948.0,1903.0,108.0,-0.845376599354478
281906,677.0,1928.0,75.0,4.78656010032702
344523,1877.0,1909.0,104.0,-7.18524151145648
223978,1889.0,1914.0,57.0,-3.1831675983125
328574,1877.0,47.0,101.0,1.52134610245259
424560,195.0,1918.0,115.0,3.04147682391497
437359,544.0,27.0,116.0,2.14201359047289
437727,1906.0,1927.0,116.0,0.546412104200836
389810,604.0,131.0,111.0,6.87043748006477
202744,948.0,748.0,177.0,6.10822770064541
24910,1331.0,13.0,4.0,3.2451540318477
186763,11.0,1902.0,174.0,4.48402643036206
225360,72.0,1560.0,57.0,-0.559274975607969
103947,1337.0,1892.0,173.0,3.75854633992588
17161,1332.0,1909.0,3.0,-9.42979254303709
171434,1879.0,1912.0,52.0,0.639174088565055
186638,655.0,1925.0,174.0,2.23848676363348
184518,1430.0,1923.0,174.0,-0.497861403847404
18212,1913.0,1671.0,3.0,-20.8481701177346
231691,48.0,1898.0,58.0,-6.9838903879915
340484,1920.0,1888.0,103.0,5.74487661447089
223926,1879.0,1897.0,57.0,-0.245250659166684
173385,1891.0,1889.0,52.0,0.447606166004543
55896,147.0,1917.0,9.0,0.291452403859348
69587,1906.0,1886.0,12.0,6.24151214002875
162909,1908.0,131.0,168.0,0.331249754039769
63506,1876.0,1431.0,10.0,5.4666588239574
238875,1913.0,47.0,60.0,-1.91808823890324
164078,27.0,1881.0,168.0,3.51095632073514
255180,3.0,1927.0,71.0,-0.29236862785338
433676,13.0,1890.0,116.0,-4.30507381247344
31008,1431.0,1918.0,166.0,-7.75250418737809
321938,1878.0,1560.0,100.0,2.48274659210396
10485,1881.0,1894.0,2.0,19.6086168479027
243547,1924.0,1894.0,69.0,3.83629337234979
256635,101.0,1908.0,72.0,-3.16824147427231
243316,1926.0,160.0,69.0,1.26826003317274
216443,229.0,17.0,55.0,-3.20534147336838
315599,1904.0,1881.0,99.0,8.25221341218465
286805,82.0,1908.0,77.0,-5.74667409567891
225989,1883.0,1431.0,57.0,2.03200586568954
257522,1909.0,1911.0,72.0,0.673749732538029
48815,1915.0,1332.0,7.0,-1.97119161009866
210609,1926.0,82.0,178.0,9.85764887499307
232016,1337.0,1909.0,58.0,-15.7995238808928
111814,136.0,677.0,167.0,0.754491922373602
361503,1926.0,14.0,108.0,5.25195026708886
279017,1559.0,1889.0,75.0,-0.538471630199922
373725,1559.0,677.0,109.0,-8.94882764452487
62866,1926.0,82.0,10.0,7.83696128415943
375226,604.0,1907.0,109.0,-3.11270454611085
359860,20.0,195.0,108.0,0.876452494736535
231150,1559.0,748.0,58.0,5.29299288844168
413355,1886.0,11.0,114.0,5.87082769878045
257114,1183.0,13.0,72.0,3.73302421839427
326038,150.0,1908.0,101.0,2.14005409105511
416113,1926.0,146.0,114.0,-10.7916256338476
181943,1883.0,13.0,174.0,-7.71788809232054
252082,1560.0,1923.0,71.0,-4.19065139716827
273822,1910.0,1918.0,179.0,5.46617691995231
87709,136.0,1923.0,172.0,-0.784817868209981
258954,1913.0,1881.0,72.0,-1.8881391379937
339072,544.0,195.0,103.0,-9.20202937425677
424020,1903.0,1912.0,115.0,-0.676953490779161
51127,1224.0,1901.0,7.0,-2.01380157724609
246207,1903.0,1911.0,70.0,0.528420393216709
357609,1559.0,1895.0,108.0,-8.7831044919327
341025,163.0,14.0,103.0,1.9722968693701
106826,1887.0,788.0,45.0,-3.76739957913898
375040,1924.0,160.0,109.0,3.6797230361571
5419,677.0,18.0,1.0,-1.89926217577482
235835,1884.0,1904.0,60.0,0.278609353152976
29604,1430.0,150.0,166.0,-2.12269329209916
318430,82.0,195.0,99.0,-0.141342840751643
242529,1881.0,1908.0,69.0,-3.10761941338761
241690,1911.0,11.0,69.0,-3.01436179298493
173231,1916.0,1901.0,52.0,-2.06258656842429
224665,1347.0,1183.0,57.0,5.62617084029872
282676,1332.0,1899.0,77.0,-1.05926820468732
311590,1183.0,1904.0,186.0,-4.15375922101249
218317,1919.0,1899.0,56.0,4.26095171408054
215287,85.0,5.0,55.0,12.8362248203086
211654,20.0,1895.0,178.0,-9.90977580673272
18199,163.0,83.0,3.0,9.58640380798547
229065,1875.0,1878.0,58.0,-2.15286341737261
184318,1893.0,1224.0,174.0,-0.772303046792668
303529,3.0,11.0,98.0,4.95187346764304
109026,27.0,1914.0,45.0,2.95829452216468
414775,948.0,1876.0,114.0,7.90080539308267
318432,1925.0,72.0,99.0,3.07203392585432
303697,83.0,1906.0,98.0,6.58682493000137
334734,14.0,1879.0,102.0,9.40374760076928
399350,1883.0,1916.0,112.0,-2.89356226538139
251910,136.0,147.0,71.0,8.26421078574412
263528,1883.0,1904.0,73.0,-1.8303392754656
303112,160.0,1914.0,98.0,9.38633417277363
375692,1430.0,1909.0,109.0,10.3817685495757
326081,1886.0,47.0,101.0,1.23241735004639
175001,27.0,1431.0,52.0,-3.45330885491194
243520,1332.0,72.0,69.0,0.408960601483323
68131,1906.0,1894.0,12.0,-7.74400692803804
114842,20.0,1886.0,167.0,-1.62025281907917
190189,14.0,146.0,175.0,5.9443433374723
164264,1926.0,1901.0,168.0,4.10132489237275
171911,1879.0,120.0,52.0,2.07725255119777
330368,655.0,1921.0,101.0,-0.457330397929093
192905,1560.0,1916.0,176.0,-4.02644603683367
373877,1886.0,788.0,109.0,0.0253064168111339
412818,748.0,1908.0,114.0,2.23478236448792
269813,1876.0,1916.0,74.0,-5.18362364452895
199132,85.0,1898.0,54.0,-2.21395729362346
224175,1888.0,18.0,57.0,2.37087303358888
320904,1183.0,1910.0,100.0,0.10096647998013
45094,948.0,1347.0,6.0,2.82134110092437
320003,1332.0,85.0,99.0,-0.0504196759563046
268579,1901.0,1923.0,74.0,1.0396612302128
437766,82.0,748.0,116.0,0.312589264253209
343710,1887.0,1890.0,104.0,-2.43356842575461
67161,101.0,1898.0,12.0,-2.90232056018517
312621,1911.0,1923.0,186.0,2.48591309292042
48197,101.0,1928.0,6.0,17.4397566331081
313223,20.0,164.0,186.0,-2.86246793515126
202283,27.0,1902.0,54.0,-1.47294739215143
5226,1903.0,1904.0,1.0,1.56492900616623
72028,1348.0,1907.0,13.0,0.697953571035597
245517,1342.0,18.0,69.0,2.01427525872717
434535,1224.0,1927.0,116.0,-0.0512096364897494
182177,164.0,1560.0,174.0,-1.21718022064949
424366,120.0,1331.0,115.0,0.0097827119441083
358474,1891.0,1890.0,108.0,1.97575052920772
64275,14.0,1671.0,10.0,0.684933586200792
265821,3.0,1890.0,73.0,-0.642755364577815
9835,85.0,150.0,2.0,-3.70112714617413
284772,101.0,1916.0,77.0,3.10197680559003
389018,948.0,1879.0,111.0,0.913928638287092
644588,150.0,1902.0,60.0,-0.9411610809318014
172744,1878.0,195.0,52.0,1.66828112796931
269106,47.0,5.0,74.0,-0.407523494356685
234937,1224.0,11.0,60.0,0.699060106792537
9004,1881.0,677.0,2.0,-5.54513932435898
315833,1875.0,677.0,99.0,1.96033383496677
231112,1889.0,195.0,58.0,-3.37606984093426
105521,1923.0,1928.0,173.0,2.25210447860283
255621,82.0,1903.0,71.0,1.84087381193973
190168,1430.0,146.0,175.0,6.86626129934454
198514,1902.0,83.0,54.0,5.41391401072285
327840,85.0,13.0,101.0,0.272119033040469
280195,83.0,131.0,75.0,1.51894763180943
241885,1891.0,1896.0,69.0,6.86266336140955
342042,1882.0,1923.0,104.0,-0.645779900540587
90105,1430.0,1922.0,172.0,-3.58489123693807
56665,1331.0,1922.0,9.0,-2.84812490181796
436965,163.0,101.0,116.0,11.5384681325745
220856,1926.0,1922.0,56.0,-0.996101693139285
75124,1924.0,1342.0,13.0,3.66067014049803
331797,147.0,1923.0,102.0,10.7616195312873
26754,1342.0,1183.0,4.0,-3.64088957775922
186267,544.0,1876.0,174.0,11.2587504488809
424534,1224.0,17.0,115.0,-4.02413570409559
181810,72.0,5.0,174.0,-3.07468211937343
197913,1431.0,1671.0,54.0,16.261509505278
67203,1908.0,677.0,12.0,4.84635876111176
191760,3.0,14.0,175.0,-6.72916799163295
214542,1901.0,1922.0,55.0,-3.65317256635899
276382,82.0,1560.0,179.0,-3.96740560551775
437807,544.0,1876.0,116.0,9.28406682384514
16732,655.0,82.0,3.0,11.1187871904171
231765,229.0,164.0,58.0,1.87848135120982
262045,1224.0,1882.0,73.0,3.78079728477841
191316,229.0,1886.0,175.0,0.504188546295572
165710,83.0,1560.0,168.0,-0.721781072040605
27265,655.0,1901.0,4.0,0.369438369740137
414466,1894.0,788.0,114.0,2.0738825212496
45189,1875.0,146.0,6.0,-1.84033666010231
433772,15.0,1890.0,116.0,-4.003197417291
299778,1885.0,1923.0,98.0,2.14037468689235
75091,1876.0,1927.0,13.0,-7.45190998053101
204421,146.0,1907.0,177.0,0.164981062813206
195841,1926.0,101.0,176.0,10.4609117433902
327980,748.0,788.0,101.0,1.05936225919447
376776,48.0,83.0,109.0,-5.36448406586653
254835,1919.0,1348.0,71.0,-3.09654623280151
56113,1183.0,1916.0,9.0,3.86508718961083
173534,1881.0,1910.0,52.0,-1.65259424664693
171221,85.0,1928.0,51.0,-2.16290243336491
252788,101.0,1560.0,71.0,-1.3479420227003
436888,1332.0,677.0,116.0,2.1392114679875
221276,1919.0,195.0,56.0,6.29922218761251
417567,1906.0,1921.0,114.0,-8.46533557709956
228257,1926.0,1925.0,57.0,1.90711621621766
160983,136.0,1923.0,168.0,1.77679823331638
242126,1881.0,17.0,69.0,4.39488428862442
258659,1342.0,1922.0,72.0,-1.37509798860624
367762,1559.0,131.0,180.0,3.21863824276633
219700,1183.0,748.0,56.0,0.286742652170315
241723,1875.0,1880.0,69.0,5.58130554664338
107346,136.0,1331.0,45.0,-2.39148994579862
257272,120.0,5.0,72.0,-0.0171691417034789
397712,1883.0,1923.0,112.0,-0.736456747251379
199578,120.0,18.0,54.0,-0.698418306686057
425407,1885.0,1348.0,115.0,-0.449140444949536
388574,948.0,1881.0,111.0,3.9153204502429
171829,147.0,72.0,52.0,7.24171158128728
434570,1879.0,1348.0,116.0,0.183374154742548
390308,1876.0,1918.0,111.0,2.5830077281313
321143,147.0,1887.0,100.0,6.99874283780973
327908,1889.0,1914.0,101.0,-1.57360238072583
357408,1885.0,1897.0,108.0,2.73292940291368
107143,1913.0,1332.0,45.0,-1.80385127834959
312625,85.0,1907.0,186.0,0.0749026637606065
629459,1895.0,1902.0,55.0,-1.428440469366165
199976,1926.0,1899.0,54.0,-4.61471458679398
315796,677.0,1921.0,99.0,3.02678559108134
5852,101.0,147.0,1.0,5.11074525830911
52511,1926.0,27.0,7.0,22.38671942584
270582,604.0,1224.0,74.0,1.0777922147589
70144,160.0,14.0,12.0,-0.309528367068803
254771,655.0,1904.0,71.0,-1.26070695101594
228222,1342.0,18.0,57.0,2.34469602848893
329985,83.0,1224.0,101.0,4.80478558356603
211154,1919.0,1914.0,178.0,-0.513130507132557
274040,147.0,1907.0,179.0,-4.56770221002198
223053,1337.0,47.0,56.0,-9.9326672031795
233546,20.0,1921.0,58.0,-11.1252422858512
213802,85.0,147.0,55.0,4.67789743205291
249305,1430.0,1916.0,70.0,-2.95644676685001
164088,48.0,72.0,168.0,2.26872848149286
368767,15.0,1921.0,180.0,5.68474167072681
67951,1897.0,1431.0,12.0,-1.56103189447678
99155,1925.0,101.0,44.0,20.7927109010978
241599,1903.0,1897.0,69.0,-0.688430135530217
199316,1884.0,85.0,54.0,-1.86934703871917
374561,1878.0,1927.0,109.0,1.61815983819296
192399,1875.0,1893.0,176.0,-4.51697196243317
235640,1891.0,1916.0,60.0,2.3897307172599
423511,1879.0,1331.0,115.0,4.85922290826398
427432,544.0,1332.0,115.0,0.983432500239466
223488,1183.0,1887.0,57.0,-0.853467162983077
274542,1913.0,1894.0,179.0,-4.36058955087793
25583,1908.0,5.0,4.0,-1.29084806927331
111551,1906.0,1332.0,167.0,-1.18973822074693
203427,11.0,1890.0,177.0,0.812152027489518
229286,1902.0,11.0,58.0,2.92010281255417
230920,1888.0,15.0,58.0,-8.07590065645303
61802,1883.0,1224.0,10.0,2.37888163747992
281643,83.0,1908.0,75.0,3.85970039900776
68193,1906.0,72.0,12.0,1.45676067325787
206005,14.0,1884.0,177.0,5.49890629847378
17269,1332.0,17.0,3.0,3.4236802122646
245424,1337.0,1890.0,69.0,-0.757608507205108
374463,120.0,15.0,109.0,-3.04120611780551
201701,27.0,1927.0,54.0,-7.13563915509812
233122,1430.0,1882.0,58.0,4.46449788762067
398787,1878.0,1914.0,112.0,3.25461585819971
171092,229.0,1910.0,51.0,-0.993918545634831
424109,1560.0,147.0,115.0,-2.01468187387393
195223,544.0,72.0,176.0,-1.07295223741812
237500,82.0,1891.0,60.0,-8.89572996807093
240589,195.0,1224.0,69.0,0.909576785858129
107823,47.0,1908.0,45.0,6.53035097944248
315882,72.0,1888.0,99.0,2.77135680506025
101176,1347.0,1879.0,173.0,0.862296317741255
181953,1331.0,18.0,174.0,-3.27570123942224
423701,1888.0,1671.0,115.0,0.595823013318351
302869,48.0,1898.0,98.0,1.14122938142234
169550,1430.0,1904.0,51.0,3.53175879614804
337018,1886.0,1912.0,103.0,-2.43078831528493
312137,1183.0,1886.0,186.0,9.18835449979706
204543,1882.0,15.0,177.0,-6.70671730653529
322085,195.0,1918.0,100.0,-1.99736986394164
268255,1559.0,1896.0,74.0,6.81959726329296
227200,160.0,1905.0,57.0,0.258702595944108
55248,195.0,1917.0,9.0,0.070416150732328
16808,1332.0,1907.0,3.0,-15.7241976507259
15127,1902.0,1917.0,3.0,2.22035697210561
346189,14.0,1890.0,104.0,2.80895190747711
187113,1902.0,13.0,175.0,-6.31570546478618
63626,1925.0,17.0,10.0,0.0181996725287957
110547,1925.0,1902.0,45.0,-8.76449626348991
339461,160.0,1331.0,103.0,-14.8081177606968
283290,1183.0,1918.0,77.0,-0.0313549336946848
98731,1925.0,1901.0,44.0,2.33483977779696
245105,1924.0,1342.0,69.0,-1.27968462623605
252441,101.0,1887.0,71.0,-0.654508495195875
368868,164.0,677.0,180.0,-1.09888452669668
302658,163.0,1883.0,98.0,2.39417751375027
89927,604.0,1876.0,172.0,-7.32640238674604
68060,1925.0,1922.0,12.0,11.9811658087552
256861,1559.0,1560.0,72.0,-3.0621753030706
107390,1881.0,17.0,45.0,-1.75988531389429
4122,1880.0,748.0,1.0,-0.218954580782767
400391,3.0,1892.0,112.0,-2.39710150997753
114737,1915.0,136.0,167.0,-0.6121693584081
106144,150.0,1896.0,45.0,9.66493292435322
426104,1919.0,229.0,115.0,-1.39581614958722
268446,1884.0,1894.0,74.0,-0.22907724630885
95773,1559.0,85.0,44.0,-8.39522843662845
219038,1915.0,1887.0,56.0,7.60461522574119
335512,1342.0,1900.0,102.0,-10.4127082653959
217671,1876.0,1921.0,55.0,-6.72337665007793
313711,83.0,11.0,186.0,4.38024002110783
388487,1898.0,1896.0,111.0,-1.5783533001344
56047,1560.0,147.0,9.0,-0.0061420236098595
260075,604.0,1912.0,72.0,0.290406212050792
212724,1889.0,1918.0,55.0,4.43914421977084
267675,1897.0,1915.0,74.0,-4.34106250669711
361058,1876.0,1559.0,108.0,-5.93684386120015
57048,1924.0,1922.0,9.0,0.283817684883607
162221,1912.0,1888.0,168.0,1.68592071941078
242660,1889.0,131.0,69.0,6.64689722803868
397792,15.0,17.0,112.0,2.24073232231131
61280,1224.0,1890.0,10.0,-0.234789434033594
55376,1879.0,1348.0,9.0,-9.19102298922916
188988,948.0,1920.0,175.0,-4.58962275112653
388892,1887.0,1927.0,111.0,9.38530661324756
47478,544.0,147.0,6.0,5.84117463453258
331523,146.0,1560.0,102.0,-1.14316323909434
87037,1671.0,1224.0,172.0,-2.82192945771469
170064,160.0,1905.0,51.0,5.40163160058339
340628,160.0,1342.0,103.0,-1.08944385521296
29679,1916.0,11.0,166.0,-2.9807808838998
113507,83.0,164.0,167.0,4.59034643581422
30654,1880.0,1890.0,166.0,-3.27492324234929
49120,1559.0,147.0,7.0,-2.75932794001702
218851,85.0,1897.0,56.0,5.11971285979065
417180,1430.0,1878.0,114.0,-2.96896825163291
204896,1560.0,1918.0,177.0,-0.501891247833826
400192,229.0,163.0,112.0,24.3076520901131
304529,544.0,1878.0,98.0,-5.52513291701249
276285,1920.0,1900.0,179.0,2.34326539376528
196477,1924.0,1920.0,176.0,-0.539101030691828
343516,1331.0,1882.0,104.0,-4.52825902760933
303452,160.0,1892.0,98.0,9.93780530026611
236487,1907.0,1923.0,60.0,-0.740197945313267
188588,1893.0,18.0,175.0,4.69812978220721
15419,1559.0,17.0,3.0,4.60333957870624
210897,3.0,1916.0,178.0,0.836891123717938
377320,120.0,1928.0,109.0,-4.35833629065099
221946,544.0,20.0,56.0,-2.78253388294899
373137,164.0,15.0,109.0,-2.90073209043354
175675,1919.0,120.0,52.0,-8.26598796644186
370806,1877.0,101.0,180.0,-0.337147522215251
170716,655.0,1332.0,51.0,0.442337603945385
101983,1882.0,1890.0,173.0,-4.25038815365806
197209,18.0,1902.0,176.0,2.21448110380628
271251,544.0,1903.0,74.0,2.0922600813175
368920,1884.0,1886.0,180.0,-4.19089014759199
367394,150.0,1224.0,180.0,-0.424839502911776
276981,1348.0,677.0,75.0,-1.50619151332593
106084,1903.0,15.0,45.0,-0.280395576406934
389410,544.0,72.0,111.0,-0.192147216523546
270317,544.0,1905.0,74.0,2.15884366625095
267470,47.0,1912.0,74.0,1.96880521727853
267940,1883.0,1901.0,74.0,3.07202132900207
70908,1904.0,1910.0,13.0,0.0260704783032932
250919,1893.0,1917.0,71.0,1.05038948695727
188085,136.0,72.0,175.0,-0.75530197854319
250917,146.0,1560.0,71.0,-3.54203542390859
234951,1893.0,1431.0,60.0,0.487682116739464
229651,1916.0,1901.0,58.0,-1.02512430400483
332175,1894.0,1908.0,102.0,-2.07337373037758
32393,1913.0,146.0,166.0,0.462893332072765
211613,3.0,1877.0,178.0,-2.56649996700437
346037,163.0,1890.0,104.0,-3.97003245747526
424353,1916.0,1918.0,115.0,13.7546881513202
63683,160.0,1884.0,10.0,2.50833784623297
397714,1886.0,1901.0,112.0,-3.26119734452529
204335,948.0,1332.0,177.0,0.744471341338294
321062,1884.0,1898.0,100.0,-0.915950387111447
194107,85.0,195.0,176.0,0.379944254706214
326488,13.0,1901.0,101.0,-2.95575382945009
62194,1897.0,17.0,10.0,1.89479204821668
369584,147.0,18.0,180.0,3.57849544173054
334557,1919.0,1896.0,102.0,-3.54213843699776
273245,1880.0,1910.0,179.0,-4.00664516189545
398580,1885.0,1889.0,112.0,2.48028434075738
71320,1888.0,1916.0,13.0,3.89479183410238
70790,1907.0,1910.0,13.0,0.808298269820336
187913,1331.0,1890.0,175.0,2.39400311918213
228581,1887.0,1224.0,58.0,5.04223266142325
237311,1924.0,1331.0,60.0,-10.5135636285536
99660,655.0,48.0,44.0,12.0042145442607
208214,17.0,1922.0,178.0,7.95710354653822
87153,1906.0,1332.0,172.0,-3.33166300046237
302573,1430.0,788.0,98.0,-1.49281205082565
179141,1920.0,1347.0,53.0,-1.55134942948165
168421,1883.0,1922.0,51.0,-4.70662655197784
369531,120.0,147.0,180.0,-0.687830810655117
63193,20.0,146.0,10.0,-1.61621127475687
61743,1917.0,1892.0,10.0,-13.4162881977704
206806,655.0,1886.0,177.0,9.12121445493828
263032,1883.0,1224.0,73.0,-1.32504723594321
54927,27.0,1899.0,9.0,3.04927096554295
70644,1884.0,1909.0,13.0,-5.1876746609672
330020,20.0,1886.0,101.0,-10.0139425660338
413270,1911.0,1224.0,114.0,-2.46357199278995
251482,101.0,1912.0,71.0,-0.383245968963815
28454,1876.0,748.0,4.0,-0.975284044348313
221691,1919.0,1431.0,56.0,7.71135767065356
24209,1900.0,1348.0,4.0,1.91079557215417
32870,229.0,17.0,166.0,-5.29742926427694
300703,195.0,1347.0,98.0,3.9351322988259
194554,1347.0,677.0,176.0,0.394581548024368
331479,1348.0,677.0,102.0,3.33507244139714
214689,47.0,72.0,55.0,-8.81980289316091
167313,1893.0,1882.0,51.0,-4.30986316185536
314759,229.0,948.0,186.0,6.39299628776296
50471,150.0,131.0,7.0,-5.80436207802272
111325,1559.0,147.0,167.0,1.24899660087513
49190,147.0,1910.0,7.0,3.62019987783068
164398,1877.0,1431.0,168.0,1.55824601119878
176586,1895.0,1927.0,53.0,0.581297149643407
6983,82.0,17.0,1.0,-5.23668986259147
30240,101.0,72.0,166.0,6.75621103370546
321327,1876.0,1910.0,100.0,2.09057554957199
192248,1891.0,1921.0,176.0,-0.282537709082302
263450,1331.0,13.0,73.0,1.10299181570708
434563,1900.0,18.0,116.0,3.76854140786581
199030,1902.0,18.0,54.0,1.62364119327144
6146,1916.0,1892.0,1.0,3.0938168898349
333476,948.0,1919.0,102.0,-0.463645147694306
360177,14.0,1914.0,108.0,-5.83816310254453
218616,1891.0,1901.0,56.0,9.85016615207776
190778,1920.0,544.0,175.0,1.79446006501075
178286,1884.0,1911.0,53.0,2.47687625709829
27198,1925.0,1881.0,4.0,1.90320677528766
167773,1896.0,1887.0,51.0,7.10298906278952
236482,1904.0,1224.0,60.0,-7.22787727047056
196838,1906.0,1922.0,176.0,-0.939505708885788
388489,1342.0,1332.0,111.0,1.69308432053487
256256,1183.0,15.0,72.0,-1.92646721124106
71465,1879.0,1887.0,13.0,-3.90481309075694
413850,1896.0,15.0,114.0,-1.1608305913517
279637,1913.0,1923.0,75.0,1.46650157588602
278534,1896.0,1918.0,75.0,1.86956106647312
262809,1431.0,1331.0,73.0,-1.06774976530453
178211,1894.0,1914.0,53.0,3.9390879111824
249592,160.0,1892.0,70.0,-4.19602574409651
195003,20.0,1875.0,176.0,-4.24084577653542
18215,163.0,120.0,3.0,-2.29581246560799
186212,163.0,1560.0,174.0,-6.17254343256266
220370,1884.0,72.0,56.0,6.39505439939903
74687,1926.0,1348.0,13.0,2.05073161776583
427833,1925.0,1337.0,115.0,3.85622028624354
171790,1183.0,147.0,52.0,3.72783449693396
114898,655.0,1888.0,167.0,4.11989819477552
211250,48.0,655.0,178.0,7.93581895524889
213237,150.0,1903.0,55.0,-0.361808111390272
253447,1904.0,1890.0,71.0,-10.2680566404729
218399,1431.0,1348.0,56.0,-5.78219322802379
400368,14.0,1891.0,112.0,4.71302650233072
282149,1921.0,1923.0,77.0,0.244931923194359
370325,1905.0,195.0,180.0,1.13787727132135
397162,1889.0,1883.0,112.0,0.318666416723348
247134,1899.0,47.0,70.0,-4.88929703387195
75029,1915.0,1559.0,13.0,-1.30313345838075
53174,655.0,1878.0,7.0,5.14867205184703
106474,948.0,1924.0,45.0,20.0772940553366
12956,1926.0,147.0,2.0,-0.562407177281423
273929,20.0,1332.0,179.0,0.889183378065221
330771,1894.0,1928.0,101.0,13.2529526219068
4219,136.0,1901.0,1.0,-1.04783648274408
434391,1671.0,1901.0,116.0,0.321178639615094
279864,1906.0,1883.0,75.0,-0.946509988032506
242987,1883.0,1904.0,69.0,0.284590913593324
229825,1893.0,1889.0,58.0,-11.7776105952105
236417,1560.0,1894.0,60.0,1.0717813747973
99692,1915.0,120.0,44.0,9.38108115532706
344720,1332.0,1880.0,104.0,-2.74938652780652
256274,1902.0,1918.0,72.0,-1.30950186989602
17037,1920.0,1914.0,3.0,-4.6237760623758
197475,146.0,1893.0,54.0,-1.24093697506292
342155,1898.0,1224.0,104.0,-4.15160260111943
214621,47.0,15.0,55.0,2.87226505025469
255361,14.0,1878.0,71.0,4.34736254505322
361585,1877.0,1902.0,108.0,4.48954262335642
180971,1332.0,1671.0,53.0,-2.08568740028044
195469,82.0,1914.0,176.0,-0.213713331689072
209990,1909.0,164.0,178.0,29.2336787520414
346361,1922.0,1902.0,104.0,-0.874657861953891
390559,82.0,1559.0,111.0,-3.08352810413179
96870,1883.0,1896.0,44.0,5.48350162611004
255442,163.0,1900.0,71.0,-1.35945911957916
332550,1902.0,1560.0,102.0,-0.266787372897182
17298,82.0,1891.0,3.0,2.55613246945514
187924,85.0,1897.0,175.0,-0.451691469695165
227026,229.0,11.0,57.0,-7.61501903619724
25046,1896.0,18.0,4.0,2.24291825265611
182458,136.0,1923.0,174.0,-5.86898965019379
253275,1560.0,18.0,71.0,2.7377731033583
230193,1903.0,195.0,58.0,-8.20725531830903
340455,160.0,1927.0,103.0,-4.78375885148742
43369,1331.0,5.0,6.0,-3.44888132926424
10994,1907.0,1910.0,2.0,-3.64556419951088
369672,150.0,1347.0,180.0,2.90554456871777
177986,1347.0,1910.0,53.0,3.62414917366761
166989,1885.0,1887.0,51.0,3.90073650397168
390112,1926.0,1905.0,111.0,2.38800417022476
62967,1919.0,1901.0,10.0,-3.9399694596595
68565,1906.0,146.0,12.0,-3.9653001082851
310465,1912.0,1331.0,186.0,-6.34467096017845
243396,1925.0,1183.0,69.0,0.510834908540182
64124,3.0,1559.0,10.0,-0.195731599224515
242375,47.0,1888.0,69.0,-2.47159571019636
317076,1881.0,1883.0,99.0,1.87825671635121
3886,1888.0,1911.0,1.0,-0.28598069439947
319894,48.0,1671.0,99.0,4.03359355348095
57215,1926.0,195.0,9.0,-1.87085129005929
268139,27.0,1887.0,74.0,6.88983210371763
75160,163.0,1876.0,13.0,3.82006347234593
104641,1925.0,544.0,173.0,-5.03904470763653
343004,1882.0,1901.0,104.0,-18.1249819220376
216305,3.0,131.0,55.0,-8.74038516048
191297,229.0,136.0,175.0,-2.40907650639216
217550,1924.0,1882.0,55.0,-7.03018502873592
324163,160.0,1892.0,100.0,4.80553896839684
300793,1897.0,14.0,98.0,0.47559735212295
171560,1883.0,120.0,52.0,0.309844705776061
359930,14.0,1904.0,108.0,-1.56948485612236
247917,1897.0,1890.0,70.0,4.34189242159455
271043,160.0,1671.0,74.0,-0.189195554357428
67909,1884.0,1898.0,12.0,-1.06058355802326
339117,655.0,1894.0,103.0,12.2929783967556
65803,120.0,1917.0,12.0,2.49121132485174
342376,1897.0,1905.0,104.0,-3.09490640029498
326008,1878.0,1910.0,101.0,1.63400948918181
193148,1879.0,1890.0,176.0,0.705400300672779
106534,101.0,1903.0,45.0,5.88641080438677
230571,101.0,1888.0,58.0,-2.97853058167951
415264,1894.0,1921.0,114.0,-3.02304162767768
218581,1903.0,1911.0,56.0,-5.16264934827149
31973,1876.0,788.0,166.0,7.85923022000492
416036,1342.0,5.0,114.0,3.26044214806578
435152,136.0,1912.0,116.0,2.60419195632771
433562,1915.0,1347.0,116.0,-2.08364598647626
209158,101.0,1348.0,178.0,-10.4523762530641
102015,1914.0,1910.0,173.0,-2.03791341703063
218175,1559.0,18.0,56.0,6.6235011644932
177773,677.0,1923.0,53.0,-4.39026722832268
201598,83.0,1559.0,54.0,-4.49672497079765
225853,1884.0,1892.0,57.0,-2.83615296981498
223964,1879.0,1904.0,57.0,2.7762350550365
257531,1894.0,1890.0,72.0,0.134738476556059
321154,1888.0,1896.0,100.0,2.8200992970205
250609,229.0,1921.0,70.0,-7.42915175407533
286577,229.0,1342.0,77.0,5.07695788217753
97187,1914.0,1927.0,44.0,0.254744691111824
215518,1905.0,788.0,55.0,-3.27567662625028
68571,1926.0,1901.0,12.0,0.44714755585769
170989,83.0,1900.0,51.0,1.23527978585202
193333,1559.0,1917.0,176.0,3.31249297787271
303633,27.0,544.0,98.0,1.40099992887641
223677,1895.0,1916.0,57.0,0.92123580915522
370495,1919.0,1916.0,180.0,0.286233128136658
87728,948.0,1876.0,172.0,9.87215736360606
266905,1671.0,1927.0,74.0,-3.74306153064059
176212,27.0,1900.0,52.0,0.113511270222102
377232,1919.0,1921.0,109.0,-6.5056061937878
232346,1342.0,1891.0,58.0,-22.1327367494686
70714,1884.0,13.0,13.0,0.542026091294919
398779,72.0,788.0,112.0,0.968070305258236
101338,131.0,17.0,173.0,-0.204759220501383
52362,1919.0,18.0,7.0,3.6439403349804
319171,3.0,1905.0,99.0,5.26926977971807
397685,1671.0,1911.0,112.0,2.25428591060893
245094,1430.0,1927.0,69.0,4.54604013412616
326864,1903.0,1901.0,101.0,-0.500231404450089
162436,748.0,164.0,168.0,-2.87960887496541
163580,1885.0,131.0,168.0,1.66244402881574
236079,101.0,1890.0,60.0,-4.64949985916382
373467,150.0,17.0,109.0,4.40371945976303
73358,48.0,1899.0,13.0,-2.89658600927091
237305,1877.0,1914.0,60.0,-0.291076590378751
164652,1877.0,20.0,168.0,-3.38209576549838
15587,1897.0,17.0,3.0,-11.3545213419869
66213,147.0,1896.0,12.0,-2.76761783456805
360106,1924.0,146.0,108.0,1.41825581682606
357062,1900.0,1895.0,108.0,-1.64636442909531
204018,1909.0,1347.0,177.0,1.13365151639644
229781,1900.0,1882.0,58.0,-1.17744752939171
202177,1910.0,1928.0,54.0,3.96204056618984
220549,85.0,11.0,56.0,2.77270011504919
201374,1915.0,13.0,54.0,2.02909322534952
280908,604.0,1348.0,75.0,-6.17281163540415
221374,655.0,1916.0,56.0,6.19953135725581
340117,83.0,5.0,103.0,1.8231980588293
373707,1899.0,1881.0,109.0,-1.65290650011676
75142,544.0,1332.0,13.0,1.48865559493969
225400,948.0,1918.0,57.0,1.9100060116589
286297,160.0,1559.0,77.0,5.21162814783714
226937,1926.0,655.0,57.0,4.29797562320046
275041,604.0,1331.0,179.0,-23.5184072629865
376683,83.0,1559.0,109.0,-3.97559723265144
413607,1889.0,1904.0,114.0,-2.06691234178405
338366,1897.0,1332.0,103.0,-4.14961332867747
191910,147.0,1928.0,175.0,2.40451812705005
300259,1895.0,17.0,98.0,2.60325873397639
263063,1560.0,1895.0,73.0,-2.05356687837445
178419,1347.0,136.0,53.0,0.421769636882044
34154,1920.0,1902.0,166.0,-0.432897399601011
327969,3.0,1887.0,101.0,-0.0603498486085558
316277,164.0,1882.0,99.0,3.6277773151527
301780,1885.0,13.0,98.0,1.78259455541322
332343,120.0,1887.0,102.0,2.26771828178909
178073,1559.0,47.0,53.0,-4.36440709155716
211336,229.0,11.0,178.0,-9.26889950209348
28468,48.0,1342.0,4.0,-4.20657965762556
343686,195.0,1347.0,104.0,0.149488448937256
59109,604.0,3.0,9.0,2.17421733374973
304119,82.0,1671.0,98.0,-25.5386107405268
74249,1925.0,1892.0,13.0,6.06205093294621
175931,1905.0,1878.0,52.0,-7.0532898423942
254235,1430.0,1880.0,71.0,-3.69874610356328
300690,1876.0,1899.0,98.0,1.77984389645001
332296,1337.0,1911.0,102.0,-1.49404523439826
233210,3.0,748.0,58.0,10.3711755811182
50989,948.0,1888.0,7.0,0.932497479756803
181734,1899.0,1882.0,174.0,-1.06478666708087
184703,604.0,788.0,174.0,-1.14496636149915
72477,150.0,1898.0,13.0,1.25306963311555
72180,120.0,1431.0,13.0,5.05168104013614
33644,163.0,1886.0,166.0,0.350307813066606
4417,1902.0,1898.0,1.0,-0.0076736829166288
57230,3.0,1919.0,9.0,0.50981495327463
339370,160.0,1909.0,103.0,8.76753305765436
416652,163.0,1879.0,114.0,-1.6398167954151
186662,1896.0,1902.0,174.0,-8.1635391343371
322138,1560.0,1224.0,100.0,0.7998625008995
202024,229.0,1906.0,54.0,1.47439626274177
337039,1909.0,1911.0,103.0,-3.60090017209804
215319,72.0,1922.0,55.0,0.755184959864656
198857,1878.0,1916.0,54.0,-0.651694450199194
50818,1894.0,1909.0,7.0,-2.4997706721598
258495,1559.0,164.0,72.0,-0.629034751009116
202154,14.0,47.0,54.0,-4.60187789533202
257270,164.0,120.0,72.0,1.30090521862349
162435,1897.0,1224.0,168.0,1.78799665819332
61663,1896.0,1348.0,10.0,-3.42385746536386
88991,1332.0,1431.0,172.0,2.13578339319157
327588,146.0,1900.0,101.0,-1.29068587107314
191366,1920.0,1342.0,175.0,-5.44527678241674
251044,1878.0,1348.0,71.0,-12.9430922175937
185982,1915.0,1917.0,174.0,-1.564771187702
166652,1884.0,146.0,51.0,-2.48406706880634
164622,48.0,1892.0,168.0,7.74812761942296
314729,1924.0,1560.0,186.0,3.10047667470313
320564,1903.0,15.0,100.0,6.13284647585973
630148,1183.0,1902.0,72.0,0.4348896865970202
56529,14.0,1910.0,9.0,9.53972597892882
165792,1342.0,1903.0,168.0,-5.02147740310249
215084,1348.0,1917.0,55.0,-1.11669819634046
417575,1905.0,47.0,114.0,-4.15888540735231
228132,1877.0,15.0,57.0,-0.651281599814507
304724,604.0,1910.0,98.0,-1.03334995214859
66747,147.0,1671.0,12.0,1.88548417185641
359290,195.0,1560.0,108.0,6.49219800702548
26377,1347.0,11.0,4.0,-0.483896004099815
340845,20.0,85.0,103.0,0.199114482736517
166179,748.0,1910.0,51.0,-2.6701330673777
27367,1337.0,1909.0,4.0,-2.15566365871712
433560,1911.0,1892.0,116.0,-3.51575116479464
318076,655.0,1908.0,99.0,-2.78228871998799
388019,1917.0,677.0,111.0,-8.77323421474085
73903,1920.0,1909.0,13.0,-5.06080031287237
303784,229.0,1877.0,98.0,6.86648593648397
204371,1916.0,1910.0,177.0,5.55563454176076
108574,3.0,18.0,45.0,-2.76857838449076
169178,604.0,788.0,51.0,8.9528630531978
31276,1906.0,1347.0,166.0,-3.02928393243461
269249,1913.0,1894.0,74.0,-3.45707471662594
228651,147.0,677.0,58.0,0.818179102019051
225356,5.0,1922.0,57.0,0.826093186206005
28431,1926.0,83.0,4.0,0.15861652272993
97015,72.0,1901.0,44.0,2.01974583657084
235362,1911.0,1892.0,60.0,-4.19439754829453
416708,1342.0,1348.0,114.0,-7.18009272216816
230354,136.0,150.0,58.0,1.17878173179967
171055,655.0,14.0,51.0,-0.35700114785805
108672,229.0,164.0,45.0,8.1856991435509
218447,1912.0,677.0,56.0,6.03991249471849
221850,1332.0,1893.0,56.0,-1.23724823777545
367883,748.0,1927.0,180.0,-2.23956542603494
217144,1915.0,1671.0,55.0,-25.5009101909867
285042,82.0,164.0,77.0,3.29647486838453
86630,1918.0,1927.0,172.0,0.398679255503854
236130,1885.0,1884.0,60.0,0.201576698288348
229312,748.0,1431.0,58.0,4.38459655720666
337427,136.0,1900.0,103.0,0.267197083606656
179870,1925.0,1914.0,53.0,-2.52053400070915
264645,1906.0,17.0,73.0,2.7062887250975
425077,1912.0,748.0,115.0,1.53834388200562
16704,1920.0,1923.0,3.0,-1.19270368009773
310989,1879.0,1902.0,186.0,-2.07112897407653
180249,163.0,1892.0,53.0,-6.19633035675873
435838,13.0,1921.0,116.0,0.238030119016613
254319,1906.0,1892.0,71.0,-5.8403898940557
48773,1898.0,1560.0,7.0,-5.94745570329728
88503,655.0,72.0,172.0,3.40786009818364
343294,1895.0,1883.0,104.0,2.43140579438938
277127,1892.0,1921.0,75.0,-1.8938530146419
196467,655.0,1888.0,176.0,1.42707066934014
426772,163.0,20.0,115.0,8.43220579807118
320001,82.0,1890.0,99.0,-4.91364946015423
249361,1913.0,1916.0,70.0,-4.48359407201777
28551,1877.0,1671.0,4.0,-14.2111155866704
371311,1876.0,136.0,180.0,-9.44049764703249
50459,11.0,1892.0,7.0,-4.88946187371137
316883,948.0,1224.0,99.0,2.20710562786485
187138,748.0,131.0,175.0,-0.22988693564832
276827,1911.0,1892.0,75.0,-0.986692895351835
18501,82.0,1908.0,3.0,5.51763120932222
400468,655.0,1891.0,112.0,7.03048396476996
425907,1342.0,788.0,115.0,-1.76128308460284
