,drug_row,drug_col,cell_line_name,synergy_zip
288214,3325.0,4091.0,87.0,2.29837953586038
77507,2048.0,2045.0,18.0,-5.42069956353571
239765,4081.0,157.0,63.0,2.83903451204584
239773,4082.0,3938.0,63.0,-5.91174539243467
81343,467.0,3336.0,36.0,0.83190716441016
288601,3944.0,3078.0,92.0,5.72658717075451
619559,3325.0,748.0,137.0,0.00715138181547
65047,331.0,300.0,11.0,-4.00212170653571
287269,4087.0,3078.0,78.0,4.40138156940503
618735,2045.0,282.0,133.0,7.18916086630996
619759,282.0,737.0,139.0,14.0230413270812
619840,1923.0,330.0,140.0,2.9503453567803
287241,779.0,3945.0,77.0,5.37763132683697
76716,3078.0,3940.0,15.0,-7.04738183235145
78655,3940.0,331.0,23.0,6.27775868540706
78662,3940.0,3311.0,23.0,1.70826662884137
76414,602.0,546.0,14.0,-5.67848026430956
217987,2050.0,3945.0,55.0,5.51865040450013
620973,2045.0,282.0,146.0,7.09126146319093
75854,163.0,301.0,13.0,0.555911798551837
78756,3325.0,3940.0,23.0,-2.05311624710192
59699,2045.0,453.0,9.0,4.63355971798133
79636,187.0,281.0,27.0,-3.04949978821194
239741,467.0,4082.0,63.0,-7.95056492471507
228537,554.0,157.0,57.0,15.600430868754
76919,467.0,3010.0,16.0,0.248871014058071
79792,2045.0,1867.0,27.0,1.79486094130366
81113,554.0,2890.0,35.0,38.4799920874631
78986,330.0,663.0,25.0,13.5547134804074
77056,219.0,1867.0,16.0,-2.02500953377955
287855,467.0,3945.0,84.0,0.093923188533432
239591,330.0,3942.0,62.0,-3.39720314537625
620775,2045.0,554.0,145.0,-1.45035332246852
77412,219.0,232.0,17.0,-2.35399667093808
79013,3941.0,330.0,25.0,8.82126518977601
59528,187.0,1867.0,9.0,-4.05174449458441
80387,1231.0,2045.0,32.0,-2.30364177040676
289034,277.0,3078.0,96.0,10.9046548837029
48415,3325.0,3940.0,6.0,-2.04523812968194
59710,2045.0,663.0,9.0,71.681193837902
620365,3938.0,3325.0,143.0,2.92114980396357
81553,554.0,232.0,36.0,2.35707230278598
76747,3945.0,330.0,15.0,2.16409056288273
81790,3939.0,331.0,38.0,0.378450296329754
82591,163.0,540.0,43.0,3.06276231679254
228535,554.0,4085.0,57.0,6.7485547131049
287569,453.0,4091.0,81.0,6.50978644953126
75999,554.0,1867.0,13.0,3.09806863720179
82331,219.0,3940.0,42.0,3.49272346058563
620608,3311.0,187.0,144.0,-7.15079583613771
239201,2045.0,4088.0,60.0,15.2331839864945
288633,3938.0,3943.0,92.0,-1.06697519672427
620600,282.0,3325.0,144.0,4.5325936969628
79240,554.0,1867.0,25.0,18.0963882885672
48356,1971.0,330.0,6.0,-4.34171638658848
619290,748.0,437.0,136.0,-1.80803271075608
76034,2045.0,540.0,13.0,-1.28254758134777
240165,3938.0,779.0,66.0,-3.13529341780682
81092,554.0,2622.0,35.0,9.40698222658111
81821,3940.0,331.0,38.0,3.012015586499
53928,219.0,1867.0,8.0,-2.47292009085474
77811,330.0,3311.0,20.0,-1.20719991521351
53844,163.0,837.0,8.0,-4.951049186706
620409,3311.0,3940.0,143.0,-0.219528970013735
75782,467.0,2039.0,13.0,7.92551296303921
228448,453.0,4089.0,57.0,4.92565967628116
245782,3938.0,3520.0,69.0,3.05702891307489
80505,3942.0,554.0,33.0,8.29007846427907
287535,2045.0,331.0,80.0,5.66983655460942
287421,2045.0,4087.0,79.0,41.8564090141128
53630,3078.0,330.0,7.0,23.1719867051754
81435,187.0,2764.0,36.0,-0.262967908050024
76022,554.0,788.0,13.0,-2.5115130041998
620284,1923.0,437.0,143.0,15.5684101104959
80503,3941.0,2045.0,33.0,-15.424581587231
79997,3939.0,3311.0,29.0,6.3203047006827
81912,779.0,282.0,38.0,-1.2670696346159
76010,554.0,2045.0,13.0,2.59116802151381
76730,3940.0,300.0,15.0,-3.0570911230463
618671,219.0,437.0,133.0,2.84055234513399
288144,3942.0,556.0,87.0,0.256015891828701
619556,3325.0,437.0,137.0,-6.66173773056853
54046,2045.0,1867.0,8.0,306.018044191854
228454,453.0,4213.0,57.0,10.0032711031907
618602,330.0,157.0,133.0,3.15558240565745
80953,163.0,1896.0,35.0,-3.09023905498157
619111,554.0,3078.0,135.0,-3.69626365909742
79065,163.0,281.0,25.0,1.77677912304659
53853,163.0,232.0,8.0,-4.28930739781119
81629,779.0,737.0,36.0,3.34840973530283
619116,554.0,3325.0,135.0,-7.41622328776312
48360,1971.0,2045.0,6.0,-1.94202466871393
78714,1231.0,282.0,23.0,-3.54254983015378
59651,602.0,787.0,9.0,0.273072954842918
76478,554.0,787.0,14.0,4.70491919740638
240344,3938.0,72.0,67.0,8.70845842204367
81624,779.0,1867.0,36.0,-6.84877296008843
620283,1923.0,330.0,143.0,1.96037427637531
82645,187.0,3928.0,43.0,12.8245249918724
240193,2045.0,4088.0,66.0,20.6134581286084
79194,602.0,2622.0,25.0,2.79883141774278
80145,2048.0,219.0,30.0,-4.65800122520015
620486,1923.0,187.0,144.0,0.224440418177252
240007,4081.0,779.0,65.0,3.50409211247457
287449,3520.0,3941.0,79.0,-0.0988285569626831
80229,3325.0,282.0,30.0,-5.77815714751932
618594,330.0,748.0,133.0,4.27861212729433
239708,160.0,4213.0,62.0,3.80524723602742
455020,282.0,3945.0,118.0,6.78720655805335
76215,3078.0,554.0,14.0,-2.31191451789407
619124,2045.0,737.0,135.0,-7.20410593630384
82565,467.0,737.0,43.0,2.78002379682568
54008,554.0,748.0,8.0,-5.07353420813808
239589,331.0,3942.0,62.0,3.34108394350471
619908,3946.0,4166.0,140.0,0.085987332397561
288925,2045.0,331.0,95.0,7.9524753321524
80271,1321.0,2045.0,31.0,6.18740177007935
78515,3940.0,300.0,22.0,-2.53013897293977
77824,3078.0,331.0,20.0,3.75820935373128
217974,554.0,2046.0,55.0,9.40482714121492
239333,160.0,4213.0,61.0,7.06893790341135
281968,453.0,3944.0,76.0,0.095061227148539
79339,779.0,295.0,25.0,9.72309915212189
80905,467.0,331.0,35.0,17.6058979813622
618972,157.0,3078.0,134.0,1.00095939164578
79043,467.0,229.0,25.0,16.6441801536107
81642,779.0,295.0,36.0,1.17085274536852
77219,779.0,737.0,16.0,1.37140648887952
81743,3945.0,282.0,37.0,3.73089906500806
160913,219.0,602.0,50.0,11.8153758998333
77651,3078.0,554.0,19.0,-0.889739329243462
53907,187.0,466.0,8.0,-12.1541804559409
80699,3939.0,330.0,34.0,0.384168704981124
287844,453.0,3520.0,84.0,-2.31060808061441
620399,282.0,737.0,143.0,2.48353946997526
79109,187.0,3010.0,25.0,4.85298772511388
82573,467.0,359.0,43.0,-2.70510410702347
81463,219.0,1321.0,36.0,-2.26927350441429
77786,330.0,1321.0,20.0,13.9134238992673
78403,3325.0,3940.0,21.0,5.07658006699276
619175,157.0,3938.0,135.0,-18.261474824502
82548,467.0,281.0,43.0,-3.03417902306776
78868,187.0,3940.0,24.0,-8.86082317091519
77989,1867.0,282.0,20.0,-9.38561867624325
78456,1896.0,282.0,171.0,-6.23681818244141
618763,3311.0,3938.0,133.0,0.389979277637496
618919,554.0,779.0,134.0,0.784107398334574
287236,554.0,3942.0,77.0,9.70344921688398
79833,779.0,737.0,27.0,2.76463155565296
77587,3325.0,282.0,18.0,-3.66108704180253
620875,1923.0,467.0,146.0,5.25456423333962
287335,282.0,4087.0,78.0,21.2392834817329
76821,282.0,330.0,15.0,3.55228399525312
455019,282.0,4087.0,118.0,-4.00572738559504
619826,467.0,3940.0,140.0,-1.57015631132897
75931,219.0,229.0,13.0,-10.7105500904062
79469,219.0,282.0,26.0,-7.2823286957787
78684,1971.0,282.0,23.0,4.56931748123008
79081,163.0,748.0,25.0,4.16512219789278
618835,1923.0,187.0,134.0,0.43486274794803
266313,779.0,3945.0,73.0,2.21889786464519
619436,1923.0,157.0,137.0,-0.712136381620136
81445,187.0,466.0,36.0,-1.41430227452462
618700,748.0,437.0,133.0,-2.62976046191148
288343,3945.0,3942.0,89.0,23.0437027991393
620761,554.0,3940.0,145.0,-9.55739624252392
81559,554.0,3543.0,36.0,-2.24965152786802
70513,2045.0,330.0,12.0,16.7635654645054
78171,779.0,2622.0,20.0,3.17223309238375
80401,779.0,2045.0,32.0,-9.07785113349063
619594,219.0,3325.0,138.0,2.21223003779509
75858,163.0,562.0,13.0,0.780605180487872
81823,3940.0,554.0,38.0,2.26022073815391
54091,779.0,737.0,8.0,-1.13434601996589
53916,219.0,281.0,8.0,-1.19805749509967
80818,779.0,554.0,34.0,-1.27307630005047
618660,187.0,4166.0,133.0,-2.65035291644219
80736,3940.0,3311.0,34.0,6.95546512084412
53618,330.0,300.0,7.0,3.94982477424207
78874,1896.0,331.0,24.0,-20.2287924741046
620846,3078.0,779.0,146.0,2.16150651262732
65052,3939.0,330.0,11.0,-5.49893357021747
53643,3940.0,2128.0,7.0,-2.31342585812469
59440,467.0,4209.0,9.0,0.745057125186369
620882,1923.0,554.0,146.0,-2.97594608814185
77105,602.0,3195.0,16.0,0.884661316175872
48353,3940.0,2128.0,6.0,0.965318743919036
455068,4081.0,602.0,119.0,-2.67594218957218
618696,3946.0,282.0,133.0,-0.0903873667605394
80128,331.0,2128.0,30.0,-4.92243150240342
288075,3945.0,277.0,86.0,3.50564625060393
287665,3943.0,3078.0,82.0,6.99763134367661
620507,187.0,3940.0,144.0,-4.1205923750242
233770,4081.0,3938.0,59.0,15.3800382899616
620090,1923.0,3311.0,142.0,0.941186173401864
281987,3945.0,453.0,76.0,9.97728232735259
70522,779.0,554.0,12.0,-0.518716560624262
621365,2049.0,911.0,147.0,2.98168827146562
77375,187.0,554.0,17.0,7.24239415636924
78718,219.0,2045.0,23.0,3.30764170721565
76471,554.0,359.0,14.0,-7.67176069318077
76638,160.0,453.0,14.0,2.86362545650036
48351,3940.0,300.0,6.0,2.05009178872271
228474,4081.0,4212.0,57.0,1.19881165369999
76649,160.0,663.0,14.0,9.78697252961897
48349,3940.0,554.0,6.0,-1.49346483088938
619282,3946.0,3938.0,136.0,-1.32315006636009
620556,3938.0,3078.0,144.0,-0.160743240338414
287275,3942.0,556.0,78.0,18.8674754728828
619522,2045.0,282.0,137.0,6.68837490974355
287590,3945.0,3942.0,81.0,4.04852472536107
53628,2048.0,3311.0,7.0,18.4361936223968
76282,163.0,3195.0,14.0,4.97974438253734
619286,3946.0,282.0,136.0,-0.593412019384806
79594,467.0,787.0,27.0,-1.0857465621154
81892,3938.0,330.0,38.0,-16.0031677352733
239114,453.0,4213.0,60.0,-3.84660329341612
282062,4090.0,3945.0,76.0,3.8917442618854
59583,219.0,748.0,9.0,-3.77975629411944
233784,4081.0,4215.0,59.0,3.86882796762446
78115,554.0,3543.0,20.0,10.8269815473473
81588,2045.0,772.0,36.0,2.23849741928088
82746,554.0,772.0,43.0,4.9765871646789
287225,3938.0,282.0,77.0,-4.77865440376311
207574,602.0,2050.0,177.0,-3.25812165796508
76225,3940.0,2128.0,14.0,13.8956925284782
79718,602.0,1896.0,27.0,3.60734555989218
53896,187.0,359.0,8.0,-3.44872279640214
77765,331.0,282.0,20.0,15.6153951107064
620927,3946.0,187.0,146.0,0.272605806334569
288377,554.0,4088.0,89.0,-3.9155603808215
620492,1923.0,2045.0,144.0,4.52143154733127
287516,3938.0,3943.0,80.0,2.52366058036401
76474,554.0,301.0,14.0,2.00144049731803
53991,602.0,208.0,8.0,-8.5181550874107
81444,187.0,208.0,36.0,2.09087824277539
620937,3946.0,3325.0,146.0,1.10674019306158
76918,467.0,453.0,16.0,8.86948242192067
82064,3311.0,2045.0,39.0,0.506310690340662
76078,779.0,1867.0,13.0,-1.70778995398573
78571,2128.0,2045.0,22.0,-2.31205975466484
239324,282.0,1337.0,61.0,22.899184331665
79408,330.0,2128.0,26.0,2.40239775367454
218003,714.0,3945.0,55.0,0.097392180512717
77702,779.0,331.0,19.0,-5.68826763636855
80483,3078.0,3940.0,33.0,3.40370939314596
81349,467.0,3928.0,36.0,-3.81987279577762
619247,187.0,437.0,136.0,-7.38466137331468
79637,187.0,2039.0,27.0,-4.73228062328843
288980,3945.0,3942.0,96.0,-1.36726097944793
619017,467.0,3938.0,135.0,3.34764389076977
76659,160.0,3928.0,14.0,12.3262303770293
78935,3311.0,554.0,24.0,-1.92184480034472
77945,187.0,2039.0,20.0,-8.96787398294523
619857,1923.0,157.0,140.0,5.70577661939495
79050,467.0,301.0,25.0,-0.576855673237805
76428,602.0,556.0,14.0,-6.19169913283826
82204,1971.0,554.0,41.0,2.36503496207291
619540,282.0,157.0,137.0,0.502732659554235
619230,1923.0,748.0,136.0,-1.4044487835979
78199,779.0,2764.0,20.0,0.945377121187232
79634,163.0,466.0,27.0,-1.19500224666937
619162,3325.0,437.0,135.0,-1.55661721229431
70527,300.0,2045.0,12.0,-6.12743288099424
77280,160.0,2622.0,16.0,1.88990912789952
619790,157.0,219.0,139.0,9.95258742350622
65090,3941.0,331.0,11.0,-7.8110784918638
76755,1971.0,330.0,15.0,2.81973066562821
76237,467.0,1896.0,14.0,7.07623053007365
76381,219.0,837.0,14.0,26.9117865120469
78899,219.0,2045.0,24.0,4.59533239076966
79789,2045.0,1321.0,27.0,-6.36890524341389
240316,4081.0,4084.0,67.0,5.88639366549835
59429,3943.0,3078.0,9.0,1.33502407073649
82174,330.0,282.0,41.0,-1.71363589390747
80221,3311.0,2045.0,30.0,-9.2540296129979
240201,157.0,4082.0,66.0,1.79784014363322
288795,3945.0,453.0,94.0,3.81655275553857
80321,331.0,3311.0,32.0,-5.58785677122522
289152,467.0,453.0,97.0,-0.151442068732442
79964,554.0,331.0,28.0,-3.4796830467671
78822,3078.0,3940.0,24.0,-2.71352016801055
620548,748.0,437.0,144.0,-1.62296218619373
53908,1896.0,331.0,8.0,5.74541835217542
288193,4089.0,554.0,87.0,-1.68635867345584
78811,330.0,2128.0,24.0,-3.77515620786063
240012,4081.0,4085.0,65.0,-2.47016023201457
76706,330.0,3311.0,15.0,-6.17275216887858
81042,219.0,2764.0,35.0,-4.61534144835156
287277,3944.0,3078.0,78.0,2.56144654716303
59658,554.0,453.0,9.0,-2.4158468666223
53614,3939.0,554.0,7.0,-2.31107434784907
287496,219.0,748.0,80.0,-6.28437293403422
619716,737.0,748.0,139.0,3.67016714899331
76635,160.0,281.0,14.0,0.575121933594837
287656,3520.0,3941.0,81.0,9.60478763336392
288738,3938.0,3520.0,93.0,1.56813487196037
81582,2045.0,1896.0,36.0,-1.87384385338298
239737,467.0,4214.0,63.0,25.7116880071824
80021,3940.0,300.0,29.0,2.5711179468075
288506,453.0,3520.0,91.0,9.70894804344597
75977,602.0,2764.0,13.0,12.9011942751691
620910,219.0,437.0,146.0,-9.96676092132384
81065,602.0,1867.0,35.0,2.1354662705334
53955,3938.0,3941.0,8.0,-8.62932083608531
79892,160.0,3010.0,27.0,0.630242955034216
78324,2048.0,2045.0,21.0,12.9874329905692
82909,160.0,208.0,43.0,0.870258020823504
59637,602.0,3336.0,9.0,-1.63769332835463
288933,282.0,3945.0,95.0,1.87913407229861
78332,3078.0,2045.0,21.0,2.13444910048009
76541,779.0,554.0,14.0,-7.71756899362075
79692,219.0,3195.0,27.0,1.93184932350736
81302,330.0,3543.0,36.0,-13.4836737680335
79144,1896.0,330.0,25.0,-15.7313260998434
239832,160.0,4212.0,63.0,5.98779192713859
59518,187.0,2622.0,9.0,12.8032393126441
618921,2045.0,437.0,134.0,1.41371157079579
79653,187.0,737.0,27.0,-1.12907339736121
76266,163.0,3010.0,14.0,0.985376840222516
207526,4081.0,3938.0,177.0,8.12041053705194
217917,4081.0,4211.0,55.0,19.4792156605341
53609,331.0,3311.0,7.0,12.5273938924
619304,3938.0,3325.0,136.0,-0.920669698411987
77139,554.0,3336.0,16.0,-6.83015424709962
80087,3325.0,554.0,29.0,5.84828758487802
288176,3938.0,453.0,87.0,-1.25854257033997
78159,2045.0,295.0,20.0,9.06574696975981
77631,3939.0,219.0,19.0,-2.55588123693072
288291,2046.0,3945.0,88.0,-16.2058017757331
619403,467.0,437.0,137.0,5.53610387695265
288529,3945.0,229.0,91.0,-0.448132985994186
620052,3940.0,3078.0,142.0,4.11199537892445
80351,3940.0,554.0,32.0,-0.744292531341268
619643,1923.0,330.0,139.0,15.1135305473278
76250,467.0,3928.0,14.0,-1.43614025921703
619842,1923.0,3078.0,140.0,9.96561134661764
240291,453.0,4211.0,67.0,0.0375564704065624
76766,187.0,2128.0,15.0,-1.66150651215004
239903,4083.0,282.0,64.0,6.57496239716535
240042,3938.0,4213.0,65.0,-7.01398187746134
239932,554.0,4212.0,64.0,-1.27877967314891
619296,737.0,779.0,136.0,-1.61972575238216
79992,3939.0,3940.0,29.0,-0.778580731316366
619029,1923.0,467.0,135.0,-3.62037193675383
287748,330.0,3945.0,83.0,3.78730885057033
82703,602.0,1321.0,43.0,-3.20608519899234
53631,3078.0,3940.0,7.0,-8.39446801540291
65168,779.0,330.0,11.0,0.826782747312731
620193,2045.0,4208.0,142.0,11.0716260069934
618870,219.0,3940.0,134.0,1.24386191069194
77329,3939.0,330.0,17.0,11.6583254548075
77428,779.0,219.0,17.0,-14.6805361961342
239101,437.0,4082.0,60.0,4.4741921788339
618628,467.0,282.0,133.0,-1.61779361553023
81902,2045.0,554.0,38.0,0.858196474613534
81456,219.0,2622.0,36.0,1.77195601762075
80696,331.0,2128.0,34.0,-5.75506658647161
82833,779.0,562.0,43.0,-0.929558796908855
271577,467.0,3945.0,74.0,2.68883194071577
81358,467.0,788.0,36.0,-11.869545847327
59716,2045.0,3195.0,9.0,2.90102456275049
80591,282.0,2045.0,33.0,11.9436276651281
620622,3325.0,779.0,144.0,-4.73559469750846
81419,187.0,4210.0,36.0,-5.46347059817487
282061,282.0,68.0,76.0,-0.482538836858663
619480,3946.0,554.0,137.0,-1.63419807929863
79724,602.0,772.0,27.0,1.97366357128558
79599,163.0,281.0,27.0,-3.07777407284144
620131,219.0,3928.0,142.0,0.0715751649920589
288345,3945.0,3944.0,89.0,10.0069534491684
618993,330.0,3311.0,135.0,-9.39183032520016
618632,1923.0,330.0,133.0,1.51489275469857
619715,737.0,3078.0,139.0,5.75535761783892
82366,3928.0,330.0,42.0,-1.1473377864593
271564,453.0,4091.0,74.0,-1.14991523817211
619577,219.0,3940.0,138.0,8.23481774104087
620112,187.0,4208.0,142.0,10.005791134964
81834,3942.0,556.0,38.0,22.6116337258491
288409,3520.0,3941.0,89.0,2.49240069190703
82352,3946.0,3078.0,42.0,8.17269279685304
77933,163.0,788.0,20.0,0.0004169253353603
287724,282.0,4087.0,82.0,-7.29511849959601
76510,2045.0,2764.0,14.0,219.0437096948
81391,163.0,232.0,36.0,-7.69002400847409
78379,219.0,282.0,21.0,-2.67543925566429
81079,602.0,2764.0,35.0,-2.03623532512371
82314,163.0,282.0,42.0,2.05219004254892
80466,3939.0,554.0,33.0,2.01711564434458
287622,4089.0,554.0,81.0,-3.40309074495069
642165,219.0,748.0,140.0,-5.88748534181169
618894,3946.0,3311.0,134.0,3.9821227966338
76486,2045.0,453.0,14.0,-3.85731874921556
77709,779.0,3311.0,19.0,-1.04087664801442
53972,602.0,748.0,8.0,1.18317404322456
78148,2045.0,556.0,20.0,0.366881211406043
620583,2045.0,282.0,144.0,0.0780171140058627
77214,779.0,1867.0,16.0,0.72636373742259
289198,2045.0,331.0,97.0,30.0195452658762
53623,2048.0,330.0,7.0,18.0625451677002
239937,554.0,371.0,64.0,-0.828283319014995
81882,1231.0,554.0,38.0,13.9164113894949
75841,163.0,772.0,13.0,-3.17889044596058
78530,187.0,219.0,22.0,-1.94986518473615
618895,3946.0,3325.0,134.0,0.805343099785975
619449,187.0,748.0,137.0,-1.84707009035526
76425,602.0,772.0,14.0,1.9531597808524
78845,3942.0,556.0,24.0,5.02442483727392
80292,3946.0,3078.0,31.0,4.50239094829069
620164,3938.0,3078.0,142.0,11.6646353403172
59545,187.0,301.0,9.0,-2.12083735548292
288043,68.0,3941.0,85.0,1.15493805306181
78692,187.0,3311.0,23.0,0.367911390862938
288461,3938.0,277.0,90.0,14.8810327154711
81850,1971.0,330.0,38.0,-4.2162427182856
79315,779.0,540.0,25.0,9.38082260185169
239277,4082.0,3078.0,61.0,1.53216769187839
59453,467.0,3195.0,9.0,-1.92213691194607
54079,779.0,546.0,8.0,-8.80942266148153
618653,4166.0,737.0,133.0,-0.161236722491177
65051,3939.0,331.0,11.0,-4.91913163168694
59411,330.0,301.0,9.0,-3.00846328076706
239783,3938.0,467.0,63.0,-0.202923270515724
620323,219.0,3078.0,143.0,9.0030380684394
618978,157.0,3938.0,134.0,-3.99656571384255
642162,219.0,3938.0,140.0,-7.203742107077245
80025,1971.0,331.0,29.0,0.157119486683172
82642,187.0,229.0,43.0,-1.86238183223821
288094,3938.0,282.0,86.0,-2.00816440998364
619328,2045.0,157.0,136.0,-0.453007479122398
79424,3078.0,3311.0,26.0,-1.65816547939208
79257,554.0,301.0,25.0,-5.9686598039566
81151,2045.0,3928.0,35.0,13.5656282368654
76468,554.0,232.0,14.0,-8.35292703423512
240305,467.0,72.0,67.0,-2.46255693967845
619967,282.0,737.0,140.0,3.51125840865031
239981,453.0,282.0,65.0,1.16521715095676
78634,330.0,2128.0,23.0,-2.90811275666756
217951,3938.0,4211.0,55.0,17.0613121732245
619703,3946.0,3938.0,139.0,7.07979596548096
76665,160.0,295.0,14.0,4.26886715592415
82775,2045.0,1896.0,43.0,0.108657411425248
81855,1971.0,282.0,38.0,-3.76750773883846
79072,163.0,540.0,25.0,9.55225441285321
81475,219.0,229.0,36.0,-4.20626523574615
620819,157.0,3940.0,145.0,4.04680785423996
78760,3325.0,282.0,23.0,10.874531311772
619608,330.0,2045.0,139.0,34.274716859698
239617,467.0,779.0,62.0,-7.37030557449749
78638,2048.0,3940.0,23.0,-0.256049671174847
77311,160.0,788.0,16.0,1.50164762448969
76648,160.0,837.0,14.0,2.14885958537223
48332,2048.0,331.0,6.0,-4.60794923221773
288159,3945.0,3941.0,87.0,-3.69103628338334
75945,219.0,466.0,13.0,9.58356774302736
76068,779.0,2622.0,13.0,-0.0248798509916113
79221,602.0,356.0,25.0,2.98814369958067
77223,779.0,229.0,16.0,-4.6676312457432
77535,187.0,554.0,18.0,2.03419382243872
619710,3946.0,157.0,139.0,5.91101271304945
77395,1231.0,3311.0,17.0,9.51975228293613
76397,219.0,282.0,14.0,7.25373543867615
75836,163.0,4210.0,13.0,1.67419194312288
76552,779.0,3543.0,14.0,3.41880906194228
76788,1231.0,2045.0,15.0,0.701124461616994
53941,219.0,359.0,8.0,-3.41719003692122
75843,163.0,3336.0,13.0,0.128753328400019
287371,467.0,3078.0,79.0,14.2130701143552
70475,1896.0,331.0,12.0,8.69892714252344
82693,602.0,331.0,43.0,2.26756110811545
288079,163.0,4087.0,86.0,-0.956948937896078
619268,219.0,779.0,136.0,39.4660973022209
53857,163.0,359.0,8.0,4.04363612390634
77137,554.0,772.0,16.0,-0.821883582449003
619026,1923.0,437.0,135.0,11.3481894035477
233783,4081.0,4085.0,59.0,-1.21904357673819
620056,3940.0,4208.0,142.0,11.9786315426377
59536,187.0,3195.0,9.0,2.08486758617614
288277,3938.0,4090.0,88.0,-1.74920422126429
75899,187.0,788.0,13.0,0.519202916921791
287769,3945.0,453.0,83.0,3.05184837395469
59405,330.0,232.0,9.0,-3.99632406976719
76549,779.0,3928.0,14.0,9.94661870587005
78797,331.0,300.0,24.0,0.845431534274067
619379,330.0,187.0,137.0,-0.368983986610447
240082,160.0,4212.0,65.0,-3.00236196546599
82608,163.0,2890.0,43.0,5.15224496716963
240023,4082.0,3938.0,65.0,5.15603867661222
79838,779.0,3928.0,27.0,-1.04828610653468
620606,3311.0,3940.0,144.0,-3.75133459987212
287543,282.0,3945.0,80.0,5.64318941624279
53980,602.0,2890.0,8.0,7.37913949404641
59586,219.0,3938.0,9.0,-2.95592074565879
619080,3946.0,4166.0,135.0,-7.38650638569983
620058,467.0,330.0,142.0,-5.28484626218032
620317,187.0,779.0,143.0,-5.90870529214368
80411,2128.0,282.0,32.0,-4.60411591387565
59470,1321.0,330.0,9.0,10.0350825430434
82256,3311.0,2045.0,41.0,-1.69228752584974
79489,3311.0,2045.0,26.0,0.676421862917205
282000,163.0,3945.0,76.0,3.11641973283803
620926,3946.0,4166.0,146.0,3.58938409509735
81018,219.0,2622.0,35.0,16.0315531215936
288139,453.0,3944.0,87.0,11.9713471405637
619331,282.0,437.0,136.0,-4.62934091732798
619518,2045.0,737.0,137.0,0.277036832855612
455104,554.0,4211.0,119.0,1.13121854583019
620353,748.0,779.0,143.0,-2.10819637390127
287700,3938.0,3945.0,82.0,8.42510151237797
79040,467.0,3336.0,25.0,6.18226974078503
70516,3928.0,330.0,12.0,21.2261460365835
76191,330.0,3543.0,14.0,-5.05109513963868
455102,554.0,2038.0,119.0,-2.76204954824495
79320,779.0,4210.0,25.0,11.0904623324876
78932,2128.0,2045.0,24.0,-1.49810990112015
48411,3311.0,2045.0,6.0,-3.15450463376959
620379,2045.0,187.0,143.0,10.665624350821
82780,2045.0,748.0,43.0,5.98504920237442
228449,453.0,4211.0,57.0,0.194307741814226
240034,3938.0,4089.0,65.0,-1.60548786955241
233807,3938.0,4212.0,59.0,5.2832276067088
289150,467.0,3078.0,97.0,-0.257991959103246
620840,330.0,3325.0,146.0,-3.37026706248373
287382,3945.0,4088.0,79.0,-0.218695703519254
618861,187.0,3938.0,134.0,4.05506513218974
288437,3945.0,3946.0,90.0,3.83652680295504
48317,331.0,282.0,6.0,2.28807354053183
620789,282.0,748.0,145.0,1.59275656791559
77485,331.0,330.0,18.0,-1.97163892078461
53893,187.0,2045.0,8.0,2.66594081797985
620081,1923.0,187.0,142.0,16.928047091434
620183,2045.0,219.0,142.0,0.43173367116844
620683,1923.0,219.0,145.0,-3.95612765589451
75902,1896.0,331.0,13.0,-5.80289225853739
76151,331.0,300.0,14.0,-1.67231133180149
81368,163.0,281.0,36.0,-1.68223589446295
82188,3078.0,554.0,41.0,-1.86503207261616
239849,453.0,4083.0,64.0,-7.36291674374275
76077,779.0,4210.0,13.0,-1.6432753274387
53662,187.0,3311.0,7.0,-2.02927122855573
287494,219.0,187.0,80.0,2.34966232496787
239851,453.0,4089.0,64.0,1.52231144194123
79288,2045.0,556.0,25.0,4.01090984955354
619678,187.0,3325.0,139.0,21.5629665292779
78928,282.0,330.0,24.0,-12.8879741955933
79115,187.0,1896.0,25.0,5.97147666073669
239160,4083.0,282.0,60.0,1.82819197936076
81617,779.0,546.0,36.0,9.0653635742866
618741,282.0,437.0,133.0,0.0441475028694726
620381,2045.0,748.0,143.0,9.57850816768789
78724,3938.0,282.0,23.0,13.391171039045
77400,219.0,3940.0,17.0,-1.95595714210763
80975,163.0,787.0,35.0,2.04088132311627
82237,219.0,2128.0,41.0,-3.69250601497938
76437,602.0,301.0,14.0,-6.91167843755729
620123,219.0,4166.0,142.0,-1.83729211564865
217936,187.0,72.0,55.0,13.8627076184761
53937,219.0,229.0,8.0,-9.49891611583521
80881,330.0,1867.0,35.0,40.1268301257961
619000,3078.0,779.0,135.0,-17.1587932431411
76321,187.0,219.0,14.0,-0.0917563142031918
620989,282.0,779.0,146.0,-3.55996209207961
245741,467.0,453.0,69.0,3.63853228046897
76452,554.0,540.0,14.0,2.66752870299137
618752,282.0,3325.0,133.0,13.3687766438834
287964,3944.0,3078.0,85.0,-0.429335624946912
78151,2045.0,232.0,20.0,-8.23830442054665
239807,554.0,4212.0,63.0,-11.8507129311494
59585,219.0,737.0,9.0,2.03695904923928
240328,3938.0,4214.0,67.0,1.01338974822295
79291,2045.0,232.0,25.0,14.7680810852302
76609,3311.0,2045.0,14.0,-1.39391114747451
287834,370.0,4091.0,83.0,1.49620644106605
75997,554.0,1896.0,13.0,-0.694525254765454
266268,3945.0,4087.0,73.0,2.75006079539315
80178,187.0,2045.0,30.0,-10.2287840887743
287981,3945.0,3944.0,85.0,7.15050365055739
77776,330.0,331.0,20.0,0.922174107645982
619629,467.0,3940.0,139.0,0.267358668970752
79846,779.0,787.0,27.0,-0.498262444978935
76296,163.0,208.0,14.0,3.10833695373178
287199,3945.0,3941.0,77.0,1.59209474316794
79179,219.0,301.0,25.0,12.0292417929754
81381,163.0,1867.0,36.0,4.00430433708418
80732,3940.0,2045.0,34.0,2.89703540854544
77870,467.0,772.0,20.0,-3.1303825775977
81285,330.0,1896.0,36.0,10.4546358357816
618458,219.0,453.0,132.0,-0.76568935018789
80828,2128.0,554.0,34.0,-0.407658807002743
79245,554.0,737.0,25.0,-2.14460364619673
81583,2045.0,4210.0,36.0,-4.58787651844621
288510,3944.0,3078.0,91.0,3.85154443171153
239683,554.0,779.0,62.0,2.95950611224822
81571,2045.0,281.0,36.0,1.54332992753013
78934,2128.0,282.0,24.0,-1.17722286692381
228462,467.0,467.0,57.0,6.49348018958441
288347,3945.0,229.0,89.0,5.4715447047355
287248,4090.0,3945.0,77.0,-0.718810289327682
79576,467.0,663.0,27.0,-4.74259018623779
80024,3940.0,3311.0,29.0,8.13268638083783
82763,554.0,466.0,43.0,6.32045840909418
53683,2045.0,554.0,7.0,-5.16064431524549
620555,3938.0,437.0,144.0,-0.820057371368983
77515,3078.0,2045.0,18.0,-1.44217100044901
75832,163.0,4209.0,13.0,-0.770471683883894
620756,3938.0,554.0,145.0,-0.988609934668209
79582,467.0,3195.0,27.0,7.59810412659163
78101,554.0,663.0,20.0,3.55880382137676
77806,330.0,300.0,20.0,1.87432997414391
619853,1923.0,779.0,140.0,-1.79018947046359
77131,554.0,1896.0,16.0,0.06463387696092
287840,4087.0,3078.0,84.0,-0.823078644252108
78315,3939.0,3311.0,21.0,4.13689656021619
78087,554.0,281.0,20.0,-3.60308675589109
81755,1896.0,282.0,37.0,-8.12785675182682
160903,219.0,3940.0,50.0,5.6116377123229
75820,1321.0,282.0,13.0,-4.50514657178172
620053,3940.0,748.0,142.0,3.4443700357413
620975,2045.0,3325.0,146.0,1.91219697411796
288090,3938.0,3950.0,86.0,5.56393272085464
288247,3945.0,4087.0,88.0,0.475985477624648
81568,554.0,466.0,36.0,3.25324591927775
240097,437.0,1337.0,66.0,-9.44000423838795
217941,4083.0,3078.0,55.0,1.95652118221431
79580,467.0,3336.0,27.0,0.955701349436988
76815,779.0,554.0,15.0,-4.92128941504158
75849,163.0,2890.0,13.0,-1.38251568922638
620199,282.0,187.0,142.0,35.8047531757242
455108,554.0,371.0,119.0,-1.13467965582898
618757,3311.0,3078.0,133.0,6.56747764023564
48314,331.0,330.0,6.0,-5.27613630535221
288457,3938.0,2046.0,90.0,12.1966087039179
59483,163.0,540.0,9.0,5.05040687460065
53958,602.0,2039.0,8.0,-3.58274473980286
59629,602.0,1896.0,9.0,0.286296128204417
77323,331.0,2045.0,17.0,13.3661062628128
217938,4082.0,3945.0,55.0,1.44865427125475
79266,556.0,2045.0,25.0,-5.87165384735485
54100,779.0,2764.0,8.0,-13.7250801029542
217918,4081.0,4212.0,55.0,27.4792690254125
619433,1923.0,282.0,137.0,-3.28832931776402
79750,554.0,4209.0,27.0,-0.91637708110949
75936,219.0,2764.0,13.0,3.69952192744452
287883,219.0,187.0,84.0,8.89597193776573
65089,3940.0,3311.0,11.0,0.743702799108098
53656,187.0,219.0,7.0,-3.16590758529073
75877,187.0,837.0,13.0,-5.84762347468067
624742,187.0,2045.0,20.0,1.9014718290060348
81047,219.0,562.0,35.0,7.28598407862149
207560,3938.0,4212.0,177.0,-0.444011427016317
82767,2045.0,2622.0,43.0,0.431349135446409
77309,160.0,562.0,16.0,0.412155884645071
80213,300.0,2045.0,30.0,-8.17710223889639
618829,1923.0,330.0,134.0,-0.571116829393742
233798,4083.0,3938.0,59.0,44.6207935100414
633836,187.0,330.0,12.0,24.22267846424345
288045,3520.0,3941.0,85.0,6.80551136822718
59547,187.0,295.0,9.0,0.768550881914334
79230,554.0,2622.0,25.0,3.32446452516881
288191,3938.0,68.0,87.0,-1.60180589171532
620830,330.0,4166.0,146.0,39.6025220450632
228465,467.0,779.0,57.0,2.7171578076031
239596,437.0,1337.0,62.0,-1.28118429064638
455061,4081.0,4214.0,119.0,4.8192703013712
78900,219.0,282.0,24.0,12.9644886331298
79444,187.0,219.0,26.0,1.86002614161532
288844,282.0,68.0,94.0,-7.51036179517493
76656,160.0,229.0,14.0,0.649147531199259
620089,1923.0,282.0,142.0,2.36661154953386
620747,737.0,437.0,145.0,1.2034753062789
76733,3940.0,3311.0,15.0,-5.02127189306584
75885,187.0,229.0,13.0,-1.57901515228371
618701,748.0,3078.0,133.0,-1.2054156281897
79045,467.0,2890.0,25.0,2.24131698566863
620999,3311.0,737.0,146.0,-4.21803448873521
53859,163.0,3543.0,8.0,5.62367212624616
631711,187.0,331.0,8.0,-7.629696631611755
619351,3311.0,748.0,136.0,-7.81923154383141
288513,467.0,3078.0,91.0,12.4194863840084
620653,3940.0,3078.0,145.0,7.71188864150412
76347,187.0,787.0,14.0,-1.30503555085377
650571,219.0,2039.0,14.0,4.84360206523299
240116,467.0,4082.0,66.0,6.0668396233621
455011,554.0,3942.0,118.0,-2.12956470176788
240057,554.0,4212.0,65.0,-0.23474930809303
53921,219.0,546.0,8.0,-4.02411770700695
288746,2046.0,3945.0,93.0,-1.28836044177785
75938,219.0,301.0,13.0,1.89370085789692
288830,4089.0,554.0,94.0,0.784138811057951
239796,3938.0,4215.0,63.0,3.61245774751723
288221,370.0,4087.0,87.0,4.82292518391457
619731,554.0,748.0,139.0,15.9089998714644
76456,554.0,1896.0,14.0,5.00912257030252
77850,3943.0,3078.0,20.0,-3.96138357362156
81459,219.0,546.0,36.0,1.98096321234962
76917,467.0,2622.0,16.0,-3.52889313993859
53625,2048.0,219.0,7.0,-8.43537004958717
619725,3938.0,3325.0,139.0,18.3267912846778
619871,187.0,737.0,140.0,4.31211408487562
81542,554.0,4210.0,36.0,-0.293777148265817
266265,467.0,3945.0,73.0,3.26182124957968
59739,779.0,453.0,9.0,-1.92707807332104
75740,330.0,1321.0,13.0,-1.12965267234115
619459,219.0,3078.0,137.0,-0.668113183454295
78843,3941.0,282.0,24.0,-11.8028980450815
618787,330.0,3078.0,134.0,-2.1024793465667
81357,467.0,787.0,36.0,-7.34931735395537
240017,187.0,4082.0,65.0,0.526884943817129
240090,331.0,3942.0,66.0,14.5273629548828
77975,187.0,2128.0,20.0,13.4468217052309
620638,330.0,748.0,145.0,1.6014570251275
77380,187.0,3311.0,17.0,-3.62174585588554
620872,1923.0,437.0,146.0,-5.77438890655368
82339,219.0,3938.0,42.0,1.13154620909528
618775,157.0,437.0,133.0,-1.91382007637405
59735,779.0,331.0,9.0,-1.13421104436584
287668,3944.0,3941.0,82.0,-4.90930069371179
80837,3325.0,3940.0,34.0,5.97088914886893
48324,3939.0,554.0,6.0,1.88566063043646
79986,331.0,300.0,29.0,12.1206261836344
76835,3325.0,554.0,15.0,0.35868126608736
81903,2045.0,282.0,38.0,-3.98762648238443
80504,3941.0,282.0,33.0,-19.6361279011178
77540,187.0,3311.0,18.0,-0.352919925940986
59517,187.0,2039.0,9.0,-2.38006597930233
619746,2045.0,282.0,139.0,26.6658823808972
282027,3946.0,3078.0,76.0,19.9816884533113
619202,3940.0,779.0,136.0,-3.11125871934522
620563,3938.0,4208.0,144.0,4.35117378062552
80745,467.0,3078.0,34.0,3.30818999730973
77790,330.0,837.0,20.0,10.2077575620207
619607,330.0,3938.0,139.0,20.1963815841116
288731,3938.0,282.0,93.0,5.82178563105056
618694,3946.0,2045.0,133.0,1.13529201670347
619548,3311.0,748.0,137.0,-5.31571365369651
81188,779.0,3928.0,35.0,9.24434768958756
288884,3945.0,4087.0,95.0,4.41423287783019
75991,554.0,3010.0,13.0,1.99618508047247
288808,163.0,3945.0,94.0,4.03609553001322
80060,219.0,2045.0,29.0,9.6682823973376
288596,453.0,68.0,92.0,1.01272561219868
266298,3938.0,4090.0,73.0,-3.00192634698541
620597,282.0,3938.0,144.0,-5.07441515923127
78630,3939.0,282.0,23.0,6.29726985998844
78625,3939.0,330.0,23.0,2.36367077061541
77500,330.0,282.0,18.0,2.49723247243595
287316,3938.0,282.0,78.0,10.4016020146078
207595,2050.0,3945.0,177.0,1.08462700992748
81572,2045.0,330.0,36.0,10.0051374593231
619887,219.0,1321.0,140.0,-0.996164830257171
618631,467.0,157.0,133.0,-1.01482005238292
48357,1971.0,3940.0,6.0,-0.472455641937292
80928,467.0,232.0,35.0,27.0272099363648
78265,3325.0,554.0,20.0,2.66995901336241
620485,1923.0,4166.0,144.0,0.268859442828714
288921,4089.0,554.0,95.0,-1.31966097820151
70528,282.0,331.0,12.0,5.97181595046453
76651,160.0,772.0,14.0,2.71269795015255
228453,453.0,282.0,57.0,-0.06033743701251
82795,2045.0,295.0,43.0,4.11033482163766
77426,779.0,330.0,17.0,4.41026709682831
59529,187.0,837.0,9.0,2.64285335781727
76973,163.0,663.0,16.0,1.1548821338399
287436,3325.0,4091.0,79.0,11.7185706661457
77035,187.0,466.0,16.0,1.01332859974002
77967,187.0,2890.0,20.0,-3.65310284543179
79549,330.0,3928.0,27.0,-0.423617428374678
76718,3078.0,554.0,15.0,-5.36081016743016
271604,3938.0,3945.0,74.0,0.675371321393308
76042,2045.0,748.0,13.0,2.01939655540686
79625,163.0,2764.0,27.0,1.31050545738649
80883,330.0,663.0,35.0,19.7119054762291
53796,467.0,1321.0,8.0,-6.95469194220818
239872,4081.0,453.0,64.0,3.37238906752199
619858,4166.0,437.0,140.0,1.99483713438968
82020,187.0,219.0,39.0,-2.42887431103656
207532,4081.0,779.0,177.0,6.88769249401099
288893,3945.0,229.0,95.0,6.15627310238328
619802,330.0,748.0,140.0,-0.19616389058757
76201,330.0,788.0,14.0,-2.33246136152798
59605,219.0,562.0,9.0,2.0576233550812
48370,187.0,282.0,6.0,5.59138910952686
79768,554.0,359.0,27.0,5.15938945200612
455098,3938.0,72.0,119.0,-0.996702923973748
288773,3520.0,3941.0,93.0,-3.99174620002643
79343,779.0,208.0,25.0,0.231855806948758
239249,467.0,779.0,61.0,0.512111831936929
75946,3946.0,3078.0,13.0,14.8709956658853
78688,187.0,219.0,23.0,-6.35557352948901
288298,282.0,68.0,88.0,2.82911264637617
82666,219.0,1321.0,43.0,-6.83210589171306
233836,554.0,157.0,59.0,17.9970590045407
79449,187.0,2128.0,26.0,-3.93371518649761
79280,2045.0,4210.0,25.0,2.71716201205138
289217,160.0,4087.0,97.0,10.0051092813548
455010,554.0,4088.0,118.0,-1.87795216478905
77392,1231.0,554.0,17.0,8.77485765423396
240323,4081.0,4085.0,67.0,-0.550900691531433
81040,219.0,3928.0,35.0,55.3380691549319
288606,467.0,453.0,92.0,0.439276549094483
78878,1867.0,331.0,24.0,13.5559001846205
288725,3938.0,3944.0,93.0,1.73473411662813
288086,3938.0,3941.0,86.0,-5.41826232191864
619576,219.0,453.0,138.0,4.78397967227728
619587,219.0,602.0,138.0,-3.3590691839794
217882,330.0,4088.0,55.0,8.46983829555415
59751,779.0,748.0,9.0,-4.81417591973223
79267,556.0,282.0,25.0,-1.38622692626722
82200,1971.0,331.0,41.0,4.27024074403365
82330,219.0,453.0,42.0,9.05181656899892
82877,160.0,2039.0,43.0,-0.106781795984492
620168,3938.0,554.0,142.0,-11.3001440450632
618723,554.0,3325.0,133.0,1.44578365063641
282042,3938.0,277.0,76.0,2.13643980609921
288331,467.0,3078.0,89.0,19.6343094345887
81423,187.0,748.0,36.0,4.54910311434177
618668,187.0,157.0,133.0,-3.09531761731156
288985,3945.0,277.0,96.0,1.67207951239664
79898,160.0,1896.0,27.0,1.23267848734273
65094,3942.0,554.0,11.0,17.8749850887206
282058,282.0,4087.0,76.0,4.38419113287296
287906,3938.0,3944.0,84.0,0.70970011703627
81384,163.0,748.0,36.0,-0.696869303624303
80588,282.0,331.0,33.0,-2.34449884098243
81389,163.0,3195.0,36.0,-3.13863338405137
288024,282.0,4216.0,85.0,7.13261622361598
79830,779.0,663.0,27.0,4.75711852148326
455082,3938.0,4214.0,119.0,-8.52495123528962
82910,160.0,466.0,43.0,9.82355738882841
76754,1971.0,331.0,15.0,8.0248624521443
80004,2048.0,3940.0,29.0,-0.406677373422979
288776,453.0,3944.0,94.0,2.84361231709128
76327,187.0,554.0,14.0,1.1224880371589
288747,779.0,3945.0,93.0,4.59087189812273
287634,282.0,3945.0,81.0,10.8961927149063
266250,4087.0,3078.0,73.0,-1.05619882800192
59541,187.0,3928.0,9.0,4.5798043945635
288110,779.0,3945.0,86.0,-1.88566194880939
288801,3945.0,3946.0,94.0,3.43434651645377
79629,163.0,295.0,27.0,0.594016938686615
239751,4081.0,4211.0,63.0,16.541545535808
53943,219.0,3543.0,8.0,-6.57303371174051
82726,602.0,788.0,43.0,-0.900136537738875
287336,282.0,3945.0,78.0,7.20215899887467
217954,3938.0,4084.0,55.0,24.2435145911634
79547,330.0,232.0,27.0,-2.81735318345955
78160,2045.0,282.0,20.0,1.18698444553564
65176,300.0,2045.0,11.0,-1.65082101685299
619621,3940.0,748.0,139.0,6.1634058209763
78839,3940.0,3311.0,24.0,-11.4530830646078
233748,453.0,4211.0,59.0,1.37132617286489
48343,3078.0,554.0,6.0,-10.1951069068635
288853,160.0,4087.0,94.0,1.44300164444377
76809,3928.0,330.0,15.0,-4.89858001308074
619031,1923.0,187.0,135.0,-4.424149645869
79991,3939.0,330.0,29.0,7.4899176981727
620378,2045.0,4166.0,143.0,0.514771300622987
53999,554.0,540.0,8.0,-1.94666330811713
78972,330.0,281.0,25.0,12.4578269713163
619484,3946.0,3311.0,137.0,3.62837844008653
619992,3325.0,737.0,140.0,-2.56714981242836
80165,1971.0,331.0,30.0,-4.52298304572951
65084,3940.0,554.0,11.0,0.978936104224772
619095,748.0,779.0,135.0,-5.11739642998295
82581,467.0,788.0,43.0,-1.49300640950824
620630,157.0,554.0,144.0,-9.05610657240386
81770,2045.0,330.0,37.0,-7.60741739312753
81885,1231.0,3311.0,38.0,8.69673918163571
76445,554.0,331.0,14.0,8.86315308437055
79546,330.0,229.0,27.0,-8.11507086501556
76306,187.0,281.0,14.0,0.973780985748638
650576,219.0,453.0,14.0,1.7834831602253938
81933,3325.0,282.0,38.0,-2.95437116381073
77881,467.0,3543.0,20.0,12.5928645779304
239621,4081.0,453.0,62.0,6.0498561284844
78881,1867.0,282.0,24.0,19.0354109689516
76533,779.0,4210.0,14.0,14.3965602455042
287276,3943.0,3078.0,78.0,-0.441017942219564
81096,554.0,540.0,35.0,13.7740198615812
620666,467.0,748.0,145.0,2.7779121511464
75886,187.0,232.0,13.0,69.5606959487358
80007,2048.0,282.0,29.0,11.3642815679299
240125,4081.0,4089.0,66.0,-0.0536861195226916
287791,3938.0,3945.0,83.0,1.53738572776356
288613,3945.0,453.0,92.0,-0.872104412616375
287679,3945.0,3941.0,82.0,8.63842331379833
70507,554.0,331.0,12.0,-6.64041092248807
240089,331.0,4088.0,66.0,21.551381647643
618800,330.0,4208.0,134.0,14.9525847998814
77846,3941.0,2045.0,20.0,1.73281617659462
287177,330.0,3945.0,77.0,5.68649783672887
80996,187.0,772.0,35.0,16.7535259950275
77640,2048.0,331.0,19.0,-3.30468056090135
454992,3938.0,453.0,118.0,7.92510389766432
76605,2128.0,2045.0,14.0,5.13788568911464
288614,3945.0,3941.0,92.0,-0.328394921731992
75987,554.0,281.0,13.0,4.99855923478185
79419,3078.0,3940.0,26.0,-0.104032953913944
618729,2045.0,219.0,133.0,-0.0022719451577536
65071,3078.0,330.0,11.0,-9.88239800020185
80704,3939.0,282.0,34.0,-11.7408412185956
79278,2045.0,1321.0,25.0,6.45563034385976
78444,3943.0,3078.0,171.0,18.2141130316344
282067,3325.0,4216.0,76.0,8.64087080165031
618626,467.0,2045.0,133.0,3.63158030453707
233831,554.0,282.0,59.0,19.006125285568
79555,330.0,295.0,27.0,-1.63977243709551
454994,3938.0,3943.0,118.0,0.523207457152922
79143,1896.0,331.0,25.0,1.2371329374604
78018,219.0,4210.0,20.0,30.9042670351658
288091,3938.0,4216.0,86.0,7.24025148739455
619300,3938.0,748.0,136.0,-2.769585439848
620428,157.0,3940.0,143.0,7.38836790484875
288274,3938.0,3946.0,88.0,6.11320247153782
287698,3938.0,3943.0,82.0,-2.91390334693542
53885,187.0,748.0,8.0,-9.52029977376747
80402,779.0,282.0,32.0,-0.785297050009335
619250,187.0,4166.0,136.0,-6.77641900265105
76087,779.0,229.0,13.0,6.96679417292214
228559,714.0,3945.0,57.0,0.170400820989162
80586,300.0,554.0,33.0,5.39011282252766
288410,330.0,3945.0,90.0,2.13031536441182
619219,467.0,3311.0,136.0,-6.29480728617675
78905,3938.0,3941.0,24.0,9.78589635748209
620773,2045.0,737.0,145.0,-3.654755135098
619616,437.0,3078.0,139.0,9.56009101988007
59511,163.0,787.0,9.0,1.07116946480338
53894,187.0,2890.0,8.0,-8.37166312813249
619376,330.0,437.0,137.0,-6.27114099244312
618657,187.0,437.0,133.0,-4.32496169615731
76875,330.0,1896.0,16.0,6.86782657202846
53738,330.0,2039.0,8.0,-7.67538496006075
53861,163.0,356.0,8.0,4.30830249433893
82741,554.0,4210.0,43.0,-2.09294670943383
80990,187.0,1896.0,35.0,35.4832880594555
80364,1971.0,3311.0,32.0,-4.12125639665967
619699,3946.0,187.0,139.0,3.88446950032621
78930,282.0,2045.0,24.0,-0.445507389158791
53920,219.0,3010.0,8.0,-1.75189552987829
618477,219.0,787.0,132.0,0.20386889725383
240078,157.0,4083.0,65.0,-0.260957366314885
287219,3938.0,3944.0,77.0,-1.84403270983956
53835,163.0,3010.0,8.0,-1.58917501789608
53845,163.0,663.0,8.0,-7.91054594823913
77672,187.0,330.0,19.0,1.2796563925556
239939,554.0,4215.0,64.0,-1.5879059233541
78146,2045.0,554.0,20.0,68.3505127023712
48381,1231.0,331.0,6.0,-8.01343914583754
77032,187.0,787.0,16.0,0.864586374499648
619183,330.0,219.0,136.0,-3.76736687147842
620763,554.0,737.0,145.0,3.56581045324154
289175,3938.0,3078.0,97.0,-1.41078798709932
217931,4081.0,157.0,55.0,71.8757184757652
65195,3325.0,3311.0,11.0,1.15368819691538
288851,3325.0,4091.0,94.0,4.30690041816399
80962,163.0,556.0,35.0,3.38025557161287
239149,187.0,4082.0,60.0,5.98875602739595
81076,602.0,2890.0,35.0,-8.03137857378816
618734,2045.0,779.0,133.0,-0.919108502088331
619496,3938.0,3940.0,137.0,-3.88432429151149
288890,3945.0,3943.0,95.0,2.84034000344685
53841,163.0,1896.0,8.0,-1.15761127045865
81134,2045.0,4209.0,35.0,11.5205244048278
79295,2045.0,2764.0,25.0,16.4922796162837
239757,4081.0,779.0,63.0,-9.32642933762017
287469,3945.0,4087.0,80.0,0.912548650416663
633835,187.0,2045.0,12.0,5.694111554714305
76884,330.0,556.0,16.0,5.79477770430195
77015,187.0,737.0,16.0,0.572762114285806
288783,3944.0,3078.0,94.0,-3.06670055445154
77847,3941.0,282.0,20.0,3.60826524511469
77778,330.0,2039.0,20.0,5.55583313736576
80362,1971.0,2045.0,32.0,1.35932038528736
79657,187.0,229.0,27.0,0.385439232674282
78499,2048.0,219.0,22.0,0.932961286700668
633673,163.0,331.0,9.0,-1.8710602632254871
76897,330.0,787.0,16.0,-0.356860422092514
620904,187.0,554.0,146.0,12.1236207472584
54088,779.0,663.0,8.0,-6.21503642322478
619696,3946.0,467.0,139.0,6.56029268247665
288678,370.0,4091.0,92.0,-1.48196544644783
282036,3938.0,4216.0,76.0,0.626944504451627
289002,3938.0,3946.0,96.0,2.71547255222702
240188,554.0,4215.0,66.0,0.441317974800383
620037,330.0,748.0,142.0,-1.33363292867028
620175,554.0,737.0,142.0,20.6816651723959
240014,4081.0,72.0,65.0,0.264292580266153
81189,779.0,359.0,35.0,-7.82864089671136
59671,554.0,772.0,9.0,3.60909970474957
289141,453.0,4091.0,97.0,-6.34663844532409
81194,779.0,295.0,35.0,3.81875803845094
54105,779.0,562.0,8.0,-17.2178004140746
80218,2128.0,300.0,30.0,-4.86838051499867
79425,3940.0,331.0,26.0,5.22761246766845
76751,163.0,330.0,15.0,9.87119558972506
620120,219.0,540.0,142.0,-12.4175413570097
76197,330.0,2128.0,14.0,-7.61045377047944
53923,219.0,4209.0,8.0,-4.38197657970438
239626,4081.0,4212.0,62.0,3.39825252807746
79494,3325.0,219.0,26.0,3.90310514942066
82732,554.0,2622.0,43.0,-2.54645258437568
79684,219.0,1867.0,27.0,0.224876787948776
287681,3945.0,3942.0,82.0,2.18604746198724
80134,3939.0,554.0,30.0,-8.07992203966472
53994,554.0,2039.0,8.0,-3.17113566518968
54038,2045.0,3010.0,8.0,-1.90918727941262
82620,163.0,466.0,43.0,-1.30845493112997
618995,330.0,157.0,135.0,-2.54314499648202
455103,554.0,4089.0,119.0,1.00364014954483
77982,1896.0,331.0,20.0,4.71231447449428
81911,779.0,2045.0,38.0,-1.60342072156726
81714,160.0,2764.0,36.0,9.1348820004428
80298,554.0,282.0,31.0,-0.12607133486959
228522,602.0,2050.0,57.0,-2.28642237898462
77655,3940.0,331.0,19.0,-6.26850079646712
76814,779.0,219.0,15.0,-2.71583159800985
233812,3938.0,282.0,59.0,5.66159844852536
620641,330.0,2045.0,145.0,4.58947395290996
81292,330.0,737.0,36.0,-0.164361986219763
78879,1867.0,330.0,24.0,-3.93077277920497
80496,3940.0,2045.0,33.0,8.83481318944263
620505,187.0,437.0,144.0,-4.29976120489621
53868,163.0,466.0,8.0,4.5122269312587
618768,3311.0,157.0,133.0,9.1778945249572
618770,3325.0,3078.0,133.0,-1.84765426997517
79534,330.0,1321.0,27.0,-1.24372514396472
620534,3946.0,1923.0,144.0,-0.789219473168998
77127,554.0,540.0,16.0,5.51080399282997
245796,282.0,4216.0,69.0,1.78718632735562
288124,277.0,3078.0,86.0,-2.04840802108628
78722,3938.0,3941.0,23.0,3.03120217271789
233744,453.0,4082.0,59.0,11.6879685297272
79195,602.0,453.0,25.0,7.72896060165813
76892,330.0,3543.0,16.0,-4.71790742811499
79204,602.0,1867.0,25.0,9.20682995644753
620116,219.0,2038.0,142.0,-4.15003836902882
288684,4087.0,3078.0,93.0,-6.23393435952784
239749,4081.0,3938.0,63.0,-4.90883220973047
455062,4081.0,453.0,119.0,10.1408290218932
59446,467.0,837.0,9.0,-0.513984005267609
81536,554.0,546.0,36.0,4.76305537677014
77366,1971.0,219.0,17.0,33.2257529694775
81576,2045.0,3010.0,36.0,2.79878566851825
70461,1971.0,331.0,12.0,13.0046297466455
288174,3938.0,3078.0,87.0,6.65140355119522
266278,3945.0,277.0,73.0,4.29212763997335
76526,779.0,3010.0,14.0,-1.68702267938564
81595,2045.0,2890.0,36.0,0.714655888163359
59390,330.0,4209.0,9.0,-1.66362901299234
82337,219.0,748.0,42.0,5.02467591116204
79233,554.0,546.0,25.0,8.87740156821938
76416,602.0,4209.0,14.0,-18.3890855789155
80720,3078.0,219.0,34.0,0.840155196264793
618756,3311.0,437.0,133.0,5.16595933024575
620435,157.0,779.0,143.0,-1.16170164931138
620803,3311.0,748.0,145.0,-0.411467002500598
77077,219.0,788.0,16.0,1.07712742987706
618642,1923.0,3938.0,133.0,7.96524647025105
287488,219.0,2039.0,80.0,-4.38112620632911
81691,160.0,453.0,36.0,1.53825023899999
80535,1896.0,331.0,33.0,4.2361367648808
79666,187.0,295.0,27.0,-1.19767522223706
79553,330.0,301.0,27.0,8.50749640032153
77628,3939.0,331.0,19.0,-1.25185727055901
78468,282.0,331.0,171.0,6.52748862606215
207533,4081.0,282.0,177.0,-1.14911674367829
287180,453.0,4091.0,77.0,-3.05354199208471
288481,4090.0,3945.0,90.0,-0.465045631723216
79219,602.0,3543.0,25.0,4.62753241852019
82140,554.0,2045.0,40.0,-5.22589275799021
619381,330.0,748.0,137.0,-3.6727477451434
620900,187.0,219.0,146.0,10.1810071034172
455001,3938.0,4090.0,118.0,7.65160466860685
76975,163.0,772.0,16.0,-1.68083216971351
288528,3945.0,3946.0,91.0,-2.49237740840932
76314,187.0,540.0,14.0,-4.72711391451605
82538,330.0,3543.0,43.0,0.308792798246162
77701,2045.0,554.0,19.0,-3.8548809640686
80130,3939.0,331.0,30.0,-9.72491985881596
75776,3942.0,556.0,13.0,-7.38832815166126
59700,2045.0,3010.0,9.0,-0.95770589912702
239910,3938.0,4211.0,64.0,-4.80136345774659
287408,3938.0,4090.0,79.0,0.279822925374089
78752,3311.0,2045.0,23.0,-0.691967252270386
288366,3938.0,2046.0,89.0,-6.77436183657229
70444,3941.0,282.0,12.0,-6.38818602080444
239658,3938.0,4089.0,62.0,3.96214870290658
78919,779.0,3940.0,24.0,1.93519425603803
282075,370.0,4087.0,76.0,-3.50272338482412
59549,187.0,562.0,9.0,-4.20330644465303
81485,219.0,562.0,36.0,0.673095440468595
54080,779.0,540.0,8.0,-4.06709501826188
82796,2045.0,562.0,43.0,0.778282433612756
80773,1896.0,2045.0,34.0,1.72289720879568
619778,3311.0,3325.0,139.0,13.5577286486838
48326,3939.0,282.0,6.0,4.3619217078334
619845,1923.0,4166.0,140.0,0.455464234911547
207597,282.0,1337.0,177.0,-2.66077752487312
82520,330.0,1321.0,43.0,-9.1482027630151
620239,157.0,3325.0,142.0,16.0612086837264
53615,3939.0,2045.0,7.0,9.04721497145034
620674,467.0,3325.0,145.0,-1.30537400722547
233816,3938.0,4085.0,59.0,4.99845383109594
288438,3945.0,229.0,90.0,-2.36989643100537
287312,3938.0,3950.0,78.0,23.0148245429811
81689,160.0,2039.0,36.0,-11.7527870216866
618714,3938.0,3325.0,133.0,8.60186187634028
53895,187.0,3928.0,8.0,-12.5643735282955
455006,3938.0,68.0,118.0,2.85657320076874
81322,3944.0,3078.0,36.0,-3.12416395115666
288148,3944.0,3941.0,87.0,12.8453485004364
239170,3938.0,4084.0,60.0,7.45200365777224
287832,370.0,4087.0,83.0,-0.48752907085666
82544,330.0,788.0,43.0,-1.71373496196087
271566,453.0,3520.0,74.0,-2.78435759841369
78657,3940.0,554.0,23.0,0.823504368602219
79437,1971.0,554.0,26.0,7.68595098048523
82574,467.0,2764.0,43.0,8.6286495159145
77868,467.0,663.0,20.0,-13.6558331931883
81327,467.0,2622.0,36.0,2.87206343369535
82756,554.0,2764.0,43.0,4.79629078164956
619018,467.0,554.0,135.0,-1.4583188885605
82564,467.0,772.0,43.0,7.22165320325997
81800,330.0,2128.0,38.0,-2.30264725992708
619070,219.0,3938.0,135.0,7.12114719026481
78119,554.0,282.0,20.0,0.979389106580061
618999,437.0,779.0,135.0,10.2206695604961
79577,467.0,748.0,27.0,8.7620282266732
620516,187.0,157.0,144.0,-8.68247209549252
287412,3938.0,4091.0,79.0,3.70015663170274
618868,219.0,437.0,134.0,-3.53046414223163
79126,187.0,229.0,25.0,2.42661216896544
287287,3945.0,4087.0,78.0,3.66853842594983
76245,467.0,3336.0,14.0,-5.26154975041423
239984,453.0,72.0,65.0,9.56480086274695
79725,602.0,737.0,27.0,47.7584667003388
217985,2045.0,4088.0,55.0,4.03234006395259
619028,1923.0,3940.0,135.0,24.3822242807279
282038,3938.0,2046.0,76.0,1.93919924769363
620308,187.0,437.0,143.0,-4.92023039625218
620857,467.0,3940.0,146.0,93.6340122870416
79242,554.0,663.0,25.0,-1.19000702472579
287711,3938.0,68.0,82.0,-8.4658211771071
207578,554.0,4082.0,177.0,-1.17987932250649
233792,4082.0,3078.0,59.0,9.61338694036435
76494,2045.0,4210.0,14.0,2.37811255665841
239128,4081.0,4214.0,60.0,2.44351729032967
79998,330.0,300.0,29.0,3.78357016967441
618687,3946.0,4166.0,133.0,0.560228511296704
266311,2045.0,4087.0,73.0,2.19986767986753
233823,554.0,4088.0,59.0,5.2225349712517
288907,3938.0,3944.0,95.0,6.21190726993899
78942,3325.0,554.0,24.0,0.0292305439782174
618767,3311.0,3325.0,133.0,13.4311396144952
59693,556.0,2045.0,9.0,-2.99533151446281
80283,187.0,282.0,31.0,4.69659538082492
618899,748.0,779.0,134.0,-3.25647368063259
288880,467.0,3941.0,95.0,-1.47407231447961
620686,1923.0,3938.0,145.0,3.53994760803112
77236,779.0,208.0,16.0,1.49233190875922
288636,3938.0,3950.0,92.0,-7.73183407962848
80789,1231.0,3940.0,34.0,3.23626010758599
620987,282.0,3938.0,146.0,-4.2036337939824
78917,779.0,331.0,24.0,-3.21047028051694
80148,2048.0,3311.0,30.0,-6.15654268168334
79564,467.0,2622.0,27.0,4.38027535581242
82657,219.0,281.0,43.0,-1.42393017469848
79742,554.0,331.0,27.0,0.236841827652527
240131,4081.0,2046.0,66.0,-7.48623188269936
76833,3325.0,3940.0,15.0,0.330847724122298
288964,3943.0,3078.0,96.0,0.807166864417596
217976,554.0,282.0,55.0,192.181119559889
81348,467.0,2890.0,36.0,-8.68691873135541
288026,4090.0,3945.0,85.0,17.5515288903727
78344,1971.0,330.0,21.0,0.697377722496455
78983,330.0,4210.0,25.0,-16.7265200769709
619596,219.0,203.0,138.0,-2.02368996365245
620786,282.0,4166.0,145.0,-1.39622540699991
80515,3945.0,2045.0,33.0,14.6621824171169
288943,277.0,3078.0,95.0,38.3441298675471
59560,1867.0,2045.0,9.0,0.90606706057138
288906,3938.0,3943.0,95.0,5.82619653862454
271567,4088.0,556.0,74.0,6.87273527326618
54014,554.0,229.0,8.0,-2.66037867248286
82311,163.0,331.0,42.0,1.94267936522553
80374,187.0,3311.0,32.0,5.42134216959187
619832,467.0,3938.0,140.0,3.6215490148096
287317,3938.0,4090.0,78.0,5.5147383334441
53617,3939.0,3311.0,7.0,7.88365022649167
79526,330.0,2039.0,27.0,-2.8246429130085
633758,187.0,331.0,36.0,7.876403127093525
82787,2045.0,232.0,43.0,-0.253108736308442
239237,453.0,282.0,61.0,4.12766529269267
81761,3938.0,330.0,37.0,-11.5189454457152
620592,282.0,4166.0,144.0,4.14711916327688
287609,3938.0,3945.0,81.0,4.84046336121862
619801,330.0,219.0,140.0,-9.18698298049578
287498,219.0,3938.0,80.0,-3.45198061002225
77869,467.0,748.0,20.0,-3.48744159151617
82720,602.0,3543.0,43.0,1.88216713439677
618629,467.0,3311.0,133.0,8.91347739117245
288162,3945.0,3943.0,87.0,-1.04758336082765
76936,467.0,229.0,16.0,-0.151192163145837
620811,3325.0,437.0,145.0,-3.00563058634085
81646,779.0,208.0,36.0,0.610419585907835
287891,219.0,232.0,84.0,-2.86286077062128
288866,4087.0,3078.0,95.0,28.7290240955757
82626,187.0,546.0,43.0,-10.2066974305635
78859,163.0,282.0,24.0,3.54079227292706
288832,554.0,4088.0,94.0,-14.082766080469
240362,160.0,282.0,67.0,-0.0416605613609275
619793,157.0,3938.0,139.0,18.5594631230041
81453,1867.0,282.0,36.0,-1.021726179054
619361,3325.0,3940.0,136.0,-10.485591177423
81992,2048.0,3311.0,39.0,0.689832067530031
79448,187.0,282.0,26.0,3.38878077620958
48338,2048.0,3311.0,6.0,4.200885847759
620988,282.0,554.0,146.0,12.506664274124
78727,556.0,2045.0,23.0,9.14854260912545
82793,2045.0,301.0,43.0,-1.04203534315473
78395,2128.0,2045.0,21.0,-0.402521592757533
618855,187.0,3078.0,134.0,3.04464767758477
240320,4081.0,4213.0,67.0,0.743747663840076
65110,1971.0,331.0,11.0,-1.88719507555872
228451,453.0,554.0,57.0,1.69777527924115
77699,219.0,282.0,19.0,0.0198186406722581
79537,330.0,1867.0,27.0,1.61578213570886
82197,3940.0,282.0,41.0,5.00496697819013
455106,554.0,282.0,119.0,-1.93319940376407
288589,68.0,3941.0,91.0,11.2613047609056
76827,2128.0,282.0,15.0,-7.47352990304121
75927,219.0,737.0,13.0,7.60353121828575
239230,453.0,4083.0,61.0,-0.446763054530814
81719,160.0,562.0,36.0,-2.69291160252908
77204,779.0,2622.0,16.0,0.829940774444953
455083,3938.0,453.0,119.0,-8.98302852278234
77557,219.0,330.0,18.0,1.20441809637576
78641,2048.0,282.0,23.0,-0.354568660605573
618966,3325.0,3078.0,134.0,-4.29342523382871
288495,370.0,4216.0,90.0,-6.10012908907809
619393,437.0,779.0,137.0,8.67334629847543
271632,4090.0,3945.0,74.0,-0.707251508134125
287292,3945.0,3942.0,78.0,4.5401294839199
59582,219.0,663.0,9.0,-1.62598916631188
239644,187.0,72.0,62.0,5.33232661331211
77061,219.0,737.0,16.0,2.67520903719009
77669,1971.0,282.0,19.0,-2.60245111658912
82676,219.0,556.0,43.0,5.56890376434722
75807,467.0,2764.0,13.0,3.36159286554035
78650,3078.0,3311.0,23.0,-2.75866529214426
79142,187.0,466.0,25.0,7.67336290862719
245756,3945.0,277.0,69.0,4.14710930179353
59752,779.0,772.0,9.0,1.13589289911283
53810,467.0,2890.0,8.0,26.3377201230979
239794,3938.0,371.0,63.0,-10.3774711039179
59587,219.0,4207.0,9.0,-15.022289218349
78753,3311.0,2128.0,23.0,10.7408471502571
287262,370.0,4216.0,77.0,-3.06339350281976
81373,163.0,3010.0,36.0,-5.36111197601977
82353,3938.0,330.0,42.0,-10.1092122216882
619003,3940.0,748.0,135.0,-3.60454566637923
620233,157.0,219.0,142.0,46.4129918399144
80344,3078.0,219.0,32.0,-6.28878887293585
76540,779.0,737.0,14.0,0.278662428939424
79544,330.0,556.0,27.0,1.58870989874623
53962,602.0,546.0,8.0,-3.70377160649323
76907,3941.0,2045.0,16.0,11.5480449184066
618609,3940.0,3078.0,133.0,-1.38167429022436
82025,187.0,3311.0,39.0,-8.45976883922745
618475,219.0,295.0,132.0,3.22874765195198
53829,3945.0,282.0,8.0,0.468297317172619
78256,2128.0,300.0,20.0,-3.08329403471896
619789,157.0,4166.0,139.0,9.82278495234601
76995,163.0,208.0,16.0,-0.336801925138626
620793,282.0,779.0,145.0,-1.16349733023164
80020,3940.0,2045.0,29.0,8.5253710563518
620895,4166.0,3325.0,146.0,3.59096093450157
76368,219.0,2038.0,14.0,8.44518980221472
80083,3325.0,331.0,29.0,8.68877252220088
78321,2048.0,330.0,21.0,-9.29222127058502
75774,3941.0,282.0,13.0,-0.395133509414565
79069,163.0,453.0,25.0,6.68067056647757
239879,4081.0,554.0,64.0,1.94843739826112
76550,779.0,359.0,14.0,-3.71288359034783
619189,330.0,282.0,136.0,0.341859660669078
75873,187.0,1321.0,13.0,-2.52828330263588
618786,330.0,437.0,134.0,17.03337088592
287983,3945.0,229.0,85.0,5.43519349963803
78046,3946.0,3078.0,20.0,3.8046459348142
79423,3078.0,282.0,26.0,-12.8555168278128
81182,779.0,3336.0,35.0,221.736215188698
77367,1971.0,554.0,17.0,3.32138918481939
619413,467.0,2045.0,137.0,-0.324042315045388
80562,219.0,2128.0,33.0,7.77020670454795
618902,737.0,748.0,134.0,2.18518458416212
620156,748.0,437.0,142.0,10.2820757685955
620873,1923.0,3078.0,146.0,5.98922769950882
78527,187.0,331.0,22.0,-1.07337233688034
287358,3520.0,3941.0,78.0,17.8094781971333
620294,1923.0,554.0,143.0,0.563389989870259
620386,2045.0,282.0,143.0,21.579592453417
76612,3325.0,330.0,14.0,1.2247366681376
53805,467.0,3336.0,8.0,4.19141940268999
77563,779.0,330.0,18.0,11.0918369039697
620559,3938.0,737.0,144.0,6.46742311153919
619091,3946.0,3325.0,135.0,-2.28252778924
75791,467.0,1896.0,13.0,-1.06287384185613
630813,453.0,4084.0,57.0,0.89676846340958
80461,331.0,3311.0,33.0,26.98242817536
81108,554.0,3336.0,35.0,-3.25136596367926
76746,1321.0,282.0,15.0,20.6760608605934
78308,3939.0,331.0,21.0,8.6988016191638
70442,3941.0,330.0,12.0,9.39966053005152
81122,554.0,787.0,35.0,1.8956303452266
288255,3945.0,3946.0,88.0,-1.44815517825532
619614,330.0,4208.0,139.0,24.996919938631
281974,3943.0,3078.0,76.0,1.75512384709471
79988,331.0,2128.0,29.0,17.7059302826113
81383,163.0,663.0,36.0,-3.52031152983577
455042,3520.0,3941.0,118.0,6.7763167469861
82601,163.0,772.0,43.0,-4.350154443432
288953,68.0,3941.0,95.0,11.7754168582552
288955,3520.0,3941.0,95.0,36.2447689707425
619165,3325.0,748.0,135.0,0.73917932606245
79956,1867.0,331.0,28.0,-12.4856767609452
288199,2045.0,4087.0,87.0,-2.9323465868382
65172,779.0,2045.0,11.0,-6.89795521995483
287373,467.0,453.0,79.0,-0.610761630694726
80009,3078.0,331.0,29.0,8.66579395862194
288659,282.0,4087.0,92.0,2.21110078474862
81017,219.0,2039.0,35.0,1.71951790591203
79075,163.0,1321.0,25.0,-6.31945306515679
81887,219.0,330.0,38.0,5.26339397524878
82324,1867.0,330.0,42.0,1.90058543419972
81826,3940.0,282.0,38.0,10.0614188024135
620036,330.0,219.0,142.0,-14.8601386988153
620360,3938.0,3940.0,143.0,0.399866538258675
59759,779.0,2890.0,9.0,-0.347957500348813
288047,4087.0,3078.0,86.0,-1.86376000209067
53956,602.0,331.0,8.0,-7.10419329172474
620787,282.0,187.0,145.0,5.64012484686428
78686,187.0,330.0,23.0,6.71281400406087
619963,282.0,4166.0,140.0,0.918834215683001
287648,4091.0,3941.0,81.0,7.7413538431692
76933,467.0,3336.0,16.0,-4.91191486437281
78460,1867.0,282.0,171.0,-3.61956214005733
620302,4166.0,3078.0,143.0,0.469177982198849
80897,330.0,301.0,35.0,39.8017301952256
76271,163.0,1321.0,14.0,-4.60338497770797
619475,3946.0,187.0,137.0,0.167397493791618
78984,330.0,1867.0,25.0,10.0071793459933
288334,467.0,3941.0,89.0,6.02374469613484
81729,3941.0,330.0,37.0,1.22424200394247
78026,219.0,556.0,20.0,1.96253400440883
76872,330.0,4209.0,16.0,-2.94220180092038
79548,330.0,2890.0,27.0,-1.07420698152473
65049,331.0,2128.0,11.0,-0.777301439680841
618865,187.0,157.0,134.0,1.56865375724044
620480,1923.0,330.0,144.0,6.01299360727856
619644,1923.0,437.0,139.0,22.1693603634594
80806,556.0,2045.0,34.0,-5.59936735481155
76040,2045.0,837.0,13.0,1.88012130477597
619619,3940.0,437.0,139.0,-0.55844382111631
81524,602.0,356.0,36.0,1.72825495863666
80895,330.0,2764.0,35.0,0.7147910509527
207514,467.0,4214.0,177.0,21.8074729034172
618597,330.0,2045.0,133.0,2.14524026527176
80139,330.0,282.0,30.0,-9.46276022546573
77512,3078.0,3940.0,18.0,6.17418953919468
59703,2045.0,4209.0,9.0,0.637979497809296
59438,467.0,546.0,9.0,0.192969390781229
288206,282.0,4216.0,87.0,-2.96910957270422
288616,3945.0,3942.0,92.0,2.27683791613202
240107,453.0,4213.0,66.0,4.10711773924668
80896,330.0,3543.0,35.0,22.8320110340175
619877,187.0,4208.0,140.0,8.43715083567377
77808,330.0,295.0,20.0,-5.32906461793053
80825,282.0,330.0,34.0,-5.96142752650415
287417,554.0,4088.0,79.0,6.87724079682954
620990,282.0,3325.0,146.0,-3.7786900529905
81465,219.0,4210.0,36.0,-3.5583659356271
80278,163.0,2045.0,31.0,4.06764213515482
289004,3938.0,282.0,96.0,-6.56559679596059
59708,2045.0,1867.0,9.0,0.0738715170840414
245764,3938.0,3078.0,69.0,-0.947876166379965
620007,219.0,2039.0,141.0,2.78278066586002
79651,187.0,748.0,27.0,8.96500123642004
81436,187.0,3543.0,36.0,-2.69293526720449
76269,163.0,4209.0,14.0,-7.48401422806657
59709,2045.0,837.0,9.0,0.869568638121703
78736,779.0,219.0,23.0,-5.20634959360534
76066,779.0,281.0,13.0,-2.28835869507326
82612,163.0,3543.0,43.0,-1.46654878905134
80182,187.0,3311.0,30.0,-4.5301779182973
620634,330.0,3078.0,145.0,0.660582754325483
59713,2045.0,737.0,9.0,0.199895048567457
233773,4081.0,4212.0,59.0,1.68375631219312
619406,467.0,4166.0,137.0,2.38426785430117
233791,187.0,72.0,59.0,4.12895553568872
619586,219.0,4207.0,138.0,4.6975102079274
78973,330.0,2039.0,25.0,5.87065686676777
287801,3938.0,4091.0,83.0,2.62560485075213
53798,467.0,4210.0,8.0,-3.53837273041696
82124,187.0,330.0,40.0,3.05560581571112
287922,554.0,4088.0,84.0,3.92236625360577
75757,330.0,2764.0,13.0,-7.22704418105664
53930,219.0,663.0,8.0,6.9894711398244
288330,3944.0,3941.0,89.0,-1.93490680221693
80211,779.0,3311.0,30.0,-5.49122723594352
619924,737.0,437.0,140.0,2.08672502825516
53942,219.0,2764.0,8.0,46.7267567544997
78061,602.0,1896.0,20.0,4.12778355062207
77575,2128.0,2045.0,18.0,-1.94122587403079
245766,3938.0,453.0,69.0,-14.4788990153601
77038,1896.0,2045.0,16.0,-4.91896762774631
53823,1321.0,331.0,8.0,2.62281901766633
77956,187.0,4210.0,20.0,18.7437072406991
79186,219.0,466.0,25.0,6.44492599270792
619988,3325.0,437.0,140.0,-2.63665191258043
77827,3078.0,219.0,20.0,5.52020583433458
287950,370.0,4091.0,84.0,9.26638571922373
78533,187.0,300.0,22.0,11.6338509018206
77343,2048.0,219.0,17.0,-2.41270467525362
77356,3940.0,219.0,17.0,-1.92972539999973
76607,2128.0,282.0,14.0,6.14587932599049
81342,467.0,737.0,36.0,1.68044858803353
79306,3928.0,330.0,25.0,-5.64448986612888
80579,779.0,330.0,33.0,2.43505451491276
78525,1971.0,282.0,22.0,-8.29476172346079
65063,2048.0,331.0,11.0,-1.97000514364981
287504,219.0,3928.0,80.0,-4.21274965457056
65194,3325.0,282.0,11.0,0.24832162702165
288444,163.0,3945.0,90.0,-15.3243679491151
76090,779.0,3928.0,13.0,4.98847247650088
82549,467.0,2039.0,43.0,7.04302527519494
81066,602.0,837.0,35.0,59.6251924743183
287367,3943.0,3078.0,79.0,3.33457866478227
233802,3938.0,4214.0,59.0,-0.673637056342594
281992,3945.0,3944.0,76.0,-3.74234827200887
76038,2045.0,4210.0,13.0,-7.64916297238444
76930,467.0,748.0,16.0,3.77912902051715
76391,219.0,359.0,14.0,-9.2854129658939
54036,2045.0,2622.0,8.0,2.24396065091005
620027,219.0,787.0,141.0,2.3372846090913
233843,4084.0,3078.0,59.0,13.2397996173172
81593,2045.0,229.0,36.0,-1.78919474609734
77431,779.0,282.0,17.0,-0.823189611580801
79893,160.0,546.0,27.0,0.124208253933528
282015,219.0,4207.0,76.0,-11.425883406954
287650,370.0,4087.0,81.0,6.04501420989071
77407,219.0,737.0,17.0,-4.18361151372575
80721,3078.0,554.0,34.0,-4.36221662638452
81513,602.0,3336.0,36.0,-5.80800469685852
76732,3940.0,2128.0,15.0,-2.44317347590585
78867,1971.0,3311.0,24.0,-8.98332117427972
77087,602.0,2622.0,16.0,-2.38488669286167
77232,779.0,295.0,16.0,4.52640456326481
618746,282.0,219.0,133.0,-2.26381556366507
619274,3946.0,3940.0,136.0,-9.31475507501344
77580,3311.0,2128.0,18.0,10.0411060291197
81374,163.0,546.0,36.0,0.168653161168655
287848,3944.0,3078.0,84.0,-0.3072617338141
288346,3945.0,3946.0,89.0,2.32883396117656
76813,779.0,3940.0,15.0,-3.16291717062822
271586,3945.0,3943.0,74.0,-1.80117950407157
620371,554.0,748.0,143.0,4.44380226807655
288387,282.0,3945.0,89.0,4.69802248823575
81126,2045.0,331.0,35.0,49.9636539299937
287530,3938.0,3520.0,80.0,5.78936771089566
287701,3938.0,3950.0,82.0,2.18947070957909
76905,3941.0,331.0,16.0,13.7866797630945
76447,554.0,2039.0,14.0,0.0677612743879647
79416,2048.0,3311.0,26.0,-0.507304209281896
207515,467.0,2038.0,177.0,19.8371005010539
81693,160.0,546.0,36.0,0.243036234129406
618834,1923.0,4166.0,134.0,-2.66145586631436
81610,3928.0,2045.0,36.0,-2.16907117221691
288858,370.0,4087.0,94.0,0.659147296361929
618876,219.0,3325.0,134.0,2.12892611737618
59755,779.0,556.0,9.0,-7.61589287045106
59707,2045.0,4210.0,9.0,1.04727292306506
53997,554.0,3010.0,8.0,-1.25796493608377
287895,219.0,295.0,84.0,2.82595426565484
288717,163.0,3945.0,93.0,3.29743641586189
619661,4166.0,437.0,139.0,6.11170284306253
287967,467.0,3078.0,85.0,16.1631122203199
81125,554.0,466.0,35.0,-4.5984431047532
620690,1923.0,282.0,145.0,1.8926421600834
81631,779.0,556.0,36.0,-0.484793914042369
240326,4081.0,157.0,67.0,6.22378940531265
288760,3325.0,4091.0,93.0,9.23887453828973
79642,187.0,540.0,27.0,4.14197181192812
282054,2046.0,3945.0,76.0,-2.66770438200596
619851,1923.0,554.0,140.0,-1.19416500874276
619844,1923.0,467.0,140.0,5.04342834678538
76195,330.0,295.0,14.0,56.0845699325716
81469,219.0,748.0,36.0,2.11534357147123
620454,437.0,779.0,144.0,-1.49281603781121
455079,4081.0,72.0,119.0,-1.21277422870659
287418,554.0,3942.0,79.0,49.4636364091399
76714,3078.0,331.0,15.0,-6.49882764569525
76159,3939.0,554.0,14.0,3.71015237923455
81075,602.0,232.0,35.0,15.4125710975008
81257,160.0,556.0,35.0,11.40189766622
76239,467.0,1867.0,14.0,-6.5068802289847
81139,2045.0,1867.0,35.0,27.8178901034149
619760,282.0,3938.0,139.0,32.8121621513802
619071,219.0,779.0,135.0,-16.5203895203398
619818,3940.0,748.0,140.0,7.76930283479156
54064,2045.0,295.0,8.0,-6.33391655895385
59635,602.0,772.0,9.0,-0.645754020749675
619348,3311.0,3940.0,136.0,5.75338913848968
288509,3943.0,3078.0,91.0,-5.60870474328029
288941,3325.0,4216.0,95.0,39.6141769076983
82148,3928.0,2045.0,40.0,5.18292896695945
81901,2045.0,330.0,38.0,-1.66143788160214
82800,2045.0,466.0,43.0,-2.93235347333522
619211,467.0,219.0,136.0,0.342711321802393
288818,3938.0,3950.0,94.0,12.4623038779455
82529,330.0,3336.0,43.0,1.50686654011288
77487,331.0,300.0,18.0,5.400386476154
59571,219.0,540.0,9.0,-2.2515990169193
288117,4090.0,3945.0,86.0,10.174481519521
619171,157.0,4166.0,135.0,2.90442683219106
288114,282.0,3945.0,86.0,5.84926183824518
81336,467.0,4210.0,36.0,-5.8680959601534
79420,3078.0,219.0,26.0,16.8346889883707
620815,3325.0,737.0,145.0,1.16086992407182
59498,163.0,229.0,9.0,2.35624371054255
78306,331.0,2128.0,21.0,4.3487819039702
59442,467.0,1321.0,9.0,3.83566316114814
619150,3311.0,3078.0,135.0,-10.7027291306662
618949,282.0,3325.0,134.0,7.01095243000715
70524,779.0,282.0,12.0,4.006060431483
620673,467.0,3311.0,145.0,1.83659969453985
620735,3946.0,737.0,145.0,1.77344891109851
620568,554.0,748.0,144.0,-1.80944203281002
82547,467.0,331.0,43.0,4.06421511653253
80561,219.0,282.0,33.0,2.56019550087881
282023,219.0,3325.0,76.0,-2.2623010529956
80924,467.0,3336.0,35.0,-9.66171291791272
78890,1231.0,331.0,24.0,-0.909410481638879
80536,1896.0,330.0,33.0,-2.55458207493432
80192,1231.0,330.0,30.0,-5.75612139123978
77930,163.0,282.0,20.0,-0.937644903645817
80821,779.0,3311.0,34.0,-2.55437040600176
629412,2045.0,331.0,25.0,4.735073950925895
619136,282.0,3940.0,135.0,9.19999507017334
75879,187.0,748.0,13.0,-7.00213476603079
240170,3938.0,4085.0,66.0,8.02189931009038
618842,1923.0,779.0,134.0,5.21233264726061
75796,467.0,748.0,13.0,10.3990160240785
76005,554.0,3336.0,13.0,-11.2649933272435
81026,219.0,1896.0,35.0,28.3458188988406
80891,330.0,232.0,35.0,38.9462706961517
287960,453.0,3520.0,85.0,4.30720022158598
620957,554.0,3078.0,146.0,-6.22410910167178
619811,330.0,4208.0,140.0,9.77958049413996
78054,602.0,453.0,20.0,-4.4049003697139
70477,1896.0,2045.0,12.0,0.483064134722913
77112,602.0,3543.0,16.0,3.81593101576931
618858,187.0,219.0,134.0,-8.50573265876349
54015,554.0,232.0,8.0,-12.7346340693928
78024,219.0,737.0,20.0,1.33846167231798
288728,3938.0,4216.0,93.0,-1.67780094257895
620062,467.0,4166.0,142.0,-2.03511526422588
79889,160.0,2039.0,27.0,3.39461238299138
631709,2045.0,331.0,8.0,5.7840563132734
620737,3946.0,554.0,145.0,-0.20922515922108
76175,330.0,4210.0,14.0,93.4723087054604
620753,3938.0,3940.0,145.0,-2.55766334811112
75956,602.0,546.0,13.0,-7.61842309609772
80913,467.0,4209.0,35.0,14.7436501964314
287984,3945.0,277.0,85.0,10.8643063060859
76490,2045.0,4209.0,14.0,-3.09518028631745
619831,467.0,737.0,140.0,2.59499838839521
78869,187.0,219.0,24.0,12.1534636161662
287592,3945.0,3944.0,81.0,1.2589816479725
48391,219.0,282.0,6.0,-2.0010438535631
625402,453.0,4084.0,177.0,-1.8509653557479897
618462,219.0,1321.0,132.0,1.41832238434758
79756,554.0,837.0,27.0,-0.849934727747853
619344,282.0,4208.0,136.0,2.96466117826954
240002,4081.0,4212.0,65.0,-0.579783834871247
79786,2045.0,540.0,27.0,5.53097416469538
239662,3938.0,4084.0,62.0,4.07975415209575
618965,3325.0,437.0,134.0,30.0430731422011
287873,163.0,3945.0,84.0,4.74771565520597
288628,3946.0,3078.0,92.0,-3.01353706009891
621022,157.0,3325.0,146.0,-0.892716173081713
59661,554.0,540.0,9.0,-1.00130979604517
79781,2045.0,2039.0,27.0,0.8255349237129
79910,160.0,232.0,27.0,2.16168785245395
288381,2045.0,4087.0,89.0,2.66619162763857
620498,4166.0,437.0,144.0,-1.30528378099495
239852,453.0,4211.0,64.0,-1.96980055820783
79462,1231.0,554.0,26.0,1.65113806426102
629419,187.0,331.0,33.0,8.37015160471759
77440,2128.0,282.0,17.0,-8.78251679580543
80991,187.0,4210.0,35.0,33.7352228478805
240174,602.0,554.0,66.0,7.44617396944368
82516,330.0,546.0,43.0,2.8034433268535
620445,330.0,2045.0,144.0,-2.61685389365919
65189,3325.0,330.0,11.0,-5.23633228237246
79174,219.0,2890.0,25.0,-4.28014820503548
289182,3938.0,3950.0,97.0,-4.61809589315043
81356,467.0,562.0,36.0,0.82618839630494
80922,467.0,772.0,35.0,-8.57158784068752
287527,3938.0,4208.0,80.0,-12.1749572261337
81615,779.0,453.0,36.0,2.07370516360263
287458,3943.0,3078.0,80.0,13.8931621516144
620595,282.0,748.0,144.0,0.899772374635881
82630,187.0,1321.0,43.0,-1.79681560838748
76882,330.0,737.0,16.0,0.778124500056899
618743,282.0,3940.0,133.0,10.6252382007471
620762,554.0,748.0,145.0,-0.633595263562878
619590,219.0,2045.0,138.0,4.14415949307539
289215,3325.0,4091.0,97.0,13.3201422902041
76025,556.0,2045.0,13.0,-1.43019210966673
346469,330.0,602.0,105.0,3.42271492918291
77716,2128.0,300.0,19.0,-2.63735327243892
77569,779.0,3311.0,18.0,-6.03332451620319
77292,160.0,663.0,16.0,-0.175587434255807
619231,1923.0,737.0,136.0,-2.97420016321067
620719,219.0,748.0,145.0,0.973937240278451
81741,3945.0,330.0,37.0,-2.04728864156674
81451,1867.0,330.0,36.0,-3.49408251207204
78864,1971.0,554.0,24.0,-7.86478571696539
287715,554.0,4088.0,82.0,1.22806934289758
59578,219.0,4210.0,9.0,13.9334277449977
619088,3946.0,779.0,135.0,-2.85775869085305
82553,467.0,546.0,43.0,0.456386545874384
77048,219.0,3010.0,16.0,-1.20648276661489
619237,1923.0,3311.0,136.0,6.191325075703
65053,3939.0,3940.0,11.0,-5.30057339188989
78010,219.0,453.0,20.0,4.06184306975126
82624,187.0,453.0,43.0,4.5879171837337
82659,219.0,2622.0,43.0,-0.91757552551939
75929,219.0,556.0,13.0,3.68807808090144
81997,3078.0,554.0,39.0,-3.14716350090806
78325,2048.0,282.0,21.0,6.7604664698354
54106,779.0,787.0,8.0,-2.09482585281408
287352,370.0,4087.0,78.0,-2.1743744578384
80419,3325.0,554.0,32.0,-0.904086470218118
650583,779.0,331.0,14.0,2.848182977735419
288720,3938.0,3078.0,93.0,-6.07099121956118
80884,330.0,748.0,35.0,-1.33880340398508
287719,2045.0,4087.0,82.0,2.32856466799455
239150,187.0,4083.0,60.0,-0.155268058048522
618938,282.0,437.0,134.0,-3.87562720691971
82251,2128.0,554.0,41.0,7.40902683167367
620280,467.0,3311.0,143.0,2.73159013252784
287861,3945.0,3941.0,84.0,4.98787473519384
65140,1231.0,331.0,11.0,-5.75160412755099
245773,3938.0,3946.0,69.0,-0.956442554074509
619637,467.0,2045.0,139.0,18.9768162282885
77937,1971.0,330.0,20.0,-1.81234686723712
79635,187.0,331.0,27.0,15.5229335945814
233755,453.0,72.0,59.0,2.23204067354222
239187,554.0,4089.0,60.0,11.7416673242086
288712,3945.0,277.0,93.0,4.57193038990057
287864,3945.0,3943.0,84.0,0.229800345966233
78647,3078.0,554.0,23.0,-3.18137845341239
80772,1896.0,330.0,34.0,2.78922750535326
48339,3078.0,331.0,6.0,-2.9414803138784
81715,160.0,3543.0,36.0,-1.84189107537507
78168,779.0,281.0,20.0,0.943417779323657
81472,219.0,3336.0,36.0,-3.94862963976654
76881,330.0,772.0,16.0,2.08108125004849
618443,219.0,3336.0,131.0,3.99281704004804
76173,330.0,1321.0,14.0,-6.43756559109163
80057,1231.0,3311.0,29.0,5.35773324644897
59546,187.0,356.0,9.0,8.0443551368363
76312,187.0,3010.0,14.0,5.45532076651902
53809,467.0,232.0,8.0,-1.39589415396779
217953,3938.0,602.0,55.0,31.6518209747639
289027,4090.0,3945.0,96.0,2.27838735942589
287678,3945.0,453.0,82.0,12.4291617844636
65178,282.0,330.0,11.0,2.37870311537813
76964,163.0,546.0,16.0,-0.244655878647683
78545,1231.0,331.0,22.0,-4.17872347690615
81467,219.0,837.0,36.0,-4.91729932668048
81128,2045.0,2039.0,35.0,5.72514724958213
82898,160.0,232.0,43.0,1.25188406234707
620114,219.0,330.0,142.0,-11.1365837021617
78446,1321.0,331.0,171.0,5.51941975841004
288161,3945.0,3942.0,87.0,-2.19264246490475
76711,2048.0,2045.0,15.0,7.98857213230162
75741,330.0,1896.0,13.0,-4.09859231009494
288443,163.0,4087.0,90.0,-6.12027155360092
59730,2045.0,788.0,9.0,-1.67499408213131
629416,187.0,282.0,33.0,4.697219479533742
81370,163.0,2039.0,36.0,-2.77669883084664
266309,2045.0,331.0,73.0,13.150895651476
207542,187.0,4083.0,177.0,0.428378812000709
78342,3940.0,3311.0,21.0,14.4200536114206
619350,3311.0,187.0,136.0,2.59133893989555
78901,219.0,2128.0,24.0,1.41051259870517
228493,4082.0,3078.0,57.0,9.77047806491422
620585,2045.0,3325.0,144.0,-2.08933201942302
54109,779.0,466.0,8.0,3.08510179345844
620100,187.0,437.0,142.0,6.90969745997891
287296,3945.0,229.0,78.0,2.08470619789002
619813,437.0,3078.0,140.0,10.943008445086
53699,2128.0,282.0,7.0,3.14402678664886
288894,3945.0,277.0,95.0,2.91698810426557
288736,3938.0,4091.0,93.0,2.48079152087468
79145,1896.0,2045.0,25.0,-2.38570403510676
53759,330.0,232.0,8.0,-12.6964971418743
75749,330.0,3336.0,13.0,1.1919166447703
82543,330.0,787.0,43.0,15.0334794943907
288785,3944.0,3941.0,94.0,8.70039007164479
54025,554.0,282.0,8.0,-3.2122161879237
79077,163.0,4210.0,25.0,11.042669345903
620249,330.0,779.0,143.0,0.741336422531281
79314,779.0,546.0,25.0,2.56572923633509
620612,3311.0,554.0,144.0,4.2847760573844
239745,4081.0,437.0,63.0,2.36145448040316
77160,556.0,282.0,16.0,4.93077627550541
240058,554.0,2046.0,65.0,-0.281479778850535
79321,779.0,1867.0,25.0,-2.13478497626116
77018,187.0,3195.0,16.0,-0.324138405245591
76072,779.0,540.0,13.0,4.99255151944197
620845,437.0,779.0,146.0,-0.455654961799436
82063,3311.0,554.0,39.0,-4.51854762576434
48392,219.0,2128.0,6.0,-2.32948693465767
619347,3311.0,3078.0,136.0,1.48879136903589
75887,187.0,2045.0,13.0,2.91675381071715
619085,3946.0,3938.0,135.0,9.57938954698044
79672,219.0,281.0,27.0,2.00355331692594
76211,3078.0,331.0,14.0,3.62205095365563
620119,219.0,453.0,142.0,3.57910681253874
282076,370.0,4216.0,76.0,5.77145117942606
77570,300.0,554.0,18.0,-0.369711347332313
619892,219.0,602.0,140.0,-9.96185173671283
81814,3078.0,2045.0,38.0,3.99352932828734
619261,219.0,437.0,136.0,-11.2921837608761
207552,4083.0,282.0,177.0,-7.41971904257542
288661,282.0,4216.0,92.0,-0.246333019112087
81359,467.0,208.0,36.0,1.28076132484532
76518,2045.0,208.0,14.0,4.34187866176971
75756,330.0,359.0,13.0,-1.98883289344386
81973,331.0,3311.0,39.0,10.6115511841043
80947,163.0,3010.0,35.0,1.79107953954917
240331,3938.0,4089.0,67.0,5.75030049616391
80475,2048.0,330.0,33.0,0.975346739398086
81055,602.0,2622.0,35.0,4.64940591682161
78335,3940.0,331.0,21.0,0.0724688314429926
77370,1971.0,3311.0,17.0,-0.353863899756741
271640,160.0,4087.0,74.0,4.50506959539931
618695,3946.0,779.0,133.0,2.2336437557489
288449,3938.0,453.0,90.0,2.14142658628782
76006,554.0,556.0,13.0,-14.1120693784042
620573,2045.0,3078.0,144.0,0.341383880709856
70402,3939.0,331.0,12.0,9.90752355983144
81019,219.0,453.0,35.0,3.89709930836383
78031,219.0,2890.0,20.0,5.99402339118515
79289,2045.0,3195.0,25.0,5.58189289026824
81005,187.0,359.0,35.0,33.617174399472
288550,3938.0,4090.0,91.0,-0.82560147725748
77212,779.0,1896.0,16.0,-1.38913614562706
81789,331.0,3311.0,38.0,3.05766824024639
82236,219.0,282.0,41.0,19.0473816685145
70406,3939.0,554.0,12.0,1.96217864533852
239659,3938.0,4211.0,62.0,4.37854345630013
81263,160.0,359.0,35.0,20.4603822821072
81637,779.0,359.0,36.0,-3.77020229695046
53797,467.0,1896.0,8.0,-3.70568216226447
81985,330.0,3311.0,39.0,-7.47935632002243
239294,3938.0,4084.0,61.0,9.49272518441676
217916,4081.0,4089.0,55.0,19.049055800977
621001,3311.0,554.0,146.0,-3.96706639103998
620938,3946.0,157.0,146.0,4.06269779540028
620871,1923.0,330.0,146.0,-0.264589298909501
76363,1231.0,2045.0,14.0,-1.8125958579362
54148,282.0,330.0,8.0,-2.17502835672325
618900,737.0,437.0,134.0,2.01025251655575
81265,160.0,3543.0,35.0,11.7487519308371
620110,187.0,3325.0,142.0,13.6268461438903
619339,282.0,3938.0,136.0,-0.0962626325099538
59689,554.0,787.0,9.0,-1.88853715554059
245743,467.0,3945.0,69.0,4.27735762921149
620032,330.0,437.0,142.0,3.73682426361238
80987,187.0,4209.0,35.0,8.28071883899281
287497,219.0,737.0,80.0,-3.50517215566268
76196,330.0,282.0,14.0,-1.54260222813538
78880,1867.0,2045.0,24.0,-21.6959710269326
78072,602.0,229.0,20.0,1.38366559978129
80414,3311.0,2128.0,32.0,3.43036611915232
81427,187.0,556.0,36.0,-2.07505924971402
70451,1321.0,330.0,12.0,3.83549099225783
48330,330.0,2128.0,6.0,-3.08809644421001
619656,1923.0,779.0,139.0,14.8810828017469
240324,4081.0,4215.0,67.0,1.47159023587716
76501,2045.0,554.0,14.0,-0.487854594900231
59740,779.0,3010.0,9.0,3.8584996568305
82208,187.0,331.0,41.0,1.27996869342686
619397,3940.0,748.0,137.0,2.6946653114246
54096,779.0,232.0,8.0,-6.42382516684082
82545,330.0,208.0,43.0,-6.96107485578496
70468,1971.0,3311.0,12.0,36.582017705508
78556,219.0,2128.0,22.0,-4.19398769650225
81152,2045.0,359.0,35.0,48.910534189463
77524,3940.0,2128.0,18.0,-1.68708798213863
619042,1923.0,157.0,135.0,-7.58175512446383
48358,1971.0,219.0,6.0,-4.23288410136241
233767,4081.0,4214.0,59.0,15.0729545699582
620077,1923.0,3078.0,142.0,19.5635572585977
288771,68.0,3941.0,93.0,2.75200691845972
650582,219.0,1321.0,14.0,-12.14426537889369
81254,160.0,772.0,35.0,-4.39749429895007
70492,1231.0,330.0,12.0,-5.35468700985754
288039,370.0,4087.0,85.0,8.14873450432945
619863,4166.0,779.0,140.0,-3.07442650853379
619568,157.0,737.0,137.0,-2.25773029697656
619235,1923.0,779.0,136.0,-3.05664434197067
77506,2048.0,219.0,18.0,1.45612925965225
79022,467.0,3078.0,25.0,5.45999050435101
77657,3940.0,554.0,19.0,-5.65870151070846
59743,779.0,4209.0,9.0,-0.409200455409072
59476,163.0,281.0,9.0,2.84299222122937
81501,602.0,540.0,36.0,-0.646522316874154
77432,779.0,3311.0,17.0,-6.18570309660184
76304,1971.0,282.0,14.0,-2.99745291279691
80560,219.0,2045.0,33.0,-0.582089690035766
82265,3325.0,3311.0,41.0,-0.44332411538975
78866,1971.0,282.0,24.0,2.3503221614562
80807,556.0,282.0,34.0,3.93980332276392
288583,4091.0,3941.0,91.0,6.9430161407229
287680,3945.0,4088.0,82.0,7.36668455793242
80287,1896.0,282.0,31.0,-0.118234138245896
619575,219.0,2039.0,138.0,3.69620754838323
618430,219.0,2039.0,131.0,-3.42371749809835
77224,779.0,232.0,16.0,-2.05638475963807
77973,187.0,356.0,20.0,185.026388780513
81309,330.0,208.0,36.0,5.64668709680591
78937,3311.0,2128.0,24.0,9.3849988865953
80493,3940.0,331.0,33.0,5.31302904826224
79622,163.0,2890.0,27.0,0.585023931506971
619412,467.0,554.0,137.0,-5.04192793324051
620731,3946.0,4166.0,145.0,-0.335048240719454
233853,160.0,4212.0,59.0,8.31048822541402
288057,3944.0,3941.0,86.0,8.06718723906069
78388,779.0,282.0,21.0,11.9246300287651
80529,187.0,3940.0,33.0,13.1679380616906
81191,779.0,3543.0,35.0,31.6128794288204
81452,1867.0,2045.0,36.0,-4.87225767155739
288944,160.0,4087.0,95.0,2.41286141586645
618871,219.0,4166.0,134.0,2.24451675778112
288338,3945.0,4087.0,89.0,9.69016619787643
76824,2128.0,554.0,15.0,4.16894628165281
78408,3325.0,3311.0,21.0,-1.58631007720998
240192,2045.0,331.0,66.0,30.9440139463307
618869,219.0,3078.0,134.0,2.25371318666186
239666,3938.0,4213.0,62.0,8.74502546368086
77042,1867.0,2045.0,16.0,-14.9941819315983
239625,4081.0,4211.0,62.0,-0.418305496861058
288919,3938.0,68.0,95.0,3.75366088360626
80494,3940.0,219.0,33.0,10.2679573912163
287575,3944.0,3078.0,81.0,1.89436604653151
82000,3078.0,3311.0,39.0,-7.71580958529807
76535,779.0,219.0,14.0,-5.0738247804232
281978,467.0,3078.0,76.0,15.4213915689096
79610,163.0,4210.0,27.0,-3.60880233318836
620629,157.0,3938.0,144.0,-5.10647232631157
245785,554.0,4088.0,69.0,-4.01059266665777
618690,3946.0,748.0,133.0,1.40908853350316
619239,1923.0,157.0,136.0,-2.8976997364873
78710,1231.0,330.0,23.0,3.76235859897869
77675,187.0,554.0,19.0,-2.52489168566432
633837,187.0,331.0,12.0,18.96360586057056
80893,330.0,3928.0,35.0,30.2050225068465
620202,282.0,737.0,142.0,5.04827766637504
79052,467.0,295.0,25.0,5.31081107020572
618591,330.0,4166.0,133.0,5.12444967878178
287571,453.0,3520.0,81.0,6.69990430947243
77368,1971.0,2045.0,17.0,-5.19398806161358
81032,219.0,772.0,35.0,19.8392597694558
619117,2045.0,437.0,135.0,-0.22134660061465
76236,467.0,1321.0,14.0,-6.87497228580551
287860,3945.0,453.0,84.0,2.83161878131057
619779,3311.0,157.0,139.0,11.8479171200914
239845,437.0,4083.0,64.0,0.487857799566555
618703,737.0,437.0,133.0,0.705261435489404
76915,467.0,3078.0,16.0,17.086817688157
82335,219.0,187.0,42.0,6.88415738533183
619464,219.0,3938.0,137.0,1.55788153596812
620149,3946.0,554.0,142.0,5.26903584013664
624737,219.0,330.0,17.0,-6.24495433100843
239747,4081.0,453.0,63.0,-7.11016887565793
80356,3940.0,3311.0,32.0,-2.61569149177548
80176,187.0,219.0,30.0,-8.68516956765414
619147,282.0,4208.0,135.0,1.78252783933704
65148,219.0,330.0,11.0,-4.92951187810945
245794,282.0,4087.0,69.0,2.09001259094665
288370,3938.0,277.0,89.0,0.0237029588155619
618460,219.0,540.0,132.0,11.1712591897021
82234,219.0,330.0,41.0,8.55528599028907
48396,779.0,3940.0,6.0,-6.43644680259361
82104,3941.0,330.0,40.0,5.41082250394448
79817,779.0,281.0,27.0,0.796566322743886
78924,779.0,3311.0,24.0,-7.32597644127663
624739,163.0,331.0,20.0,0.7483753937187495
81025,219.0,1321.0,35.0,51.9577163312876
81178,779.0,663.0,35.0,3.90103548023692
239291,3938.0,4211.0,61.0,-5.29898377632288
619893,219.0,3336.0,140.0,1.81991444951309
78580,3325.0,219.0,22.0,-11.5207547327856
80580,779.0,3940.0,33.0,1.87017289919032
79265,554.0,466.0,25.0,9.60917017081913
620281,467.0,3325.0,143.0,2.76655371395093
620842,330.0,4208.0,146.0,14.1199399078033
76008,554.0,229.0,13.0,-3.1552552860988
77538,187.0,282.0,18.0,-7.87914601823392
240021,4082.0,3078.0,65.0,1.20787613723297
81932,3325.0,2045.0,38.0,-2.64065976518646
288604,467.0,3078.0,92.0,6.45079284711919
76344,187.0,2128.0,14.0,0.690585357506401
81074,602.0,229.0,35.0,103.206827291748
240129,4081.0,554.0,66.0,4.72207775572289
619299,3938.0,3940.0,136.0,5.02215675487365
78806,3939.0,2045.0,24.0,-1.22893309539963
239759,4081.0,4213.0,63.0,1.17652643361526
240186,554.0,371.0,66.0,4.23525016680593
75942,219.0,787.0,13.0,1.48433329948578
78439,3941.0,330.0,171.0,16.5425151689831
80798,219.0,2128.0,34.0,1.23690689728159
81489,219.0,466.0,36.0,1.16556949544613
288586,370.0,4216.0,91.0,7.48254974235545
287457,3942.0,556.0,80.0,14.9228259158009
78851,1321.0,2045.0,24.0,-16.1014951132256
80465,3939.0,219.0,33.0,1.72657070189261
240169,3938.0,371.0,66.0,7.73988663782736
81926,3311.0,2128.0,38.0,7.74397801674483
80598,3311.0,2128.0,33.0,23.577957502281
239117,453.0,1337.0,60.0,9.83841831986814
59562,219.0,281.0,9.0,0.653812100938539
217914,4081.0,467.0,55.0,12.0588826246653
82558,467.0,1896.0,43.0,1.54836094683932
77977,187.0,562.0,20.0,-2.9577713981867
81034,219.0,3336.0,35.0,75.378952685331
76429,602.0,3195.0,14.0,14.2630366127352
240004,4081.0,554.0,65.0,-1.1653608892098
619748,2045.0,3325.0,139.0,8.97010492798141
81627,779.0,748.0,36.0,0.613250925756538
78186,779.0,748.0,20.0,-4.71630309685675
80701,3939.0,219.0,34.0,0.825135532055508
76339,187.0,301.0,14.0,-0.453850827263019
59424,3941.0,330.0,9.0,-4.90425227944653
79471,2045.0,554.0,26.0,1.74225347859606
239127,4081.0,437.0,60.0,-2.90812370139122
59809,282.0,331.0,9.0,-2.12383240325482
65152,3946.0,3078.0,11.0,1.93320634282499
619445,187.0,3078.0,137.0,-2.62590665294382
77434,300.0,2045.0,17.0,2.21412361807042
75778,3944.0,3078.0,13.0,19.5576847168664
619534,282.0,748.0,137.0,0.617274971897649
288142,453.0,3520.0,87.0,8.88995316729247
217896,453.0,2050.0,55.0,1.03158944798611
75821,3945.0,330.0,13.0,5.1590007725938
78030,219.0,2045.0,20.0,2.74767840963122
81737,1321.0,331.0,37.0,4.2126472075481
282049,554.0,4088.0,76.0,-2.99929605419233
289033,3325.0,4091.0,96.0,7.31007825972333
79017,3942.0,556.0,25.0,7.13212727180576
618881,3946.0,3940.0,134.0,1.29953981118619
620668,467.0,3938.0,145.0,-1.8085191366125
80290,1867.0,2045.0,31.0,-8.15545828188586
76511,2045.0,3543.0,14.0,9.40874511920924
288860,370.0,4091.0,94.0,10.9025342056844
76797,3938.0,330.0,15.0,-8.74021229639913
240025,4083.0,3078.0,65.0,5.50527521371612
82253,2128.0,300.0,41.0,4.6447323110435
239956,160.0,4211.0,64.0,4.47130354197272
59723,2045.0,3543.0,9.0,17.9805694352464
239622,4081.0,467.0,62.0,-3.59072212909628
81369,163.0,330.0,36.0,3.36352219767349
620736,3946.0,3938.0,145.0,2.79146909438004
75908,1867.0,2045.0,13.0,-9.73030879587747
78858,163.0,2045.0,24.0,7.34913553709708
287443,370.0,4087.0,79.0,-2.71993328054201
287189,467.0,3078.0,77.0,24.786466038668
78914,2045.0,282.0,24.0,-1.89056619909127
455047,453.0,554.0,119.0,1.26718612757728
619438,4166.0,3078.0,137.0,-6.98784656519006
79255,554.0,2764.0,25.0,4.90890669416226
82618,163.0,788.0,43.0,-0.914061257127681
79798,2045.0,3336.0,27.0,2.53937348632107
282035,3938.0,3950.0,76.0,0.577782950282853
79001,330.0,356.0,25.0,4.55685302302298
287319,3938.0,277.0,78.0,15.7681106538406
53690,779.0,282.0,7.0,-12.0243868929871
78907,554.0,2045.0,24.0,-10.1010529556639
81797,3939.0,3311.0,38.0,1.66304137298027
618852,4166.0,779.0,134.0,-8.49567092394191
79024,467.0,2622.0,25.0,4.79856691903502
287568,453.0,3944.0,81.0,2.07996299341855
620491,1923.0,554.0,144.0,0.781396888053596
65157,554.0,2045.0,11.0,-7.00929584730861
619472,3946.0,467.0,137.0,5.99455341206019
287763,467.0,3941.0,83.0,10.0314571641214
233835,554.0,4215.0,59.0,9.98765769009235
620203,282.0,3938.0,142.0,-8.67001686659136
82172,3939.0,3311.0,41.0,-3.11730939455752
81012,187.0,787.0,35.0,-2.55980358932834
217948,3938.0,453.0,55.0,7.92748644638582
245744,467.0,3938.0,69.0,-3.15944084175976
233851,160.0,4089.0,59.0,0.0715975859892169
620865,467.0,2045.0,146.0,-11.309944327669
207546,4082.0,3945.0,177.0,-3.53184640683293
76295,163.0,788.0,14.0,7.17359369285512
77085,602.0,281.0,16.0,-5.97721398908649
78627,3939.0,219.0,23.0,0.562713921811058
207550,4083.0,3945.0,177.0,-4.14796618924439
79647,187.0,4210.0,27.0,2.3565819058418
81749,187.0,330.0,37.0,2.14886357953994
77721,3325.0,331.0,19.0,-4.11194110024241
81039,219.0,2890.0,35.0,-7.3261993604918
59494,163.0,737.0,9.0,3.16662883055433
76825,2128.0,2045.0,15.0,0.124294418823857
80467,3939.0,2045.0,33.0,5.15760388131149
76951,1321.0,331.0,16.0,0.26364644686847
81006,187.0,2764.0,35.0,24.5591221555254
239920,3938.0,4085.0,64.0,3.53828511485618
288101,3938.0,3520.0,86.0,-0.0512284254951773
48336,2048.0,2045.0,6.0,-1.87205593025324
76886,330.0,229.0,16.0,1.91333598087039
77045,219.0,2039.0,16.0,0.456749122480021
621008,3325.0,3940.0,146.0,-6.76814001763146
76695,3939.0,331.0,15.0,-5.79876506022831
619466,219.0,3325.0,137.0,-2.9752375671292
81517,602.0,232.0,36.0,-2.93610990024582
619658,1923.0,3311.0,139.0,-0.667637624815885
233789,187.0,4083.0,59.0,6.48798041372708
59471,1321.0,2045.0,9.0,24.4341186340733
53658,187.0,2045.0,7.0,-1.61479210387625
81775,282.0,330.0,37.0,0.895037379237766
619142,282.0,3938.0,135.0,9.73588338408173
70520,779.0,3940.0,12.0,6.57306932680098
619050,187.0,437.0,135.0,2.55025662943439
81240,160.0,2622.0,35.0,12.8094653632354
619030,1923.0,4166.0,135.0,-15.647219393063
346467,330.0,911.0,105.0,11.6013947598064
75863,187.0,281.0,13.0,6.24644738831181
79909,160.0,229.0,27.0,2.02735021789654
619422,1923.0,3940.0,137.0,2.7652789319294
76532,779.0,1896.0,14.0,10.023120137211
76731,3940.0,282.0,15.0,7.76168505735141
80199,219.0,330.0,30.0,-0.488796782443811
80361,1971.0,554.0,32.0,0.544928461117421
287184,3942.0,556.0,77.0,-8.02130289035599
77186,2045.0,3928.0,16.0,-0.86179689427163
618980,157.0,779.0,134.0,-5.50856685211288
53737,330.0,281.0,8.0,-2.2253619748999
239229,453.0,4082.0,61.0,-1.33123833229415
77081,3938.0,330.0,16.0,0.0464495682038262
217937,4082.0,3078.0,55.0,4.3546077892306
621376,3311.0,2049.0,147.0,6.994704473732464
288375,4089.0,554.0,89.0,-10.466293108474
620231,157.0,3940.0,142.0,-0.0933028571299934
289193,3938.0,3520.0,97.0,9.70564666275679
76176,330.0,1867.0,14.0,-1.12012647324496
79823,779.0,4209.0,27.0,2.20087143734878
80404,300.0,554.0,32.0,-0.17473560517676
79290,2045.0,229.0,25.0,11.2441733074714
620720,219.0,737.0,145.0,2.67459279538962
76162,3939.0,3311.0,14.0,-9.92575697308352
239856,453.0,282.0,64.0,1.05200258775406
240164,3938.0,2046.0,66.0,7.86229312283122
81142,2045.0,748.0,35.0,29.6275170120552
80371,187.0,300.0,32.0,6.27830235871371
77205,779.0,453.0,16.0,-4.73948985337441
81196,779.0,787.0,35.0,15.3111980585816
79140,187.0,788.0,25.0,-2.58972234495073
81070,602.0,737.0,35.0,11.4800406698807
77671,187.0,331.0,19.0,-2.98612878326641
82718,602.0,359.0,43.0,0.479357151764558
619591,219.0,3928.0,138.0,-0.542443743844015
287896,219.0,3325.0,84.0,2.21779513891902
620582,2045.0,779.0,144.0,-5.6381377649453
54090,779.0,772.0,8.0,4.96430739309509
77633,3939.0,2045.0,19.0,7.88343458161703
455117,160.0,4213.0,119.0,9.38771700606625
65111,1971.0,330.0,11.0,-6.1130874927344
80166,1971.0,330.0,30.0,-6.49981156783343
245778,3938.0,277.0,69.0,-9.14225686577234
620201,282.0,748.0,142.0,0.571923298840766
287750,453.0,3944.0,83.0,-7.61447022142718
619664,4166.0,737.0,139.0,0.842674542814546
240157,3938.0,453.0,66.0,8.64743475825725
239842,330.0,3942.0,64.0,-3.33067270369714
76422,602.0,837.0,14.0,-1.79715054964472
76914,467.0,281.0,16.0,2.62079283171317
77193,2045.0,282.0,16.0,0.357878960209135
59670,554.0,748.0,9.0,5.50578975740368
78618,331.0,330.0,23.0,-4.02212585494675
80792,1231.0,282.0,34.0,0.12294476514088
77449,3325.0,2045.0,17.0,12.6813703252361
289005,3938.0,4090.0,96.0,1.63759751705016
77401,219.0,540.0,17.0,-4.27485299663288
80737,3941.0,331.0,34.0,-3.1099508943801
80481,3078.0,331.0,33.0,4.57520992325348
79336,779.0,3543.0,25.0,11.6738886206362
48369,187.0,300.0,6.0,4.3492393387905
48350,3940.0,2045.0,6.0,-1.79887321350389
228479,4081.0,779.0,57.0,-4.50687604324452
288386,282.0,4087.0,89.0,-0.80614237531864
76412,602.0,453.0,14.0,1.09975987919971
76721,3078.0,3311.0,15.0,-7.13688564625956
76325,187.0,772.0,14.0,-23.6746197600736
239812,554.0,371.0,63.0,-9.98210420221318
618825,467.0,282.0,134.0,5.43215795870484
619655,1923.0,2045.0,139.0,16.7350099860914
80599,3325.0,331.0,33.0,7.1136588841373
620097,4166.0,3938.0,142.0,-0.632712095085793
54066,2045.0,562.0,8.0,-6.56585273713017
618820,467.0,737.0,134.0,3.07141319478961
82199,3940.0,3311.0,41.0,5.06448044995189
54005,554.0,1867.0,8.0,-7.3351005039378
77118,602.0,788.0,16.0,1.62423412191665
80873,330.0,3010.0,35.0,3.69933555818722
59389,330.0,540.0,9.0,-6.79687796466007
79249,554.0,229.0,25.0,-4.06171604433545
266326,3325.0,4091.0,73.0,12.8744685318117
619353,3311.0,3938.0,136.0,-9.64952192401606
75819,1321.0,2045.0,13.0,-4.56211014372929
79263,554.0,788.0,25.0,1.87170554444783
620224,3325.0,3078.0,142.0,-2.63558736905124
620098,4166.0,779.0,142.0,0.750120374040947
281989,3945.0,4088.0,76.0,-1.45293156729452
65112,1971.0,3940.0,11.0,-1.95974278114809
81364,1321.0,282.0,36.0,-2.35713564316773
619515,2045.0,187.0,137.0,-4.09975346959122
77886,467.0,787.0,20.0,-1.34208104531633
81255,160.0,737.0,35.0,3.19910001549659
288621,3945.0,277.0,92.0,12.9504586284129
53634,3078.0,2045.0,7.0,-6.92899518097296
619730,554.0,3940.0,139.0,7.49897345602802
76832,3325.0,330.0,15.0,-5.70873427506415
78940,3325.0,3940.0,24.0,4.22245960659165
76390,219.0,2890.0,14.0,10.8050473822216
53925,219.0,1321.0,8.0,-12.7513330789442
79053,467.0,562.0,25.0,6.072525807884
78459,1867.0,2045.0,171.0,0.25078637193147
77086,602.0,2039.0,16.0,-0.415706384335718
239167,3938.0,4211.0,60.0,7.35251914573273
288625,163.0,4087.0,92.0,-2.18252740200886
207507,453.0,2050.0,177.0,-0.22171273848862
80938,467.0,787.0,35.0,0.29455713998844
240156,3938.0,4214.0,66.0,2.15448179596053
77402,219.0,467.0,17.0,1.23792772237972
81984,330.0,2128.0,39.0,-4.29755026636898
288869,453.0,68.0,95.0,3.51029427318157
239797,3938.0,72.0,63.0,-4.92881577353058
75816,467.0,466.0,13.0,9.50831678619393
80750,3945.0,330.0,34.0,-2.17341905447696
80280,187.0,331.0,31.0,16.2783110524439
53621,330.0,3311.0,7.0,-17.4581285519554
240290,453.0,4089.0,67.0,8.67446449514264
76395,219.0,301.0,14.0,21.4484879450457
288862,68.0,3941.0,94.0,0.697275047156606
81976,3939.0,3940.0,39.0,-1.36968834165107
618753,282.0,157.0,133.0,0.786941971314455
80933,467.0,3543.0,35.0,35.3456016433245
287749,4087.0,3078.0,83.0,13.8248649764649
80159,3940.0,554.0,30.0,-1.17061858079911
81329,467.0,3010.0,36.0,13.5016874590653
239855,453.0,2050.0,64.0,0.377580083771038
288292,779.0,3945.0,88.0,-1.72388484492605
239881,4081.0,2046.0,64.0,2.18395961947241
76322,187.0,837.0,14.0,-5.98642544751669
59479,163.0,2622.0,9.0,1.96977858169508
239102,437.0,4083.0,60.0,5.25150736214531
80532,187.0,300.0,33.0,2.77454130568161
620515,187.0,3325.0,144.0,-4.7315229947344
59768,779.0,787.0,9.0,-0.130570645101029
79146,1896.0,282.0,25.0,8.43656823203171
78322,2048.0,3940.0,21.0,-0.180026989076982
81293,330.0,3336.0,36.0,3.58186734069769
620523,219.0,748.0,144.0,-3.22757239207955
79100,163.0,787.0,25.0,-1.05415637972977
82579,467.0,562.0,43.0,0.756182823588515
288762,160.0,4087.0,93.0,11.2125050344025
78563,779.0,2045.0,22.0,-4.24442457417426
239264,4081.0,282.0,61.0,-2.90845180593412
79803,2045.0,2890.0,27.0,0.47457142103918
619777,3311.0,282.0,139.0,22.3262200191566
289186,3938.0,282.0,97.0,8.46214647298366
78022,219.0,748.0,20.0,-4.48293981320847
619500,3938.0,779.0,137.0,2.70571484249617
81402,163.0,562.0,36.0,3.71579061266322
59558,1867.0,331.0,9.0,28.2562414617101
77893,1321.0,282.0,20.0,4.41168210283173
619743,2045.0,3938.0,139.0,14.2900351728016
239110,453.0,4212.0,60.0,-5.05726380624698
618636,1923.0,467.0,133.0,5.55865797197419
82891,160.0,748.0,43.0,-4.68085962014872
80084,3325.0,330.0,29.0,5.20431821105249
75805,467.0,3928.0,13.0,10.1707230039958
288271,3938.0,3945.0,88.0,-4.50554679748908
76525,779.0,3940.0,14.0,-3.86629189639431
618839,1923.0,3938.0,134.0,4.04642530402842
82349,219.0,787.0,42.0,5.46174463283942
53753,330.0,772.0,8.0,-3.03135999687513
77376,187.0,2045.0,17.0,-2.83119291302933
76763,187.0,219.0,15.0,-7.0060256195766
76278,163.0,772.0,14.0,-2.22639670929648
288092,3938.0,3946.0,86.0,7.65998344737719
239673,602.0,554.0,62.0,1.05151642230039
59579,219.0,1867.0,9.0,6.70927585220646
245736,3944.0,3078.0,69.0,3.33711000207143
620962,2045.0,437.0,146.0,0.733908334619597
76613,3325.0,3940.0,14.0,5.75190150997503
239636,4081.0,4085.0,62.0,3.8412791608565
76647,160.0,1867.0,14.0,4.44544106005259
287662,453.0,3520.0,82.0,0.341770234443413
54078,779.0,3010.0,8.0,-1.74174072266199
80324,3939.0,3940.0,32.0,-0.154186908906727
77337,330.0,282.0,17.0,5.49315193576732
78985,330.0,837.0,25.0,4.3174476858221
79044,467.0,232.0,25.0,-3.00872501514413
82246,779.0,3311.0,41.0,3.62218740725971
82358,554.0,331.0,42.0,-2.94416571005801
245733,4088.0,556.0,69.0,-3.04158513837193
287381,3945.0,3941.0,79.0,-1.53753883790454
239209,157.0,4083.0,60.0,4.3313787973145
82015,1971.0,282.0,39.0,-2.06364582481792
618988,330.0,737.0,135.0,-1.81699663196377
77080,3946.0,3078.0,16.0,13.0881257428055
618983,330.0,3078.0,135.0,-12.9710664511318
228518,3938.0,4215.0,57.0,14.4886648215346
82760,554.0,295.0,43.0,7.03473841852945
619736,2045.0,3078.0,139.0,5.86527085199345
240103,453.0,4212.0,66.0,6.63602802345942
77291,160.0,837.0,16.0,-14.3010349122017
81429,187.0,229.0,36.0,-9.99845305405025
620117,219.0,3078.0,142.0,24.2966419546123
77561,2045.0,554.0,18.0,-3.74698978812491
80422,3325.0,3311.0,32.0,4.75841847440538
75905,1896.0,282.0,13.0,4.54469368225634
228508,3938.0,4212.0,57.0,-1.1483065877588
81397,163.0,3543.0,36.0,-2.12064383954881
620587,2045.0,4208.0,144.0,4.48333971498972
240336,3938.0,2046.0,67.0,-6.39829653460888
76205,2048.0,330.0,14.0,-0.187830357993464
76616,3325.0,2045.0,14.0,-2.04874404154244
620252,330.0,3325.0,143.0,0.969892874449721
288424,467.0,453.0,90.0,2.02841328565363
81015,187.0,466.0,35.0,29.9688071292281
282002,219.0,330.0,76.0,-0.898706041117188
81110,554.0,3195.0,35.0,22.8122537309968
82299,3942.0,554.0,42.0,13.2087677247895
620291,1923.0,748.0,143.0,5.9922016097693
288542,3938.0,3943.0,91.0,12.6309746923351
79948,187.0,331.0,28.0,4.13477846998903
76527,779.0,546.0,14.0,-5.68343186958312
81497,602.0,2622.0,36.0,0.710823567955331
288646,3938.0,68.0,92.0,-4.77538869854431
80126,331.0,300.0,30.0,-9.51738855413476
79485,2128.0,2045.0,26.0,10.7200889018522
79627,163.0,301.0,27.0,-3.94293780624714
619049,4166.0,3325.0,135.0,12.9402124482801
76244,467.0,737.0,14.0,0.936933937757887
48368,187.0,2045.0,6.0,-0.0116240937312245
78554,219.0,2045.0,22.0,-0.0396453585655728
59761,779.0,359.0,9.0,-5.21254236544111
81738,1321.0,330.0,37.0,3.08481026641093
77944,187.0,281.0,20.0,147.225442827731
288051,453.0,3520.0,86.0,-0.110380075115456
618964,3311.0,157.0,134.0,-4.44335255171374
78317,330.0,282.0,21.0,8.64969088149447
79631,163.0,787.0,27.0,-1.00539135133926
82343,219.0,232.0,42.0,-0.0543113107176882
207581,554.0,4212.0,177.0,7.49829338704244
77630,3939.0,3940.0,19.0,1.14832211427908
619243,4166.0,737.0,136.0,0.423815894806366
82797,2045.0,787.0,43.0,14.3387841568602
266331,4091.0,3941.0,73.0,-1.85361287061961
80767,187.0,554.0,34.0,0.271205010879911
81994,3078.0,330.0,39.0,1.17272625878521
78056,602.0,546.0,20.0,-6.48768661676451
77959,187.0,663.0,20.0,-2.66086204514328
81477,219.0,2890.0,36.0,1.49911196786599
80262,3941.0,2045.0,31.0,5.39083589012832
620676,1923.0,330.0,145.0,3.12969499952485
239157,4083.0,3078.0,60.0,1.90951558469487
59646,602.0,3543.0,9.0,1.65650409486134
77794,330.0,737.0,20.0,-3.4740626303611
78933,2128.0,300.0,24.0,-3.68442517611242
79951,187.0,282.0,28.0,-19.5080658965394
620620,3325.0,748.0,144.0,-0.542360594842672
281990,3945.0,3942.0,76.0,-0.666917690814172
59660,554.0,546.0,9.0,-5.9993171186434
79286,2045.0,737.0,25.0,4.03037990137337
78685,1971.0,3311.0,23.0,-1.41216744085232
287522,3938.0,2046.0,80.0,6.4757928274473
77136,554.0,748.0,16.0,1.10971689893536
76980,163.0,229.0,16.0,1.06177257300896
245817,3520.0,3941.0,69.0,1.55248755794022
288106,2045.0,331.0,86.0,6.75423520849847
81157,2045.0,295.0,35.0,29.9986068963489
217979,554.0,4085.0,55.0,82.7345662028643
81784,331.0,330.0,38.0,1.33277554240528
77895,3945.0,2045.0,20.0,-0.0760764581775024
618882,3946.0,467.0,134.0,5.29565311190384
288372,3938.0,4091.0,89.0,-2.52851043095146
239924,602.0,554.0,64.0,0.985210987094963
81601,2045.0,356.0,36.0,6.15335464100278
54039,2045.0,546.0,8.0,-12.0741056424967
59573,219.0,467.0,9.0,4.9258874104615
619323,2045.0,554.0,136.0,-5.84299820392078
620001,157.0,3938.0,140.0,16.5590394761292
76345,187.0,3311.0,14.0,2.49992487548021
620301,4166.0,437.0,143.0,0.354076061036349
288517,467.0,3945.0,91.0,-6.54227700543912
81611,779.0,331.0,36.0,2.5472727294838
271578,467.0,3938.0,74.0,-1.59552118315481
78754,3325.0,331.0,23.0,4.85793933952455
76326,187.0,737.0,14.0,3.50979865211986
80730,3940.0,219.0,34.0,11.9210202446041
59561,1867.0,282.0,9.0,25.1990517130627
76101,779.0,466.0,13.0,-0.466053241072511
288999,3938.0,3945.0,96.0,3.5013770391429
240153,4083.0,282.0,66.0,-0.0072898796301768
266335,370.0,4091.0,73.0,7.76477735809924
80175,187.0,3940.0,30.0,-7.24483248442104
53840,163.0,1321.0,8.0,-0.0866304255889104
239729,453.0,2050.0,63.0,1.22849358101931
77161,2045.0,281.0,16.0,-5.57087136063757
78569,282.0,2045.0,22.0,-1.64943685090474
82690,219.0,788.0,43.0,-0.800393476216201
53782,3942.0,556.0,8.0,-4.63195020641173
59409,330.0,2764.0,9.0,55.0949426594111
239740,467.0,467.0,63.0,17.1379695583815
618853,4166.0,3325.0,134.0,2.02885555461409
54098,779.0,3928.0,8.0,-8.87519797908491
620890,4166.0,3078.0,146.0,-8.19498533811343
619618,3078.0,779.0,139.0,18.0220559800445
266254,453.0,3520.0,73.0,6.93137731150568
76802,554.0,282.0,15.0,0.846372710089982
82317,187.0,2045.0,42.0,5.22995861051075
79495,3325.0,554.0,26.0,-3.65684288010835
618791,330.0,748.0,134.0,3.46266699294554
233788,187.0,4082.0,59.0,8.68725567846238
233854,160.0,282.0,59.0,8.92559849898312
228456,453.0,72.0,57.0,5.17217889164664
65183,2128.0,300.0,11.0,-2.77029773844551
77350,3078.0,219.0,17.0,0.477170594973068
70500,219.0,2045.0,12.0,3.11693247747687
239637,4081.0,4215.0,62.0,2.0341024189735
76372,219.0,546.0,14.0,-13.250470099991
76154,331.0,3311.0,14.0,4.15610996549539
287756,3943.0,3078.0,83.0,8.91274380320195
80834,3311.0,2128.0,34.0,2.90179502152753
619906,3946.0,467.0,140.0,4.3792156414929
288752,282.0,4216.0,93.0,1.73275920790963
618738,2045.0,157.0,133.0,3.21245956253522
77700,219.0,2128.0,19.0,-3.69342560580706
77189,2045.0,3543.0,16.0,0.563655570186622
207605,160.0,4211.0,177.0,3.30300523325152
619460,219.0,3940.0,137.0,3.65781414146616
75752,330.0,229.0,13.0,2.10641991537745
81160,2045.0,788.0,35.0,-1.42810388404193
82896,160.0,3195.0,43.0,-0.496962452512464
82807,779.0,546.0,43.0,-4.94727137658547
78406,3325.0,2045.0,21.0,10.4332182621776
77406,219.0,748.0,17.0,-3.88360282741683
80927,467.0,229.0,35.0,1.8533635992154
77294,160.0,772.0,16.0,4.03928505614258
78667,3942.0,554.0,23.0,15.2631498155577
53818,467.0,562.0,8.0,-3.50844423276133
239289,3938.0,467.0,61.0,4.53005900772934
78853,3945.0,330.0,24.0,3.87748469925703
620166,3938.0,748.0,142.0,2.72108497872052
77960,187.0,737.0,20.0,8.7378622195032
82511,330.0,281.0,43.0,-1.06281498582694
619045,4166.0,748.0,135.0,2.02057372461332
53794,467.0,4209.0,8.0,-2.20113955332917
239254,4081.0,467.0,61.0,-2.04074590699733
81192,779.0,301.0,35.0,25.1848056146429
78846,3943.0,3078.0,24.0,10.0976339189163
455015,2046.0,3945.0,118.0,4.73268669301821
618781,157.0,737.0,133.0,1.107817512561
76811,779.0,331.0,15.0,-3.14362429503301
240053,554.0,3942.0,65.0,7.91191955140306
53945,219.0,356.0,8.0,-3.15028155981189
81993,3078.0,331.0,39.0,-2.0827313797424
620128,219.0,3336.0,142.0,3.1291276732597
288125,160.0,4087.0,86.0,4.19643247146555
80005,2048.0,219.0,29.0,0.92876352232297
76044,2045.0,737.0,13.0,-5.50264812816687
79337,779.0,301.0,25.0,14.2432871009066
619103,3938.0,748.0,135.0,-3.39252037229087
79731,602.0,2890.0,27.0,-0.460344777761255
618817,467.0,187.0,134.0,1.11641367906593
77371,187.0,331.0,17.0,7.11722211111738
621015,157.0,4166.0,146.0,7.38256731371321
240098,453.0,4082.0,66.0,9.48715123461622
620339,3946.0,187.0,143.0,-0.225874525893432
75773,3941.0,2045.0,13.0,-5.93067912991185
239111,453.0,554.0,60.0,-5.02647426380329
618431,219.0,453.0,131.0,2.0034662688943
82042,219.0,330.0,39.0,1.23702615286609
77095,602.0,1896.0,16.0,1.73039736339698
53959,602.0,2622.0,8.0,-3.95560491097194
624738,2045.0,331.0,20.0,16.51008208725485
80808,2045.0,331.0,34.0,2.6181039447383
77102,602.0,737.0,16.0,2.20698786678442
287538,2046.0,3945.0,80.0,-2.53510024289906
288918,3938.0,4091.0,95.0,-0.136335703044132
59513,163.0,208.0,9.0,-1.2495247544275
76556,779.0,282.0,14.0,5.08852521624181
619564,157.0,3940.0,137.0,-0.0089323058680318
77495,3939.0,554.0,18.0,-2.40801647432483
620180,2045.0,3940.0,142.0,1.60755202066992
80510,1321.0,331.0,33.0,-10.8474698724763
77564,779.0,3940.0,18.0,9.75643562972125
75889,187.0,3928.0,13.0,9.48355839092528
79993,3939.0,219.0,29.0,0.571312077010371
78152,2045.0,2890.0,20.0,6.13941924562949
82122,163.0,282.0,40.0,0.520851730975722
619035,1923.0,3938.0,135.0,-10.4517326213124
288512,3944.0,3941.0,91.0,15.6385940768438
65125,1896.0,330.0,11.0,-5.45664454210129
288254,3945.0,3944.0,88.0,2.74902625266645
77654,3078.0,3311.0,19.0,-1.22282184757577
207571,3938.0,72.0,177.0,-6.66862506089886
48417,3325.0,554.0,6.0,-13.5121933975497
76206,2048.0,3940.0,14.0,2.83737328809408
80500,3940.0,3311.0,33.0,7.42224414846394
76646,160.0,4210.0,14.0,13.7364907024904
65144,1231.0,2045.0,11.0,2.00030482615734
80316,331.0,330.0,32.0,-2.6700095253272
245731,453.0,68.0,69.0,7.05407529700754
77890,1321.0,331.0,20.0,-12.2191709629328
81179,779.0,748.0,35.0,-3.41252479301996
77924,163.0,359.0,20.0,-4.65646950302961
82325,1867.0,2045.0,42.0,6.53202246238185
76705,330.0,2128.0,15.0,-7.40409165354644
80577,3928.0,2045.0,33.0,-7.2157403340049
81286,330.0,4210.0,36.0,1.28362137347493
620095,4166.0,748.0,142.0,1.34111798984284
78135,2045.0,4209.0,20.0,-3.07179592190544
287233,4089.0,554.0,77.0,4.19187393114423
287955,330.0,3945.0,85.0,17.967198278915
620126,219.0,4207.0,142.0,-3.47484446100381
239246,467.0,467.0,61.0,0.68356030973177
619847,1923.0,219.0,140.0,-1.84668947326281
77936,1971.0,331.0,20.0,-2.53757913805648
59762,779.0,2764.0,9.0,0.396563755824338
82875,160.0,331.0,43.0,8.47228045622593
77822,2048.0,282.0,20.0,4.50298152298998
455078,4081.0,4215.0,119.0,-1.83990321518014
619950,2045.0,737.0,140.0,0.465551306558167
618892,3946.0,779.0,134.0,-1.62683319270151
77974,187.0,295.0,20.0,9.31309904565722
619034,1923.0,737.0,135.0,0.0720022454304704
82651,187.0,295.0,43.0,4.12181211477222
80989,187.0,1321.0,35.0,7.75357287009926
80746,1321.0,331.0,34.0,-7.26090292561676
621374,3311.0,3325.0,147.0,0.1120816740740549
75922,219.0,1867.0,13.0,-3.32787712894687
619529,282.0,3078.0,137.0,-7.41097871120309
77568,779.0,282.0,18.0,0.292351479462866
77448,3325.0,554.0,17.0,6.63366768997748
78863,1971.0,219.0,24.0,10.8065985728711
240211,714.0,3945.0,66.0,4.04093682542611
233858,714.0,3945.0,59.0,4.72073191407496
78023,219.0,772.0,20.0,13.1057372838693
76542,779.0,3336.0,14.0,5.08736776498192
53741,330.0,3010.0,8.0,0.0157270438233888
287982,3945.0,3946.0,85.0,4.29431177131254
77342,2048.0,3940.0,17.0,3.97110436220889
80410,2128.0,300.0,32.0,3.20098127818716
618432,219.0,3940.0,131.0,2.28814603527169
287862,3945.0,4088.0,84.0,3.32272161732466
240104,453.0,554.0,66.0,11.4184332599659
619888,219.0,4166.0,140.0,1.66920248388275
78360,187.0,3311.0,21.0,-0.956571466351626
76972,163.0,837.0,16.0,1.00971587635795
82229,1231.0,554.0,41.0,-7.66313232417515
620484,1923.0,467.0,144.0,10.1329026923275
642163,219.0,779.0,140.0,-1.891170665483945
79912,160.0,3928.0,27.0,-0.669305302604599
619889,219.0,187.0,140.0,14.5939850298763
217927,4081.0,371.0,55.0,30.556942371208
82130,1896.0,282.0,40.0,1.1501372094577
65149,219.0,2045.0,11.0,-3.30639622265299
77976,187.0,3311.0,20.0,9.34574296076961
287402,3938.0,3945.0,79.0,8.81951531132117
619925,737.0,3078.0,140.0,2.85495772857283
619835,467.0,779.0,140.0,4.66053537785173
81521,602.0,2764.0,36.0,0.176815500938557
82585,163.0,281.0,43.0,-2.20579629820625
48399,779.0,2045.0,6.0,-4.86652891136655
620465,467.0,3078.0,144.0,15.1078555921555
288702,3945.0,4087.0,93.0,7.4586271877529
240343,3938.0,4215.0,67.0,13.9945354787612
53963,602.0,540.0,8.0,-6.95837050875775
228484,4081.0,4085.0,57.0,0.405892815705072
80539,1867.0,331.0,33.0,-5.75501026468309
239799,602.0,554.0,63.0,-10.3787784766808
82812,779.0,1896.0,43.0,2.51207385936974
287265,68.0,3941.0,77.0,-6.29640453126273
619329,2045.0,4208.0,136.0,-3.77317843266029
80716,2048.0,3311.0,34.0,9.3563896920911
621009,3325.0,748.0,146.0,-4.77868570568871
620376,2045.0,3078.0,143.0,5.1297185983343
619983,3311.0,554.0,140.0,11.5228488141725
59388,330.0,546.0,9.0,-3.18007139568481
